701 858
1237 3
1237 843
1679 1434
1375 1756
1520 1540
1520 912
1520 1487
1520 1181
1520 63
1520 1513
1312 1756
1312 1713
1312 1344
1312 127
1312 249
1312 1285
1312 1434
1312 12
1312 1313
260 430
1387 1713
1387 557
1387 9
1387 1285
1387 95
1387 12
1423 1669
971 342
1747 176
124 1255
303 212
303 167
378 249
378 1713
378 812
495 741
495 456
495 127
495 1713
495 249
495 1406
1379 1540
283 69
36 93
36 1713
36 44
36 211
431 617
431 1132
431 1231
431 1579
431 1644
431 1585
431 1762
431 1431
431 1624
431 1111
431 561
431 85
431 1316
431 1771
431 1497
431 396
431 1731
431 1295
431 483
431 1039
431 727
1680 1509
1680 429
271 277
271 638
271 713
507 1313
443 1409
443 42
443 189
443 32
2 3
1562 710
1562 1434
1562 809
782 3
874 620
429 1669
429 160
429 242
429 191
1313 1713
1313 19
1313 1403
1313 1285
1313 9
1313 12
1313 1034
1313 1624
626 644
626 95
1731 1285
1731 249
1731 9
1731 42
1731 32
781 1540
44 211
44 1713
44 430
44 105
44 525
44 249
44 189
44 95
44 1669
1281 3
1281 1771
1281 32
1281 1762
1110 3
1656 1493
1656 1472
277 1741
277 430
277 1688
277 252
277 1737
277 794
1472 1489
1472 1238
1472 1346
1039 1632
1039 105
1727 471
1727 143
1727 1069
1727 105
1727 1183
1727 1749
1727 361
1727 353
1727 97
249 598
249 1302
249 969
249 3
249 1136
249 1021
249 678
249 144
249 1244
249 1730
249 97
249 1739
249 394
249 518
249 1565
249 868
249 1231
249 447
249 389
249 783
249 725
249 1489
249 85
249 1724
249 1142
249 525
249 809
249 1111
249 61
249 561
249 175
249 502
249 983
249 1497
249 1488
249 582
249 474
249 1542
249 475
249 1585
249 819
249 1485
249 708
249 42
249 1255
249 393
249 843
249 523
249 212
249 1280
249 852
249 67
249 1343
249 1238
249 1713
249 1181
249 1353
249 1344
249 974
249 437
249 1624
249 1742
249 1644
249 1673
249 1629
249 1395
249 1665
249 52
249 569
249 592
249 997
249 1546
249 865
249 152
249 32
259 1732
933 3
752 3
788 9
788 1713
788 67
1662 3
362 783
1285 1509
1285 1132
1285 27
1285 1624
1285 708
1285 1565
1285 1644
1285 437
1285 1190
1285 474
1285 8
1620 3
739 969
1768 67
1554 1713
1554 1546
1554 1468
1554 1339
1034 67
1034 1730
1034 1624
1034 1127
1629 652
1629 1713
1713 817
1713 598
1713 1739
1713 969
1713 1344
1713 1743
1713 1647
1713 1244
1713 1118
1713 1117
1713 27
1713 135
1713 1130
1713 605
1713 1548
1713 409
1713 233
1713 1733
1713 938
1713 1563
1713 1234
1713 1737
1713 525
1713 1434
1713 1342
1713 537
1713 561
1713 1493
1713 975
1713 1282
1713 1497
1713 538
1713 617
1713 1742
1713 1644
1713 1530
1713 697
1713 1730
1713 1103
1713 809
1713 1346
1713 1724
1713 593
1713 708
1713 1195
1713 3
1713 143
1713 1308
1713 710
1713 1280
1713 282
1713 1540
1713 61
1713 1585
1713 1026
1713 1072
1713 1029
1713 799
1713 1181
1713 599
1713 1652
1713 1178
1713 175
1713 474
1713 462
1713 1665
1713 437
1713 1436
1713 536
1713 893
1713 1546
1713 1384
1713 1775
1713 1299
799 1667
799 1475
799 1748
621 924
621 95
621 1647
621 593
144 1761
144 3
144 430
144 1758
144 1500
144 1667
144 9
144 189
144 12
312 3
312 851
312 194
312 1728
312 1
312 32
1763 9
1763 12
377 95
377 32
85 1434
324 329
30 1667
1433 1346
1665 1127
1665 1669
1665 67
1169 400
407 372
592 871
1641 970
1641 105
1641 1655
1198 1746
1198 127
1056 1669
1738 1280
1738 3
1738 1231
1738 233
1738 1540
969 1667
969 847
969 176
969 1113
969 1725
969 234
969 172
969 1543
201 143
374 3
1521 1669
1688 1647
740 3
254 308
790 3
1671 438
1474 1493
792 1036
774 970
774 768
1540 48
1540 47
1540 1669
1540 1744
1540 518
1770 67
1719 9
400 1280
400 601
400 8
400 1681
1042 67
1042 1730
1042 1338
1042 32
1489 878
1489 9
1489 1533
42 1509
42 1255
42 105
42 1329
42 257
42 3
42 1744
42 344
319 317
319 95
319 1127
243 3
1644 1758
1644 1018
1644 105
1644 995
1644 346
1644 620
1644 1754
1644 1756
1644 1686
1644 1698
1644 12
1644 557
1371 3
1749 644
1749 995
1749 1734
1749 1063
1749 9
1749 346
1749 189
1749 95
1749 67
234 1778
1111 1190
974 1669
974 1487
408 3
1049 1741
1497 1741
1497 1158
1762 245
1762 308
81 1434
474 1756
474 105
474 1158
474 749
474 67
474 1339
474 32
1239 67
1449 1021
798 1741
773 1741
1283 710
1283 245
155 525
1485 105
1737 220
1737 415
1737 1408
1737 710
1737 1639
1737 1255
1737 1157
1737 1127
1737 1494
1737 219
1737 1513
1339 1255
1339 822
1339 1491
1339 1546
1339 1624
1339 518
865 3
523 342
523 176
1280 1667
1280 1287
1280 557
1280 547
1280 727
1280 768
1280 674
286 1756
1491 132
1271 1329
1487 620
1009 1585
1009 1346
1009 537
1009 27
995 318
995 27
168 674
1029 1746
1748 67
1748 384
1748 468
1748 970
1748 1075
1748 1362
1748 1406
1748 172
1748 1440
95 719
95 1452
95 175
95 561
95 447
95 1673
95 1161
95 1548
95 960
1575 142
1315 3
298 970
298 323
48 1655
48 1624
615 1764
615 245
1436 1734
1436 361
1436 176
1436 1113
1436 582
1436 1757
1436 1667
1436 1735
1779 1
1026 163
1026 19
1026 509
1026 1686
1026 1716
1338 67
1338 810
1338 1750
1338 127
1338 9
1338 1052
1338 341
1338 674
1380 1741
1412 3
598 652
908 1717
881 3
1717 1739
1717 1069
779 1678
494 389
1317 652
1317 3
1777 67
815 1741
1253 644
1253 673
1253 1773
1253 1157
1253 1765
1253 1744
1253 812
1253 674
1253 984
1253 549
724 9
724 1647
1741 475
1741 593
1741 899
1741 1673
1741 537
1741 784
1741 1282
1741 297
1741 783
1741 1391
1741 391
1741 588
1724 127
1724 1543
204 1669
204 456
525 211
525 557
525 547
525 1543
525 1756
525 32
297 430
979 1669
224 175
224 3
1556 1732
543 1513
898 176
189 708
189 1742
189 358
189 483
1652 41
540 1142
1118 1678
1118 105
1118 1667
1118 9
1118 308
1118 794
1118 1542
118 193
1408 1624
1408 483
708 1500
708 557
708 281
1027 105
97 67
97 430
97 726
97 9
372 353
1013 398
1013 233
375 167
1771 1127
674 1346
674 308
674 1742
1343 3
1343 212
1343 1113
1343 9
1343 582
1343 1359
1343 12
1343 1342
504 1740
642 697
642 711
642 1755
642 809
1154 3
952 191
1753 9
1753 1535
460 1669
1225 1393
1622 9
342 843
437 1669
1773 679
536 430
536 532
242 3
242 787
242 1178
242 823
242 783
638 430
220 430
1739 1543
1739 199
719 1655
719 1346
160 1181
1238 1052
1238 1272
1238 8
1238 32
447 1667
447 395
447 398
1780 1255
1203 1127
1260 1127
1079 27
288 3
288 1440
595 624
595 1526
595 1101
595 191
1579 1667
547 143
547 711
547 1616
547 1127
547 12
1023 1766
878 1072
878 1647
878 1548
878 783
878 438
878 537
1669 1509
1669 1647
1669 1655
1669 391
1669 561
1669 784
1669 454
1265 9
1282 848
1282 1647
1362 193
1362 1406
1675 67
1675 32
1488 1190
1488 518
1488 32
1677 1290
1189 3
1509 1744
1509 1624
475 430
475 1678
475 176
475 3
173 3
1113 1493
1113 1395
1113 990
1113 710
323 430
323 68
768 924
398 27
143 644
143 12
26 3
1308 9
1308 1716
884 713
1467 9
1467 309
1467 1543
8 644
8 1756
8 430
8 19
8 9
8 1667
8 12
713 1756
713 462
713 1059
713 105
713 67
713 727
193 393
193 233
193 1647
193 843
193 1434
193 63
193 1742
1758 167
1168 1231
1168 105
415 997
1642 822
1384 440
41 1745
1518 105
295 194
1647 1132
1647 482
1647 1297
1647 1269
1647 749
1647 233
1647 172
1647 714
1021 1069
1021 1746
1021 127
252 3
1251 1127
1130 1756
1130 19
1130 652
1746 1730
1746 1395
488 1434
970 1255
970 3
970 710
970 1434
970 1513
63 127
318 67
318 1736
840 3
1769 67
1500 1346
255 1
105 1655
105 1667
105 1624
105 557
105 1255
105 9
105 19
468 537
1678 328
1678 711
1678 1346
1678 582
537 1667
1775 67
1775 852
856 1117
822 727
654 1667
1545 1332
1545 809
847 561
847 9
847 809
942 1667
1415 3
1415 1142
639 172
302 3
93 211
346 1734
346 1655
346 1346
161 1255
161 1673
1736 109
211 1742
640 3
341 1395
172 3
1585 176
1585 1582
1585 1568
711 3
1373 710
69 1756
69 430
620 393
620 27
620 1667
620 1181
725 1624
256 67
256 1686
1350 1127
997 1127
1349 3
1759 9
1406 1744
617 1667
430 72
430 194
430 27
430 175
1440 3
477 3
823 3
498 3
394 3
394 1190
394 67
1565 27
731 3
1346 367
1346 1667
1346 308
1346 518
1346 67
1346 9
1346 1314
1346 199
810 175
810 3
810 233
1751 3
1403 1756
1121 142
1445 516
700 3
1409 167
561 1310
561 727
687 3
983 1667
194 9
194 199
1742 19
1742 9
984 1231
984 1208
697 214
697 3
697 67
697 1774
697 1052
697 32
1128 54
1765 72
1335 3
1 3
1 1655
67 1767
67 3
67 12
67 9
67 1344
67 1776
67 710
67 1760
393 1190
393 32
1127 3
1127 142
1699 209
1185 3
199 3
199 1624
1158 1072
645 3
1655 1397
1655 308
1655 1756
1655 9
1655 32
861 582
1626 1624
27 1332
27 3
27 582
27 12
27 1686
1673 1255
19 353
19 1181
569 3
308 3
1181 1667
1728 3
1728 652
1548 1667
1548 482
282 9
282 12
800 3
1543 1103
1543 1712
62 3
1712 1572
644 1568
454 482
1745 176
1676 233
1050 127
176 3
176 1493
699 710
699 959
1270 3
652 3
652 52
846 3
794 3
809 127
809 1240
681 3
545 3
710 1667
710 1686
1255 1231
1255 9
1255 1342
1255 12
1752 9
1752 1332
843 1667
843 557
1132 9
1132 32
482 3
52 1698
1342 1359
1686 1395
127 233
127 1072
1136 233
1667 1231
1667 167
1772 1395
163 986
68 3
1352 3
1167 3
1069 1332
1344 3
1231 3
1231 32
1340 3
3 1117
3 1190
3 72
3 1103
3 32
12 9
12 32
1072 32
1052 1624
72 32
9 32
9 1760
