1 42
1 477
3 1192
3 194
3 618
6 833
6 122
6 1410
7 856
8 105
8 79
9 56
9 1450
9 1197
10 1258
11 400
12 1106
12 103
13 400
15 400
19 65
19 1483
19 1221
19 1430
19 410
19 331
19 1098
19 1133
20 400
26 194
27 184
27 42
27 970
27 414
27 87
29 850
29 443
29 1394
30 103
32 1385
32 42
32 1519
34 335
36 400
36 879
38 148
39 400
39 51
41 42
42 1415
42 1414
42 257
42 1288
42 394
42 1509
42 1346
42 142
42 1357
42 1309
42 302
42 790
42 922
42 1308
42 669
42 415
42 291
42 1381
42 1190
42 1191
42 1031
42 942
42 815
42 176
42 1224
42 1334
42 952
42 1337
42 955
42 189
42 961
42 194
42 1091
42 325
42 840
42 1356
42 1226
42 1355
42 204
42 333
42 1229
42 163
42 1294
42 1307
42 475
42 1354
42 1418
42 479
42 1482
42 1505
42 1506
42 1507
42 1062
42 1255
42 488
42 105
42 620
42 1005
42 1262
42 752
42 1512
42 1266
42 1477
42 233
42 632
42 1428
42 767
44 400
44 129
44 232
48 152
50 234
51 529
51 530
52 497
52 103
53 416
53 1432
53 1388
54 393
58 811
58 103
59 400
59 431
60 194
61 827
61 103
62 194
63 400
63 430
64 400
67 424
67 533
67 1501
68 135
69 75
70 400
72 194
72 677
73 452
74 680
74 459
75 120
75 1041
76 400
76 399
78 968
80 194
81 400
83 194
84 391
85 400
85 953
88 367
90 105
91 1237
94 320
94 965
95 345
96 105
96 828
97 400
97 104
97 421
98 194
98 102
99 194
99 351
100 243
101 400
101 198
103 256
103 260
103 266
103 215
103 525
103 270
103 783
103 534
103 282
103 795
103 799
103 1313
103 1060
103 549
103 294
103 553
103 554
103 299
103 1072
103 1329
103 1078
103 839
103 841
103 843
103 593
103 853
103 599
103 345
103 314
103 358
103 1126
103 874
103 365
103 372
103 377
103 378
103 379
103 1130
103 638
103 386
103 134
103 391
103 393
103 396
103 143
103 658
103 917
103 920
103 409
103 154
103 929
103 930
103 931
103 932
103 1195
103 175
103 688
103 948
103 185
103 954
103 957
103 447
103 1216
103 1217
103 967
103 969
103 462
103 1231
103 721
103 978
103 1236
103 983
103 988
103 1510
103 1256
103 489
103 1002
103 500
103 502
103 504
103 765
105 1027
105 263
105 343
105 1036
105 563
105 1050
105 540
105 1055
105 1312
105 1116
105 1068
105 1069
105 814
105 307
105 308
105 1338
105 317
105 577
105 323
105 1353
105 1099
105 1100
105 1102
105 1103
105 1104
105 337
105 339
105 1108
105 1111
105 600
105 1372
105 1117
105 606
105 1122
105 1123
105 1124
105 1125
105 871
105 1129
105 1131
105 1132
105 1134
105 367
105 624
105 1139
105 1141
105 1143
105 1144
105 1145
105 1146
105 1147
105 1148
105 1149
105 1150
105 1151
105 1152
105 1153
105 1156
105 1157
105 1421
105 398
105 1423
105 155
105 1181
105 674
105 1463
105 739
105 697
105 288
105 964
105 332
105 716
105 724
105 990
105 992
105 993
105 995
105 487
105 252
105 1107
105 212
105 1276
105 1021
108 400
109 400
112 266
114 400
114 124
115 631
118 194
118 1070
119 168
120 222
121 194
123 400
125 194
127 313
128 194
128 235
128 685
131 194
132 194
132 318
133 437
135 400
135 1486
138 302
140 201
140 574
141 345
142 1277
143 442
144 400
144 1200
144 1408
144 1278
145 147
146 312
146 309
147 236
147 349
149 400
149 193
151 400
151 982
152 400
157 341
158 400
161 162
161 221
162 851
163 249
163 245
163 1485
165 400
166 400
168 400
172 392
172 820
172 531
172 684
172 1497
173 400
174 335
177 394
180 242
180 1214
181 194
183 956
183 194
183 916
183 269
185 924
189 1261
190 276
191 347
191 239
194 768
194 516
194 774
194 1033
194 271
194 1185
194 515
194 277
194 1284
194 283
194 798
194 1056
194 289
194 295
194 296
194 555
194 303
194 560
194 817
194 567
194 569
194 1083
194 573
194 575
194 322
194 836
194 583
194 1097
194 334
194 847
194 1362
194 596
194 342
194 949
194 527
194 353
194 355
194 356
194 357
194 1084
194 619
194 621
194 711
194 1085
194 884
194 1086
194 375
194 1406
194 642
194 389
194 652
194 400
194 913
194 915
194 404
194 1178
194 794
194 928
194 673
194 1051
194 422
194 679
194 683
194 242
194 944
194 445
194 448
194 449
194 706
194 453
194 1142
194 199
194 456
194 203
194 463
194 209
194 211
194 980
194 222
194 991
194 1248
194 482
194 483
194 228
194 465
194 1039
194 234
194 1063
194 1004
194 237
194 241
194 498
194 755
194 1270
194 503
194 1379
194 509
194 254
194 1279
195 415
198 1321
199 858
204 611
204 1500
212 696
214 500
219 242
220 400
221 1282
224 400
224 873
227 1234
241 501
244 415
248 374
249 1304
249 1504
249 1324
250 400
250 1112
251 400
252 935
254 344
256 259
261 392
265 400
266 692
266 693
266 694
266 695
266 653
272 468
273 522
274 385
274 703
278 370
280 321
281 1140
281 332
282 1327
284 400
285 422
286 400
288 1162
288 470
288 1193
290 408
292 520
293 463
294 336
294 580
296 550
297 484
298 303
300 468
302 1238
302 558
304 400
305 521
305 306
306 1115
306 388
306 438
306 1228
308 759
309 937
309 1182
311 400
311 373
315 400
315 423
316 496
316 327
317 1011
319 338
321 663
323 1347
323 1164
323 1073
323 1007
324 400
324 329
325 326
328 581
329 468
332 352
334 1442
335 350
338 1155
338 348
339 493
342 1462
342 1431
343 424
343 1242
345 1058
345 946
345 691
345 518
345 947
346 837
346 366
348 481
349 552
349 511
350 480
350 872
350 860
352 760
354 398
356 1419
358 1484
359 460
360 400
361 1436
362 1213
363 454
364 429
366 1349
368 401
368 604
370 568
371 400
371 789
372 473
372 508
375 496
376 400
379 432
382 400
386 387
392 400
393 1516
394 395
400 512
400 895
400 517
400 519
400 776
400 528
400 899
400 601
400 613
400 541
400 543
400 544
400 816
400 904
400 819
400 564
400 566
400 825
400 570
400 572
400 556
400 864
400 579
400 822
400 584
400 587
400 897
400 592
400 852
400 429
400 859
400 605
400 862
400 607
400 523
400 866
400 868
400 617
400 626
400 886
400 887
400 788
400 890
400 892
400 882
400 639
400 896
400 831
400 898
400 747
400 900
400 773
400 902
400 905
400 891
400 908
400 909
400 910
400 911
400 823
400 402
400 659
400 708
400 411
400 832
400 419
400 420
400 682
400 428
400 686
400 436
400 437
400 901
400 441
400 698
400 701
400 451
400 452
400 454
400 893
400 844
400 459
400 460
400 973
400 974
400 464
400 888
400 466
400 675
400 889
400 676
400 474
400 907
400 476
400 734
400 735
400 484
400 743
400 551
400 809
400 495
400 499
400 894
400 707
400 784
400 766
402 1201
402 1250
403 769
405 456
407 425
407 461
408 1120
409 413
413 690
415 1121
418 512
418 1024
421 1395
426 427
430 857
439 440
439 514
440 513
442 1247
445 557
445 614
454 1369
454 494
454 467
460 608
462 742
463 1009
463 1010
468 914
469 806
469 519
472 479
473 771
473 1397
474 951
477 526
497 1296
497 1352
497 1491
498 1293
498 1135
503 1316
516 1405
517 1048
520 1017
523 1479
523 524
523 565
523 791
525 865
527 746
532 638
535 713
536 1240
537 942
538 1283
539 713
542 713
545 713
545 1047
546 638
547 1283
548 713
559 1069
561 1177
561 1283
562 638
563 1159
567 763
570 1065
571 638
572 678
575 1468
576 1488
576 1283
578 1284
582 1210
582 1212
585 1284
586 1283
588 846
589 666
590 1283
591 711
594 1289
595 660
596 1290
596 989
597 635
598 1283
598 1303
602 638
603 722
603 1283
603 628
606 821
609 713
610 1291
612 613
615 713
616 623
617 854
619 661
620 1030
621 772
622 638
622 623
625 945
625 630
627 737
629 713
631 633
631 662
631 775
634 657
635 812
636 638
637 638
638 640
638 1093
638 646
638 1480
638 778
638 651
638 1492
638 1186
638 1038
638 719
638 1235
638 1045
638 1175
638 984
638 1071
638 1370
638 1285
638 736
638 1300
638 1371
638 996
638 1317
638 870
638 744
638 1001
638 939
638 943
638 881
638 1014
638 1080
638 1081
638 830
639 1438
641 713
643 1283
644 1283
645 1521
645 1283
646 647
648 723
649 723
650 1031
652 1016
652 756
652 1015
654 1283
655 672
655 656
655 664
655 665
655 668
655 670
655 671
660 1283
660 777
666 713
667 1435
669 1196
673 1013
673 702
676 1019
679 1095
681 713
687 936
687 1283
689 709
699 1283
699 1374
700 1283
700 1174
704 1067
704 1322
704 1283
704 1467
704 1257
705 803
708 1075
708 918
709 1391
710 1283
712 713
712 1398
713 1154
713 1283
713 1028
713 1416
713 779
713 781
713 1517
713 1441
713 1042
713 1043
713 750
713 1049
713 1052
713 1367
713 927
713 1059
713 1189
713 1066
713 940
713 1263
713 1165
713 1127
713 842
713 1476
713 737
713 714
713 715
713 717
713 718
713 1101
713 720
713 725
713 726
713 727
713 1241
713 1311
713 733
713 994
713 740
713 999
713 748
713 749
713 878
713 751
713 1449
713 762
714 1376
719 1251
721 867
721 923
725 1336
728 729
728 730
728 1283
731 1283
732 958
734 1023
738 1283
739 745
741 1283
747 761
747 796
748 1380
752 1368
753 1283
754 1332
757 876
758 1283
764 1269
770 960
770 1283
780 805
782 1283
785 786
787 1490
787 1252
792 1283
793 1230
793 863
794 1161
795 1025
797 1392
797 849
797 1363
797 804
797 1464
797 1473
797 1283
797 1465
797 1466
797 1471
798 885
799 1475
800 1384
800 1154
801 1283
802 1283
805 807
808 845
809 1494
810 1351
813 939
815 1305
815 1022
816 941
818 1269
819 829
823 1222
824 1496
826 925
830 880
830 877
831 1057
834 1074
835 1283
835 1245
836 1240
838 853
841 848
841 1446
844 1487
852 1361
852 1090
853 906
855 939
856 1176
861 1146
869 1205
874 875
882 921
882 883
886 1239
887 1272
898 1198
900 1037
903 933
912 1513
919 1283
926 1077
928 1265
934 1096
938 1035
938 1283
938 1396
939 977
939 1092
939 1029
942 1422
950 1283
952 1320
958 959
962 1204
963 1105
964 1202
966 1171
971 972
975 1283
976 985
978 979
981 1021
986 1283
987 1283
990 1306
991 1094
994 1054
997 1425
998 1283
1000 1035
1003 1199
1006 1448
1008 1032
1012 1476
1014 1194
1014 1020
1014 1046
1018 1283
1026 1119
1031 1109
1032 1283
1033 1209
1033 1443
1034 1128
1034 1283
1034 1166
1040 1045
1042 1330
1044 1184
1053 1076
1059 1243
1061 1062
1062 1455
1062 1451
1062 1453
1064 1216
1076 1082
1078 1079
1080 1207
1083 1287
1087 1088
1087 1283
1089 1412
1093 1206
1097 1170
1105 1283
1105 1409
1110 1146
1113 1160
1113 1283
1113 1348
1114 1188
1118 1283
1127 1203
1129 1323
1136 1283
1137 1340
1138 1283
1138 1389
1145 1333
1158 1498
1158 1283
1163 1211
1167 1283
1168 1331
1168 1298
1168 1283
1169 1283
1172 1173
1179 1509
1180 1267
1183 1360
1183 1225
1183 1283
1185 1220
1187 1283
1189 1481
1198 1230
1199 1204
1208 1283
1211 1437
1215 1283
1218 1249
1219 1404
1219 1413
1223 1269
1227 1283
1232 1269
1233 1299
1234 1254
1236 1259
1244 1283
1244 1275
1246 1283
1253 1461
1260 1283
1262 1417
1264 1283
1268 1313
1269 1456
1269 1459
1269 1457
1269 1452
1269 1460
1269 1458
1271 1329
1273 1274
1273 1285
1280 1283
1281 1345
1281 1283
1281 1429
1281 1499
1283 1295
1283 1297
1283 1302
1283 1310
1283 1325
1283 1326
1283 1339
1283 1340
1283 1341
1283 1342
1283 1344
1283 1350
1283 1359
1283 1373
1283 1378
1283 1382
1283 1383
1283 1386
1283 1390
1283 1391
1283 1402
1283 1343
1283 1315
1283 1358
1286 1343
1292 1423
1297 1301
1312 1434
1313 1387
1314 1346
1317 1318
1319 1508
1326 1426
1328 1476
1332 1437
1335 1403
1335 1399
1338 1447
1340 1478
1340 1407
1354 1439
1364 1393
1365 1366
1375 1472
1375 1474
1377 1423
1393 1492
1400 1411
1401 1509
1415 1425
1420 1523
1424 1427
1433 1444
1437 1454
1440 1495
1444 1445
1449 1489
1463 1469
1470 1508
1474 1493
1502 1503
1509 1515
1509 1511
1513 1520
1514 1518
1518 1523
1522 1524
