513 1543
2 3
3 640
3 1419
3 333
3 482
3 338
3 83
3 26
3 283
3 1180
3 285
3 741
3 800
3 545
3 610
3 1187
3 740
3 1189
3 615
3 1196
3 1262
3 893
3 176
3 242
3 1463
3 824
3 752
1878 32
1878 1864
1878 1362
1878 617
1878 1624
1878 1865
1878 1346
1878 1730
1878 1021
1543 1395
1543 561
1543 886
1543 1879
1543 1870
1543 1487
8 1899
523 172
1548 1868
19 1882
1557 1808
1557 673
1557 1291
1557 868
1557 1624
1557 1755
536 927
27 1876
1052 1881
1052 1002
1565 418
1565 1876
773 193
773 1866
773 1741
773 1013
1064 168
1064 1375
1064 447
1372 1899
1280 1892
1117 1713
1117 1876
561 1899
561 342
1079 1616
1079 1313
1079 1881
1079 983
1887 1488
61 1899
1792 1899
1417 1899
1601 1891
1601 1875
582 1882
583 821
72 1765
1097 1899
1616 93
1624 1285
1624 1781
1624 1864
1624 1727
601 1862
784 1899
615 540
617 1713
1642 1881
620 818
1897 187
131 187
193 393
1673 844
1676 1881
194 1406
1168 1883
657 1899
1178 1332
1562 1879
674 1865
674 1877
539 710
172 1724
686 768
686 492
175 1814
1713 144
1713 987
1713 233
1716 1308
969 1416
696 713
697 1319
189 712
1215 1899
1217 1899
711 1898
713 1899
204 1899
1681 1771
211 415
1236 1237
1750 1881
221 1896
233 810
1781 1899
1793 1474
1284 1899
1291 1013
1808 1876
277 1899
1840 1893
306 1899
1332 1395
311 1899
314 1899
316 509
1860 993
1865 1876
1865 1852
1847 1899
1876 868
1876 983
1876 1880
1877 1488
1879 1520
1884 1488
1885 1488
1886 1488
1888 1488
144 1899
1890 1487
868 1893
1894 1013
1895 1021
1899 391
1899 1497
1899 987
1899 1436
1899 447
398 828
1889 1488
1889 1013
928 418
1181 469
