1 312
1 3
1 255
1 1779
1 1655
2 3
3 640
3 1412
3 645
3 1281
3 394
3 1751
3 652
3 1154
3 782
3 1167
3 144
3 1728
3 790
3 408
3 794
3 27
3 26
3 32
3 545
3 475
3 1270
3 1317
3 1190
3 1713
3 1231
3 681
3 42
3 1415
3 172
3 173
3 302
3 687
3 176
3 72
3 308
3 498
3 1335
3 312
3 569
3 249
3 1340
3 288
3 62
3 1343
3 1344
3 1440
3 67
3 68
3 1349
3 1185
3 1352
3 970
3 823
3 1103
3 840
3 1620
3 1237
3 1110
3 697
3 1371
3 731
3 800
3 1117
3 199
3 1189
3 224
3 865
3 482
3 740
3 1127
3 1738
3 700
3 711
3 752
3 881
3 242
3 243
3 374
3 933
3 477
3 252
3 810
3 1662
1029 1713
1029 1746
1391 1741
8 400
8 19
8 644
8 1285
8 1238
8 9
8 12
8 1756
8 430
8 1667
9 1760
9 1346
9 1731
9 1313
9 1719
9 12
9 194
9 1742
9 847
9 144
9 1489
9 67
9 788
9 1749
9 1622
9 1752
9 1753
9 282
9 1308
9 1118
9 1759
9 32
9 97
9 1763
9 1255
9 105
9 1387
9 1265
9 1655
9 724
9 1338
9 1467
9 1343
1034 1624
1034 1313
1034 1730
1034 67
1034 1127
12 1312
12 1313
12 67
12 32
12 1255
12 1644
12 143
12 144
12 27
12 547
12 1763
12 282
12 1387
12 1343
1026 1713
1026 19
1026 1716
1026 163
1026 1686
1026 509
1039 1632
1039 105
1039 431
1042 32
1042 1730
1042 67
1042 1338
19 1313
19 353
19 105
19 1130
19 1181
19 1742
1717 1739
1717 908
1717 1069
1049 1741
27 1285
27 582
27 1009
27 620
27 398
27 1713
27 995
27 1332
27 430
27 1686
27 1079
27 1565
1052 1624
1052 697
1052 1338
1052 1238
32 1281
32 1072
32 72
32 393
32 1675
32 525
32 697
32 1231
32 1488
32 1731
32 1238
32 312
32 249
32 474
32 443
32 1655
32 377
1059 713
36 1713
36 211
36 44
36 93
1542 249
1542 1118
1063 1749
41 1745
41 1652
42 1744
42 1329
42 1509
42 1731
42 1255
42 344
42 105
42 249
42 257
42 443
1543 1739
1543 969
1543 1467
1543 1724
1543 525
1543 1103
44 1713
44 211
44 189
44 249
44 105
44 525
44 430
44 95
1069 1727
1069 1332
1069 1021
47 1540
48 1624
48 1540
48 1655
1075 1748
52 249
52 1698
52 652
54 1128
61 249
61 1713
63 1520
63 193
63 127
67 1344
67 1665
67 1346
67 710
67 394
67 1675
67 256
67 788
67 1749
67 1239
67 474
67 1760
67 97
67 1748
67 1767
67 1768
67 1769
67 1770
67 1775
67 1776
67 1777
67 713
67 697
67 1338
67 249
67 318
68 323
69 283
69 1756
69 430
72 1765
72 430
1036 792
1101 595
1103 1713
81 1434
85 249
85 1434
85 431
1111 249
1111 1190
1111 431
1113 1395
1113 1493
1113 710
1113 969
1113 1436
1113 990
1113 1343
1117 856
1117 1713
1118 1713
1118 1667
1118 308
1118 105
1118 794
95 960
95 1161
95 1387
95 621
95 175
95 561
95 626
95 1749
95 319
95 1548
95 377
95 1452
95 719
95 447
1121 142
1127 1665
1127 997
1127 1350
1127 1251
1127 1737
1127 1771
1127 1260
1127 142
1127 547
1127 1203
1127 319
105 1027
105 1667
105 1641
105 1255
105 713
105 1655
105 1644
105 1485
105 1518
105 1168
105 1624
105 474
105 557
105 1727
1130 1713
1130 652
1130 1756
109 1736
1136 249
1136 233
118 193
1556 1732
124 1255
1743 1713
127 1312
127 1072
127 495
127 233
127 809
127 1050
127 1021
127 1724
127 1338
127 1198
1157 1737
1157 1253
1158 1072
1158 1497
1158 474
135 1713
142 1575
143 1713
143 547
143 644
143 201
143 1727
144 1758
144 1761
144 1667
144 1500
144 249
144 189
144 430
1169 400
152 249
1732 259
1178 1713
1178 242
155 525
1181 160
1181 1713
1181 1667
1181 1520
1181 249
1181 620
1183 1727
160 429
161 1673
1433 1346
163 986
1190 1488
1190 1285
1190 393
1190 394
167 1409
167 1667
167 303
167 1758
167 375
168 674
1195 1713
172 969
172 1748
172 1647
172 639
1198 1746
175 224
175 1713
175 249
175 810
175 430
176 1585
176 1493
176 1747
176 1745
176 969
176 523
176 1436
176 475
1225 1393
1208 984
189 483
189 708
189 1749
189 358
189 443
189 1742
191 952
191 595
191 429
193 1362
193 1742
193 233
193 393
193 1434
193 843
193 1647
194 312
194 295
194 430
194 199
1739 249
1739 199
1739 1713
199 1624
199 1346
204 456
1231 1168
1231 1667
1231 1255
1231 984
1231 249
1231 1738
1231 431
211 93
211 1742
211 525
212 249
212 303
212 1343
1237 843
214 697
1240 809
219 1737
220 1737
220 430
1253 1744
1253 673
1253 674
1253 1765
1253 644
1253 549
1253 984
1253 812
1253 1773
1255 1737
1255 1780
1255 249
1255 1339
1255 970
1255 1342
233 1013
233 1713
233 810
233 1647
233 1676
233 1738
234 969
234 1778
242 783
242 429
242 823
1269 1647
1271 1329
1272 1238
249 1280
249 1665
249 389
249 518
249 393
249 1546
249 983
249 525
249 783
249 1731
249 852
249 1302
249 1565
249 1629
249 678
249 1585
249 809
249 561
249 819
249 437
249 1353
249 569
249 1724
249 394
249 447
249 1344
249 1312
249 1730
249 708
249 502
249 582
249 97
249 969
249 843
249 1485
249 974
249 1488
249 1489
249 725
249 1238
249 1624
249 1497
249 474
249 475
249 1244
249 598
249 523
249 865
249 1742
249 868
249 997
249 1644
249 495
249 1395
249 1142
249 592
249 1713
249 378
249 1343
249 1021
252 277
254 308
256 1686
1282 848
1282 1713
1282 1741
1282 1647
260 430
1238 1472
1287 1280
271 713
271 277
271 638
1297 1647
1299 1713
1748 384
1748 1362
1748 468
1748 1440
1748 970
1748 1406
1748 799
277 1688
277 1737
277 794
277 1741
277 430
281 708
282 1713
1308 1716
1308 1713
286 1756
288 1440
1072 1713
1072 878
1314 1346
1755 642
1316 431
1317 652
297 1741
297 430
298 970
298 323
1415 1142
1408 1624
1408 1737
1408 483
308 674
308 1655
308 1762
308 1346
309 1467
312 851
312 1728
1338 674
1338 341
1338 1750
1338 810
1339 1554
1339 1491
1339 518
1339 822
1339 1624
1339 474
1339 1546
317 319
318 1736
318 995
1344 1312
1344 1713
1346 1472
1346 674
1346 518
1346 719
1346 1009
1346 1667
1346 1713
1346 346
1346 367
1346 1500
323 430
324 329
328 1678
1359 1342
1359 1343
1362 1406
341 1395
342 843
342 523
342 971
1764 615
346 1644
346 1749
346 1734
346 1655
1373 710
1375 1756
353 372
353 1727
1379 1540
1380 1741
1384 440
1384 1713
361 1436
361 1727
362 783
1387 1713
1387 1285
1387 557
1395 1746
1395 1686
1395 1772
372 407
1397 1655
378 812
378 1713
1403 1313
1403 1756
1406 1744
1406 495
1409 443
389 494
391 1741
391 1669
393 620
395 447
396 431
398 1013
398 447
1773 679
400 1280
400 1681
400 601
409 1713
1434 1312
1434 488
1434 1713
1434 970
1434 1562
1434 1679
1436 1713
1436 1667
1436 1734
1436 582
1436 1735
1436 1757
415 1737
415 997
1445 516
1449 1021
429 1680
430 97
430 536
430 638
430 475
431 1762
431 1731
431 1771
431 561
431 617
431 1579
431 1644
431 727
431 1295
431 1585
431 483
431 1431
431 1624
431 1497
437 1285
437 1713
438 878
1468 1554
245 1762
245 1283
245 615
1472 1656
1472 1489
1474 1493
1475 799
454 482
456 495
462 1713
462 713
1487 1520
1487 620
1487 974
1488 518
1489 1533
1489 878
468 537
1493 1713
1493 1656
1285 1312
1285 1313
1285 1731
1285 708
1285 1509
1285 1644
1285 1624
1285 474
1285 1565
471 1727
1497 1713
1497 1741
474 1713
474 1756
474 749
475 1741
1500 708
1616 547
482 1548
482 1647
1509 1680
1509 1624
1509 1744
1513 1520
1513 1737
1513 970
1513 543
495 1713
495 741
1520 912
1520 1540
1244 1713
1585 1009
1585 1568
1585 1713
1585 1582
504 1740
507 1313
1749 1727
1749 644
1749 1734
1749 995
1535 1753
1280 768
1280 674
1280 547
1280 1667
1280 727
1280 1738
1280 557
1280 1713
518 1540
1281 1762
1281 1771
1545 809
1545 1332
1546 1554
1546 1713
1548 1713
1548 1667
1548 878
525 1713
525 1756
525 547
525 557
1554 1713
1283 710
532 536
536 1713
537 1713
537 1667
537 1009
537 1741
537 878
1562 809
1562 710
1563 1713
540 1142
1568 644
547 711
1579 1667
557 708
557 843
557 1644
561 1713
561 727
561 1310
561 847
1290 1677
1313 1312
1313 1713
1313 1624
582 861
582 1343
97 726
97 1727
588 1741
592 871
593 1713
593 621
593 1741
595 624
595 1526
598 652
598 1713
599 1713
1624 725
1624 1626
605 1713
1494 1737
617 1713
617 1667
1642 822
1639 1737
620 1667
620 874
620 1644
621 1647
621 924
1647 714
1647 878
1647 749
1647 1713
1647 724
1647 1688
626 644
1652 1713
1641 970
1641 1655
447 1667
1665 1713
642 697
642 711
642 809
1667 710
1667 969
1667 843
1667 654
1667 983
1667 799
1667 942
1644 1698
1644 995
1644 1754
1644 1713
1644 1686
1644 1018
1644 1756
1644 1758
652 1728
652 1629
1686 710
674 1742
1713 1540
1713 788
1713 1629
1713 799
1713 1312
1713 809
1713 938
1713 1737
1713 697
1713 1724
1713 1775
1713 708
1713 1733
1713 710
1713 969
1713 975
1713 1742
1713 1342
1713 1730
1713 893
697 1774
699 710
699 959
701 858
1312 1756
1730 1746
710 1737
710 970
713 884
713 727
713 1756
1655 1756
1655 719
1741 783
1741 899
1741 773
1741 1673
1741 798
1741 815
1741 784
1744 1540
1746 1021
727 822
1752 1332
739 969
1766 1023
1775 852
768 924
768 774
774 970
781 1540
783 878
809 847
847 969
1540 1738
1342 1343
1669 979
