24 91
24 47
24 60
24 72
118 126
72 111
72 74
72 28
72 60
72 126
72 91
72 107
72 73
99 63
99 139
99 71
99 104
99 117
99 9
99 85
99 26
39 40
39 135
39 96
116 102
116 31
116 95
116 140
116 125
116 25
51 88
51 36
51 128
51 82
51 18
51 101
51 0
51 143
51 78
61 63
61 26
61 129
61 104
61 8
61 71
63 59
63 117
63 120
63 58
63 8
63 134
63 139
63 26
63 104
63 79
63 64
63 9
63 85
63 71
63 97
139 58
139 26
139 117
139 104
139 9
139 85
139 71
54 40
54 145
54 96
54 80
54 84
69 94
69 31
69 109
22 142
22 102
22 140
22 31
22 25
83 78
41 126
26 93
26 134
26 71
26 117
26 79
26 120
26 8
26 59
26 129
26 104
26 64
26 9
26 85
26 58
26 97
128 11
70 102
70 140
70 31
70 94
47 122
47 60
47 73
28 126
82 88
82 143
82 18
120 71
120 62
120 104
120 64
120 97
132 102
132 140
132 31
132 35
58 59
58 104
58 8
58 117
58 64
58 9
58 71
87 64
73 122
73 60
68 16
18 143
18 11
40 100
40 84
40 96
40 89
40 80
40 110
40 145
40 33
40 76
40 135
40 138
40 105
40 32
107 111
107 74
7 74
7 114
112 78
129 59
129 104
129 8
129 71
103 78
35 142
35 94
35 12
35 31
35 102
35 140
35 123
135 100
135 96
135 89
135 32
84 100
84 145
84 45
84 89
84 80
84 105
84 32
84 96
98 57
98 8
95 142
95 102
95 31
95 109
95 140
95 125
95 25
89 100
89 76
89 145
89 96
89 105
89 32
64 130
64 59
64 117
64 104
64 9
20 102
20 140
102 2
102 119
102 140
102 25
102 142
102 94
102 12
102 31
102 123
102 4
102 109
102 125
76 100
76 33
76 96
76 105
76 32
57 130
57 86
62 97
62 71
62 104
4 140
4 31
4 94
9 130
9 104
9 85
71 134
71 117
71 8
71 59
71 104
71 79
71 85
71 97
140 2
140 94
140 119
140 25
140 142
140 12
140 31
140 123
140 109
140 125
110 96
142 25
94 25
94 2
94 12
94 31
94 123
94 109
85 104
134 59
134 104
33 100
33 32
33 96
32 100
32 145
32 96
32 80
32 105
114 74
104 117
104 8
104 59
104 79
104 97
109 12
109 31
109 123
100 145
100 96
12 31
12 123
74 111
119 31
8 117
145 96
145 144
145 80
145 105
91 60
25 31
25 125
125 31
88 143
111 60
96 80
96 45
96 105
117 59
2 31
31 123
