24 47
24 60
24 72
72 111
72 74
72 28
72 60
72 126
72 107
72 91
72 73
99 71
99 63
99 139
99 58
99 117
99 104
99 26
99 97
90 94
39 40
39 135
39 32
39 105
116 102
116 31
116 95
116 4
116 109
116 125
51 34
51 88
51 0
51 128
51 82
51 18
51 101
51 83
51 143
51 44
51 78
61 71
61 8
61 117
61 104
61 26
61 97
63 71
63 139
63 26
63 117
63 104
63 9
63 85
63 58
63 97
139 71
139 117
139 104
139 9
139 26
139 97
69 94
69 31
22 102
22 48
22 31
22 25
22 94
22 95
22 123
22 35
83 128
83 78
41 126
41 141
41 13
26 134
26 129
26 117
26 79
26 120
26 8
26 59
26 58
26 62
26 104
26 64
26 9
26 85
26 71
26 97
128 78
70 102
70 31
70 94
47 122
47 60
47 73
28 126
117 71
117 120
117 104
117 8
117 59
117 58
117 129
117 79
117 64
117 9
117 85
117 97
120 71
120 104
120 64
120 97
132 94
132 102
132 31
132 35
58 59
58 129
58 104
58 64
58 71
58 97
87 64
133 96
73 122
73 60
68 16
18 82
40 100
40 84
40 96
40 80
40 89
40 110
40 145
40 33
40 76
40 135
40 54
40 138
40 105
40 32
104 9
104 8
104 134
104 59
104 71
104 62
104 129
104 79
104 64
104 85
104 97
112 78
129 71
129 97
79 71
79 97
103 82
103 78
35 2
35 12
35 94
35 95
35 119
35 25
35 142
35 102
35 31
35 123
35 109
135 100
135 138
135 96
135 105
135 32
84 76
84 54
84 89
84 32
84 45
98 86
98 57
95 2
95 102
95 31
95 94
95 125
95 25
89 100
89 145
89 76
89 96
89 105
89 32
64 130
64 59
64 71
64 62
64 9
64 97
20 102
20 140
20 25
20 94
134 59
134 97
76 100
76 33
76 138
76 32
57 86
57 8
62 71
62 97
4 102
4 31
4 94
9 130
9 97
71 59
71 8
71 85
71 97
140 102
140 94
140 31
140 25
110 32
110 96
142 94
142 102
94 119
94 25
94 2
94 102
94 12
94 31
94 48
94 123
94 109
94 125
85 97
102 2
102 119
102 25
102 12
102 31
102 48
102 123
102 109
102 125
82 88
82 143
33 100
33 32
32 100
32 96
32 80
32 45
32 145
32 54
32 138
32 105
114 74
54 145
54 96
54 80
13 126
109 12
109 31
109 123
100 138
12 31
12 123
119 31
119 48
119 125
8 97
145 80
138 45
25 31
125 31
97 93
97 59
88 143
96 80
96 105
2 31
31 123
