24 91
24 141
24 60
24 72
72 111
72 74
72 28
72 60
72 126
72 107
72 91
72 73
99 63
99 104
99 9
99 85
99 26
99 97
14 78
39 40
39 135
39 96
116 102
116 31
116 95
116 4
116 109
116 125
116 25
51 101
51 128
51 82
51 88
51 18
51 143
51 11
61 63
61 97
61 26
61 104
63 117
63 79
63 120
63 58
63 8
63 134
63 139
63 26
63 104
63 59
63 64
63 9
63 85
63 71
63 97
139 71
139 26
139 104
139 9
139 58
139 97
54 145
54 96
54 80
54 135
54 40
69 31
69 25
22 142
22 102
22 70
22 31
22 140
22 25
83 34
83 44
83 78
41 126
41 141
26 134
26 71
26 117
26 120
26 129
26 59
26 8
26 104
26 57
26 79
26 64
26 9
26 85
26 58
26 97
128 11
128 78
70 95
70 102
70 31
47 122
47 60
47 73
28 126
28 13
28 141
117 71
117 104
117 8
117 97
120 59
120 64
120 104
120 71
120 97
132 95
132 102
132 31
132 35
58 71
58 59
58 104
58 8
58 64
58 129
58 97
87 64
73 122
73 60
68 16
18 82
18 0
18 11
18 78
40 100
40 84
40 96
40 89
40 80
40 110
40 45
40 145
40 33
40 76
40 135
40 138
40 105
40 32
107 111
107 74
7 13
7 74
7 141
7 114
112 78
129 71
129 104
129 59
129 8
129 97
79 97
79 71
79 104
103 82
103 78
35 102
35 123
35 31
35 12
135 100
135 145
135 96
84 89
84 80
84 32
84 96
44 78
98 86
98 57
95 142
95 94
95 31
95 102
95 109
95 12
95 125
95 25
89 100
89 76
89 96
89 32
64 130
64 59
64 104
64 9
64 97
20 102
20 140
20 125
20 25
134 59
134 71
134 104
134 97
76 100
76 145
76 33
76 96
76 32
76 138
57 130
57 86
57 8
62 71
62 104
4 102
4 31
9 130
9 104
9 97
71 8
71 59
71 104
71 97
140 102
140 31
140 25
36 78
110 96
142 94
142 102
94 102
94 12
94 31
94 123
94 25
85 97
85 104
102 2
102 119
102 25
102 12
102 31
102 123
102 109
102 125
82 88
82 143
141 126
33 100
33 32
33 96
32 100
32 145
32 96
104 59
104 8
104 97
13 126
0 11
109 12
109 31
109 123
100 96
100 105
100 138
38 126
12 31
12 123
119 31
119 25
8 97
78 34
145 96
91 60
138 96
25 31
25 123
25 125
125 31
97 93
97 59
88 143
111 60
96 105
96 45
96 80
2 31
31 123
