24 122
24 91
24 141
24 60
24 72
24 28
24 53
24 47
72 111
72 74
72 28
72 60
72 126
72 91
72 107
99 63
99 26
99 117
99 120
99 9
99 85
99 71
43 40
14 78
39 40
39 145
39 110
39 135
39 96
116 95
116 102
116 31
116 125
116 25
51 128
51 18
51 83
51 82
51 101
51 88
51 143
51 0
51 11
51 78
61 137
61 63
61 71
61 8
61 129
61 117
61 120
61 64
61 26
63 139
63 117
63 9
63 120
63 8
63 134
63 59
63 71
63 129
63 79
63 64
63 58
63 85
63 26
63 97
139 26
139 117
139 9
139 85
139 71
54 145
54 96
54 40
54 80
54 105
54 32
69 31
69 35
22 142
22 102
22 132
22 70
22 31
22 95
22 119
22 25
83 78
26 87
26 104
26 134
26 120
26 117
26 8
26 59
26 58
26 129
26 57
26 79
26 64
26 9
26 85
26 71
26 97
128 0
128 44
128 78
70 95
70 102
47 122
47 60
47 53
47 73
28 126
28 141
117 93
117 129
117 9
117 120
117 8
117 59
117 104
117 79
117 3
117 64
117 58
117 85
117 71
117 97
120 137
120 71
120 64
120 97
20 95
20 102
20 125
20 25
132 102
132 140
132 31
58 59
58 85
58 71
87 64
73 122
73 60
68 16
18 82
18 143
18 78
40 100
40 84
40 27
40 96
40 89
40 80
40 110
40 145
40 33
40 76
40 135
40 105
40 32
107 74
112 78
129 137
129 71
103 143
103 78
35 142
35 102
35 12
35 31
35 119
35 123
135 100
135 145
135 96
135 105
135 110
84 145
84 76
84 96
84 89
84 32
44 78
98 86
98 57
95 102
95 31
95 94
95 142
95 25
89 145
89 33
89 76
89 96
89 105
89 32
64 130
64 134
64 137
64 59
64 104
64 9
64 71
64 97
137 93
137 104
137 79
102 2
102 10
102 140
102 109
102 142
102 94
102 12
102 31
102 25
102 123
102 4
102 119
102 125
76 100
76 145
76 33
76 32
4 31
9 130
9 59
9 85
71 93
71 134
71 8
71 59
71 104
71 79
71 85
71 97
134 59
140 31
110 145
110 96
110 105
142 31
94 2
94 31
94 119
94 25
101 78
82 88
82 143
82 78
141 126
33 100
33 145
33 32
32 100
32 145
32 96
32 80
32 105
104 59
0 11
0 78
109 123
109 31
109 12
100 96
100 105
12 123
12 31
119 31
78 88
78 34
78 11
78 143
145 96
145 144
145 105
145 80
91 60
25 31
88 143
96 105
96 80
80 105
31 123
