24 91
24 141
24 60
24 72
72 111
72 74
72 28
72 60
72 126
72 91
72 107
72 53
99 63
99 26
99 64
99 117
99 104
99 9
99 85
99 71
43 40
14 82
14 78
39 40
39 145
39 110
39 135
39 84
116 20
116 102
116 31
116 94
116 95
116 109
116 125
116 25
51 101
51 18
51 0
51 128
51 88
51 82
51 83
51 143
51 11
51 78
61 137
61 26
61 71
61 129
61 117
61 64
63 71
63 129
63 117
63 79
63 120
63 8
63 134
63 139
63 58
63 104
63 59
63 64
63 9
63 85
63 26
63 97
139 26
139 71
139 117
139 104
139 9
139 64
54 145
54 135
54 96
54 40
54 32
54 80
54 110
69 94
69 109
69 31
69 35
22 142
22 102
22 31
22 94
22 95
22 20
22 140
22 35
22 119
22 25
83 82
83 78
26 134
26 120
26 117
26 64
26 59
26 58
26 104
26 8
26 71
26 57
128 82
128 11
128 78
70 102
70 35
47 122
47 60
47 53
28 141
117 59
117 98
117 129
117 137
117 71
117 104
117 79
117 64
117 9
117 97
120 137
120 71
120 104
120 8
120 64
120 97
20 102
20 31
20 94
20 95
20 140
20 25
20 35
132 94
132 102
132 35
132 31
132 25
58 71
58 59
58 104
58 8
58 64
87 64
73 122
90 94
68 16
18 82
18 0
18 143
40 100
40 84
40 27
40 96
40 80
40 89
40 110
40 145
40 33
40 76
40 135
40 105
40 32
107 122
107 111
107 74
112 82
112 78
129 64
129 71
103 82
103 78
35 2
35 12
35 94
35 95
35 119
35 140
35 25
35 102
35 31
35 123
35 142
35 109
135 100
135 84
135 145
135 96
135 80
135 110
84 100
84 96
84 89
84 110
84 145
84 33
84 76
84 105
84 32
44 82
44 78
17 53
98 57
98 71
95 102
95 31
95 94
95 2
95 109
89 100
89 145
89 76
89 32
89 96
89 80
89 105
89 110
124 111
64 104
64 130
64 71
64 8
64 137
64 134
64 59
64 79
64 9
64 85
64 97
137 104
134 71
134 59
76 100
76 33
76 145
76 32
57 86
77 82
4 102
4 31
4 94
9 121
9 130
9 104
71 8
71 59
71 104
71 79
71 85
71 97
56 94
140 102
140 12
140 31
140 94
140 109
110 100
110 145
110 96
110 80
142 102
142 31
142 94
142 123
94 2
94 12
94 119
94 25
94 102
94 31
94 123
94 109
94 125
53 60
85 104
101 82
101 143
102 2
102 12
102 109
102 31
102 25
102 123
102 119
102 125
82 88
82 11
82 78
82 0
82 143
33 100
33 145
33 32
32 100
32 145
32 96
32 80
114 74
104 8
104 59
104 79
104 97
109 12
109 31
109 123
100 80
130 86
12 31
12 123
74 122
74 111
119 31
8 97
78 143
145 144
145 27
145 96
145 80
91 60
25 31
125 31
88 143
96 80
96 105
80 105
2 31
2 123
31 123
