24 91
24 60
24 72
72 111
72 74
72 28
72 60
72 47
72 126
72 107
72 91
72 73
99 63
99 139
99 26
99 104
99 59
99 85
99 64
99 97
39 40
39 145
39 89
39 135
39 96
116 102
116 31
116 69
116 95
116 125
116 25
51 83
51 101
51 0
51 128
51 82
51 18
51 88
51 143
51 11
51 78
61 137
61 63
61 71
61 26
61 117
61 120
61 104
61 64
61 8
61 97
63 129
63 117
63 79
63 120
63 58
63 8
63 134
63 26
63 139
63 64
63 104
63 59
63 9
63 85
63 71
63 97
139 59
139 64
139 104
139 9
139 85
139 26
139 97
54 145
54 96
54 40
54 89
54 80
54 32
54 84
69 94
69 70
69 31
69 10
69 140
69 123
69 25
22 142
22 94
22 31
22 102
22 25
22 35
83 11
83 78
41 13
41 126
26 129
26 134
26 79
26 120
26 117
26 8
26 59
26 58
26 104
26 64
26 9
26 85
26 71
26 97
128 11
128 78
70 102
70 31
47 122
47 73
47 111
47 60
28 126
82 88
82 103
82 143
82 11
82 78
120 71
120 104
120 8
120 64
120 97
20 142
20 102
132 102
132 25
132 31
132 125
132 35
58 59
58 71
58 104
58 64
58 97
87 64
73 122
68 16
18 78
40 100
40 84
40 96
40 89
40 80
40 110
40 45
40 145
40 33
40 76
40 135
40 105
40 32
107 111
107 74
112 78
129 97
129 64
129 104
13 126
13 111
103 143
103 78
35 142
35 102
35 12
35 31
35 95
35 123
35 25
135 100
135 145
135 96
135 89
135 105
135 110
84 100
84 145
84 76
84 96
84 89
84 80
84 32
84 45
44 78
98 86
98 57
98 8
95 142
95 102
95 31
95 109
95 125
95 25
89 100
89 96
89 105
89 145
89 33
89 76
89 32
89 80
64 117
64 130
64 134
64 59
64 71
64 104
64 8
64 79
64 9
64 85
64 97
102 119
102 2
102 4
102 140
102 142
102 94
102 12
102 31
102 25
102 123
102 109
102 125
76 100
76 145
76 33
76 96
76 80
76 105
76 32
57 86
62 104
4 31
4 25
9 130
9 104
9 85
9 97
71 117
71 8
71 59
71 104
71 79
71 97
56 12
56 25
140 31
140 25
110 96
142 125
142 25
94 2
94 31
94 25
85 104
85 97
134 59
134 104
134 97
33 100
33 96
32 100
32 145
32 96
32 80
114 74
104 117
104 8
104 59
104 79
104 97
79 97
0 143
0 11
109 12
109 31
109 123
109 25
100 145
100 96
12 31
12 123
119 31
8 97
8 117
78 11
78 143
145 96
145 144
145 105
145 80
86 121
91 60
25 31
25 125
34 11
97 93
97 117
97 59
88 143
96 105
96 45
96 80
11 143
2 123
2 31
31 123
