24 47
24 60
24 72
72 111
72 91
72 28
72 60
72 126
72 47
72 74
72 107
72 73
99 129
99 134
99 64
99 79
99 120
99 117
99 8
99 61
99 63
99 139
99 26
99 62
99 104
99 59
99 9
99 58
99 85
99 71
99 97
14 112
14 78
39 40
39 135
39 96
116 20
116 102
116 31
116 95
116 4
116 125
116 25
51 128
51 18
51 83
51 78
51 101
61 63
61 71
61 104
61 26
61 97
63 129
63 117
63 79
63 120
63 64
63 8
63 134
63 26
63 139
63 58
63 62
63 104
63 59
63 97
63 9
63 85
63 71
63 52
139 71
139 104
139 117
139 9
139 85
139 26
69 95
69 94
69 25
69 31
69 35
22 20
22 102
22 31
22 94
22 95
22 119
22 35
22 142
22 140
22 25
83 128
83 78
41 13
41 126
26 129
26 134
26 120
26 117
26 8
26 59
26 58
26 62
26 104
26 57
26 79
26 64
26 9
26 85
26 71
26 97
128 78
70 20
70 94
70 31
70 25
70 102
70 95
70 123
70 35
47 122
47 60
47 73
28 126
28 60
117 71
117 98
117 8
117 55
117 59
117 58
117 104
117 9
117 85
117 97
120 71
120 64
120 104
120 97
132 20
132 102
132 31
132 94
132 95
132 140
132 25
132 35
58 59
58 71
58 79
58 104
58 9
58 97
5 40
73 122
73 126
68 16
18 143
18 78
40 100
40 84
40 96
40 80
40 89
40 110
40 45
40 145
40 33
40 76
40 32
40 54
40 138
40 105
40 135
104 71
104 8
104 86
104 59
104 129
104 62
104 79
104 64
104 85
104 97
112 78
110 105
110 96
78 44
78 103
78 0
79 71
79 97
103 82
35 119
35 2
35 12
35 102
35 95
35 140
35 25
35 142
35 94
35 31
35 20
35 123
35 109
92 121
92 130
135 138
135 96
135 105
84 76
84 96
84 89
84 80
84 32
84 45
98 57
95 119
95 2
95 94
95 4
95 142
95 140
95 20
95 102
95 12
95 31
95 25
95 123
95 109
95 125
89 76
89 96
89 105
89 32
64 130
64 8
64 134
64 59
64 71
64 9
64 97
20 2
20 94
20 119
20 140
20 25
20 142
20 102
20 12
20 31
20 4
20 123
20 109
20 125
134 59
76 100
76 145
76 33
76 96
76 138
76 32
57 86
62 71
62 97
4 94
4 31
4 102
4 25
9 130
9 71
71 129
71 8
71 59
71 85
71 97
140 102
140 31
140 25
129 8
129 97
142 102
142 25
94 119
94 25
94 2
94 102
94 12
94 31
94 123
94 109
94 125
12 31
12 25
12 102
12 123
12 109
102 2
102 119
102 31
102 25
102 123
102 109
102 125
82 143
82 88
33 32
33 96
32 100
32 54
32 145
32 96
54 145
54 96
54 80
54 105
13 126
109 31
109 25
109 123
100 138
100 96
100 80
100 105
107 126
107 111
74 126
119 31
119 125
8 86
8 97
25 2
25 31
25 123
25 125
145 96
145 80
145 105
138 96
138 45
6 111
125 31
97 59
88 143
111 126
111 60
60 126
96 80
96 45
96 105
80 105
2 31
2 123
31 123
