24 47
24 141
24 60
24 72
72 111
72 74
72 28
72 60
72 126
72 91
72 107
99 63
99 59
99 26
43 40
14 101
14 18
14 112
14 78
39 100
39 40
39 135
39 96
116 20
116 102
116 31
116 69
116 94
116 95
116 109
116 125
51 88
51 18
51 0
51 128
51 82
51 101
51 83
51 143
51 11
51 78
61 137
61 63
61 71
61 8
61 129
61 117
61 59
61 26
63 59
63 129
63 117
63 120
63 8
63 134
63 26
63 139
63 58
63 79
63 64
63 9
63 85
63 71
63 97
139 137
139 59
139 85
139 26
54 145
54 110
54 33
54 135
54 96
54 40
54 89
54 80
54 32
54 84
69 20
69 94
69 31
22 142
22 94
22 132
22 31
22 102
22 20
22 140
22 35
22 25
83 101
83 18
83 78
41 126
41 141
26 129
26 134
26 79
26 120
26 117
26 8
26 59
26 71
26 104
26 57
26 64
26 9
26 85
26 58
26 97
128 101
128 0
128 11
128 18
70 102
70 25
47 122
47 60
47 53
47 73
28 126
28 141
117 137
117 59
117 8
117 98
120 137
120 71
120 8
120 59
120 64
120 97
20 12
20 94
20 95
20 35
20 119
20 90
20 140
20 25
20 2
20 102
20 132
20 31
20 4
20 123
20 109
20 125
132 94
132 31
132 102
132 35
132 25
58 71
58 59
58 137
58 8
58 97
87 121
73 60
90 94
68 16
18 88
18 44
18 101
18 11
18 78
18 82
18 112
18 103
18 0
18 143
40 100
40 84
40 27
40 96
40 80
40 89
40 110
40 145
40 33
40 76
40 135
40 105
40 32
107 111
107 74
112 101
112 78
79 137
79 59
79 71
103 82
103 143
103 101
103 78
35 142
35 102
35 12
35 31
35 94
35 123
35 109
92 98
135 100
135 32
135 96
135 89
135 110
84 145
84 76
84 110
84 96
84 89
84 80
84 32
44 101
98 57
98 8
95 2
95 94
95 31
95 102
95 25
89 100
89 32
89 96
89 80
64 137
64 130
64 59
64 104
64 9
64 71
64 97
137 93
137 59
137 71
137 129
137 8
134 59
134 71
76 100
76 33
76 32
57 81
57 86
4 94
4 31
9 121
9 130
9 59
9 85
71 8
71 59
71 104
71 85
71 97
56 94
140 94
140 31
140 102
140 109
110 100
110 32
110 96
142 102
142 94
94 2
94 12
94 119
94 25
94 102
94 31
94 123
94 109
94 125
53 60
85 59
101 88
101 0
101 11
101 78
101 82
101 143
102 2
102 12
102 109
102 31
102 25
102 123
102 119
102 125
82 88
82 143
33 100
33 32
32 100
32 96
32 80
32 145
114 74
13 126
0 143
109 12
109 31
109 123
100 105
12 31
12 123
74 111
129 59
129 8
119 31
8 59
78 11
145 96
25 31
97 59
88 143
96 80
96 105
31 123
