24 30
24 91
24 41
24 60
24 72
72 66
72 111
72 74
72 28
72 60
72 126
72 91
72 107
72 73
99 63
99 97
99 85
99 58
99 104
39 40
39 135
116 142
116 102
116 31
116 69
116 95
116 25
51 128
51 18
51 0
51 88
51 101
51 83
51 143
51 78
61 97
61 104
63 97
63 59
63 26
63 117
63 139
63 58
63 9
63 104
63 71
63 85
139 97
139 9
139 104
54 40
54 145
54 80
54 96
69 4
69 35
69 31
22 142
22 94
22 70
22 31
22 102
22 140
22 125
22 25
83 128
83 78
41 13
26 71
26 59
26 8
26 117
26 97
26 104
26 58
26 57
70 142
70 102
70 31
70 123
70 35
47 122
47 60
28 126
117 59
117 104
117 58
117 64
117 97
120 97
120 71
120 64
120 104
132 142
132 102
132 25
132 31
132 35
58 59
58 8
58 129
58 104
58 9
58 64
58 97
25 20
25 94
25 31
25 102
25 142
25 125
25 140
73 122
73 60
30 66
30 60
68 16
18 0
18 11
40 100
40 84
40 96
40 89
40 80
40 110
40 45
40 145
40 33
40 76
40 135
40 138
40 105
40 32
107 111
112 78
129 97
129 104
103 78
35 142
35 102
35 12
35 31
35 119
35 123
35 125
92 121
92 130
135 100
135 138
135 96
135 110
84 145
84 76
84 96
84 89
84 80
84 32
98 57
98 8
95 142
95 102
95 31
95 2
95 125
95 109
89 33
89 76
89 96
89 32
64 71
64 130
64 59
64 62
64 104
64 9
64 8
64 97
20 142
20 102
102 119
102 2
102 140
102 142
102 94
102 12
102 31
102 123
102 4
102 109
102 125
76 100
76 33
76 96
76 32
76 138
57 86
57 8
62 97
62 104
4 142
4 109
4 31
9 130
9 104
9 85
9 97
71 59
71 104
71 8
71 97
66 60
140 142
140 31
110 96
142 94
142 119
142 2
142 12
142 31
142 123
142 109
142 125
94 31
94 123
85 97
85 104
134 97
134 59
134 104
33 32
32 100
32 145
32 96
104 8
104 79
104 59
104 97
79 97
0 78
109 12
109 31
109 123
100 138
12 31
12 123
119 31
119 125
8 59
8 97
6 111
145 96
145 105
138 45
125 2
125 31
97 93
97 59
88 143
111 60
96 80
96 105
2 31
31 123
