24 122
24 91
24 47
24 60
24 72
24 41
24 73
72 47
72 111
72 91
72 60
72 28
72 126
72 74
72 107
72 73
99 63
99 59
99 26
99 104
99 106
99 58
99 85
99 71
14 112
14 78
39 145
39 135
39 40
39 138
39 96
39 105
39 32
113 63
113 62
113 104
113 106
113 26
113 97
51 83
51 101
51 0
51 128
51 82
51 18
51 34
51 88
51 143
51 78
61 63
61 59
61 26
61 62
61 104
61 106
61 120
61 64
61 71
61 97
63 21
63 8
63 59
63 129
63 79
63 85
63 26
63 97
63 117
63 106
63 120
63 64
63 134
63 58
63 62
63 104
63 139
63 9
63 71
139 59
139 26
139 104
139 106
139 85
139 71
69 94
69 25
69 31
69 35
49 40
49 138
22 142
22 102
22 12
22 31
22 94
22 95
22 140
22 35
22 119
22 25
83 78
41 38
41 13
41 126
26 21
26 129
26 86
26 59
26 8
26 85
26 58
26 97
26 117
26 106
26 120
26 64
26 134
26 57
26 62
26 104
26 79
26 9
26 71
128 44
128 78
70 102
70 12
70 31
70 94
70 35
70 25
47 122
47 73
47 60
28 126
117 59
117 57
117 104
117 106
117 71
117 97
120 59
120 71
120 104
120 106
120 64
120 97
23 102
23 31
15 145
15 89
15 96
15 40
15 5
15 32
55 104
5 145
5 76
5 40
5 96
5 138
5 32
132 142
132 102
132 12
132 31
132 94
132 25
132 35
58 71
58 59
58 64
58 104
58 106
58 97
29 107
133 40
133 96
73 122
73 60
21 62
21 104
21 106
21 71
90 20
90 94
68 16
2 142
2 102
2 31
2 25
2 94
2 95
2 123
2 35
40 100
40 84
40 96
40 80
40 89
40 110
40 145
40 33
40 76
40 135
40 54
40 138
40 45
40 105
40 32
107 1
107 74
107 111
7 74
116 95
116 102
116 94
116 31
116 109
129 59
129 104
129 106
129 71
129 97
79 71
79 59
79 104
79 106
79 85
79 64
79 97
103 82
103 78
35 12
35 94
35 95
35 119
35 20
35 142
35 102
35 31
35 123
35 109
92 121
92 130
104 8
104 85
104 97
104 106
104 64
104 134
104 62
104 59
104 9
104 71
135 145
135 96
135 89
135 32
84 145
84 76
84 96
84 89
84 32
84 45
4 102
4 31
4 94
98 57
95 142
95 102
95 12
95 31
95 94
95 25
95 125
89 145
89 96
89 32
64 130
64 106
64 59
64 9
64 71
64 97
75 106
20 102
20 12
20 94
20 125
134 59
134 71
76 33
76 96
76 145
76 32
76 138
57 130
57 86
57 59
62 106
62 97
62 71
106 8
106 85
106 97
106 59
106 9
106 71
9 121
9 130
9 59
71 93
71 8
71 59
71 85
71 97
140 142
140 102
140 31
140 25
110 145
110 32
110 96
142 102
142 119
142 125
94 12
94 119
94 25
94 102
94 31
94 123
94 109
94 125
136 38
136 13
42 12
85 59
102 12
102 123
102 119
102 31
102 131
102 25
102 109
102 125
82 88
82 0
82 143
141 126
33 96
33 32
33 145
32 100
32 96
32 80
32 45
32 145
32 54
32 138
32 105
54 145
54 80
54 96
13 126
109 12
109 31
109 25
109 123
19 138
100 96
38 126
12 119
12 25
12 31
12 123
12 125
74 111
119 31
119 25
131 25
8 97
78 143
145 96
145 144
145 138
145 105
145 80
91 60
138 96
25 31
25 123
25 125
125 31
97 59
93 59
88 143
111 1
111 60
96 80
96 45
96 105
31 123
