21 117
21 120
21 64
21 75
21 63
21 139
21 71
21 62
21 104
21 59
21 58
21 26
21 97
72 91
99 63
99 104
99 71
99 26
99 85
39 138
39 5
39 40
39 96
113 71
113 104
51 88
51 18
51 83
51 128
51 82
51 0
51 143
51 78
61 120
61 139
61 26
61 71
61 104
63 79
63 106
63 75
63 26
63 139
63 58
63 104
63 59
63 9
63 85
63 71
139 71
139 117
139 106
139 75
139 59
139 58
139 62
139 104
139 26
69 10
69 25
49 138
22 142
22 102
22 31
22 25
83 78
41 13
41 141
26 134
26 129
26 117
26 120
26 8
26 75
26 97
26 71
26 104
26 59
26 64
26 58
26 57
70 102
70 131
47 122
47 7
47 60
47 73
28 111
28 74
28 60
28 126
28 107
28 141
117 71
117 104
117 8
117 59
117 98
117 58
117 64
120 71
120 64
120 104
120 59
120 97
15 5
15 96
15 40
15 138
15 89
15 135
15 45
132 102
132 25
132 35
58 59
58 71
58 104
58 64
5 76
5 40
5 96
5 138
87 64
133 96
68 108
68 16
40 100
40 84
40 89
40 96
40 80
40 54
40 110
40 45
40 145
40 33
40 76
40 135
40 138
40 105
40 32
104 8
104 129
104 79
104 85
104 97
104 106
104 64
104 75
104 134
104 62
104 59
104 9
104 71
7 74
116 95
116 102
116 31
116 25
65 131
129 8
79 71
103 78
35 142
35 94
35 12
35 31
35 102
35 119
35 123
35 23
92 121
92 130
135 96
84 145
84 96
84 138
84 89
84 32
84 45
4 102
98 86
98 57
95 2
95 102
95 25
95 31
89 145
89 110
89 138
89 96
89 32
64 130
64 9
64 97
75 71
75 8
75 59
20 102
134 59
134 71
76 33
76 138
76 96
76 32
57 86
62 71
9 121
9 130
71 59
71 97
140 102
110 96
142 102
142 25
94 2
94 102
94 25
136 38
136 13
107 111
107 74
102 2
102 119
102 25
102 12
102 31
102 123
102 109
102 125
141 126
33 96
33 138
32 96
32 138
54 138
54 96
13 38
13 126
109 123
109 12
100 96
12 123
74 111
78 88
145 96
145 138
138 96
138 105
138 80
25 31
25 125
97 59
88 143
96 105
96 45
96 80
