24 41
24 60
24 72
72 111
72 74
72 28
72 60
72 126
72 91
72 107
72 73
99 63
99 139
99 104
99 106
99 85
99 26
99 75
90 95
39 40
39 96
39 138
39 89
39 105
39 110
113 106
113 75
113 62
113 71
113 104
51 101
51 18
51 0
51 37
51 82
51 128
51 83
51 143
51 88
61 26
61 62
61 104
61 129
61 106
61 120
61 75
61 71
61 97
63 117
63 106
63 75
63 26
63 139
63 58
63 104
63 59
63 9
63 85
63 71
115 26
115 71
139 26
139 104
139 106
139 9
139 85
139 58
139 75
69 31
69 35
49 138
49 5
49 40
22 2
22 70
22 94
22 119
22 131
22 35
22 142
22 102
22 132
22 12
22 31
22 25
22 123
83 128
83 112
83 44
41 126
41 7
41 13
26 21
26 129
26 8
26 79
26 85
26 58
26 97
26 117
26 106
26 120
26 64
26 75
26 55
26 134
26 57
26 62
26 104
26 59
26 9
26 71
70 2
70 102
70 12
70 31
70 94
70 119
47 122
47 7
47 60
47 73
28 111
28 74
28 60
28 13
28 126
117 21
117 106
117 129
117 75
117 55
117 59
117 71
117 104
117 58
117 85
120 75
120 71
120 64
120 62
120 104
120 106
120 97
23 142
23 31
15 5
15 84
15 138
15 40
15 89
15 45
132 102
132 31
132 94
132 119
132 140
132 35
135 40
135 54
135 96
5 100
5 76
5 40
5 138
133 40
133 89
133 105
133 54
133 96
73 122
73 60
21 75
21 62
21 104
21 71
21 97
68 108
68 16
18 0
2 20
2 94
2 31
2 102
2 95
2 119
2 25
2 125
2 35
40 100
40 84
40 96
40 89
40 80
40 110
40 145
40 33
40 76
40 54
40 138
40 105
40 32
104 8
104 129
104 79
104 85
104 58
104 97
104 106
104 64
104 75
104 134
104 62
104 59
104 9
104 71
104 57
7 74
116 102
116 31
116 95
116 4
116 125
116 25
129 75
129 59
129 71
129 62
129 106
79 71
79 64
79 106
79 85
79 58
79 75
103 82
103 88
103 143
103 78
35 12
35 94
35 95
35 119
35 131
35 25
35 142
35 102
35 31
35 123
35 109
92 121
92 130
58 71
58 106
58 59
58 64
58 75
84 76
84 96
84 145
84 89
84 80
84 105
84 32
84 45
4 102
4 31
98 86
98 57
95 102
95 31
95 94
95 119
95 109
95 125
95 25
89 45
89 76
89 54
89 96
89 105
89 32
64 130
64 106
64 75
64 59
64 9
64 71
64 97
75 8
75 85
75 97
75 134
75 62
75 59
75 9
75 71
20 102
20 12
134 106
134 59
76 33
76 138
76 80
76 32
19 138
62 71
106 9
106 8
106 59
106 85
106 71
106 97
9 130
9 121
71 59
71 85
71 97
140 142
140 102
140 31
140 119
140 25
110 96
142 102
142 25
94 12
94 119
94 102
94 31
94 25
94 125
136 38
12 102
12 31
12 123
12 109
102 119
102 25
102 31
102 131
102 123
102 109
102 125
82 88
82 0
82 143
82 78
33 105
33 32
32 145
32 138
32 54
32 80
32 105
32 96
54 96
54 80
13 126
109 31
109 123
57 130
57 86
130 86
107 111
107 74
74 111
74 60
119 31
119 25
119 125
131 123
8 97
145 96
145 105
91 60
25 31
25 123
25 125
125 31
88 143
111 1
111 60
111 126
96 80
96 105
31 123
