21 63
21 139
21 71
21 62
21 104
21 26
21 75
72 111
72 74
72 28
72 60
72 73
99 63
99 139
99 104
99 9
99 85
99 26
99 75
14 82
39 84
39 89
39 54
39 138
39 40
39 96
39 80
39 32
39 45
113 75
113 71
113 104
51 88
51 18
51 83
51 37
51 128
51 82
51 101
51 0
51 143
51 78
61 139
61 71
61 62
61 104
61 120
61 117
61 26
61 75
63 79
63 117
63 106
63 64
63 75
63 26
63 139
63 58
63 104
63 59
63 9
63 85
63 71
115 26
115 104
139 8
139 59
139 129
139 85
139 26
139 97
139 117
139 106
139 120
139 64
139 75
139 134
139 58
139 62
139 104
139 79
139 9
139 71
69 94
69 4
69 35
69 31
69 116
49 138
49 96
22 20
22 94
22 70
22 116
22 31
22 102
22 95
22 142
22 25
22 140
22 35
83 82
83 78
41 13
41 141
41 126
26 129
26 59
26 8
26 85
26 58
26 97
26 93
26 117
26 106
26 120
26 64
26 75
26 134
26 57
26 62
26 104
26 79
26 9
26 71
128 82
128 18
128 44
128 78
70 102
70 31
70 94
70 119
70 25
70 35
47 122
47 60
47 73
28 13
28 126
28 74
28 60
82 88
82 0
82 44
82 101
82 143
82 78
82 18
82 112
82 103
82 34
120 71
120 64
120 104
120 75
120 97
23 31
23 35
15 5
15 45
15 96
15 138
15 40
15 89
15 32
15 84
132 142
132 102
132 35
132 31
132 25
58 71
58 79
58 59
58 104
58 117
58 64
58 8
58 75
5 84
5 76
5 138
5 40
5 96
5 32
133 54
133 80
133 96
73 122
73 60
68 108
68 16
18 0
18 78
2 142
2 102
2 31
2 94
2 95
2 119
2 25
2 35
40 100
40 84
40 89
40 96
40 80
40 54
40 110
40 145
40 33
40 76
40 32
40 138
40 45
40 105
40 135
104 8
104 129
104 79
104 85
104 97
104 117
104 106
104 64
104 75
104 134
104 62
104 59
104 9
104 71
7 74
116 102
116 31
116 95
116 25
65 142
65 94
129 75
129 71
79 71
79 75
103 143
103 78
35 12
35 94
35 95
35 119
35 131
35 140
35 142
35 102
35 31
35 123
35 109
35 125
92 121
92 130
135 84
135 54
135 89
135 32
135 96
84 100
84 145
84 96
84 89
84 80
84 110
84 33
84 76
84 54
84 138
84 45
84 105
84 32
4 102
4 31
4 94
44 78
98 86
98 57
98 117
95 102
95 31
95 94
95 142
95 125
95 25
89 96
89 80
89 110
89 145
89 76
89 32
89 54
89 105
64 130
64 59
64 97
64 9
64 75
75 59
75 8
75 85
75 97
75 117
75 134
75 62
75 9
75 71
20 142
20 102
20 12
20 31
20 125
102 119
102 140
102 25
102 142
102 94
102 12
102 31
102 123
102 109
102 125
76 145
76 33
76 138
76 32
76 96
57 86
62 71
126 13
126 38
108 16
9 121
9 130
9 85
71 134
71 106
71 117
71 59
71 97
140 31
140 94
140 119
140 25
110 32
110 96
142 12
142 119
142 131
142 25
142 94
142 31
142 123
142 109
142 125
94 131
94 12
94 31
94 25
94 123
94 109
12 31
12 123
12 109
134 59
33 96
33 32
32 100
32 96
32 54
32 45
32 145
32 80
32 138
32 105
54 145
54 96
54 80
109 31
109 123
100 96
130 86
107 1
107 122
107 111
107 74
74 111
74 60
119 31
119 25
131 25
78 143
122 60
145 80
145 105
145 96
91 60
138 96
25 31
25 123
25 125
125 31
88 143
111 1
111 60
96 80
96 45
96 105
106 117
117 59
80 45
31 123
