136 278
191 307
266 133
15 90
253 278
253 173
186 90
186 199
242 279
242 228
230 269
230 306
230 274
230 33
230 97
230 90
230 59
269 274
269 93
269 90
269 33
269 75
269 300
78 161
204 317
204 159
143 90
150 90
97 306
97 90
116 278
116 173
199 90
51 80
285 28
208 180
208 18
77 90
184 267
184 3
281 90
90 23
90 183
90 264
90 93
90 262
90 33
90 39
90 274
90 306
90 99
90 75
90 82
90 98
90 74
90 258
90 48
90 300
90 220
90 59
232 262
228 279
228 278
13 278
267 79
267 145
267 3
267 161
21 145
279 189
279 7
279 263
279 118
279 299
279 122
53 280
193 83
307 18
130 25
7 309
7 144
7 263
262 183
145 161
3 161
3 134
139 173
306 59
40 80
79 161
