191 26
57 130
6 314
176 223
202 128
202 299
202 108
202 116
108 315
174 26
230 274
230 306
230 90
103 204
143 186
143 90
30 26
97 306
97 90
291 80
51 80
285 26
7 279
7 104
184 50
281 90
121 26
121 81
99 90
151 280
256 26
256 18
127 26
258 90
159 317
159 204
225 26
225 223
252 279
252 299
252 234
186 199
186 90
130 25
130 189
130 277
130 135
130 49
130 35
23 90
293 26
307 26
307 223
25 189
25 35
301 299
33 90
145 21
3 284
3 132
158 234
60 204
269 90
279 234
200 254
249 204
284 133
75 90
223 81
223 26
314 219
64 26
53 26
53 280
53 298
9 26
4 26
305 234
180 26
152 26
199 90
39 90
208 26
77 90
160 204
74 90
318 204
82 90
45 83
81 26
220 90
69 26
15 90
183 90
183 300
317 204
298 26
264 90
0 106
93 274
93 90
262 90
262 300
300 90
204 222
204 63
280 26
274 90
150 90
12 26
306 59
306 90
61 90
90 98
90 48
90 59
18 26
