308 279
191 225
24 252
112 314
202 128
202 209
202 116
202 158
230 269
230 93
230 274
1 26
103 204
143 150
253 173
210 234
300 269
21 145
267 79
267 161
10 234
184 295
232 33
159 204
225 9
225 18
113 46
252 221
252 234
16 284
183 199
25 158
299 83
299 234
33 274
33 269
145 161
3 132
2 132
158 315
158 101
158 45
158 162
158 234
158 83
117 45
60 204
269 274
269 93
269 75
118 234
279 13
279 7
318 204
58 162
79 161
85 132
284 133
284 161
284 132
200 254
186 199
241 278
97 306
182 234
199 220
317 204
249 204
74 262
116 173
254 52
44 295
38 283
204 222
204 63
295 310
