191 26
112 6
112 219
112 314
176 152
176 223
108 299
174 26
230 269
230 90
284 238
143 90
30 26
152 26
291 40
291 80
15 90
285 26
267 50
295 79
295 161
295 50
295 38
281 90
121 26
121 223
99 90
120 71
256 26
127 26
258 90
159 204
225 223
252 221
252 86
252 228
186 90
16 238
200 52
200 254
23 90
307 26
307 208
25 135
33 269
33 90
2 238
2 132
28 223
269 274
269 93
269 90
269 75
269 300
50 161
50 38
228 242
61 90
40 80
134 38
79 161
75 90
132 238
64 26
53 26
53 280
53 298
242 250
9 26
4 26
180 26
219 314
97 90
199 90
39 90
208 26
77 90
250 241
250 173
74 90
82 274
82 90
81 26
220 90
69 26
183 300
183 90
298 26
264 90
93 90
262 90
300 90
280 26
274 90
150 90
12 26
306 90
90 98
90 48
90 59
18 26
