57 116
176 223
241 25
241 130
241 162
241 114
241 116
241 139
230 269
230 274
103 204
135 25
135 279
135 35
30 26
253 278
253 116
253 173
116 13
116 270
116 47
116 173
116 35
300 269
300 90
51 40
285 307
267 79
267 145
7 309
7 279
7 144
184 145
194 291
90 93
90 48
90 306
112 38
78 161
159 204
169 199
225 223
279 228
279 178
279 299
279 242
279 278
252 299
186 98
150 199
25 162
299 101
301 228
33 269
145 79
145 21
145 161
3 283
2 161
2 284
2 132
117 45
60 204
162 58
50 295
173 278
40 80
278 13
304 178
238 134
53 280
53 298
269 274
269 93
269 75
305 105
317 204
249 204
15 98
38 161
38 295
283 266
283 62
204 222
204 63
204 318
274 306
