6 257
6 38
24 252
112 257
202 128
241 58
230 183
230 306
230 90
1 28
103 160
135 234
75 90
253 116
116 173
291 194
15 90
183 281
183 90
267 161
104 234
194 80
281 33
281 82
281 90
121 142
99 90
232 300
256 28
186 143
186 90
258 90
159 204
159 160
141 28
288 233
16 2
200 52
28 26
23 90
259 0
78 161
33 90
145 21
145 283
3 132
114 7
2 238
158 234
60 160
279 13
279 7
228 234
249 160
80 51
80 255
284 314
304 234
132 314
189 234
223 18
50 38
53 26
53 280
242 234
242 173
143 90
305 234
136 278
97 306
97 90
199 90
39 90
77 90
160 317
160 204
160 222
160 318
160 63
318 204
82 90
295 38
45 299
45 83
300 90
220 90
88 90
278 234
254 52
38 161
264 90
0 106
93 90
262 90
250 234
234 299
274 90
150 90
306 59
306 90
90 98
90 74
90 48
