191 256
203 132
138 11
138 175
57 116
57 35
261 132
6 132
202 158
120 161
120 38
120 132
230 269
230 93
143 232
152 151
152 180
116 270
116 173
116 253
116 278
116 35
291 51
291 194
291 80
267 132
7 279
112 161
112 132
194 40
194 80
281 150
90 99
110 132
256 28
240 132
78 132
159 63
159 160
257 132
17 132
113 131
189 279
16 132
50 132
158 25
158 315
158 101
158 162
158 45
158 83
25 279
33 269
94 278
145 132
3 132
2 284
2 238
2 132
28 9
28 208
28 121
117 45
269 274
269 93
269 75
269 300
118 279
279 278
311 132
58 52
134 132
79 132
85 132
218 132
132 284
132 314
132 71
132 283
132 295
132 238
132 184
132 38
132 133
132 310
132 266
132 27
132 161
284 161
284 238
186 199
242 173
253 13
253 173
249 160
38 161
0 214
184 161
