6 314
57 189
176 28
176 223
202 116
174 53
230 274
230 269
230 232
230 306
230 90
97 90
284 2
284 132
143 77
143 186
143 90
253 116
253 173
116 173
291 194
15 90
21 145
267 79
267 50
267 132
7 94
184 145
184 134
184 132
194 40
194 80
281 90
90 23
90 186
90 183
90 264
90 93
90 262
90 33
90 199
90 39
90 274
90 150
90 77
90 306
90 99
90 75
90 82
90 98
90 74
90 258
90 48
90 300
90 220
120 132
240 132
159 204
252 241
252 86
246 58
16 2
200 58
130 25
25 139
301 58
78 132
33 269
33 274
145 132
2 132
2 238
28 223
28 12
9 26
318 204
58 52
58 254
58 193
58 45
58 162
58 83
58 270
134 133
134 132
79 161
79 132
85 132
132 161
132 314
132 38
132 133
132 27
189 241
189 278
269 274
269 93
269 75
269 300
221 86
152 26
208 307
208 18
82 183
86 10
38 161
38 283
259 0
