6 314
276 89
276 233
24 252
24 108
57 116
57 35
176 223
230 269
230 274
230 90
230 33
103 160
143 90
152 180
116 270
291 40
291 194
291 80
15 90
285 208
267 50
267 257
7 279
184 161
194 40
194 80
281 90
90 23
90 186
90 183
90 264
90 93
90 262
90 33
90 97
90 199
90 39
90 274
90 150
90 77
90 306
90 99
90 75
90 82
90 98
90 74
90 300
90 258
90 48
90 43
90 220
90 88
112 161
120 161
127 26
159 160
257 161
225 26
225 307
252 86
288 233
16 50
16 3
50 283
50 38
50 78
50 79
50 161
50 295
28 26
28 307
28 223
28 18
25 279
25 35
301 83
263 279
33 274
33 269
33 300
3 161
3 132
2 132
158 279
60 160
269 274
269 93
269 75
269 300
279 228
200 52
200 254
249 160
40 80
47 173
284 161
284 132
299 83
132 133
242 241
180 18
305 105
160 317
160 63
228 83
300 183
300 262
38 161
274 75
12 26
