6 112
24 252
112 314
112 132
202 158
202 116
174 26
230 90
103 160
143 33
143 90
152 180
291 194
15 90
21 145
267 79
267 161
267 184
7 279
184 161
194 80
281 33
281 90
90 23
90 186
90 183
90 264
90 93
90 262
90 33
90 97
90 199
90 39
90 274
90 150
90 77
90 306
90 99
90 75
90 82
90 98
90 74
90 258
90 48
90 300
90 220
90 88
127 26
159 249
159 160
169 33
94 278
0 259
186 33
186 199
16 284
158 279
33 274
33 183
33 150
33 264
33 82
33 98
33 48
33 199
145 161
28 64
28 26
28 307
28 298
117 234
60 249
60 160
279 13
279 250
228 299
134 132
79 161
299 234
132 133
132 266
132 284
64 26
53 26
242 173
97 306
199 274
199 82
208 307
160 317
160 222
160 318
160 63
160 249
26 307
26 81
307 18
262 74
