191 26
292 298
202 299
202 116
108 299
174 26
231 112
230 33
230 306
230 269
103 204
291 51
291 190
143 150
30 26
152 26
116 253
116 173
81 26
81 298
81 28
285 26
267 79
267 133
267 184
250 7
184 161
184 145
184 78
121 26
112 38
232 33
173 278
256 26
127 26
159 204
225 26
113 228
252 10
237 26
186 199
307 26
307 223
307 18
222 204
301 45
263 7
33 274
33 269
33 300
144 45
145 161
145 21
28 208
60 204
269 274
269 93
269 75
269 300
279 189
200 45
58 45
135 241
135 228
79 161
7 278
278 13
284 132
185 157
223 26
64 26
53 26
242 228
9 26
4 26
180 26
254 45
199 183
199 220
199 90
317 204
208 26
249 204
133 161
318 204
45 52
45 270
45 207
45 193
45 83
63 204
300 262
69 26
35 270
183 262
57 270
298 26
298 109
259 0
283 161
280 26
315 228
12 26
18 26
