6 3
57 130
230 15
230 274
230 150
230 306
230 281
230 90
230 23
230 183
230 264
230 82
230 269
230 74
230 32
230 33
230 143
230 258
230 97
230 169
284 2
284 3
284 132
75 269
253 116
253 242
116 173
300 269
300 74
267 79
267 50
267 184
267 3
7 279
184 3
90 98
90 274
90 186
90 199
112 3
232 82
120 3
151 280
240 3
225 26
225 223
94 252
279 118
279 13
252 86
16 3
277 135
307 28
307 18
307 180
78 3
78 132
33 269
33 93
145 21
145 3
3 38
3 71
3 314
3 283
3 85
3 295
3 310
3 50
3 27
3 161
3 134
3 79
3 257
3 132
2 132
180 152
228 83
134 132
80 40
304 178
223 69
242 250
71 283
269 274
269 93
305 299
208 18
74 262
259 0
0 106
93 274
295 310
274 306
299 83
