57 116
176 28
176 30
202 128
202 116
108 299
174 53
231 266
231 284
231 134
231 133
231 85
231 132
230 274
230 220
230 88
230 306
230 90
103 204
143 90
253 116
116 173
291 40
291 194
15 90
21 145
267 145
7 158
7 279
7 250
112 314
112 38
194 40
281 90
90 23
90 186
90 183
90 264
90 93
90 262
90 33
90 97
90 199
90 39
90 274
90 150
90 77
90 306
90 99
90 75
90 82
90 98
90 74
90 258
90 48
90 300
90 220
90 59
120 310
120 132
127 18
159 204
225 223
186 199
200 254
200 45
184 145
158 304
183 150
301 45
33 274
33 93
144 45
145 161
3 132
2 132
28 53
28 18
28 81
60 204
162 58
318 204
58 45
40 80
69 223
85 132
284 161
284 27
284 132
279 299
279 305
279 278
132 266
132 134
132 314
132 133
53 280
242 250
180 18
199 220
13 228
45 52
45 270
45 207
45 193
45 254
45 83
63 204
317 204
249 204
300 74
204 222
150 74
306 59
228 299
