6 132
57 189
176 223
202 128
202 116
231 132
230 269
230 183
230 90
284 132
143 90
97 90
116 278
300 269
300 90
15 90
21 145
267 132
7 279
184 132
281 90
90 23
90 186
90 183
90 264
90 269
90 93
90 262
90 33
90 199
90 39
90 274
90 150
90 77
90 306
90 61
90 99
90 75
90 82
90 98
90 74
90 258
90 48
90 220
90 59
112 132
232 274
120 132
256 293
240 132
159 204
257 132
225 223
252 135
252 299
252 221
252 86
311 132
16 132
200 254
200 45
301 45
78 132
33 269
144 45
145 132
3 132
2 132
279 189
279 13
279 299
279 242
318 63
58 45
27 132
47 278
135 299
135 278
79 132
85 132
75 269
132 38
132 218
132 314
132 283
132 295
132 238
132 161
132 266
132 310
132 50
132 133
132 71
132 134
223 26
50 38
53 298
242 234
269 274
269 93
305 234
136 278
221 86
39 274
13 278
45 52
45 270
45 207
45 193
45 254
45 83
270 173
