6 3
6 132
24 86
112 3
112 132
261 132
202 299
110 3
110 132
230 269
230 93
230 274
230 306
230 90
103 160
143 90
253 173
116 173
291 80
15 90
183 90
267 50
267 3
267 132
10 86
184 50
184 3
184 132
194 80
281 150
281 82
281 90
90 23
90 186
90 150
90 264
90 93
90 262
90 33
90 97
90 199
90 39
90 274
90 167
90 77
90 306
90 99
90 75
90 82
90 98
90 74
90 300
90 258
90 48
90 43
90 220
90 88
120 161
120 3
120 132
151 26
151 280
240 3
240 132
159 318
257 3
257 132
225 223
189 279
4 26
16 161
16 132
50 3
50 132
158 299
158 122
158 83
25 241
17 132
301 83
78 3
78 132
33 274
33 269
33 300
145 3
145 132
3 284
3 38
3 71
3 218
3 283
3 85
3 2
3 133
3 266
3 27
3 161
3 134
3 79
3 132
2 284
2 132
28 208
28 223
60 160
269 274
269 93
269 75
269 300
118 279
279 252
279 299
279 278
311 132
27 132
47 178
79 161
79 132
85 132
218 132
284 161
284 132
75 274
132 203
132 314
132 71
132 283
132 295
132 238
132 38
132 133
132 310
132 266
132 161
132 134
252 86
223 69
180 298
97 274
97 306
39 274
160 317
160 63
160 249
82 274
13 278
300 262
38 161
93 274
283 161
262 74
274 306
274 74
274 32
274 59
306 59
