138 11
138 175
112 219
202 128
202 209
174 18
230 269
230 306
230 90
230 97
230 220
230 59
103 204
143 90
75 90
253 116
253 278
116 173
291 80
15 90
21 145
7 158
7 279
7 228
184 132
194 80
281 90
90 23
90 186
90 183
90 264
90 93
90 262
90 33
90 97
90 199
90 39
90 274
90 150
90 77
90 306
90 99
90 82
90 98
90 74
90 258
90 48
90 300
90 220
120 132
127 53
159 204
159 249
28 223
183 300
25 234
25 35
301 45
78 132
33 274
145 161
2 132
158 279
158 304
158 305
60 204
51 80
318 204
40 80
47 234
80 255
79 132
85 132
279 299
132 27
132 38
185 157
223 69
242 250
242 234
136 278
97 306
45 299
45 83
300 274
317 204
249 204
204 222
204 63
306 59
