191 26
276 273
203 132
112 161
112 132
261 132
6 132
176 225
202 158
108 252
108 299
174 26
231 38
110 132
230 15
230 274
230 150
230 306
230 281
230 90
230 23
230 183
230 264
230 82
230 269
230 74
230 32
230 143
230 33
230 97
230 169
230 59
230 88
103 160
143 90
30 26
152 26
291 80
15 90
285 28
285 26
267 184
267 132
7 279
7 144
184 240
184 79
184 161
184 295
184 310
184 132
281 90
121 26
99 90
120 78
120 132
151 280
256 26
127 26
240 132
258 88
258 90
159 160
225 26
252 299
186 90
16 132
50 132
158 25
158 315
158 101
158 162
158 45
158 83
273 233
307 26
17 132
301 299
78 161
78 238
78 132
75 269
75 90
33 269
33 90
145 21
145 132
3 132
2 132
28 4
28 18
117 279
60 160
269 274
269 93
269 300
118 279
118 299
257 132
304 299
173 242
271 253
311 132
266 132
27 132
69 26
69 223
79 283
79 132
85 132
218 132
284 132
279 299
132 314
132 71
132 283
132 295
132 238
132 38
132 133
132 310
132 161
132 134
223 26
64 26
53 26
9 26
4 26
101 299
180 26
97 306
97 90
199 90
39 90
167 90
77 90
160 317
160 63
160 249
74 90
74 262
82 88
82 90
81 26
220 90
23 90
88 90
183 90
298 26
208 26
264 90
0 106
93 90
43 90
262 90
300 90
280 26
52 83
274 90
150 90
12 26
306 59
306 90
228 299
228 83
299 83
90 98
90 48
18 26
