276 89
202 128
108 299
174 280
230 269
230 306
230 90
97 306
97 90
103 160
143 90
75 269
75 90
253 236
253 116
116 316
116 173
116 236
116 228
300 269
300 90
15 90
285 28
267 79
267 161
267 50
267 295
267 310
104 52
184 161
184 295
184 310
194 80
281 90
90 183
90 23
90 186
90 150
90 264
90 93
90 262
90 33
90 199
90 39
90 274
90 167
90 77
90 306
90 99
90 82
90 98
90 74
90 258
90 48
90 43
90 220
90 88
151 280
316 309
316 122
240 161
94 236
186 199
16 284
50 79
50 295
158 299
122 236
122 278
263 7
263 236
309 236
33 269
33 274
144 7
145 161
145 310
28 251
269 274
269 93
279 7
228 236
80 51
7 236
315 236
284 161
284 38
284 132
162 236
200 52
200 278
53 280
180 152
305 299
208 18
160 249
13 236
51 190
38 161
38 295
236 173
283 78
295 161
306 59
78 161
26 4
161 310
