276 233
138 11
138 175
57 270
57 35
202 128
202 116
108 241
230 274
230 183
230 90
97 90
143 220
143 90
253 116
116 270
116 173
291 194
15 90
183 90
267 161
7 279
194 40
194 80
281 90
90 23
90 186
90 167
90 264
90 93
90 262
90 33
90 199
90 39
90 274
90 150
90 77
90 306
90 99
90 75
90 82
90 98
90 74
90 300
90 258
90 48
90 43
90 220
90 88
120 161
256 121
127 26
225 26
113 305
279 25
279 239
279 234
279 263
252 86
16 2
16 284
16 132
16 238
259 0
25 234
25 139
263 278
33 274
145 161
3 132
2 238
158 135
118 234
304 234
200 52
200 254
249 160
40 80
47 228
79 161
132 133
132 284
242 234
180 152
305 234
160 63
228 234
228 83
300 262
241 234
52 193
299 83
