6 133
202 128
202 279
202 116
230 33
230 232
230 262
230 306
230 90
103 204
143 150
143 186
143 90
253 173
253 278
116 173
116 278
291 40
15 90
21 145
250 279
281 90
90 23
90 186
90 183
90 264
90 93
90 262
90 33
90 97
90 199
90 39
90 274
90 150
90 77
90 306
90 99
90 75
90 82
90 98
90 74
90 258
90 48
90 300
90 220
90 88
232 33
120 133
159 204
225 223
189 252
104 279
288 233
16 2
16 284
16 132
16 238
290 279
25 279
222 204
33 274
33 93
33 300
144 7
139 279
2 284
2 132
28 280
117 45
60 204
304 164
228 279
228 47
228 278
249 204
40 80
47 86
47 278
135 35
278 13
284 132
279 241
279 209
279 164
279 315
132 161
132 134
252 86
152 180
152 298
223 81
186 199
305 105
26 18
26 12
93 274
93 300
262 150
204 318
204 63
