308 234
191 225
223 176
223 30
112 6
112 219
112 314
64 30
176 30
202 209
202 116
53 280
242 25
242 228
242 114
286 126
230 269
230 90
230 306
230 82
269 274
269 93
269 33
269 75
269 300
241 189
136 278
30 151
30 26
30 121
30 280
30 152
30 69
30 81
116 173
116 253
116 278
157 185
81 28
7 279
7 144
7 94
7 114
184 295
194 291
281 90
21 145
173 278
13 279
13 278
300 262
58 162
291 80
221 252
278 189
278 279
278 228
278 234
189 252
200 254
277 263
158 52
90 23
25 139
299 114
92 26
253 279
228 279
10 252
