24 252
24 86
292 180
202 158
202 209
202 128
230 269
230 93
230 306
230 90
230 75
230 97
230 59
247 194
103 159
103 160
143 90
75 269
75 90
253 116
291 51
291 40
291 194
15 90
21 145
7 144
7 263
194 40
194 80
281 90
90 183
90 23
90 186
90 150
90 264
90 93
90 262
90 33
90 97
90 199
90 39
90 274
90 167
90 77
90 306
90 99
90 82
90 98
90 74
90 300
90 258
90 48
90 43
90 220
90 88
120 161
159 160
94 236
189 252
50 161
50 283
50 78
28 223
28 12
28 251
25 158
78 161
33 269
145 266
145 132
3 132
2 284
2 132
158 315
158 101
158 45
158 162
158 83
60 160
180 152
279 242
279 234
279 278
200 52
200 254
131 113
249 160
79 283
284 161
284 132
299 170
299 209
132 134
132 161
252 154
242 278
269 274
269 93
269 300
160 317
160 63
278 173
38 310
104 52
161 310
