191 28
24 252
138 11
57 277
6 85
6 38
176 28
202 116
108 104
108 241
108 209
108 94
108 315
174 28
120 38
120 132
215 252
195 28
1 28
177 277
188 277
143 90
30 28
152 28
210 277
291 194
15 90
285 28
267 79
267 161
267 38
184 161
184 314
184 38
184 132
194 40
281 90
90 23
90 186
90 183
90 264
90 230
90 269
90 93
90 262
90 33
90 97
90 199
90 39
90 274
90 150
90 77
90 306
90 99
90 75
90 82
90 98
90 74
90 258
90 48
90 300
90 220
90 59
116 13
116 253
116 173
203 38
110 38
256 28
127 28
240 38
159 204
159 249
257 38
225 180
94 279
94 122
252 86
141 28
186 199
186 61
16 38
50 38
28 223
28 298
28 64
28 53
28 9
28 4
28 180
28 280
28 81
28 208
28 12
28 307
28 26
28 251
122 279
25 277
263 7
263 277
309 7
33 230
33 274
144 7
145 161
145 132
145 3
145 38
145 21
3 284
112 38
139 277
2 132
230 93
117 277
60 204
60 222
279 189
279 7
279 277
173 242
249 204
311 38
40 80
103 204
134 38
135 277
79 38
79 132
85 38
85 132
315 277
284 161
284 38
284 132
132 27
132 38
132 78
189 277
223 69
238 38
314 38
53 280
242 250
242 228
97 306
74 262
133 38
277 130
277 170
277 37
277 65
277 35
277 241
318 204
295 38
45 299
45 83
63 204
183 262
317 204
38 283
38 310
38 161
38 78
38 115
298 226
78 161
262 300
204 160
204 222
204 303
241 83
306 59
