191 307
24 252
57 116
57 35
6 50
176 223
202 108
202 83
108 104
108 241
108 209
108 45
108 299
108 228
108 315
108 279
108 83
250 263
230 269
103 204
30 28
30 280
30 81
152 151
116 270
51 80
21 145
267 145
267 184
267 38
267 161
10 299
184 161
90 150
112 314
127 18
78 161
78 50
78 38
159 204
114 299
114 242
252 299
252 221
252 279
252 234
252 83
50 38
130 241
130 35
307 223
301 299
301 83
33 269
145 161
139 279
28 208
28 223
28 12
28 280
28 53
60 204
118 299
304 299
304 83
228 299
228 47
228 83
47 299
47 83
79 161
79 38
284 132
284 238
279 299
279 241
279 234
132 133
223 69
242 299
269 274
269 93
269 75
269 300
75 93
134 266
101 299
49 35
39 262
249 204
160 204
82 262
295 38
45 299
45 83
69 121
317 204
38 283
38 161
262 74
204 222
204 318
204 63
204 303
299 83
161 310
