6 284
6 112
24 131
57 116
202 158
202 299
202 116
230 274
230 306
230 90
1 18
284 2
284 132
143 90
30 151
30 26
30 223
30 64
30 280
30 152
30 69
30 81
152 180
152 26
116 270
116 173
116 35
116 253
116 278
15 90
183 274
183 90
183 300
267 145
7 279
7 263
184 145
281 90
90 23
90 186
90 264
90 93
90 262
90 33
90 97
90 300
90 39
90 274
90 150
90 77
90 306
90 99
90 75
90 82
90 98
90 74
90 258
90 48
90 199
90 220
90 88
112 38
5 123
173 278
256 18
127 18
159 204
225 280
113 130
113 299
113 149
252 279
104 279
4 18
50 145
158 279
307 18
25 130
299 279
301 45
33 274
144 45
145 21
2 132
28 69
118 279
279 228
279 242
279 47
279 305
279 135
279 250
279 304
279 189
200 52
200 45
58 45
304 178
186 199
9 18
136 278
208 18
45 52
45 270
45 207
45 193
45 254
45 83
278 236
278 228
219 314
254 52
298 109
165 123
250 52
12 18
