6 2
6 85
6 231
203 161
112 219
112 284
112 231
202 128
202 116
108 299
108 242
231 218
231 314
231 219
231 50
230 274
230 97
230 59
230 306
230 90
284 2
143 90
253 116
116 173
116 278
291 40
291 194
51 80
183 90
267 2
267 161
267 145
267 184
7 25
7 279
7 263
184 161
184 295
194 40
194 80
281 90
90 15
90 23
90 186
90 264
90 269
90 93
90 262
90 33
90 97
90 199
90 39
90 274
90 150
90 77
90 306
90 61
90 99
90 75
90 82
90 98
90 74
90 258
90 48
90 300
90 220
90 59
232 262
57 135
57 35
120 78
151 152
240 2
240 161
159 204
225 180
252 86
16 2
200 52
122 279
25 135
25 35
33 274
145 21
145 38
145 161
3 132
2 134
2 295
2 85
2 50
2 238
2 132
28 223
279 309
279 234
40 80
50 38
53 280
242 234
142 81
208 307
82 274
13 278
297 26
45 270
81 26
278 211
254 52
38 283
295 161
161 310
