24 86
138 11
57 270
57 116
202 128
202 116
174 53
230 269
230 186
230 77
230 306
230 90
1 127
103 160
143 39
143 186
143 220
143 90
152 180
116 253
116 270
116 35
291 194
15 90
267 161
7 279
7 263
281 90
90 23
90 186
90 183
90 264
90 93
90 262
90 33
90 97
90 199
90 39
90 274
90 150
90 77
90 306
90 99
90 75
90 82
90 98
90 74
90 300
90 258
90 48
90 43
90 220
90 88
120 161
151 280
127 26
159 63
159 160
94 278
189 279
189 122
283 161
283 38
50 161
130 25
130 35
25 279
25 234
301 45
263 279
78 161
33 269
144 279
2 132
28 208
28 12
117 234
60 160
269 274
269 93
269 75
269 300
118 279
279 252
279 228
279 299
279 242
279 178
279 234
279 278
200 254
249 160
161 38
161 79
161 295
315 241
132 284
53 280
242 228
97 306
199 183
39 274
175 11
160 317
160 222
160 318
160 63
82 274
45 83
35 270
298 109
306 59
