191 225
112 6
112 314
112 161
112 238
6 314
230 269
230 306
230 90
103 204
143 220
75 269
253 13
253 173
253 279
253 228
253 116
253 234
116 173
291 194
21 145
267 161
267 145
267 38
7 279
184 161
184 145
194 80
90 48
90 264
90 306
90 82
232 258
120 161
256 307
256 127
240 38
159 204
139 279
139 242
257 38
94 114
252 279
246 58
25 35
301 58
301 45
92 26
33 269
145 79
145 161
3 132
28 81
60 204
269 274
269 93
269 300
118 279
162 58
304 234
228 135
228 279
228 242
311 38
58 52
58 254
58 45
58 200
58 83
58 270
58 193
40 80
79 161
85 38
278 279
284 161
284 38
284 132
279 189
279 299
279 242
279 13
279 164
279 234
132 38
152 180
200 299
186 220
186 199
242 193
242 173
242 236
9 26
97 306
199 220
317 204
208 18
208 12
249 204
318 204
300 262
220 98
220 48
38 283
38 161
81 26
0 106
204 222
204 63
307 18
306 59
