191 26
191 307
138 11
138 175
176 28
202 299
108 299
174 26
174 53
230 269
230 262
103 204
30 26
152 26
116 234
116 173
291 40
309 7
285 26
267 50
267 3
104 52
121 26
256 26
127 26
127 28
78 161
78 283
78 38
78 3
159 204
159 318
225 26
225 180
94 7
279 299
279 7
252 299
252 221
252 234
4 26
4 12
200 254
9 26
301 299
33 269
144 7
145 79
145 21
145 3
114 299
114 242
28 223
28 12
60 204
180 26
118 299
118 164
304 178
304 299
173 253
173 242
10 86
40 80
161 295
161 38
79 50
79 38
75 269
223 26
223 69
50 38
64 26
53 26
269 274
269 93
269 300
305 234
101 299
221 86
39 48
208 26
77 90
160 204
318 204
82 90
45 299
81 26
69 26
317 204
38 283
298 26
249 204
204 222
204 63
204 303
280 26
307 26
307 18
12 26
228 299
299 83
90 98
18 26
