6 85
112 219
176 223
202 116
108 104
108 241
108 209
108 315
164 305
230 306
230 82
103 204
143 90
30 26
253 116
253 173
116 13
116 173
291 194
291 80
21 145
267 161
267 50
194 40
194 80
281 82
281 90
90 274
90 306
90 199
120 132
127 223
258 262
159 317
159 204
159 249
252 10
288 233
200 83
231 219
263 7
78 79
33 274
33 300
3 132
28 208
60 204
279 228
318 204
58 254
40 80
47 228
284 132
50 161
50 283
50 38
132 85
53 280
242 250
242 234
75 274
305 299
97 306
317 204
216 72
249 204
300 93
300 183
300 262
278 173
38 161
38 283
204 222
204 63
204 303
306 59
