191 127
24 108
24 86
57 270
57 234
176 223
202 158
202 299
202 116
230 269
230 306
230 90
97 306
97 90
103 160
143 90
253 13
253 116
253 278
116 270
116 173
291 194
291 80
15 90
10 86
194 80
281 90
281 82
90 23
90 186
90 183
90 264
90 93
90 262
90 33
90 199
90 39
90 274
90 150
90 77
90 306
90 99
90 75
90 82
90 98
90 74
90 300
90 258
90 48
90 43
90 220
90 88
120 295
159 160
252 299
252 86
288 233
16 2
16 284
16 134
16 133
16 238
16 132
226 69
183 300
25 35
33 269
33 274
139 242
2 238
117 241
60 160
51 80
279 299
279 7
279 228
173 242
249 160
40 80
135 234
85 134
284 133
284 295
284 134
75 269
75 274
132 133
132 134
53 280
242 241
242 250
269 274
269 93
269 300
134 38
134 133
241 234
180 152
180 18
317 160
160 63
295 161
314 38
300 74
306 59
