191 1
223 69
138 11
112 314
112 132
261 132
6 132
202 209
53 280
53 298
242 299
71 132
120 132
230 269
230 306
269 274
269 93
269 33
269 75
269 300
203 132
135 299
253 13
253 279
253 116
253 278
116 173
291 190
151 26
267 50
267 132
7 279
184 132
160 249
90 48
90 199
133 132
110 132
13 279
266 132
240 132
78 79
78 50
78 132
257 132
17 132
35 130
211 279
314 132
16 50
16 132
50 283
50 38
50 161
50 79
50 295
50 132
38 161
38 132
264 98
283 132
279 299
279 278
33 274
295 132
145 132
3 132
2 132
238 132
228 299
310 132
299 209
218 132
85 132
27 132
134 132
79 132
161 132
284 132
