57 270
202 128
202 158
174 298
231 133
230 269
230 33
230 306
230 90
103 204
143 77
143 90
253 116
116 173
291 194
15 90
285 28
267 79
267 161
267 145
7 279
7 144
7 234
184 295
184 132
194 80
281 90
90 23
90 186
90 183
90 264
90 93
90 262
90 33
90 97
90 199
90 39
90 274
90 150
90 77
90 306
90 99
90 75
90 82
90 98
90 74
90 258
90 48
90 300
90 220
120 132
173 242
240 257
159 204
189 279
16 2
16 132
16 284
16 238
200 254
28 12
28 280
28 223
28 18
183 199
25 234
78 132
33 269
145 21
145 132
3 132
139 279
2 132
2 238
60 204
9 26
118 279
279 211
279 228
279 299
279 278
318 317
318 204
58 52
40 80
79 161
79 132
85 132
284 238
284 132
75 269
132 38
132 27
132 238
252 234
53 298
242 250
269 274
269 93
269 59
269 300
136 299
136 278
39 306
295 44
278 236
317 204
254 52
249 204
283 161
262 274
204 222
204 63
