24 86
138 11
138 175
57 270
57 116
50 79
50 267
197 258
2 284
2 132
202 209
202 116
53 174
174 195
304 47
230 269
230 33
230 306
230 90
251 28
143 90
253 116
116 270
116 173
300 269
51 291
208 18
208 225
7 279
194 40
194 80
194 291
160 317
160 103
160 60
160 222
160 318
160 63
160 159
160 249
90 39
90 306
90 33
232 262
82 274
13 239
13 279
13 278
13 228
267 161
267 145
291 40
291 80
278 136
278 279
278 228
254 52
86 10
28 12
23 42
78 161
122 25
264 75
25 130
25 279
25 241
25 139
79 283
93 269
270 52
270 35
132 284
33 269
274 269
269 75
228 135
228 271
40 80
