6 314
276 216
24 86
112 3
202 158
202 116
174 53
230 33
230 93
230 306
230 90
195 28
1 256
111 70
143 90
253 173
116 173
291 194
15 90
285 28
267 50
164 104
184 161
194 40
194 80
281 90
90 23
90 186
90 183
90 264
90 93
90 262
90 33
90 97
90 199
90 39
90 274
90 150
90 77
90 306
90 99
90 75
90 82
90 98
90 74
90 300
90 258
90 48
90 43
90 220
90 88
120 161
120 132
256 28
225 28
252 86
252 182
141 12
141 298
16 2
16 284
16 132
16 238
150 74
25 279
25 7
25 234
25 35
301 299
263 279
144 7
2 238
28 251
28 280
28 53
28 18
28 208
279 7
279 234
10 86
40 80
132 284
132 238
284 161
284 238
284 314
53 280
53 298
242 173
305 234
97 306
208 18
26 18
264 74
262 300
300 74
300 183
295 161
12 4
306 59
