6 203
6 16
6 112
6 38
6 17
6 314
6 71
6 120
6 218
6 284
6 283
6 85
6 295
6 145
6 3
6 238
6 2
6 267
6 184
6 261
6 133
6 310
6 50
6 110
6 266
6 27
6 161
6 134
6 240
6 79
6 78
6 257
6 132
190 80
202 299
202 209
202 116
230 15
230 183
230 23
230 186
230 150
230 264
230 269
230 93
230 262
230 143
230 33
230 97
230 42
230 300
230 39
230 274
230 167
230 77
230 306
230 281
230 90
230 220
230 75
230 232
230 82
230 98
230 74
230 32
230 56
230 258
230 48
230 169
230 59
230 88
97 90
143 90
75 90
253 116
253 173
116 173
291 194
15 90
267 161
295 161
194 40
194 80
194 255
281 265
281 90
90 23
90 186
90 183
90 264
90 93
90 262
90 33
90 199
90 39
90 274
90 150
90 77
90 306
90 99
90 82
90 98
90 74
90 300
90 258
90 48
90 43
90 220
90 88
240 2
189 252
189 279
288 233
16 284
16 238
25 279
263 279
78 161
33 274
2 238
28 298
180 152
180 18
279 13
279 7
279 47
228 250
40 80
79 50
50 161
284 238
82 93
13 211
13 278
300 183
300 262
278 236
193 52
236 241
264 183
274 183
12 26
