6 85
57 25
202 128
108 299
174 53
215 252
195 298
1 127
103 160
111 288
143 186
97 306
81 28
21 145
267 161
267 50
7 25
7 279
7 263
7 228
281 265
281 90
90 150
90 306
90 186
90 167
90 199
159 160
225 223
252 299
141 298
186 183
16 284
50 79
50 283
307 208
307 18
25 135
25 35
301 299
145 79
3 314
3 132
2 132
2 238
28 12
28 69
60 160
118 299
279 299
279 47
279 234
318 160
47 228
79 161
304 299
223 69
242 241
180 18
251 298
101 299
8 234
150 183
317 160
249 160
175 11
230 306
53 298
199 183
236 241
300 74
241 234
274 183
222 160
160 63
306 59
228 299
299 83
