191 28
138 11
138 175
112 38
6 85
6 38
176 28
202 158
202 209
202 116
108 158
174 28
174 53
231 266
231 132
120 161
120 38
230 274
230 183
230 306
230 90
230 33
230 220
195 28
1 28
103 204
111 233
143 90
30 28
30 26
97 306
97 90
116 278
291 194
291 80
15 90
285 28
267 161
267 50
267 145
267 38
7 309
7 279
7 144
7 263
184 283
184 38
184 78
184 79
184 161
184 145
194 80
281 90
90 23
90 186
90 150
90 264
90 93
90 262
90 33
90 199
90 39
90 274
90 183
90 77
90 306
90 99
90 75
90 82
90 98
90 74
90 258
90 48
90 300
90 220
110 38
173 278
256 28
186 98
127 28
240 38
258 262
159 204
159 249
257 284
257 38
225 28
225 208
225 26
189 241
141 28
288 233
16 132
16 238
50 283
50 38
50 161
50 79
50 78
50 295
273 233
307 223
25 130
25 139
25 35
299 83
78 284
33 274
145 21
145 38
145 79
145 161
227 96
139 250
2 132
2 238
28 4
28 298
28 64
28 53
28 9
28 223
28 180
28 152
28 280
28 81
28 208
28 12
28 18
28 26
60 204
180 18
279 13
279 242
279 228
200 254
58 162
58 254
40 80
302 233
70 233
134 38
79 283
85 284
85 38
89 233
284 283
284 161
284 132
284 238
132 38
132 238
238 38
314 38
53 280
53 298
242 250
142 81
199 220
216 233
160 63
26 81
133 38
318 204
295 161
295 38
63 204
278 253
183 48
317 204
38 283
38 161
249 204
233 72
204 222
274 75
306 59
