191 26
24 252
57 25
6 3
202 209
108 299
174 26
230 269
230 183
230 220
230 264
230 306
1 53
103 204
291 80
135 25
30 26
152 26
116 253
116 173
116 45
300 269
51 80
285 26
267 79
267 161
267 184
7 158
7 279
7 144
184 132
194 80
281 264
281 90
121 26
99 90
112 3
232 33
120 132
151 280
256 26
127 26
159 204
252 10
186 90
200 83
277 25
23 90
25 130
301 58
33 269
145 21
114 242
2 27
60 204
269 274
269 93
269 75
279 299
279 228
249 204
40 80
80 255
132 266
223 26
223 307
64 26
53 26
242 299
9 26
4 26
180 26
253 173
199 90
317 204
208 26
208 307
208 18
77 48
77 220
318 204
82 90
63 204
81 26
69 26
38 161
298 26
28 12
28 18
204 222
280 26
307 26
307 18
12 26
18 26
