24 252
57 25
57 189
57 277
57 135
57 130
57 35
57 49
57 139
176 223
202 128
202 116
108 252
108 299
108 94
230 269
230 220
230 306
230 90
195 28
1 28
1 256
103 204
143 90
30 28
97 90
116 279
116 270
116 173
116 135
116 253
116 35
291 80
15 90
285 28
267 50
267 145
7 189
7 305
7 228
7 118
7 279
7 241
7 299
7 278
184 145
281 90
90 23
90 186
90 183
90 264
90 269
90 93
90 262
90 33
90 199
90 39
90 274
90 150
90 77
90 306
90 99
90 75
90 82
90 98
90 74
90 258
90 48
90 300
90 220
90 59
256 28
127 28
127 223
127 298
246 58
114 299
114 242
225 28
288 233
50 161
50 38
307 28
307 18
25 263
301 58
78 38
33 274
33 269
33 93
33 300
145 79
145 161
145 21
159 204
159 249
28 4
28 298
28 64
28 53
28 9
28 223
28 180
28 152
28 280
28 81
28 208
28 12
28 121
28 18
28 26
60 204
269 274
269 93
269 75
269 300
279 242
279 250
279 278
200 52
200 58
200 254
249 204
58 52
58 254
58 193
58 45
58 83
58 270
10 252
10 135
161 79
161 38
47 45
135 252
135 228
135 299
135 250
135 242
223 81
223 69
53 12
53 298
242 299
199 150
208 18
175 11
304 178
228 45
318 204
45 83
317 204
314 219
93 274
204 160
204 63
204 222
204 303
253 173
