6 112
6 132
276 273
112 219
112 132
174 280
174 53
231 132
230 269
230 306
284 132
111 273
253 116
116 270
116 173
300 269
300 93
300 262
21 145
267 161
267 145
267 132
7 279
7 263
184 161
184 132
281 90
90 77
120 132
256 127
127 53
127 18
240 161
240 132
78 132
159 204
257 132
225 9
225 223
288 273
16 132
28 9
28 223
28 26
273 302
273 70
273 72
273 89
183 74
25 130
33 269
145 161
145 132
3 132
2 132
180 26
180 152
50 161
50 38
50 132
200 254
249 204
311 132
58 162
266 132
27 132
47 234
79 161
79 132
85 38
85 132
75 269
132 38
132 218
132 314
132 283
132 295
132 238
132 161
132 133
132 310
132 71
132 134
223 121
53 280
269 274
269 93
4 12
136 278
152 298
238 314
208 307
175 11
45 83
69 26
278 236
38 161
280 26
295 161
