6 112
6 3
6 132
203 132
112 314
112 3
112 132
261 132
202 128
202 209
108 299
110 132
215 252
103 160
143 90
97 90
116 278
291 40
291 194
15 90
285 28
267 3
267 132
7 25
7 279
7 122
184 132
184 120
184 3
194 40
281 90
90 183
90 23
90 186
90 150
90 264
90 230
90 93
90 262
90 33
90 199
90 39
90 274
90 167
90 77
90 306
90 99
90 75
90 82
90 98
90 74
90 300
90 258
90 48
90 43
90 220
90 88
120 161
120 3
120 132
151 152
240 3
240 132
159 160
257 132
17 132
279 13
279 252
279 158
279 118
279 299
279 189
279 278
16 3
16 132
50 3
50 132
28 26
28 64
28 280
28 18
28 81
78 3
78 132
145 161
145 3
145 132
3 314
3 38
3 71
3 283
3 85
3 219
3 295
3 238
3 2
3 133
3 266
3 27
3 161
3 134
3 79
3 310
3 132
2 132
230 74
60 160
304 164
228 315
311 132
40 190
134 38
134 132
79 132
85 218
85 132
284 161
284 314
284 132
132 314
132 71
132 218
132 283
132 295
132 238
132 38
132 133
132 310
132 266
132 27
132 161
252 86
223 26
53 280
180 18
38 283
160 222
160 318
160 63
160 249
278 253
0 214
295 161
