6 132
112 284
112 132
108 299
231 132
230 90
284 2
284 16
284 161
284 238
284 132
135 279
135 7
135 299
97 90
116 173
291 194
15 90
183 74
183 90
267 161
267 132
7 309
7 13
7 299
7 252
7 279
7 189
7 25
7 242
7 234
184 161
184 145
184 132
194 80
281 90
90 23
90 186
90 264
90 93
90 262
90 143
90 33
90 199
90 39
90 274
90 150
90 77
90 306
90 99
90 75
90 82
90 98
90 74
90 258
90 48
90 300
90 220
120 132
240 132
139 25
139 279
257 132
225 223
189 279
16 2
16 132
16 238
200 299
200 254
200 193
293 26
307 223
307 18
25 242
301 83
78 132
145 161
145 132
145 21
3 132
114 242
2 132
2 238
28 208
28 4
28 18
117 45
279 13
279 252
279 299
279 242
279 234
173 242
311 132
27 132
134 132
79 161
79 132
85 132
218 132
132 38
132 71
132 314
132 283
132 295
132 238
132 133
132 310
132 50
132 266
132 161
252 122
53 298
242 299
250 13
250 241
250 228
13 234
278 234
38 283
93 274
104 52
204 222
228 299
