284 132
50 79
50 133
186 143
108 104
108 241
108 209
108 315
231 266
120 132
230 269
269 274
269 93
269 33
269 75
269 300
103 160
134 132
305 105
317 160
253 13
116 13
291 80
51 40
204 159
204 160
184 161
184 132
160 60
160 222
160 318
160 63
160 159
160 249
160 303
27 132
173 13
13 241
13 47
13 228
13 278
295 161
45 52
45 83
319 113
86 252
278 241
53 92
254 52
254 200
193 52
38 161
38 132
38 78
28 12
267 79
267 161
270 52
132 161
132 85
132 79
132 78
132 145
301 52
78 161
145 161
114 299
52 58
52 200
52 83
228 83
228 47
200 58
40 80
79 161
