191 26
24 252
202 128
202 116
108 299
174 26
230 33
230 274
230 82
230 306
230 90
103 204
103 160
143 262
143 90
30 26
152 180
152 26
81 28
81 26
15 90
285 26
285 69
267 145
7 279
7 144
7 228
184 284
194 40
194 80
281 90
90 23
90 186
90 183
90 264
90 93
90 262
90 33
90 97
90 199
90 39
90 274
90 150
90 77
90 306
90 99
90 75
90 82
90 98
90 74
90 258
90 48
90 300
90 220
90 88
232 33
120 132
256 26
186 199
127 26
159 204
159 160
225 26
225 223
252 189
252 10
288 70
16 238
307 26
25 135
25 130
33 274
145 21
145 3
145 161
114 242
2 284
2 132
158 250
60 204
60 160
180 26
180 18
279 47
200 250
249 204
249 160
40 80
135 189
284 238
132 134
132 238
223 26
64 26
53 26
9 26
4 26
69 26
69 298
208 26
160 222
160 318
160 63
318 204
45 228
300 183
317 204
86 10
298 26
204 222
204 63
280 26
12 26
121 26
18 26
