191 28
276 273
6 2
6 79
6 85
31 279
176 28
176 223
202 116
174 28
231 266
230 41
230 33
230 220
230 90
1 28
103 204
111 273
143 77
143 90
30 28
152 28
116 173
291 51
291 194
51 80
51 255
285 28
267 2
267 161
267 50
7 279
7 122
184 79
184 161
281 90
90 15
90 23
90 186
90 183
90 264
90 269
90 93
90 262
90 33
90 97
90 199
90 39
90 274
90 150
90 77
90 306
90 61
90 99
90 75
90 82
90 98
90 258
90 48
90 300
90 220
90 59
232 33
120 2
120 71
3 2
151 280
151 54
256 28
256 18
245 157
127 28
240 2
258 262
159 204
159 249
257 2
225 223
94 278
141 28
288 273
50 78
50 283
50 38
273 70
273 233
259 0
41 274
41 93
41 33
41 75
41 300
78 161
78 38
33 274
145 161
145 21
228 279
139 242
2 284
2 133
2 27
2 134
2 161
2 238
2 132
28 4
28 298
28 64
28 53
28 9
28 223
28 180
28 280
28 81
28 208
28 12
28 121
28 18
28 307
28 26
28 251
60 204
279 104
279 305
279 135
279 304
279 242
279 278
200 254
249 204
10 86
47 86
135 242
79 284
284 219
53 280
242 173
136 278
221 86
77 48
160 204
63 204
278 253
317 204
254 52
38 161
38 283
93 274
204 222
204 318
253 173
183 48
