6 314
6 112
6 132
292 293
202 108
202 116
108 299
108 209
108 228
174 28
174 26
230 269
195 28
1 28
103 204
188 104
30 26
30 28
152 180
116 253
116 173
81 28
81 142
81 26
51 40
285 28
10 252
184 295
184 132
194 40
194 80
194 291
121 28
120 132
3 284
151 280
151 54
256 28
127 28
78 161
78 132
159 204
159 303
225 180
189 228
141 28
186 199
28 4
28 298
28 64
28 53
28 9
28 223
28 280
28 208
28 12
28 18
28 307
28 26
28 251
122 279
301 58
301 299
301 228
75 269
33 269
145 132
228 299
228 83
2 132
158 279
279 242
279 7
279 253
279 299
200 52
200 254
58 162
79 132
7 234
284 132
132 27
132 38
132 85
53 280
242 234
269 274
269 93
269 300
136 278
97 306
39 306
208 307
13 253
13 278
295 161
220 183
278 236
278 173
93 90
241 234
234 299
306 59
173 253
