308 279
24 252
112 314
112 3
176 223
202 135
202 116
202 45
108 299
108 45
231 78
215 252
103 204
143 90
75 269
75 33
75 90
253 173
253 278
116 173
81 226
15 90
183 262
183 90
267 79
267 78
267 50
267 184
267 145
7 135
7 158
7 279
7 299
184 161
184 79
184 78
184 50
184 145
194 80
281 90
28 251
28 12
28 298
99 90
258 90
159 204
159 249
94 252
252 135
288 216
200 52
200 254
23 90
122 25
25 130
25 135
25 279
25 241
25 139
301 45
78 266
78 27
78 283
78 133
78 50
78 79
78 145
78 238
33 269
33 274
33 90
145 50
145 161
2 284
230 269
230 220
230 306
230 90
117 299
60 204
180 152
279 228
279 135
279 299
279 234
228 45
228 278
40 255
47 45
79 38
79 161
79 50
284 161
284 314
304 45
152 26
50 161
186 90
269 274
269 93
269 90
269 300
97 262
97 90
199 90
39 90
77 90
160 204
318 204
82 90
45 83
300 262
300 90
220 90
317 204
219 314
254 52
264 90
93 90
249 204
262 90
204 222
204 63
204 303
274 90
150 90
306 90
90 98
90 74
90 48
90 59
