6 132
203 132
112 120
112 132
261 132
176 127
202 158
202 128
108 299
231 219
120 161
120 184
120 38
120 132
230 269
103 160
75 269
219 314
279 7
279 299
279 250
279 242
279 234
279 278
291 40
291 194
291 80
51 80
267 132
184 310
184 3
184 132
194 40
194 80
194 190
90 99
90 74
110 132
227 0
240 132
78 132
159 249
159 160
257 132
257 311
17 132
252 299
252 86
16 238
16 132
50 132
28 53
25 158
301 299
33 269
145 132
3 132
2 132
158 315
158 101
158 162
158 45
158 83
60 160
118 299
304 299
311 132
27 132
134 132
80 40
80 190
80 255
79 132
85 132
132 284
132 314
132 71
132 218
132 283
132 295
132 238
132 38
132 133
132 310
132 266
132 161
71 314
269 274
269 93
269 300
305 299
101 299
317 160
216 233
249 160
160 63
40 190
300 183
300 262
278 236
228 299
299 83
