223 127
173 253
173 242
173 116
57 202
50 267
202 108
202 116
255 80
231 132
230 269
230 274
230 306
230 82
269 274
269 93
269 33
269 75
269 300
103 204
204 317
204 60
204 222
204 318
204 63
204 159
204 249
136 253
136 278
253 116
253 278
221 86
116 228
51 80
285 26
267 161
267 145
10 86
184 79
194 40
194 80
281 48
13 278
256 18
45 252
45 58
45 270
45 207
45 193
45 52
45 254
45 144
45 200
45 83
45 301
217 59
291 40
291 80
249 159
278 279
252 299
309 7
254 52
254 200
28 307
108 299
293 26
7 279
7 263
279 135
33 274
250 234
145 161
52 200
274 306
228 299
299 200
40 80
134 132
161 284
