6 314
173 242
173 116
202 116
230 269
230 306
230 274
230 97
230 90
230 59
103 160
143 39
143 186
143 220
143 90
253 116
253 278
116 270
116 278
291 51
291 40
291 194
183 90
183 300
267 184
267 38
104 52
184 161
184 120
281 90
90 15
90 23
90 186
90 264
90 93
90 262
90 33
90 97
90 199
90 39
90 274
90 150
90 77
90 306
90 99
90 75
90 82
90 98
90 74
90 300
90 258
90 48
90 43
90 220
90 88
120 161
20 252
113 131
252 10
186 199
16 3
16 132
307 180
25 7
25 234
301 45
263 7
3 161
2 132
28 12
60 63
60 160
306 97
306 59
279 7
200 52
200 254
94 278
7 234
35 270
50 38
132 284
132 283
132 133
132 238
53 280
53 251
134 38
313 214
160 222
160 63
160 318
160 249
199 220
199 264
278 228
38 283
38 161
38 295
