279 7
279 250
279 242
252 189
252 86
284 161
284 184
284 120
284 132
57 242
50 267
50 38
2 132
202 128
202 209
255 80
242 173
230 269
230 97
230 59
230 306
269 274
269 93
269 33
269 75
269 300
103 160
101 228
143 90
152 180
97 306
291 194
291 190
291 80
51 80
151 280
151 54
208 307
7 263
184 267
194 40
194 80
194 190
160 317
160 60
160 63
160 159
160 249
90 274
90 150
90 306
90 199
116 253
116 270
116 173
13 253
13 278
267 161
199 220
225 307
314 132
254 52
78 161
93 300
190 80
262 300
145 132
274 75
307 18
306 59
173 253
40 80
