308 242
24 252
57 116
57 242
202 209
202 47
230 269
1 28
1 208
284 133
284 132
143 90
253 116
116 316
116 173
112 3
112 238
51 80
51 291
183 90
267 50
267 132
7 144
7 250
7 279
194 80
194 291
281 150
90 150
90 75
90 48
90 264
90 199
47 241
47 228
151 26
256 28
256 208
127 208
225 223
279 13
252 10
252 86
186 199
16 134
16 132
277 122
301 83
33 269
145 161
145 132
3 314
2 132
28 26
28 18
28 307
28 208
9 208
50 161
50 132
173 242
10 86
40 80
103 160
134 132
315 242
304 242
132 133
132 310
53 280
242 104
269 274
269 93
269 75
269 300
317 160
208 307
208 26
208 18
13 239
13 211
13 278
69 26
298 26
262 300
241 228
