191 256
176 223
202 128
202 299
202 116
108 83
174 28
174 53
155 157
230 90
1 12
103 160
143 90
75 90
253 173
116 173
300 90
15 90
21 314
21 145
267 3
7 279
7 242
281 90
90 23
90 186
90 183
90 264
90 269
90 93
90 262
90 33
90 97
90 199
90 39
90 274
90 150
90 77
90 306
90 61
90 99
90 82
90 98
90 74
90 258
90 48
90 220
90 59
159 204
159 160
252 221
252 83
252 86
200 250
16 2
16 132
16 238
50 38
23 42
301 83
145 295
145 3
145 161
2 238
28 4
28 81
117 101
60 160
279 242
279 228
318 160
135 242
284 314
284 238
304 83
132 238
185 157
53 280
4 12
136 278
97 306
160 317
160 204
160 222
160 63
160 249
13 278
45 52
45 299
45 83
228 83
299 83
