6 85
138 11
138 175
112 314
176 26
202 158
202 279
202 209
202 128
108 279
230 269
230 93
103 160
143 186
30 26
253 116
253 278
116 13
116 279
116 173
116 278
300 269
300 74
267 50
7 279
184 284
194 80
194 291
281 82
90 199
120 161
173 242
86 252
279 189
279 158
279 304
279 228
279 242
279 104
279 13
279 117
279 209
279 101
279 135
279 241
279 315
189 234
200 58
200 270
200 254
200 45
200 250
200 83
28 208
28 223
25 158
301 58
263 228
33 269
3 79
2 284
2 132
158 315
158 101
158 162
158 45
158 83
60 160
118 234
318 160
58 270
58 254
58 45
58 83
58 193
106 214
27 132
252 234
223 208
269 274
269 93
269 75
249 160
278 234
254 52
162 234
234 299
160 63
