6 231
24 86
108 299
230 183
230 90
230 220
230 306
230 82
143 186
143 90
75 90
253 116
116 173
291 40
15 90
285 12
267 161
267 145
241 279
184 161
184 132
194 40
281 90
90 23
90 186
90 183
90 264
90 93
90 262
90 33
90 97
90 199
90 39
90 274
90 150
90 77
90 306
90 99
90 82
90 98
90 74
90 258
90 48
90 300
90 220
90 88
232 33
120 132
151 280
159 204
225 53
279 252
279 158
279 7
279 278
279 228
279 118
279 299
279 242
279 13
279 305
279 250
279 189
279 139
53 298
307 28
301 58
301 299
301 45
33 274
144 7
145 79
145 161
145 21
3 38
28 208
28 18
118 299
304 299
200 254
58 162
58 45
40 80
47 86
80 51
80 255
79 161
7 299
132 284
252 299
242 250
180 18
101 299
208 18
13 278
86 10
259 0
283 266
228 299
299 83
