6 50
6 38
24 252
57 108
202 128
202 108
202 116
108 104
108 241
108 315
215 252
143 90
253 116
253 173
116 35
116 173
300 74
300 262
21 145
7 279
184 310
184 134
184 132
194 40
281 90
90 99
90 183
125 106
319 252
159 204
159 249
225 208
94 290
94 164
189 234
28 208
28 18
28 81
290 210
299 83
299 228
33 274
3 219
3 284
139 242
2 284
2 132
230 97
230 59
230 306
60 204
58 162
79 71
50 38
50 161
132 284
132 238
284 238
53 280
242 13
242 250
9 208
142 81
221 86
208 26
208 18
26 12
26 307
295 310
283 161
44 310
234 130
307 18
