191 256
138 11
138 175
112 3
6 314
6 3
202 299
108 299
155 157
120 184
120 3
230 269
230 93
230 306
103 160
143 90
75 269
253 116
116 173
300 269
300 183
267 3
104 304
184 3
194 291
281 150
281 90
90 74
90 150
90 93
90 199
232 33
110 3
240 3
78 3
159 249
159 160
257 3
225 26
113 131
252 299
16 85
16 284
16 134
16 3
301 299
33 269
144 7
145 3
3 284
3 38
3 71
3 314
3 283
3 295
3 238
3 2
3 133
3 310
3 50
3 311
3 27
3 161
3 134
3 79
3 85
3 132
139 279
2 284
2 132
28 223
60 160
118 299
279 189
279 7
279 299
279 278
173 242
134 85
79 161
79 50
79 283
85 284
284 133
288 233
269 274
269 93
101 299
317 160
249 160
304 299
160 63
13 228
38 283
228 299
299 83
