191 26
112 219
112 314
6 85
176 223
202 108
202 116
108 104
174 26
231 134
230 269
230 59
230 82
284 161
284 16
284 134
284 132
291 80
135 7
30 26
97 59
81 26
81 223
81 28
15 82
285 26
267 161
104 52
104 7
184 161
184 132
281 90
90 59
120 161
120 132
151 152
256 26
127 26
240 161
159 204
225 280
225 223
252 221
4 28
4 26
16 2
16 161
16 132
16 238
200 254
301 58
33 269
33 300
145 161
3 133
2 132
28 223
269 274
269 93
269 75
269 300
279 299
279 7
279 228
318 63
58 162
58 83
40 80
134 266
134 133
134 85
134 132
79 132
85 161
85 132
132 27
132 161
223 26
223 307
64 26
53 26
242 7
9 26
241 228
180 26
152 26
208 26
82 274
69 26
219 314
38 161
298 26
280 26
295 161
307 26
12 26
306 59
121 26
18 26
