191 26
276 216
276 89
138 11
112 314
202 158
202 108
174 26
174 53
230 97
230 90
97 59
97 90
103 249
103 160
143 90
30 26
253 173
116 173
291 194
15 90
285 26
267 79
267 161
104 279
184 161
194 80
281 90
90 183
90 23
90 186
90 150
90 264
90 93
90 262
90 33
90 199
90 39
90 274
90 167
90 77
90 306
90 99
90 75
90 82
90 98
90 74
90 300
90 258
90 48
90 43
90 220
90 88
256 26
127 26
159 160
225 26
252 279
186 199
16 134
28 223
28 12
307 26
78 79
33 300
145 79
145 161
3 79
3 284
158 279
60 160
180 26
180 18
118 279
279 315
279 278
279 135
279 299
279 250
279 242
279 189
70 216
69 26
79 283
79 161
284 161
284 132
162 241
223 26
223 53
64 26
53 26
242 250
242 173
9 26
4 26
152 26
199 220
81 26
317 160
298 26
208 26
249 160
280 26
12 26
160 63
121 26
18 26
