6 219
6 314
6 284
6 112
24 252
112 166
176 223
202 116
108 299
230 269
230 306
230 90
284 16
284 132
135 279
75 269
253 278
116 45
116 278
81 26
81 142
51 40
183 262
7 279
7 234
7 263
7 122
184 21
184 132
194 40
194 80
120 132
127 307
258 88
189 279
16 2
16 132
16 238
25 279
299 252
299 301
299 228
299 304
299 45
299 279
301 228
301 45
263 279
33 269
33 274
144 45
145 79
145 21
28 223
117 279
269 274
269 93
269 300
118 279
279 252
279 250
279 228
279 315
279 242
279 104
279 13
279 209
279 241
279 304
279 278
200 45
58 162
58 45
10 86
40 80
47 278
80 291
288 233
242 234
180 298
241 234
97 306
193 45
208 307
133 266
228 278
13 278
45 52
45 254
45 83
45 270
45 207
278 173
278 236
38 161
306 59
