308 211
252 215
252 86
223 176
223 28
279 189
279 7
279 228
279 135
279 299
279 234
202 299
202 116
53 280
242 250
242 173
230 269
230 33
269 274
269 93
269 33
269 75
269 300
24 86
111 288
204 159
204 160
135 25
135 130
135 299
135 35
253 116
253 173
221 86
116 13
116 270
116 173
116 234
199 186
21 145
267 161
267 50
77 90
184 161
184 78
38 79
38 161
38 50
38 295
38 283
90 98
133 2
49 130
277 130
186 61
295 161
45 83
78 161
78 283
159 249
300 262
86 10
35 130
189 130
4 26
254 200
164 118
28 12
122 234
130 25
262 183
145 3
145 161
26 196
40 80
50 79
79 161
284 132
