6 85
6 314
6 132
112 132
202 116
108 299
108 45
231 132
230 90
103 204
111 288
143 90
253 116
253 173
116 278
116 173
291 51
291 40
291 194
291 80
15 90
285 225
267 132
10 252
10 221
10 86
184 132
194 80
281 90
90 23
90 186
90 183
90 264
90 269
90 93
90 167
90 262
90 33
90 97
90 199
90 39
90 274
90 150
90 77
90 306
90 99
90 75
90 82
90 98
90 74
90 258
90 48
90 300
90 220
90 59
120 132
3 16
3 132
151 152
151 54
151 280
127 28
127 18
240 132
159 204
159 249
159 318
257 132
225 180
94 252
279 25
189 234
16 132
16 284
16 238
50 79
50 132
158 234
25 130
25 241
25 122
25 139
263 234
319 46
319 113
309 7
144 7
145 21
145 132
228 135
228 7
2 284
2 132
28 9
28 208
28 223
28 26
28 18
60 204
118 234
304 299
200 254
249 204
311 132
40 51
40 80
161 284
161 132
135 299
135 7
135 242
135 234
79 132
218 132
284 132
132 38
132 71
132 314
132 283
132 85
132 295
132 238
132 133
132 310
132 266
132 27
132 134
132 78
252 299
252 234
152 26
223 26
242 234
221 86
97 306
160 222
318 204
13 234
45 299
278 234
317 204
104 178
204 222
204 63
234 299
306 59
