136 239
136 278
252 20
223 28
238 2
238 284
238 16
57 116
314 6
64 28
202 128
202 116
202 158
186 98
186 143
274 33
180 18
1 256
103 160
291 51
291 194
143 183
30 28
253 116
116 13
116 270
116 47
116 228
116 173
116 35
300 74
300 183
26 28
208 18
7 279
7 234
7 114
194 80
281 183
121 28
47 234
318 160
82 183
63 160
159 160
81 28
94 278
278 299
278 279
189 25
189 234
60 160
317 160
86 10
28 12
28 9
28 280
28 18
28 69
122 25
25 130
25 279
25 241
25 139
78 161
3 132
234 158
183 98
183 48
222 160
160 249
228 279
40 80
