26 28
238 2
238 314
283 50
50 79
50 267
50 16
50 38
50 161
50 133
50 78
50 295
186 199
108 252
108 301
108 228
108 118
108 299
108 101
108 83
108 304
108 279
174 195
230 269
230 93
230 306
230 274
230 97
230 59
269 274
269 93
269 33
269 75
269 300
241 162
180 18
16 2
253 173
97 306
300 232
317 159
317 249
58 200
208 28
208 256
7 279
7 234
175 11
194 80
90 274
90 150
90 306
90 43
90 93
90 199
117 45
232 262
116 270
45 200
279 211
279 250
279 242
279 315
53 28
53 280
254 200
200 270
200 83
164 118
164 304
242 25
301 83
280 28
2 132
314 132
306 59
291 40
161 284
284 132
