223 176
57 135
215 252
186 90
108 104
108 299
108 241
108 209
108 315
242 173
144 7
230 269
230 274
230 306
230 90
230 33
230 97
230 59
230 300
269 274
269 93
269 90
269 33
269 75
269 300
24 252
241 209
143 90
97 90
49 135
279 7
199 90
15 90
285 28
208 307
77 90
175 11
194 51
194 40
281 90
90 23
90 183
90 264
90 93
90 262
90 33
90 39
90 274
90 150
90 306
90 61
90 99
90 75
90 82
90 98
90 74
90 258
90 48
90 300
90 220
90 59
27 145
267 161
267 145
225 12
94 114
104 209
51 40
38 161
38 283
28 12
25 130
233 302
33 274
250 47
250 173
306 59
40 80
209 315
284 132
