6 219
6 3
276 273
112 3
176 223
202 299
230 41
230 274
230 220
230 33
1 28
1 256
284 219
284 3
284 120
111 273
143 186
253 173
253 278
116 173
116 278
291 51
291 40
291 194
291 80
51 80
21 145
267 50
267 145
267 3
7 279
184 3
194 80
121 69
120 3
127 92
240 3
78 161
78 3
78 38
159 204
257 3
225 208
225 223
94 278
252 279
16 3
273 70
273 233
259 0
41 274
41 93
41 33
41 75
41 300
301 45
144 45
145 3
145 161
3 38
3 71
3 314
3 283
3 85
3 219
3 295
3 238
3 133
3 310
3 50
3 266
3 161
3 134
3 79
3 132
28 26
117 101
50 161
50 38
200 52
200 254
200 45
58 45
10 86
40 80
47 86
135 279
135 250
136 278
279 242
279 278
132 266
223 69
242 278
242 173
9 208
142 81
8 309
221 86
175 11
13 278
45 52
45 270
45 207
45 193
45 254
45 83
278 236
254 52
93 300
250 173
