57 25
57 116
108 299
231 78
215 252
177 25
188 25
143 230
143 183
143 199
143 90
253 173
116 234
116 173
318 204
15 90
183 274
183 300
183 90
267 27
267 184
267 78
267 161
267 145
267 3
7 309
7 279
7 122
184 78
184 161
184 295
184 145
184 27
194 40
194 80
194 291
281 150
281 186
281 90
90 23
90 186
90 264
90 230
90 269
90 93
90 262
90 33
90 97
90 199
90 39
90 274
90 150
90 77
90 306
90 99
90 75
90 82
90 98
90 74
90 258
90 48
90 300
90 220
90 59
112 38
256 226
159 204
159 249
189 25
186 61
186 199
50 78
277 25
25 130
25 35
25 117
25 170
25 279
25 65
25 37
25 263
25 135
25 241
25 210
25 139
33 230
33 269
145 161
145 78
3 161
3 284
139 279
230 269
60 204
9 26
279 228
279 242
228 242
40 80
103 204
70 233
134 132
135 252
135 299
79 161
79 78
75 269
132 284
252 299
252 221
284 38
238 78
53 280
242 250
242 173
269 274
269 93
269 300
4 12
136 278
199 48
133 78
27 78
295 38
317 204
38 161
38 78
249 204
283 78
262 274
204 160
204 222
204 63
204 303
12 26
266 78
78 161
