308 234
189 252
138 11
279 13
279 7
279 228
279 253
279 117
279 242
6 314
6 112
253 242
253 278
176 30
202 116
53 1
242 13
230 269
230 93
230 306
230 90
230 33
230 75
230 220
230 82
269 274
269 93
269 90
269 33
269 75
269 300
134 133
111 288
291 80
143 186
143 90
30 81
152 151
199 90
97 90
157 185
81 28
15 90
208 28
208 18
77 90
281 90
90 23
90 186
90 183
90 264
90 93
90 262
90 33
90 39
90 274
90 150
90 306
90 99
90 75
90 82
90 98
90 74
90 258
90 48
90 300
90 220
90 59
267 50
267 145
186 98
186 48
58 52
300 262
94 7
278 116
278 173
4 12
57 116
288 233
7 144
46 113
145 161
40 80
