6 132
203 132
266 132
112 132
261 132
74 300
202 128
202 116
202 47
255 80
242 173
242 114
71 132
110 132
230 274
230 232
230 220
230 306
230 33
284 132
134 132
17 132
152 151
97 90
300 183
300 33
51 40
51 80
21 145
208 26
7 25
7 279
7 263
184 145
184 132
194 40
194 80
133 132
27 132
20 252
151 280
267 79
267 145
267 132
295 132
45 117
78 283
78 132
238 2
238 132
225 26
35 25
283 132
314 132
16 132
50 132
38 132
108 299
240 132
307 12
218 132
301 83
262 183
33 274
280 26
250 228
145 132
3 79
3 132
2 132
228 279
118 279
257 132
279 47
85 132
40 80
79 161
79 132
161 132
120 132
310 132
