191 28
152 151
152 180
223 151
223 176
223 280
138 11
138 175
6 133
6 38
252 189
202 116
242 279
71 161
71 310
230 269
230 183
230 306
230 90
230 143
230 97
230 75
230 59
284 38
284 132
305 105
44 310
253 116
300 274
300 262
300 269
274 269
274 33
267 145
267 161
267 50
267 184
7 279
194 80
133 2
133 134
120 132
173 116
151 280
127 293
127 18
295 161
295 310
240 314
78 79
78 38
184 161
184 310
184 132
94 279
94 278
104 164
141 280
314 50
254 200
50 79
50 38
38 283
38 161
38 79
38 3
158 279
130 25
93 269
283 79
283 161
283 132
262 183
33 269
145 161
2 132
269 75
79 161
161 310
