6 314
6 112
6 38
6 85
6 219
6 132
24 252
112 132
261 132
202 128
174 53
120 132
230 33
230 93
230 306
230 90
103 204
143 183
143 90
97 306
97 90
116 130
291 40
291 194
15 90
21 145
267 132
7 158
7 279
184 132
281 33
281 183
281 90
90 23
90 186
90 150
90 264
90 93
90 262
90 33
90 199
90 39
90 274
90 183
90 77
90 306
90 99
90 75
90 82
90 98
90 74
90 258
90 48
90 300
90 220
90 88
110 132
127 26
240 132
159 204
159 249
159 160
257 132
17 132
94 278
252 86
288 233
16 132
200 52
200 254
307 26
25 35
78 161
78 38
78 132
33 274
145 2
145 161
145 132
3 132
2 132
28 53
60 204
173 242
40 80
47 86
47 234
79 132
85 284
85 38
85 132
284 132
132 203
132 38
132 314
132 71
132 218
132 283
132 295
132 238
132 133
132 310
132 50
132 266
132 27
132 161
132 134
223 26
53 280
242 254
199 183
317 204
208 18
160 204
26 12
183 274
183 48
183 262
38 283
38 161
38 295
249 204
204 318
204 63
204 222
234 299
306 59
