6 85
6 314
6 112
112 314
112 161
202 128
202 116
108 299
108 241
230 33
230 183
230 90
230 306
230 269
284 161
284 184
284 3
284 238
135 228
253 173
116 173
300 269
300 33
300 183
300 262
51 291
51 80
285 28
7 250
7 263
184 161
184 16
281 186
281 220
90 48
90 306
232 33
120 161
120 132
256 307
256 127
127 223
240 16
78 161
159 204
159 303
252 189
252 299
4 28
16 134
16 133
16 85
16 132
16 238
277 139
259 0
25 236
25 35
301 58
33 274
33 183
33 269
145 21
3 132
2 132
28 18
269 274
269 93
269 75
279 189
279 299
279 182
279 228
200 58
200 270
200 254
200 83
200 45
291 40
80 255
278 236
132 238
186 199
180 152
180 18
58 83
82 183
199 220
183 274
38 161
280 26
306 59
