6 85
6 219
6 231
276 273
138 11
57 49
57 116
176 223
202 128
230 41
230 93
230 90
78 79
78 50
111 273
143 90
30 280
253 47
291 194
291 80
15 90
183 90
267 79
267 161
267 50
267 184
7 279
7 94
184 161
184 44
194 80
281 90
121 28
121 69
99 90
120 284
256 28
258 90
159 204
225 9
252 319
252 221
4 12
16 238
50 145
50 38
273 70
273 233
273 72
293 26
293 187
41 274
41 93
41 33
41 75
41 300
33 274
33 93
33 90
145 161
145 27
114 299
2 238
28 12
269 90
279 104
279 228
279 135
279 304
279 241
279 242
279 278
61 90
40 51
40 80
161 79
47 13
47 228
80 51
80 255
284 238
132 238
186 90
186 199
242 250
9 208
9 18
75 90
101 13
97 90
199 90
39 90
77 90
175 11
82 90
13 228
300 74
300 262
300 90
220 90
23 90
317 63
164 178
264 90
93 274
93 90
262 90
52 83
274 90
150 90
306 59
306 90
90 98
90 48
90 59
