191 4
57 270
6 314
6 112
6 132
176 223
202 116
241 279
230 269
230 183
230 90
284 132
143 90
75 269
75 90
253 13
253 116
116 13
116 270
116 47
116 173
291 194
291 80
15 90
21 145
267 79
267 161
104 118
184 295
184 134
194 40
194 80
281 90
90 23
90 186
90 183
90 264
90 269
90 93
90 262
90 33
90 97
90 199
90 39
90 274
90 150
90 77
90 306
90 99
90 82
90 98
90 74
90 258
90 48
90 300
90 220
90 59
112 314
112 132
151 152
256 18
225 180
189 279
183 74
25 279
309 279
33 269
33 82
158 279
180 152
180 298
118 279
279 7
279 299
279 315
279 242
200 52
58 162
10 86
40 51
40 80
79 283
132 314
269 274
269 93
269 300
305 105
221 86
97 306
39 274
133 314
45 299
38 161
38 283
295 161
306 59
