191 307
112 3
6 132
176 28
176 223
176 127
202 164
230 41
230 183
230 262
230 90
230 33
230 232
103 160
135 242
30 26
152 151
116 253
116 173
300 41
300 93
51 80
21 145
267 50
7 279
7 94
194 80
232 33
232 274
120 71
151 280
319 252
159 317
159 204
159 249
159 160
279 242
279 228
4 12
16 284
259 0
41 274
41 93
41 33
41 75
78 161
78 38
33 274
28 26
60 160
318 160
58 162
245 157
80 255
80 291
79 283
85 132
75 274
132 115
132 295
53 298
305 105
253 278
317 204
317 160
208 12
249 160
160 204
160 222
160 63
278 83
278 236
183 262
38 161
