189 279
223 176
223 225
314 283
6 133
6 85
202 128
202 279
202 209
186 199
108 252
108 279
242 279
242 173
230 269
230 97
230 59
230 306
9 26
9 225
24 252
299 279
135 279
199 220
199 90
116 13
116 253
116 279
116 173
300 183
317 160
7 279
184 161
184 295
304 279
250 279
133 85
133 50
133 283
228 279
228 47
120 38
173 278
13 279
13 278
118 279
295 161
63 160
159 160
81 28
225 26
278 253
278 279
252 279
2 132
4 26
254 52
38 78
38 134
38 283
78 161
259 0
0 106
104 279
283 3
190 291
241 279
234 158
52 200
158 279
60 160
160 103
160 249
209 279
315 279
284 132
