6 133
6 283
57 158
176 28
202 128
202 209
202 158
230 269
230 90
195 28
143 186
30 28
152 151
152 28
116 35
81 28
285 28
267 161
267 50
7 279
184 161
184 295
184 132
194 247
194 40
194 80
194 291
90 306
112 314
151 28
151 54
127 9
127 28
159 160
94 252
279 189
279 13
279 242
279 228
141 28
16 2
16 132
16 238
158 52
259 0
92 26
33 269
33 93
145 161
145 21
2 132
28 307
28 223
28 12
28 26
28 64
28 18
28 208
28 280
28 69
269 274
269 93
269 75
269 300
50 115
40 80
79 161
79 238
278 236
132 238
242 173
241 315
249 160
13 211
254 52
93 274
299 83
161 310
