189 279
223 28
57 270
50 267
50 38
202 158
202 299
202 116
53 174
230 39
230 274
230 183
230 306
230 269
230 220
230 82
269 274
269 93
269 33
269 75
269 300
284 16
142 81
111 288
101 158
135 252
30 26
97 306
199 186
116 270
21 145
267 161
267 38
7 279
184 161
304 178
90 306
133 2
82 274
13 228
295 38
45 158
78 79
159 249
94 279
94 122
279 228
279 118
279 299
279 242
279 122
252 86
16 3
38 161
274 93
274 33
158 25
158 315
158 162
158 83
242 250
242 114
242 228
299 114
283 79
262 74
280 28
250 47
250 228
145 161
249 318
306 59
228 47
291 40
40 80
161 79
