191 225
112 6
202 108
108 104
108 209
108 299
108 241
108 315
174 280
174 298
230 269
230 274
230 306
230 90
103 204
143 90
152 151
291 40
291 80
15 90
21 145
267 145
7 104
184 132
194 40
281 90
90 23
90 186
90 183
90 264
90 269
90 93
90 262
90 33
90 97
90 199
90 39
90 274
90 150
90 77
90 306
90 61
90 99
90 75
90 82
90 98
90 74
90 258
90 48
90 300
90 220
90 59
76 0
159 204
159 249
225 223
186 199
200 254
130 25
122 299
33 269
33 300
28 223
28 121
60 204
279 299
279 49
279 228
318 317
318 204
249 204
58 254
40 80
79 295
284 133
75 269
307 223
223 121
50 133
64 26
53 280
242 234
269 274
269 93
269 300
4 26
97 306
160 204
26 280
82 274
295 161
300 74
317 204
259 0
0 106
204 222
204 63
306 59
