279 7
252 215
252 189
223 307
223 127
223 225
263 304
263 7
6 284
202 128
202 209
53 280
108 104
108 241
108 209
108 315
230 269
269 274
269 93
269 33
269 75
269 59
269 300
103 160
143 186
143 220
152 180
116 253
116 278
116 173
300 93
300 262
300 33
317 160
208 28
175 11
194 80
281 82
90 167
133 134
232 33
120 184
267 79
267 283
127 307
63 160
217 59
113 131
278 236
189 25
186 98
16 2
16 132
314 284
314 132
259 0
0 214
93 59
283 79
159 160
2 284
2 132
60 160
160 249
299 209
173 253
40 80
134 284
134 132
161 284
284 132
