6 161
6 218
6 85
203 161
57 116
261 161
202 299
202 108
108 241
174 53
174 298
120 161
230 269
230 93
230 33
230 90
103 160
143 150
143 186
143 90
30 26
97 90
116 270
81 28
81 226
51 80
267 161
250 279
250 7
250 242
112 161
112 3
194 80
281 150
281 90
90 15
90 183
90 23
90 186
90 150
90 264
90 93
90 262
90 33
90 199
90 39
90 274
90 167
90 77
90 306
90 99
90 75
90 82
90 98
90 74
90 300
90 258
90 48
90 43
90 220
90 88
110 161
186 98
186 199
127 223
240 161
240 3
159 249
257 161
225 180
288 233
16 161
16 284
16 134
50 133
50 161
17 161
301 299
301 117
78 79
78 161
78 283
33 269
145 161
3 161
139 279
2 161
2 132
28 26
28 208
28 223
28 12
28 18
60 160
269 274
269 93
269 75
269 300
279 7
279 299
279 234
249 160
311 161
40 80
69 298
80 255
79 161
284 161
284 132
132 161
132 238
223 53
238 161
305 242
15 150
242 234
242 193
71 161
286 126
313 214
317 160
160 63
74 300
133 161
27 161
295 161
209 299
300 262
134 161
314 161
38 161
0 214
184 161
266 161
310 161
218 161
85 161
161 283
