6 314
24 252
138 11
138 175
176 223
202 135
108 299
231 78
231 238
215 252
284 16
143 90
75 269
253 173
253 278
116 135
116 270
81 28
51 291
51 80
285 28
10 86
194 40
194 291
194 80
281 90
90 230
90 306
78 21
78 145
159 204
159 249
225 26
252 135
252 86
246 58
16 2
16 132
16 238
200 58
277 25
293 26
122 37
301 58
301 45
263 241
33 274
33 269
230 269
230 220
230 306
269 274
269 93
269 300
279 135
279 299
279 228
173 270
173 242
173 278
58 52
58 254
58 193
58 45
58 83
58 270
40 291
40 80
135 228
135 299
135 234
135 242
80 255
79 50
162 241
223 26
223 69
53 28
9 208
221 86
97 306
317 204
208 307
74 300
45 299
45 83
38 283
28 280
204 222
295 161
234 299
234 228
306 59
