24 252
57 116
202 209
202 116
108 299
230 143
230 93
230 183
111 288
135 279
30 26
253 116
116 13
116 173
291 40
291 80
51 80
21 145
7 158
7 279
7 144
7 263
184 295
194 40
194 80
281 183
28 151
28 18
112 314
120 132
151 152
151 280
256 18
159 204
225 26
189 279
16 238
130 35
183 143
183 74
301 299
33 93
3 133
2 238
118 279
118 299
304 299
58 52
134 133
80 255
85 133
279 209
279 228
279 299
279 242
279 278
132 133
132 314
132 238
252 10
252 299
152 26
284 133
284 238
101 299
136 309
97 306
208 26
208 18
45 299
69 26
38 161
298 26
280 26
295 161
307 26
12 26
306 59
228 299
299 83
18 26
