202 158
202 209
202 128
108 299
215 252
1 26
103 160
75 269
253 116
253 278
116 13
116 278
116 173
300 33
300 269
51 291
285 28
267 50
104 13
104 164
184 295
194 80
194 291
281 82
281 90
196 26
151 28
234 299
258 66
159 160
225 223
225 18
279 118
279 189
279 299
279 7
252 299
252 10
4 26
16 2
16 132
28 53
158 250
183 93
301 299
263 172
263 304
263 260
263 236
33 269
145 21
2 132
60 160
118 299
50 133
50 283
200 52
40 80
134 133
134 284
134 38
134 132
304 299
132 314
53 280
242 250
242 173
269 230
269 274
269 93
101 299
152 280
238 266
317 160
208 307
249 160
228 299
228 278
13 278
209 299
69 307
278 173
278 236
38 161
298 109
307 26
160 63
299 83
