24 252
112 38
202 116
108 299
103 160
143 183
143 186
97 262
300 262
51 40
51 80
285 251
7 279
7 144
7 94
184 161
184 295
194 80
281 183
232 262
151 152
151 280
159 204
159 160
159 318
252 299
246 58
16 2
183 33
183 82
25 130
25 35
301 58
301 299
33 274
145 21
145 161
2 284
2 132
2 238
60 63
60 160
118 299
279 299
173 242
58 52
58 254
58 193
58 45
58 200
58 83
58 270
40 80
40 291
80 255
278 13
278 136
284 132
304 299
200 254
242 250
142 152
101 299
221 86
317 160
208 307
249 160
175 11
160 222
160 318
160 63
298 26
228 299
45 299
306 59
299 83
