6 231
24 252
112 231
112 38
202 299
108 299
231 284
231 16
231 38
231 71
231 218
231 314
231 283
231 85
231 295
231 145
231 3
231 238
231 2
231 267
231 184
231 133
231 310
231 50
231 120
231 311
231 266
231 27
231 161
231 134
231 240
231 79
231 78
231 257
231 132
230 232
230 183
230 82
230 306
230 90
103 204
143 90
253 116
116 47
116 173
81 28
81 142
15 90
21 145
267 184
7 144
7 118
7 279
7 164
7 304
7 94
184 134
281 264
281 90
90 23
90 186
90 183
90 264
90 93
90 262
90 33
90 97
90 199
90 39
90 274
90 150
90 77
90 306
90 99
90 75
90 82
90 98
90 74
90 258
90 48
90 300
90 220
159 204
225 9
279 13
279 252
279 139
279 135
279 299
279 189
279 242
279 278
189 57
16 284
130 25
25 241
25 57
25 139
76 0
3 85
28 12
60 204
249 204
79 161
132 314
242 228
305 105
221 86
228 299
317 204
86 10
38 283
204 222
204 318
204 63
222 63
