24 252
57 135
57 116
57 35
202 158
202 209
108 299
174 195
174 298
230 33
230 90
103 159
143 90
253 13
253 116
116 270
116 35
116 173
291 40
291 194
291 80
15 90
267 27
7 25
7 144
184 310
184 120
194 190
281 90
90 183
90 23
90 186
90 150
90 264
90 93
90 262
90 33
90 97
90 199
90 39
90 274
90 167
90 77
90 306
90 99
90 75
90 82
90 98
90 74
90 300
90 258
90 48
90 43
90 220
90 88
120 283
189 279
16 284
28 12
28 81
25 135
25 279
299 252
299 301
299 228
299 118
299 279
299 101
299 83
299 304
3 314
3 38
173 242
278 279
279 309
279 239
279 242
284 314
71 283
26 81
93 300
233 72
300 74
274 75
228 83
