191 26
24 86
57 25
57 193
57 35
6 85
6 284
202 158
202 209
202 116
108 299
174 26
230 269
230 93
230 306
230 90
284 3
143 90
30 26
152 26
116 253
116 173
291 40
15 90
285 26
267 50
267 145
104 52
184 161
194 40
194 80
281 90
90 23
90 186
90 183
90 264
90 93
90 262
90 33
90 97
90 199
90 39
90 274
90 150
90 77
90 306
90 99
90 75
90 82
90 98
90 74
90 258
90 48
90 300
90 220
90 88
120 161
256 26
127 26
127 307
127 298
159 204
225 26
225 223
307 26
307 18
25 135
25 35
25 242
25 139
301 149
33 269
33 93
33 300
145 161
145 21
28 223
117 45
269 274
269 93
269 75
269 300
86 10
40 80
302 216
69 26
223 26
64 26
53 26
9 26
4 26
305 105
180 26
180 18
39 48
208 26
82 300
81 26
220 48
183 300
298 26
93 300
262 300
280 26
295 161
12 26
306 59
121 26
18 26
