57 116
202 128
202 116
186 90
255 80
242 250
242 173
120 134
230 274
230 306
230 269
230 33
230 75
230 97
269 274
269 93
269 33
269 75
269 300
103 204
204 317
204 60
204 160
204 222
204 318
204 63
204 159
204 249
204 303
27 184
253 116
152 26
300 262
309 7
267 79
241 83
194 80
250 272
250 173
250 279
250 278
228 279
116 13
116 173
45 58
45 52
45 270
45 207
45 193
45 254
45 144
45 200
45 83
45 301
159 249
291 80
279 7
51 80
288 233
81 26
79 161
233 70
262 74
262 183
164 304
145 3
52 200
183 74
200 58
40 80
