191 256
276 273
24 86
57 135
57 270
57 108
57 116
6 50
202 299
202 241
202 116
108 104
108 241
108 315
230 41
230 274
230 93
230 306
230 90
230 75
230 97
230 183
230 59
1 256
143 183
143 90
30 151
30 26
30 223
30 64
30 280
30 152
30 69
30 81
152 81
116 253
116 173
291 40
15 90
183 300
183 90
267 161
104 52
184 161
194 80
281 90
90 23
90 186
90 264
90 269
90 93
90 262
90 33
90 97
90 199
90 39
90 274
90 150
90 77
90 306
90 61
90 99
90 75
90 82
90 98
90 258
90 48
90 300
90 220
90 59
120 161
120 38
151 280
127 18
159 204
159 249
86 10
86 221
86 47
94 7
252 135
252 279
252 299
200 52
200 45
50 38
226 81
273 70
273 233
273 72
307 180
41 274
41 93
41 33
41 75
41 300
301 58
78 283
33 93
33 300
145 21
145 161
139 25
28 26
28 208
28 12
117 101
60 317
60 249
279 7
279 242
228 47
58 162
58 83
40 80
135 299
79 161
7 243
278 236
223 280
4 12
305 234
74 300
35 253
254 52
193 52
38 161
38 283
93 274
270 52
262 300
173 253
