6 112
112 50
112 219
112 231
202 116
108 104
108 241
108 209
108 315
230 90
103 204
143 90
75 93
75 90
253 116
253 173
116 173
318 204
15 90
21 145
267 161
7 279
184 161
184 132
281 258
281 183
281 90
121 28
121 223
121 26
121 81
99 90
120 132
151 152
240 2
258 90
258 262
159 204
159 249
94 278
186 90
200 254
23 90
307 9
307 18
78 132
33 90
145 161
114 299
28 180
28 26
28 223
60 204
269 90
279 135
279 278
279 242
279 228
249 204
61 90
27 132
134 132
79 132
85 161
85 38
284 161
284 132
50 161
50 38
53 280
242 173
178 164
136 278
97 90
199 90
39 90
208 18
77 90
160 204
74 90
82 90
300 93
300 90
300 262
220 90
317 204
183 90
38 161
264 90
93 90
262 90
204 222
204 63
274 90
150 90
306 90
90 98
90 48
90 59
