191 26
112 6
112 219
176 223
174 26
230 269
230 306
1 256
1 12
103 204
111 288
291 51
135 279
30 26
152 26
152 298
116 253
116 278
116 173
300 269
300 93
300 33
285 26
7 279
121 26
120 71
151 280
256 26
256 127
127 26
127 18
159 317
159 204
225 223
279 278
252 86
186 199
16 161
200 58
200 270
200 254
200 45
200 250
200 83
25 130
25 234
301 45
33 269
33 274
144 45
145 161
145 21
2 132
117 45
60 204
269 274
269 93
269 75
86 10
58 162
58 45
40 80
134 133
134 284
134 132
79 161
223 26
50 38
64 26
53 26
9 26
4 26
101 13
180 26
317 204
208 26
249 204
38 161
160 204
295 161
45 52
45 270
45 207
45 193
45 254
45 83
63 204
81 26
69 26
278 236
164 104
298 26
0 106
93 90
104 52
204 222
204 318
280 26
307 26
12 26
18 26
