223 28
57 58
57 116
64 28
131 113
202 128
53 280
108 209
242 299
242 114
71 120
230 33
230 93
230 90
9 28
1 28
103 160
143 183
143 90
30 28
253 116
253 173
116 270
116 173
116 234
116 278
81 28
317 160
285 12
208 28
7 279
194 80
194 291
281 90
121 28
232 33
232 262
120 132
82 90
13 279
256 28
267 161
127 28
63 160
159 160
69 28
189 135
189 279
60 160
277 135
4 28
16 3
27 132
28 12
28 18
28 307
28 26
28 280
264 90
25 135
262 300
300 33
33 274
145 161
2 132
274 75
160 249
90 75
40 80
79 161
161 284
