6 219
6 112
6 132
112 219
112 284
112 132
202 116
108 299
231 132
230 274
230 306
230 90
135 242
253 116
116 173
81 28
81 142
285 28
267 161
267 50
267 184
267 145
267 132
10 252
184 310
184 132
194 40
281 82
281 90
90 274
219 284
120 132
151 152
256 208
240 132
78 79
78 132
159 204
159 249
257 132
225 208
252 279
16 2
16 284
16 132
16 238
130 25
259 0
25 7
33 274
145 21
145 132
3 132
2 238
2 132
28 307
28 18
28 208
50 133
50 161
50 38
50 132
200 254
311 132
291 40
291 80
27 132
134 132
80 40
79 132
85 132
279 7
279 242
132 284
132 38
132 71
132 218
132 314
132 283
132 295
132 238
132 133
132 310
132 266
132 161
284 161
284 238
186 199
9 26
13 278
45 83
183 262
44 310
38 283
295 310
