191 28
24 252
292 280
176 28
176 223
202 108
108 299
108 241
174 28
230 269
230 306
230 90
230 33
230 217
230 82
1 28
135 241
30 151
30 28
152 151
152 28
81 28
81 142
51 40
51 80
285 28
267 79
267 161
7 158
7 279
7 144
7 250
184 295
184 132
194 80
90 306
232 33
3 16
256 28
127 28
252 299
141 28
4 28
200 254
307 28
25 279
301 299
301 83
33 269
33 183
33 274
33 300
159 204
28 298
28 64
28 53
28 223
28 180
28 208
28 12
28 121
28 18
28 26
28 9
117 45
269 274
269 93
269 75
269 300
118 299
279 13
279 228
279 299
279 278
318 204
40 80
70 235
47 228
80 255
79 161
304 299
101 299
221 86
97 306
82 183
82 220
13 228
295 161
45 299
283 161
204 222
306 59
228 299
266 161
299 83
