276 273
24 86
138 11
57 108
57 234
176 223
202 108
202 116
108 104
108 299
108 241
108 315
155 157
215 252
143 186
30 26
253 116
116 35
116 234
116 173
291 40
51 40
21 145
267 145
267 161
267 79
267 184
7 279
7 200
7 94
7 243
194 40
90 262
112 161
173 234
151 280
151 54
159 204
159 249
252 299
252 221
186 98
186 48
186 220
186 199
244 87
273 70
273 233
273 72
293 187
25 135
25 279
299 279
3 50
3 283
230 183
230 306
117 45
279 135
279 200
279 162
279 234
279 242
200 52
266 132
47 86
47 228
135 242
79 50
132 133
132 134
223 28
53 280
180 152
221 86
317 204
81 28
86 10
262 183
52 83
