6 314
6 112
6 50
6 219
6 231
6 132
138 11
138 175
57 116
176 223
202 117
202 200
202 47
202 164
202 35
270 45
230 41
230 183
230 281
230 90
284 133
284 2
284 219
284 132
143 183
253 116
116 173
300 41
300 74
300 183
300 262
267 79
267 161
267 78
267 132
10 252
112 219
112 132
194 40
194 291
281 183
90 183
120 132
184 132
151 280
151 54
256 127
127 293
240 132
78 50
78 132
159 204
257 132
225 223
225 18
4 12
16 132
41 274
41 93
41 33
41 75
301 45
144 45
145 132
3 161
3 132
2 132
28 26
60 222
279 7
279 164
200 58
200 193
200 45
311 132
58 83
58 45
106 0
40 291
70 233
135 35
79 161
79 132
85 133
85 132
218 132
35 25
50 132
132 38
132 231
132 314
132 283
132 295
132 238
132 161
132 133
132 310
132 266
132 27
132 71
132 134
180 152
134 38
305 105
45 52
45 207
45 193
45 254
45 83
278 236
219 314
298 307
298 12
243 7
52 83
