6 112
24 252
24 221
24 131
202 116
147 279
231 134
230 274
230 93
230 183
230 306
230 90
1 28
103 204
103 159
111 288
143 232
143 90
30 28
152 151
116 253
116 173
291 51
291 80
15 90
285 28
267 50
241 279
194 80
281 150
281 183
281 90
121 28
99 90
232 183
256 18
256 127
127 18
258 90
217 90
169 90
225 223
189 279
141 28
288 233
16 238
200 83
158 279
158 299
108 299
23 90
183 274
183 90
25 279
301 83
263 279
309 279
33 75
33 90
144 83
145 21
28 307
28 223
28 12
28 64
28 18
28 208
28 26
28 4
28 280
28 69
28 81
117 279
117 101
269 90
279 252
279 242
279 104
279 305
279 135
279 250
279 228
279 299
279 13
279 209
279 7
279 315
279 304
279 278
61 90
58 83
10 252
40 51
40 80
161 78
161 295
161 38
80 51
80 255
79 50
7 122
7 228
284 132
75 90
252 299
223 307
223 18
50 38
186 98
186 90
71 283
9 18
4 18
305 299
101 13
97 306
97 90
199 90
39 90
208 18
249 204
304 178
82 90
45 83
220 90
254 83
193 83
38 78
264 90
307 18
93 306
93 90
104 178
262 90
300 90
234 228
52 83
274 90
150 90
12 18
306 59
306 90
90 98
90 48
83 270
