191 26
24 10
57 279
57 116
6 50
176 223
31 279
108 299
155 157
230 274
230 183
230 306
230 90
103 204
103 160
143 90
75 90
253 279
253 116
116 270
116 279
291 40
291 194
291 80
51 80
183 90
267 161
267 145
7 279
7 144
7 263
194 80
281 99
281 90
90 15
90 23
90 186
90 264
90 269
90 93
90 262
90 33
90 97
90 199
90 39
90 274
90 150
90 306
90 61
90 99
90 169
90 82
90 98
90 258
90 48
90 300
90 220
120 137
256 293
127 223
159 248
159 317
159 204
245 157
189 279
186 98
16 238
50 38
28 223
28 81
290 13
290 250
23 93
293 26
259 0
41 59
78 161
33 300
144 279
145 21
158 83
60 204
279 252
279 35
279 173
279 299
279 228
279 242
279 13
279 241
279 101
279 135
279 278
200 254
47 228
135 278
80 255
79 161
89 216
284 161
299 252
299 242
252 221
223 81
53 280
242 173
244 204
97 59
249 248
249 204
250 162
228 13
318 204
13 234
87 248
87 204
317 204
38 137
204 222
204 160
204 248
204 63
306 59
