6 219
6 112
6 231
138 11
138 175
57 173
176 223
108 299
174 280
230 41
230 183
230 281
230 306
230 90
230 143
230 82
284 2
143 186
143 90
253 13
253 116
253 173
116 13
116 173
291 51
15 90
267 79
164 7
194 40
281 90
90 23
90 186
90 183
90 264
90 269
90 93
90 262
90 33
90 97
90 199
90 39
90 274
90 150
90 77
90 306
90 61
90 99
90 75
90 82
90 98
90 258
90 48
90 300
90 220
90 59
256 127
159 204
225 53
225 223
94 7
252 319
252 10
246 58
200 52
200 58
200 270
200 254
200 45
200 250
200 83
183 48
41 274
41 93
41 33
41 75
41 300
301 58
92 196
139 173
2 132
279 13
279 7
279 173
279 135
279 243
279 242
173 241
173 35
173 228
173 13
173 47
173 135
173 178
173 250
173 49
58 52
58 254
58 193
58 45
58 83
58 270
40 80
161 79
161 50
47 13
47 228
135 242
7 243
278 228
50 38
50 78
53 280
13 228
306 59
18 26
