191 208
191 293
24 279
24 86
112 6
202 108
202 116
230 41
230 274
230 306
230 90
230 33
230 39
230 220
103 204
111 288
143 186
143 90
75 41
75 274
75 90
253 116
253 173
116 278
116 173
300 41
300 33
300 90
15 90
21 145
267 145
267 283
10 252
10 221
10 86
194 80
281 183
281 125
281 90
90 23
90 186
90 183
90 264
90 269
90 93
90 262
90 33
90 97
90 199
90 39
90 274
90 150
90 77
90 306
90 61
90 99
90 169
90 82
90 98
90 258
90 48
90 220
232 33
232 262
120 137
120 161
120 134
151 152
186 199
159 317
159 204
94 58
252 319
252 221
141 28
50 38
28 26
28 53
122 158
41 274
41 93
41 33
263 117
33 274
139 279
2 133
2 284
2 134
2 132
158 279
60 204
180 26
180 152
180 208
304 178
200 58
249 204
266 132
40 80
161 78
161 284
47 86
135 299
80 51
80 255
279 7
132 133
132 284
132 134
284 134
242 250
4 12
134 38
134 133
244 204
221 86
97 306
160 204
318 204
137 38
87 204
317 204
204 222
204 248
204 63
12 18
306 59
