191 28
24 252
24 221
57 108
6 85
176 28
202 116
108 104
108 315
108 234
108 241
108 250
108 94
174 28
215 252
1 28
103 204
143 90
30 28
152 28
116 278
116 253
116 173
291 194
291 80
15 90
285 28
267 79
7 279
7 144
112 3
194 40
194 80
281 230
281 90
90 23
90 186
90 183
90 264
90 230
90 269
90 93
90 262
90 33
90 97
90 199
90 39
90 274
90 150
90 77
90 306
90 61
90 99
90 169
90 75
90 82
90 98
90 258
90 48
90 300
90 220
90 59
120 310
127 28
127 307
127 223
159 317
159 204
159 249
159 248
113 234
252 279
186 199
16 2
50 161
50 38
28 4
28 298
28 64
28 53
28 187
28 307
28 223
28 180
28 280
28 81
28 208
28 12
28 9
28 18
28 26
28 293
273 70
273 72
25 35
222 204
222 244
145 21
145 310
3 284
114 299
114 242
230 183
230 82
230 75
117 45
60 204
279 135
279 299
279 304
279 234
249 204
40 80
70 216
79 161
242 299
26 4
244 248
244 204
244 87
244 63
160 204
74 262
318 317
318 204
87 204
35 234
317 204
204 248
204 63
234 253
274 150
248 63
