6 3
24 86
57 25
176 223
108 94
274 90
230 90
97 90
284 112
204 159
143 90
75 90
253 279
300 74
300 262
300 90
15 90
21 145
10 86
112 3
194 51
194 255
194 291
281 90
121 28
99 90
120 310
120 132
184 3
151 152
258 98
258 90
159 248
159 317
159 63
225 223
252 279
252 221
252 86
16 3
50 3
50 38
277 25
23 90
183 90
41 59
301 200
301 83
301 45
263 7
78 3
33 90
144 45
3 133
3 219
3 132
114 242
2 132
28 26
28 18
117 101
304 279
200 58
200 52
200 270
200 254
200 193
200 45
200 83
61 90
58 162
58 45
40 80
47 86
7 279
186 98
186 90
242 299
269 90
305 221
221 299
221 209
221 86
199 90
39 90
77 90
82 90
45 52
45 270
45 254
45 193
45 83
220 90
278 236
254 52
264 90
93 90
262 90
295 161
150 98
150 90
12 18
306 90
228 86
310 161
90 98
90 48
90 59
