191 26
276 273
24 86
6 231
176 223
202 128
202 299
202 45
108 299
155 157
215 252
103 159
143 90
75 41
75 274
75 90
97 90
291 51
291 194
291 80
15 90
183 281
183 90
7 52
7 279
7 263
184 240
281 90
90 23
90 186
90 150
90 264
90 230
90 269
90 93
90 262
90 33
90 199
90 39
90 274
90 306
90 61
90 99
90 169
90 82
90 98
90 258
90 48
90 300
90 220
107 244
120 161
120 310
120 38
256 127
127 223
159 204
245 157
252 279
252 86
4 12
200 52
158 279
273 70
273 233
307 208
41 230
41 274
41 93
41 33
41 59
41 300
263 279
309 279
33 230
145 21
230 262
230 306
117 279
304 279
10 86
40 80
47 86
47 228
135 279
315 279
315 241
284 38
279 189
279 211
279 305
279 242
279 241
279 25
279 104
279 250
279 228
279 299
279 13
279 209
279 278
223 12
223 69
223 26
255 51
244 87
244 248
305 278
101 250
221 86
26 69
295 161
300 74
38 283
81 28
28 12
