276 273
24 319
112 284
202 209
230 274
230 33
230 82
230 306
230 90
103 204
143 90
97 306
97 90
300 90
15 90
183 90
10 252
10 86
184 161
184 3
184 132
194 80
281 90
90 23
90 186
90 264
90 269
90 93
90 262
90 33
90 199
90 39
90 274
90 150
90 77
90 306
90 61
90 99
90 169
90 75
90 82
90 98
90 258
90 48
90 220
107 244
107 63
120 78
159 248
159 204
159 317
252 221
104 52
16 238
277 25
273 70
273 233
307 208
25 35
145 21
2 284
2 238
2 132
244 87
244 204
244 318
60 204
50 161
50 38
318 204
58 193
40 80
47 86
135 299
80 51
80 255
132 238
284 161
284 38
284 238
186 199
242 299
221 86
253 173
160 204
128 299
228 86
228 234
82 274
13 278
87 204
88 274
317 204
38 161
243 234
249 204
204 222
204 248
204 63
295 161
299 83
