24 252
24 131
112 85
176 223
202 116
202 101
174 28
231 132
230 39
230 274
230 183
230 306
230 281
230 15
230 232
230 82
230 41
230 93
230 143
230 33
230 42
1 28
284 79
284 27
284 132
30 28
253 116
253 173
116 173
81 28
285 28
267 79
267 3
7 279
7 144
7 263
184 50
184 145
184 120
184 3
281 258
232 82
120 161
127 28
159 204
159 249
159 244
274 33
274 93
274 41
252 10
141 28
4 28
50 38
28 12
28 9
28 64
28 53
28 18
28 208
28 307
28 26
28 223
28 180
28 280
28 298
293 187
122 277
41 93
41 33
41 75
41 300
301 83
78 3
33 93
144 279
145 21
145 3
114 83
244 248
244 204
244 249
244 60
244 222
244 318
244 87
244 63
118 279
304 178
173 242
291 40
291 80
266 132
40 80
134 132
135 242
85 132
279 242
132 133
223 307
223 69
101 236
219 314
249 204
87 63
300 93
35 25
38 283
204 248
204 205
25 130
