191 28
24 252
112 3
112 132
6 133
6 3
6 132
176 28
202 299
202 116
174 28
231 266
231 3
231 132
215 252
195 28
1 28
103 204
143 90
30 28
152 28
116 173
291 80
15 90
285 28
267 2
267 79
267 145
267 3
267 132
104 52
184 3
184 132
281 90
90 23
90 186
90 183
90 264
90 230
90 269
90 93
90 262
90 33
90 97
90 199
90 39
90 274
90 150
90 77
90 306
90 61
90 99
90 169
90 75
90 82
90 98
90 258
90 48
90 300
90 220
90 59
232 230
120 3
120 132
256 28
127 28
240 3
240 132
159 204
159 63
225 28
252 279
141 28
141 298
16 2
16 284
16 132
16 238
50 79
50 132
28 4
28 298
28 64
28 53
28 187
28 208
28 307
28 223
28 180
28 280
28 81
28 293
28 12
28 9
28 121
28 18
28 26
28 251
28 69
41 230
41 274
41 93
41 33
41 75
41 300
78 3
78 132
33 300
145 21
145 3
145 132
3 38
3 71
3 161
3 219
3 295
3 238
3 2
3 133
3 310
3 311
3 266
3 27
3 134
3 79
3 85
3 132
3 257
3 283
2 133
2 132
230 274
230 183
230 306
230 93
60 204
257 132
279 309
279 189
200 52
200 193
266 133
266 132
40 80
161 79
161 295
161 132
47 250
47 228
79 132
85 133
85 132
284 133
284 132
132 38
132 218
132 314
132 71
132 295
132 238
132 310
132 311
132 133
132 27
132 134
132 283
53 280
242 250
242 173
244 87
244 204
180 18
180 26
97 306
208 18
160 204
26 280
133 134
133 115
318 204
82 274
87 317
87 204
317 204
38 283
249 204
204 222
204 248
204 63
173 253
63 73
