6 85
6 219
6 284
6 132
276 273
24 252
24 86
57 130
57 270
57 49
57 116
176 223
202 299
202 116
155 157
230 41
230 274
230 183
230 82
230 90
103 204
103 160
111 273
143 90
97 90
116 253
116 49
116 173
291 40
291 194
15 90
285 28
267 161
267 132
10 86
184 161
184 132
194 80
281 258
281 90
90 23
90 186
90 183
90 264
90 269
90 93
90 262
90 33
90 199
90 39
90 274
90 150
90 77
90 306
90 61
90 99
90 75
90 82
90 98
90 258
90 48
90 300
90 220
90 59
112 219
112 132
120 132
173 253
173 278
186 199
240 132
159 248
159 204
159 160
257 132
189 234
53 28
16 132
50 132
158 279
273 302
273 70
273 233
273 72
273 89
273 288
307 223
41 274
41 93
41 33
41 75
41 59
41 300
301 45
263 7
78 132
33 300
144 45
145 21
145 283
145 38
145 161
145 3
145 132
3 132
2 132
117 252
60 204
60 160
279 13
279 7
279 228
279 243
279 234
200 193
200 45
249 204
249 160
58 45
266 132
47 86
47 228
80 255
79 132
7 243
284 132
132 38
132 231
132 218
132 314
132 283
132 85
132 295
132 238
132 161
132 133
132 310
132 311
132 27
132 71
132 134
185 157
252 86
252 234
223 18
255 51
244 204
244 160
304 228
160 317
160 222
160 318
160 248
160 63
160 87
160 204
318 204
45 52
45 270
45 254
45 193
45 83
87 204
300 183
183 262
317 204
122 234
25 234
204 222
204 248
204 63
250 234
161 310
