276 273
24 319
57 25
176 223
202 117
202 104
202 209
108 101
231 134
230 41
230 183
230 306
230 90
230 33
230 232
137 50
143 183
143 90
97 59
97 306
97 90
291 51
291 80
51 40
51 80
51 255
183 281
183 90
183 33
183 264
183 82
267 50
104 118
281 90
90 15
90 23
90 186
90 150
90 264
90 269
90 93
90 262
90 33
90 199
90 39
90 274
90 306
90 61
90 99
90 169
90 75
90 82
90 98
90 258
90 48
90 300
90 220
232 82
120 161
127 293
159 317
86 10
252 10
252 221
252 101
16 3
50 3
50 38
158 299
158 101
273 216
273 70
273 233
187 81
41 274
41 93
41 33
41 75
41 300
301 58
301 45
263 101
33 75
144 52
144 45
145 21
3 219
28 223
28 69
28 81
117 45
118 279
279 13
279 253
279 7
279 242
200 45
249 204
58 52
58 45
79 161
75 274
75 59
223 18
223 81
282 286
242 13
242 173
180 18
244 87
305 101
101 45
101 299
77 150
318 63
45 52
45 254
45 193
45 83
45 270
63 204
63 73
0 106
295 161
