191 28
191 293
276 273
24 279
57 25
176 28
176 187
176 30
202 116
174 28
230 300
230 274
230 232
230 306
230 90
195 28
1 28
97 90
111 273
143 90
30 28
30 223
30 121
30 64
30 187
30 151
30 26
30 280
30 152
30 69
30 81
253 13
253 116
253 173
116 13
116 173
291 194
15 90
285 28
267 79
267 161
267 145
10 221
10 86
184 161
194 40
194 80
281 90
90 23
90 186
90 183
90 264
90 269
90 93
90 262
90 33
90 199
90 39
90 274
90 150
90 77
90 306
90 61
90 99
90 169
90 75
90 82
90 98
90 258
90 48
90 300
90 220
107 244
232 33
120 284
256 28
186 220
127 28
159 87
159 204
161 284
161 38
161 79
161 50
86 221
86 47
252 279
252 122
252 234
104 52
104 178
141 28
53 28
200 45
226 81
158 279
273 216
273 302
273 70
273 233
273 72
273 89
273 288
293 28
293 187
187 28
41 59
299 135
299 114
299 228
301 45
33 93
33 82
144 45
145 21
114 242
2 284
2 132
28 4
28 298
28 64
28 9
28 251
28 180
28 280
28 223
28 81
28 208
28 12
28 121
28 18
28 307
28 26
28 69
117 279
60 87
60 204
249 87
249 204
58 162
58 45
40 80
47 13
47 228
135 25
79 50
79 38
278 13
50 38
244 87
244 204
244 63
101 13
101 234
180 18
304 228
160 204
277 25
228 13
318 87
318 204
45 52
45 270
45 254
45 193
45 83
87 317
87 63
87 222
87 248
87 204
63 204
63 222
69 307
35 25
317 204
183 300
254 7
130 25
7 52
204 222
204 248
204 103
274 75
18 26
