6 218
24 86
176 28
176 69
202 209
215 252
143 90
75 274
75 59
75 90
253 279
253 116
253 173
116 173
300 93
300 262
300 90
51 255
51 80
183 90
267 79
241 189
241 162
281 150
281 169
281 90
90 15
90 23
90 186
90 150
90 264
90 230
90 269
90 93
90 262
90 33
90 97
90 199
90 39
90 274
90 306
90 61
90 99
90 169
90 82
90 98
90 258
90 48
90 220
107 159
256 127
127 28
127 293
159 204
159 318
225 223
189 25
104 164
186 98
50 38
28 26
28 223
187 223
187 81
25 139
78 161
33 230
33 93
144 7
145 21
3 85
3 27
230 274
230 93
230 220
230 59
117 10
304 86
173 242
10 86
10 296
40 80
302 72
70 233
47 86
135 49
135 242
279 242
252 86
252 228
223 69
223 298
53 280
53 298
242 250
9 26
180 18
221 86
97 59
39 220
249 248
249 204
249 318
318 204
87 63
220 306
219 314
307 18
262 306
204 73
306 59
