276 273
57 35
176 28
176 223
202 116
174 298
230 41
230 82
230 90
1 28
103 204
143 90
30 26
30 28
97 90
116 253
116 299
116 173
291 40
291 80
15 90
183 90
267 161
104 279
184 3
194 40
194 80
281 90
90 23
90 186
90 264
90 269
90 93
90 262
90 33
90 199
90 39
90 274
90 150
90 77
90 306
90 61
90 99
90 169
90 75
90 82
90 98
90 258
90 48
90 300
90 220
107 248
120 137
120 161
256 28
127 28
127 307
258 82
159 204
200 254
158 250
9 28
273 70
273 233
307 28
307 223
41 274
41 93
41 33
41 75
41 300
78 161
33 300
145 2
145 161
145 21
3 79
28 4
28 12
28 64
28 121
28 18
28 208
28 26
28 223
28 180
28 280
28 69
28 81
60 204
118 279
279 7
279 228
279 304
279 253
279 234
228 49
228 86
249 204
58 254
266 132
40 80
80 51
80 255
79 161
79 50
284 132
132 133
223 81
50 161
53 298
180 18
244 87
244 204
39 82
160 204
318 204
295 38
87 248
87 204
87 222
87 63
35 25
317 204
312 250
283 161
204 222
204 248
204 63
25 130
