191 26
191 256
24 86
6 219
176 26
202 128
174 26
215 252
103 204
103 160
135 49
30 26
152 26
116 253
116 35
116 173
81 26
81 28
51 40
51 291
51 255
51 80
285 28
285 53
285 26
267 50
10 252
10 86
194 40
281 150
281 169
281 90
121 26
232 230
120 71
256 26
256 127
127 26
127 293
78 161
159 204
159 249
169 90
225 53
141 28
4 26
28 69
28 26
273 233
293 26
187 26
41 230
41 274
41 93
41 33
41 75
41 300
263 7
33 230
33 93
144 7
145 21
114 299
2 134
230 274
230 93
230 90
230 300
180 26
162 241
50 38
200 254
40 80
161 295
47 86
315 241
75 274
223 26
64 26
53 26
53 280
53 18
242 250
242 173
9 26
221 86
317 204
208 26
249 204
74 300
318 87
297 26
87 248
87 222
87 63
300 93
300 262
69 26
164 178
298 26
307 26
280 26
12 26
248 63
18 26
