191 307
24 86
57 189
57 202
57 117
202 130
202 304
202 209
202 116
108 299
231 266
230 274
230 90
103 204
103 60
135 279
253 279
253 116
116 173
81 28
81 187
51 80
51 291
21 145
267 161
7 52
7 279
7 162
7 263
184 161
184 240
90 99
90 306
90 82
232 183
127 307
78 79
159 204
159 318
225 28
225 223
279 242
141 298
16 2
16 284
16 132
16 238
28 298
301 83
263 117
145 161
3 50
2 132
244 87
244 204
60 204
162 58
50 38
248 87
248 204
40 291
40 80
47 250
79 161
11 175
75 59
186 98
186 143
221 86
317 204
216 233
208 307
249 204
160 204
82 274
295 161
87 63
87 204
254 52
38 161
204 222
204 318
204 63
280 26
307 18
