276 273
24 252
57 25
57 189
57 202
176 223
202 229
202 130
202 304
174 28
155 157
230 41
230 232
230 306
195 28
1 28
103 204
135 279
30 28
97 59
81 28
51 80
51 291
285 28
267 79
267 161
104 279
184 161
184 132
194 80
194 291
281 183
281 90
121 28
120 137
120 161
151 26
256 28
245 157
127 28
159 204
94 158
189 279
2 284
2 132
141 28
4 28
4 12
158 279
273 216
273 70
273 233
293 26
293 187
41 274
41 93
41 33
41 75
41 300
263 279
33 300
144 7
3 132
213 291
28 298
28 64
28 53
28 9
28 223
28 180
28 280
28 208
28 12
28 18
28 307
28 26
28 251
28 69
117 279
279 252
279 250
279 228
279 299
279 13
279 242
279 25
279 315
279 209
279 305
279 309
279 241
279 304
279 278
200 52
291 255
291 80
266 133
47 228
80 255
79 161
79 132
304 229
304 228
132 314
252 221
53 280
221 228
249 248
249 204
295 161
254 52
38 161
38 283
234 25
306 59
306 90
