191 28
57 202
57 45
6 219
6 134
176 28
202 178
202 304
202 130
108 299
108 241
174 28
231 134
230 183
230 93
230 306
230 90
1 28
284 134
143 90
30 26
30 28
97 90
116 178
116 173
291 194
291 80
51 80
285 28
267 134
7 279
7 263
112 314
112 134
194 40
194 80
281 90
90 15
90 23
90 186
90 183
90 264
90 269
90 93
90 262
90 33
90 199
90 39
90 274
90 150
90 77
90 306
90 61
90 99
90 169
90 75
90 82
90 98
90 258
90 48
90 300
90 220
90 59
311 134
120 184
120 310
120 134
184 134
184 3
127 28
240 134
159 248
159 204
159 318
225 223
94 279
252 221
141 28
288 216
16 134
50 134
130 25
293 28
187 28
187 81
301 83
78 161
78 134
78 38
145 21
145 314
145 134
3 134
114 299
114 242
114 83
2 134
28 4
28 298
28 64
28 53
28 307
28 223
28 180
28 280
28 81
28 208
28 12
28 9
28 18
28 26
60 318
118 279
257 134
279 242
279 278
200 58
200 193
266 134
40 80
161 310
161 134
47 178
47 228
135 242
80 255
79 134
85 134
218 134
75 264
132 134
238 134
53 298
242 173
71 134
134 38
134 314
134 283
134 295
134 133
134 310
134 27
253 178
208 26
21 314
69 121
278 236
38 310
270 178
250 178
173 178
