191 26
191 307
24 252
57 270
215 252
252 296
202 229
53 28
255 194
242 13
230 41
230 306
230 82
103 204
244 318
111 288
101 117
97 59
253 13
253 278
300 41
317 159
216 233
204 87
204 159
204 249
204 318
7 279
184 267
194 40
90 150
90 169
90 23
90 306
90 82
116 13
298 28
263 117
318 159
13 47
13 228
13 290
13 278
256 293
256 127
127 293
295 161
45 229
159 107
35 25
288 70
254 200
38 161
38 283
274 41
274 33
304 178
41 93
41 33
41 75
233 70
25 130
241 162
3 161
3 284
52 200
28 26
200 58
161 284
79 132
