24 252
24 86
176 223
176 225
202 229
202 279
202 116
108 299
174 28
241 189
241 279
215 252
195 28
1 28
103 204
143 183
143 93
143 90
30 28
97 93
97 90
116 253
116 173
291 51
291 255
291 194
291 80
15 90
285 28
267 50
7 279
184 240
281 183
281 90
90 23
90 186
90 150
90 264
90 230
90 269
90 93
90 262
90 33
90 199
90 39
90 274
90 183
90 306
90 61
90 99
90 169
90 75
90 82
90 98
90 258
90 48
90 300
90 220
107 248
232 33
120 161
256 28
256 293
256 127
127 28
127 18
159 204
225 223
252 279
141 28
141 298
288 70
50 79
50 295
28 4
28 298
28 64
28 53
28 9
28 223
28 280
28 81
28 208
28 12
28 121
28 18
28 307
28 26
28 251
28 69
293 18
41 230
41 274
41 93
41 33
41 75
41 300
231 238
75 230
33 274
33 183
33 93
33 300
145 21
3 132
230 183
230 220
230 93
117 279
60 204
304 229
304 279
228 279
135 279
135 242
279 13
279 104
279 250
279 242
279 25
279 305
279 299
251 298
244 87
244 204
253 173
199 183
249 248
249 204
160 204
318 317
318 204
318 73
82 93
295 161
87 204
87 63
183 300
317 204
93 306
93 59
93 300
262 300
300 74
204 222
204 248
204 63
222 248
