191 307
24 86
57 25
202 128
202 116
215 252
137 79
143 90
75 41
75 90
97 90
116 173
116 253
116 228
291 194
291 80
51 80
183 230
183 90
7 162
7 104
7 279
7 263
184 50
184 3
184 120
194 40
194 80
281 90
90 15
90 23
90 186
90 264
90 230
90 269
90 93
90 262
90 33
90 199
90 39
90 274
90 150
90 77
90 306
90 61
90 99
90 169
90 82
90 98
90 258
90 48
90 300
90 220
90 59
107 244
232 33
120 161
120 38
3 16
234 252
234 305
217 150
225 18
252 279
252 221
252 47
50 38
277 25
150 82
41 230
41 274
41 93
41 33
41 300
301 200
76 0
33 230
33 274
33 300
145 314
159 204
159 63
112 38
2 284
130 25
279 228
200 58
200 52
200 270
200 254
200 193
200 45
200 83
249 204
58 162
248 87
248 204
248 63
248 244
40 80
47 86
47 228
135 25
79 38
284 132
299 13
242 228
134 133
134 314
244 87
244 222
244 63
221 86
253 173
253 228
228 13
228 278
87 63
38 161
0 106
10 83
10 86
