276 273
57 135
57 35
108 299
108 241
231 161
215 252
103 204
111 273
143 90
75 269
75 274
75 90
253 173
116 173
291 255
15 90
183 274
183 300
183 281
183 90
267 79
267 161
10 252
10 221
184 161
184 132
194 80
281 90
90 23
90 186
90 150
90 264
90 230
90 269
90 93
90 262
90 33
90 97
90 199
90 39
90 274
90 306
90 61
90 99
90 169
90 82
90 98
90 258
90 48
90 300
90 220
90 59
107 318
120 310
120 132
151 26
151 280
127 223
159 204
189 279
288 273
288 70
50 79
50 283
50 3
28 293
28 223
273 216
273 70
273 233
273 72
273 89
307 208
41 59
263 117
78 161
33 269
33 274
33 300
145 161
145 21
230 269
230 220
117 279
117 299
60 204
60 63
304 7
266 161
40 80
135 279
79 161
79 284
7 279
7 209
7 305
7 228
284 161
284 132
279 299
279 243
279 242
279 234
252 234
223 12
269 274
269 93
269 300
4 12
192 123
305 105
244 87
244 204
249 248
249 204
250 52
318 204
13 234
13 228
295 161
87 204
63 204
63 222
317 204
219 314
38 137
204 160
204 222
204 248
