191 26
276 273
6 219
6 231
176 223
202 158
202 299
202 108
202 116
231 219
230 41
230 183
230 262
230 90
103 204
111 273
143 90
75 41
75 90
253 116
116 173
116 270
116 278
291 40
291 80
15 90
21 145
267 79
267 161
267 295
267 38
10 252
184 161
184 132
194 40
194 80
281 90
90 23
90 186
90 183
90 264
90 269
90 93
90 262
90 33
90 97
90 199
90 39
90 274
90 150
90 77
90 306
90 61
90 99
90 82
90 98
90 258
90 48
90 300
90 220
90 59
120 132
151 280
127 223
159 204
225 223
225 12
113 46
252 299
252 83
252 234
104 279
50 79
50 134
50 38
28 53
273 70
273 233
293 26
41 274
41 93
41 33
41 300
145 38
145 161
2 284
2 132
60 204
118 7
304 279
249 204
58 254
40 80
94 7
135 279
135 242
80 51
80 255
79 161
79 38
7 189
7 305
7 228
7 279
7 241
7 299
7 278
279 299
279 242
132 134
4 12
134 133
134 38
49 35
199 274
160 204
318 204
82 274
295 161
295 310
295 38
87 204
35 25
317 204
254 52
38 161
262 74
204 222
204 63
299 83
