6 284
176 223
202 158
202 209
202 178
202 108
202 116
202 35
230 41
230 274
230 183
230 306
230 90
230 75
103 204
143 90
75 41
75 90
97 90
116 253
116 173
291 194
51 40
21 145
10 86
184 79
281 90
121 28
99 90
120 310
244 87
244 204
244 159
244 63
258 90
159 317
159 204
159 249
225 180
94 252
189 241
288 273
50 38
28 223
150 90
41 274
41 93
41 33
41 300
263 101
78 71
33 274
33 90
145 79
145 132
145 161
60 204
180 18
162 58
279 135
279 7
279 101
279 228
173 253
61 90
106 0
47 86
135 242
79 238
79 71
79 132
284 133
304 228
252 234
223 26
238 71
266 71
186 90
71 283
269 90
268 314
253 241
253 35
199 90
39 90
216 233
77 90
160 204
318 204
82 274
82 90
87 204
63 204
300 183
300 90
220 90
23 90
15 90
317 204
254 52
264 90
93 90
249 204
262 183
262 90
204 222
204 248
274 90
183 90
306 90
299 209
90 98
90 48
90 59
