6 3
6 231
108 299
231 161
230 75
230 306
230 90
103 204
103 159
143 90
253 173
116 173
291 51
291 40
291 194
51 80
285 28
267 79
267 161
267 120
7 279
7 144
184 3
194 40
194 80
281 90
90 15
90 23
90 186
90 150
90 264
90 269
90 93
90 262
90 33
90 97
90 199
90 39
90 274
90 183
90 306
90 61
90 99
90 169
90 75
90 82
90 98
90 258
90 48
90 300
90 220
232 150
120 161
127 26
258 82
159 204
225 28
225 223
252 279
141 28
200 254
16 2
16 132
16 284
16 3
16 238
50 79
28 298
273 70
273 233
122 278
78 161
78 38
33 300
145 21
3 161
3 79
3 85
114 299
244 204
60 204
279 13
279 211
279 228
279 242
11 175
134 133
79 161
79 283
266 161
242 278
97 306
208 307
249 204
160 204
26 69
318 204
82 274
87 204
69 121
278 299
317 204
38 161
307 12
262 74
204 222
204 248
204 63
306 59
