191 1
191 293
276 273
24 252
57 25
57 189
57 117
57 277
57 135
57 130
57 35
57 49
57 139
176 28
176 223
202 108
108 299
174 28
215 252
1 28
103 204
135 25
135 242
135 49
135 277
30 28
30 26
97 230
97 59
116 278
116 173
81 28
51 291
285 28
267 161
267 295
7 279
184 161
184 134
184 132
121 12
99 262
107 248
232 33
120 137
120 132
256 293
256 127
127 28
127 293
127 18
78 161
78 38
78 132
159 204
225 223
252 10
141 28
288 70
288 233
158 234
293 28
187 28
41 230
41 274
41 93
41 33
41 75
41 300
75 59
33 230
33 274
33 300
145 21
145 295
145 161
2 27
230 274
230 306
230 90
180 28
304 178
318 73
291 40
291 255
161 137
161 38
161 79
161 295
134 132
79 132
278 279
278 253
278 173
284 132
279 189
279 299
279 242
279 35
132 27
189 241
223 28
64 28
53 28
242 173
9 28
4 28
244 63
253 173
208 28
249 204
82 90
295 38
69 26
69 28
35 25
254 52
298 28
28 307
28 280
28 12
28 18
28 26
204 248
306 59
248 63
