191 26
57 135
6 50
6 3
176 26
202 209
202 116
174 26
231 283
230 274
230 93
230 306
230 150
230 33
230 75
230 183
230 300
284 3
143 150
30 26
152 26
116 253
116 173
291 194
51 80
285 26
267 79
267 184
267 283
267 3
10 252
184 283
194 80
281 150
121 26
99 150
107 244
120 161
120 283
127 26
240 3
258 150
159 204
169 150
94 252
252 221
252 234
186 150
50 79
50 283
277 25
23 150
293 26
307 26
25 135
25 130
25 189
78 79
78 283
33 150
144 7
145 21
145 283
3 132
3 134
3 38
3 85
3 161
3 112
269 150
279 7
279 228
61 150
249 318
266 283
70 233
135 49
80 255
79 137
79 283
79 38
79 161
75 274
75 150
75 306
223 26
238 283
64 26
53 26
71 283
9 26
4 26
4 12
244 87
244 63
180 26
221 296
97 150
97 306
199 150
39 274
39 150
216 233
208 26
77 150
175 11
133 283
82 150
137 283
137 38
81 26
220 150
69 26
15 150
183 150
314 283
38 283
298 26
264 150
259 0
93 150
283 218
283 161
262 150
300 150
280 26
274 150
150 306
150 98
150 48
150 59
12 26
306 90
306 59
173 253
90 98
18 26
