191 28
276 273
24 252
6 50
176 28
176 223
202 116
174 28
230 41
230 183
230 281
230 306
1 28
103 204
111 273
135 279
135 242
135 45
30 28
152 28
116 253
116 173
81 142
51 40
51 80
285 28
7 309
7 279
194 40
194 291
194 80
90 258
90 186
90 306
186 199
127 28
159 204
159 249
252 279
141 28
288 273
244 204
273 216
273 302
273 70
273 233
273 72
293 28
187 28
41 274
41 93
41 33
41 75
41 300
33 300
145 21
28 4
28 298
28 64
28 53
28 307
28 223
28 180
28 280
28 208
28 12
28 121
28 18
28 26
28 9
60 204
279 25
279 242
228 47
228 45
80 255
85 284
223 121
223 26
97 306
317 204
249 204
160 204
26 69
318 204
82 274
45 299
87 204
262 183
204 222
204 248
204 63
295 161
306 59
