191 307
202 209
108 299
174 141
270 200
215 252
143 183
75 41
75 274
75 230
75 33
116 279
116 241
116 278
300 41
300 33
51 80
285 141
267 79
267 161
267 50
7 279
184 161
194 291
194 80
281 183
281 169
28 293
107 204
232 230
232 33
232 82
78 161
78 38
225 9
94 252
252 10
252 228
252 319
252 279
252 221
252 299
141 53
141 298
141 212
16 2
244 204
122 242
41 230
41 274
41 93
41 33
301 58
301 200
258 82
33 230
33 274
145 161
145 21
158 299
158 279
50 161
200 52
200 58
200 254
200 193
200 45
200 83
271 25
135 25
135 189
135 279
135 277
80 255
79 161
79 284
278 279
279 13
279 299
279 228
279 242
279 234
132 284
189 25
53 280
9 26
305 299
305 105
101 13
230 274
230 220
230 82
13 228
295 161
220 306
35 25
183 93
38 283
104 178
25 241
204 248
234 228
