24 252
57 130
176 223
202 116
108 228
230 41
230 183
230 90
284 2
284 79
143 186
143 77
143 90
30 28
152 151
116 13
116 253
116 173
291 40
291 194
291 80
51 80
21 145
7 279
7 144
184 3
194 80
281 77
281 90
121 28
99 90
232 33
232 150
120 310
3 219
127 293
258 77
258 90
217 77
189 130
141 28
186 77
186 90
200 52
200 254
274 41
274 150
274 90
23 90
150 269
150 82
150 90
41 93
41 33
41 75
41 300
129 0
301 58
78 79
33 90
159 204
2 132
28 9
28 4
28 223
28 280
28 53
28 18
117 101
269 90
279 13
279 253
173 253
173 278
249 204
61 77
61 90
58 52
58 45
10 47
10 296
40 80
135 25
135 130
80 255
79 50
35 130
50 38
244 87
305 105
180 18
49 130
97 90
199 77
199 90
39 90
77 90
77 48
77 220
277 130
318 204
318 73
82 90
300 90
220 90
15 90
264 90
93 90
262 90
52 83
25 130
183 90
306 90
75 90
90 98
90 48
90 59
