191 28
191 208
176 28
202 272
202 116
202 278
174 28
230 33
230 93
230 300
230 274
195 28
1 28
103 87
103 63
143 90
30 28
152 28
81 28
51 80
285 28
267 161
267 145
7 279
7 144
184 161
184 240
194 40
194 80
194 291
90 258
232 33
120 161
256 28
127 28
258 82
258 88
159 204
159 249
159 318
225 28
225 223
252 279
252 234
141 28
4 28
28 187
28 298
28 64
28 293
28 307
28 9
28 223
28 180
28 280
28 208
28 12
28 121
28 18
28 53
28 26
28 251
28 69
273 233
293 187
78 161
33 274
33 300
145 161
3 50
3 132
244 87
117 101
180 18
50 161
200 254
291 40
291 80
40 80
80 255
284 161
284 27
284 132
208 307
208 26
74 262
82 274
204 63
204 318
280 26
295 161
274 183
75 59
