276 273
24 131
176 223
108 299
108 279
241 279
241 315
215 252
103 204
103 159
103 249
143 183
143 90
97 183
97 90
291 51
291 40
291 194
291 80
15 90
285 28
104 279
104 164
184 240
194 40
281 183
281 90
90 23
90 186
90 150
90 264
90 230
90 269
90 93
90 262
90 33
90 199
90 39
90 274
90 183
90 306
90 61
90 99
90 169
90 75
90 82
90 98
90 258
90 48
90 300
90 220
107 159
232 274
120 38
159 204
245 157
252 279
252 10
288 233
16 238
50 79
158 279
290 13
273 70
273 233
307 208
41 230
41 274
41 93
41 33
41 75
41 300
301 279
263 279
263 7
309 279
92 26
33 183
144 7
145 21
230 75
230 183
117 279
60 87
279 189
279 305
279 242
279 25
279 135
279 250
279 228
279 299
279 13
279 209
279 315
279 304
279 278
228 13
40 80
134 38
79 161
284 132
299 83
223 28
223 26
53 280
101 250
155 157
249 248
249 204
74 300
74 262
82 183
295 161
69 28
69 26
183 150
86 10
28 18
28 12
