6 231
112 206
202 209
108 299
274 230
274 41
274 183
274 281
274 90
231 161
231 132
230 41
230 183
230 306
230 90
230 33
230 186
103 204
143 90
75 41
75 90
253 173
116 173
291 194
51 80
285 28
267 2
7 263
184 3
281 183
281 186
281 90
90 15
90 23
90 186
90 150
90 264
90 269
90 93
90 262
90 33
90 97
90 199
90 39
90 183
90 306
90 61
90 99
90 169
90 82
90 98
90 258
90 48
90 300
90 220
107 244
256 28
256 127
127 307
159 204
159 205
225 223
189 279
189 277
141 28
141 298
4 12
16 238
50 79
277 25
307 28
307 208
41 93
41 33
41 300
301 83
78 79
144 83
145 79
145 21
3 161
3 314
139 279
2 132
28 26
28 223
28 12
28 298
28 18
28 208
117 130
117 234
60 204
118 279
304 164
200 83
58 83
10 86
40 80
134 132
85 132
284 132
279 252
279 299
279 234
279 278
132 266
132 133
252 299
252 234
305 128
244 87
244 204
97 306
249 204
249 205
160 204
318 204
13 234
295 161
45 83
87 204
63 204
69 26
69 298
278 236
317 204
254 83
193 130
193 250
193 83
270 83
262 183
204 222
204 248
204 73
52 83
306 59
248 205
