6 284
6 16
6 112
6 38
6 231
6 218
6 314
6 283
6 85
6 295
6 145
6 3
6 238
6 2
6 161
6 267
6 184
6 133
6 310
6 50
6 120
6 311
6 266
6 27
6 71
6 134
6 240
6 79
6 78
6 257
6 132
112 134
231 134
230 41
230 93
230 306
230 90
230 75
230 220
103 204
143 93
143 90
97 93
97 90
266 134
116 253
81 28
15 93
15 90
21 145
267 161
267 134
7 52
7 104
7 114
184 161
184 134
184 3
184 132
194 40
194 80
281 93
281 150
281 90
90 23
90 186
90 150
90 264
90 269
90 93
90 262
90 33
90 199
90 39
90 274
90 183
90 306
90 61
90 99
90 169
90 75
90 82
90 98
90 258
90 48
90 300
90 220
99 93
107 159
311 134
120 161
120 134
120 132
240 134
258 274
258 93
258 88
159 204
169 93
225 223
94 278
252 279
252 221
252 234
186 93
16 3
16 134
50 161
50 134
50 38
50 78
28 12
23 93
183 93
41 274
41 93
41 33
41 75
41 59
41 300
78 79
78 134
78 161
33 274
33 93
145 161
145 134
3 134
3 38
3 79
139 279
2 284
2 134
2 133
2 85
2 132
244 204
60 204
269 93
118 279
257 134
279 10
279 209
279 101
279 228
279 299
279 164
318 204
61 93
40 80
134 284
134 38
134 218
134 314
134 283
134 85
134 295
134 238
134 161
134 133
134 310
134 27
134 71
134 79
134 132
135 242
79 161
315 241
284 38
284 132
75 93
132 133
35 25
53 251
242 250
180 18
199 93
317 204
249 204
38 283
38 161
250 278
82 93
295 161
87 204
300 93
300 262
220 93
88 274
39 93
264 93
93 262
93 274
93 150
93 306
93 98
93 48
93 59
25 130
204 222
204 160
204 248
204 63
12 18
