57 189
57 116
7 279
7 144
202 299
202 108
231 132
215 252
103 204
97 306
116 253
116 35
116 173
81 187
15 230
21 314
21 145
10 252
10 221
10 86
184 161
184 145
194 291
90 48
90 199
112 161
120 161
120 132
159 317
159 204
159 63
159 318
94 252
94 279
94 122
189 279
4 12
200 45
244 87
244 204
244 63
301 45
33 93
144 45
230 274
230 93
230 183
230 306
117 101
60 204
118 279
50 283
50 38
58 83
58 45
266 132
70 233
134 132
79 38
85 132
35 49
279 252
279 305
279 101
279 278
132 284
132 133
252 296
252 221
284 161
317 204
249 204
304 178
304 299
160 204
82 150
137 38
45 52
45 270
45 254
45 193
45 83
87 204
254 52
38 161
93 300
161 295
204 222
204 318
204 248
204 63
306 59
299 83
