276 216
57 58
149 252
108 202
108 299
174 285
230 15
230 23
230 186
230 150
230 264
230 269
230 93
230 262
230 143
230 33
230 97
230 199
230 39
230 274
230 183
230 306
230 281
230 61
230 99
230 169
230 75
230 232
230 82
230 98
230 258
230 48
230 300
230 220
230 59
103 204
103 159
103 249
75 33
75 59
253 173
116 202
116 173
291 40
291 194
51 255
51 80
267 50
7 104
7 279
7 144
7 263
194 80
90 98
90 306
107 244
120 132
307 28
307 208
307 127
127 26
127 293
258 82
159 204
159 73
186 199
200 58
244 87
244 63
244 204
273 70
259 0
33 183
145 21
3 85
3 238
2 284
28 223
60 204
279 278
279 315
279 47
279 228
173 278
58 162
40 80
70 233
47 228
80 255
79 161
89 216
53 280
180 18
134 133
305 105
97 59
97 306
249 248
249 204
160 204
318 204
82 183
13 234
87 222
87 63
87 204
300 183
317 204
254 52
38 137
204 222
204 248
204 63
234 228
306 59
