6 219
6 50
24 252
57 189
57 170
57 211
57 193
57 277
57 202
57 101
57 108
57 242
57 25
57 270
57 148
57 188
57 135
57 253
57 241
57 49
57 210
57 139
57 158
57 117
57 173
57 299
57 263
57 65
57 58
57 177
57 209
57 279
202 52
202 278
108 278
230 41
230 183
230 32
230 306
230 281
230 90
230 258
230 33
143 90
75 41
75 90
152 151
291 80
15 90
183 258
183 90
183 281
183 262
164 228
194 40
194 80
281 258
281 90
90 23
90 186
90 264
90 269
90 93
90 262
90 33
90 97
90 199
90 39
90 274
90 150
90 77
90 306
90 61
90 99
90 82
90 98
90 258
90 48
90 300
90 220
90 59
116 253
232 74
256 127
159 204
252 279
4 28
200 52
200 58
200 270
200 254
200 193
200 45
200 250
200 83
290 253
307 28
41 274
41 93
41 33
41 300
301 45
263 7
144 45
114 242
2 133
28 9
28 208
28 26
28 18
28 223
117 45
60 204
304 178
228 253
228 47
249 204
58 45
40 80
161 79
47 253
135 253
135 279
135 242
79 284
79 132
7 309
7 279
35 253
279 242
50 38
253 173
253 242
253 13
253 270
253 178
253 241
253 49
253 234
242 250
244 87
244 248
244 222
244 63
244 318
134 38
26 18
45 52
45 254
45 193
45 83
45 270
87 222
87 63
278 299
317 204
122 299
306 59
