191 28
276 273
57 189
6 2
176 28
176 223
202 296
108 296
174 28
231 2
230 41
230 90
1 28
103 204
143 186
143 90
30 28
97 90
291 51
291 40
291 255
291 194
291 80
15 90
285 28
267 2
104 135
281 90
90 23
90 186
90 183
90 264
90 269
90 93
90 262
90 33
90 199
90 39
90 274
90 150
90 77
90 306
90 61
90 99
90 169
90 75
90 82
90 98
90 258
90 48
90 300
90 220
90 59
120 2
3 2
151 152
127 28
127 223
240 2
246 58
161 2
161 79
161 266
225 223
189 130
141 28
16 2
50 2
50 38
273 302
273 70
273 233
293 28
187 28
41 274
41 93
41 33
41 75
41 59
41 300
299 101
301 58
319 296
145 21
145 85
159 204
159 249
2 284
2 71
2 133
2 310
2 311
2 85
2 27
2 134
2 295
2 238
2 257
2 132
28 4
28 298
28 64
28 53
28 307
28 223
28 180
28 152
28 280
28 81
28 208
28 12
28 121
28 18
28 26
28 251
28 9
28 69
60 204
118 164
279 252
279 228
279 296
279 101
200 58
249 204
58 52
58 254
58 193
58 45
58 83
58 270
10 296
302 72
47 253
135 83
80 51
80 255
304 178
252 296
223 307
242 250
244 204
180 18
19 296
221 296
175 11
228 296
318 204
248 204
45 296
87 204
183 262
317 204
38 283
296 86
296 83
204 222
204 160
204 63
