308 279
191 28
191 307
276 273
6 219
6 284
176 28
202 116
108 299
174 28
174 53
231 161
230 15
230 274
230 183
230 281
230 90
230 75
230 82
230 41
230 74
230 93
230 143
230 33
230 42
230 300
195 28
1 28
103 204
143 93
143 186
143 90
30 28
152 28
116 173
116 253
116 228
291 40
291 194
15 90
285 28
267 79
250 228
184 132
194 40
194 80
281 93
281 90
90 23
90 186
90 183
90 264
90 269
90 93
90 262
90 33
90 97
90 199
90 39
90 274
90 150
90 77
90 306
90 61
90 99
90 75
90 82
90 98
90 258
90 48
90 300
90 220
90 59
120 132
307 28
307 223
307 18
307 127
256 28
211 279
127 28
240 161
240 284
240 310
159 204
159 249
225 28
189 135
141 28
186 39
186 77
186 61
186 220
50 79
50 38
244 204
273 70
273 233
293 28
187 28
41 274
41 93
41 33
41 75
41 300
299 58
129 0
301 45
263 7
33 300
144 45
145 21
114 242
28 4
28 298
28 64
28 53
28 9
28 223
28 180
28 280
28 81
28 12
28 208
28 121
28 18
28 26
28 251
28 69
117 45
60 204
279 7
279 243
200 52
200 193
200 45
249 204
58 254
58 162
58 45
10 86
70 233
47 228
79 161
35 270
162 228
132 27
252 7
266 161
242 228
142 81
305 128
101 278
97 93
160 204
228 13
228 253
228 241
318 204
13 278
45 52
45 254
45 193
45 83
45 270
87 204
87 63
69 121
278 253
278 236
317 204
122 7
93 300
93 306
93 262
93 75
93 59
7 25
204 222
204 248
204 63
248 63
310 161
