191 26
276 273
24 252
24 86
57 135
6 85
176 28
176 30
202 128
202 108
108 299
274 230
274 33
274 82
274 41
274 90
231 132
215 252
103 204
204 317
204 244
204 222
204 60
204 160
204 318
204 248
204 249
204 63
204 87
204 159
143 90
30 151
30 26
30 223
30 187
30 121
30 64
30 280
30 152
30 69
30 81
97 93
97 90
116 35
291 51
291 194
291 80
51 80
183 300
183 90
267 79
267 161
267 3
267 38
7 25
7 189
7 263
7 228
7 135
7 279
184 284
184 134
184 132
194 80
194 255
281 90
99 90
232 230
256 293
256 127
258 90
169 90
252 279
186 199
186 220
186 90
16 238
200 52
28 26
158 279
273 216
273 70
273 233
187 81
41 230
41 93
41 33
41 75
41 300
299 279
263 279
309 279
33 230
33 90
145 21
145 38
139 25
2 284
2 132
230 93
230 90
117 279
279 305
279 250
279 228
279 189
279 13
279 315
279 242
279 104
279 25
279 209
279 135
279 241
279 304
279 278
173 278
61 90
58 162
10 86
40 80
47 86
47 228
135 25
135 277
135 242
80 255
85 132
284 132
75 59
75 90
132 266
132 134
132 133
50 38
53 280
242 250
269 90
244 87
221 86
199 90
39 90
216 233
208 307
249 248
82 90
13 228
13 278
295 38
87 63
220 90
23 90
69 307
278 253
15 90
317 248
317 73
38 161
264 90
307 12
93 59
93 90
262 90
300 90
150 90
306 90
90 98
90 48
