191 28
191 307
24 252
57 25
57 189
57 277
57 135
57 130
57 35
57 49
57 139
215 252
176 28
202 299
202 47
108 299
174 28
174 280
230 41
230 183
230 306
230 90
230 220
230 82
195 28
1 28
103 204
103 160
143 90
30 28
97 90
116 173
291 51
51 40
51 80
285 28
267 161
267 50
104 279
112 219
194 40
194 80
281 150
281 169
281 90
90 15
90 23
90 186
90 150
90 264
90 269
90 93
90 262
90 33
90 199
90 39
90 274
90 183
90 306
90 61
90 99
90 169
90 75
90 82
90 98
90 258
90 48
90 300
90 220
232 264
232 82
256 28
256 293
256 127
127 28
127 307
258 82
159 204
159 318
225 28
225 223
189 135
189 279
141 28
141 53
53 28
53 280
50 38
277 135
158 299
293 28
187 28
187 81
41 274
41 93
41 33
41 75
41 300
78 161
78 38
33 274
145 21
3 85
2 284
2 132
28 4
28 298
28 64
28 208
28 9
28 251
28 180
28 280
28 223
28 81
28 12
28 121
28 18
28 307
28 26
28 69
118 279
279 252
279 228
279 304
279 242
279 13
279 7
279 209
279 250
279 234
279 278
200 58
200 254
40 80
161 295
161 38
70 288
47 13
47 173
47 178
47 35
47 234
47 278
135 25
135 130
135 49
135 35
80 255
284 38
299 305
132 266
132 133
223 307
9 26
221 7
253 173
216 233
208 307
249 204
26 307
26 69
26 81
228 7
183 262
317 204
38 137
307 12
307 18
93 274
93 306
262 74
274 75
