191 28
191 127
276 273
138 11
138 175
112 6
112 3
6 284
6 16
6 38
6 231
6 218
6 314
6 283
6 85
6 295
6 145
6 3
6 238
6 2
6 161
6 267
6 184
6 133
6 310
6 50
6 120
6 311
6 266
6 27
6 71
6 134
6 240
6 79
6 78
6 257
6 132
176 28
176 127
202 108
108 94
174 28
174 127
231 3
230 90
1 28
1 127
103 204
143 90
30 28
30 127
152 151
116 278
291 194
15 90
183 90
267 3
267 161
241 94
184 3
184 161
194 51
194 255
281 90
90 23
90 186
90 264
90 269
90 93
90 262
90 33
90 97
90 199
90 39
90 274
90 150
90 77
90 306
90 61
90 99
90 169
90 75
90 82
90 98
90 258
90 48
90 300
90 220
90 59
107 159
120 310
120 3
127 141
127 4
127 298
127 64
127 53
127 187
127 208
127 307
127 223
127 180
127 280
127 81
127 28
127 293
127 12
127 9
127 18
127 26
127 251
127 69
240 3
258 150
159 317
159 204
94 252
94 299
94 122
94 279
252 279
252 10
141 28
16 3
200 52
200 58
158 250
158 122
273 70
273 233
293 28
187 28
25 130
25 35
299 279
309 228
33 300
145 21
145 161
145 3
3 284
3 38
3 314
3 283
3 85
3 219
3 295
3 238
3 133
3 310
3 50
3 137
3 266
3 161
3 134
3 79
3 78
3 257
3 132
2 284
2 132
28 4
28 298
28 64
28 53
28 208
28 307
28 223
28 180
28 280
28 81
28 12
28 9
28 18
28 26
28 251
28 69
60 204
304 178
249 204
40 80
161 79
135 279
79 137
79 283
7 279
284 132
279 189
279 305
279 228
279 242
132 133
50 38
244 87
244 204
180 18
160 204
318 204
13 228
13 234
13 278
248 204
87 204
219 21
317 204
93 300
104 52
262 300
204 222
204 63
12 4
