191 28
138 11
138 175
112 219
112 3
6 85
176 28
176 223
202 116
108 128
174 28
174 53
230 41
230 306
230 82
195 28
1 28
103 204
143 15
143 90
30 28
152 180
152 28
116 253
116 173
291 40
285 26
285 28
7 279
194 80
121 28
232 274
232 262
120 310
146 164
256 28
127 28
127 223
240 310
217 33
225 28
252 279
141 28
186 98
16 238
50 145
28 4
28 298
28 64
28 53
28 187
28 9
28 223
28 180
28 280
28 81
28 293
28 12
28 208
28 18
28 307
28 26
28 251
273 89
293 26
187 81
41 274
41 93
41 33
41 75
41 300
301 299
33 274
33 300
145 21
159 204
158 279
117 45
60 204
279 234
279 228
173 253
248 204
40 80
80 51
79 161
284 132
9 26
244 204
101 236
97 306
317 204
249 204
160 204
26 18
277 25
318 204
87 204
254 52
204 222
204 63
306 59
306 90
