191 28
112 38
176 28
202 209
174 28
230 41
230 269
230 186
230 220
230 306
195 28
1 28
137 38
143 232
30 28
97 93
81 28
285 28
267 161
267 184
104 7
184 79
184 161
184 145
121 28
120 310
256 28
127 28
127 18
258 82
159 248
225 28
225 223
141 28
16 238
28 4
28 298
28 64
28 53
28 187
28 208
28 307
28 223
28 180
28 280
28 293
28 12
28 9
28 18
28 26
28 251
28 69
41 274
41 93
41 33
41 75
41 59
41 300
78 161
244 87
117 101
50 38
79 284
279 7
242 253
242 250
305 128
180 26
13 234
278 236
38 161
38 115
38 283
93 59
7 228
52 83
