6 219
6 132
276 273
24 252
24 86
112 219
112 132
202 158
202 108
202 116
231 161
231 132
215 252
103 204
143 186
143 90
152 180
116 253
116 173
291 40
291 194
15 90
21 145
267 79
267 161
267 145
267 132
104 304
104 228
184 161
184 132
194 80
281 90
90 23
90 186
90 183
90 264
90 230
90 269
90 93
90 262
90 33
90 97
90 199
90 39
90 274
90 150
90 77
90 306
90 61
90 99
90 75
90 82
90 98
90 258
90 48
90 300
90 220
90 59
120 284
120 132
127 223
240 161
240 132
159 317
159 204
159 249
257 132
252 117
252 86
200 52
200 254
200 45
16 132
50 79
50 71
50 132
244 204
273 70
183 230
183 33
183 82
41 230
41 274
41 93
41 33
41 75
41 300
78 38
78 132
145 161
145 132
145 283
3 132
2 132
230 274
230 82
117 45
60 204
279 7
279 242
249 204
266 161
266 132
40 51
40 80
47 86
135 35
79 161
79 38
79 132
284 85
284 27
284 132
132 38
132 218
132 314
132 283
132 85
132 295
132 238
132 161
132 133
132 310
132 311
132 27
132 71
132 134
189 277
186 77
208 18
160 204
318 204
87 204
81 28
278 253
317 204
86 10
204 222
204 248
204 63
295 161
173 253
