191 256
24 252
24 86
57 270
57 47
57 173
57 178
57 253
57 116
57 35
176 223
202 209
215 252
103 204
103 159
103 63
143 186
143 90
253 116
116 241
300 269
300 183
300 90
51 80
183 90
267 79
267 38
7 279
112 219
194 255
194 80
281 90
90 15
90 23
90 186
90 264
90 230
90 269
90 93
90 262
90 33
90 97
90 217
90 199
90 39
90 274
90 150
90 306
90 61
90 99
90 169
90 75
90 82
90 98
90 258
90 48
90 220
90 59
256 127
113 319
277 189
273 216
273 70
273 233
187 81
41 59
263 117
33 269
33 274
145 21
159 204
114 242
230 269
117 279
117 10
60 222
269 274
269 93
269 75
279 299
279 243
173 242
10 86
40 80
161 137
161 78
161 79
161 38
161 295
70 233
47 86
135 25
80 255
79 38
75 264
180 208
180 18
221 86
97 59
208 307
249 248
249 204
250 52
318 87
87 248
87 222
87 63
63 222
81 28
69 26
38 283
243 299
25 130
306 59
