191 28
276 273
24 86
57 25
57 135
57 202
215 252
6 3
176 28
202 130
202 304
202 116
202 35
174 28
231 161
230 15
230 23
230 186
230 183
230 264
230 269
230 93
230 262
230 143
230 33
230 97
230 199
230 39
230 274
230 150
230 306
230 281
230 61
230 99
230 169
230 75
230 82
230 98
230 258
230 48
230 300
230 220
230 59
195 28
1 28
1 293
103 204
103 249
143 90
30 28
152 151
116 278
116 253
116 173
291 40
291 80
285 28
267 79
267 161
7 279
7 263
112 219
194 80
121 28
120 137
120 310
184 132
151 54
256 28
256 127
127 28
127 293
258 82
159 204
225 28
252 221
141 28
50 79
50 283
130 25
130 135
158 250
273 70
273 233
293 28
25 139
25 277
25 135
25 279
25 241
25 122
25 35
78 161
78 38
33 274
145 21
228 135
228 241
228 86
28 4
28 298
28 64
28 187
28 9
28 251
28 180
28 280
28 223
28 81
28 208
28 12
28 18
28 53
28 307
28 26
28 69
60 204
3 79
3 85
118 279
279 315
279 242
266 161
266 238
40 80
47 86
135 13
135 277
135 49
135 242
135 189
135 35
79 161
79 284
284 132
75 274
75 264
53 280
242 278
242 173
244 87
244 204
244 248
221 86
199 90
208 307
249 248
249 204
115 38
318 204
13 234
13 278
87 248
87 222
87 63
87 204
69 298
317 204
86 10
38 137
38 161
262 300
204 160
204 222
204 248
204 63
173 253
