191 208
112 284
112 3
112 38
6 3
231 3
230 274
230 93
230 306
230 90
230 33
230 75
230 220
97 306
97 90
143 90
75 93
75 90
253 116
253 173
116 173
291 80
51 80
21 145
267 79
267 3
267 38
250 162
250 241
250 242
250 228
184 161
184 3
194 80
281 90
90 15
90 23
90 186
90 183
90 264
90 269
90 93
90 262
90 33
90 199
90 39
90 274
90 150
90 77
90 306
90 61
90 99
90 169
90 82
90 98
90 258
90 48
90 300
90 220
232 33
120 3
120 134
173 242
151 152
127 307
240 3
159 204
159 249
159 318
94 252
279 252
252 234
141 28
186 199
16 2
16 132
16 284
16 3
16 238
273 302
293 187
78 3
33 274
33 93
145 3
145 38
3 314
3 38
3 218
3 283
3 161
3 219
3 295
3 238
3 133
3 50
3 137
3 266
3 134
3 79
3 85
3 310
3 132
114 299
114 242
28 26
28 307
28 4
0 106
50 161
40 80
134 133
80 255
79 161
79 283
299 242
53 280
180 18
101 234
101 278
295 38
300 183
317 204
38 161
249 204
262 183
234 228
