296 1346
701 193
701 326
701 1579
701 858
701 317
701 620
701 654
1226 1487
1679 1565
1679 569
1679 474
1375 1472
1375 1529
1417 361
1417 370
1417 1185
1417 103
1417 942
1417 752
422 308
422 1299
260 594
260 871
128 606
128 612
128 1113
128 677
128 1189
128 211
128 548
128 847
128 509
128 970
128 1378
128 1510
128 779
128 1153
1527 144
1643 9
1643 103
1043 1585
1043 495
1043 1142
379 1158
379 542
379 1713
375 912
375 1101
378 1713
378 1539
378 32
42 1597
42 754
42 1440
42 1521
42 1354
42 1534
42 995
42 323
42 1355
42 394
42 1579
42 1691
42 135
42 1161
42 43
42 1031
42 1561
42 1507
42 1489
42 964
42 1559
42 1526
42 950
42 1
42 257
42 919
42 1255
42 72
42 69
42 1558
42 1365
42 1689
42 1690
42 1542
42 1622
42 474
42 1621
42 1313
42 1582
42 573
42 374
42 1487
42 1415
863 793
1522 220
1522 1616
1522 809
1522 175
1522 1580
1522 1184
1522 97
1522 859
1522 1565
1522 1255
1522 1598
1522 1587
1522 569
1522 537
1522 1618
1522 8
283 1556
283 1502
283 1393
283 1343
413 53
1680 1256
687 3
687 1616
687 1440
687 277
687 438
687 1681
687 757
507 1036
507 1313
443 341
1192 1530
1536 518
543 1189
543 1339
1005 546
1005 1647
1005 1688
1663 1621
44 3
44 1598
44 1713
44 249
44 103
44 1
44 770
337 398
337 1598
337 1648
337 317
337 700
337 297
337 263
337 1641
337 367
337 1578
337 1624
1281 516
1281 679
1281 1356
1281 163
1281 105
1281 1283
1281 1556
1281 281
1281 1033
1281 1598
277 1713
277 41
277 797
277 321
277 594
277 1658
277 67
277 1381
277 1508
277 1598
277 103
277 1688
277 778
1312 1656
1312 870
1312 1667
1312 9
1312 1434
1312 12
1312 308
1312 249
1312 1387
1312 1545
1312 456
1312 1543
1312 1013
1312 1185
1312 234
1312 1344
1312 281
1312 32
1421 1356
1421 485
1421 191
1039 342
1039 1598
1039 278
1039 1316
1039 1227
1039 1539
1039 1632
1078 1079
249 598
249 1426
249 1647
249 967
249 1608
249 1244
249 1238
249 282
249 1565
249 1701
249 1130
249 1619
249 1540
249 447
249 1074
249 495
249 63
249 389
249 318
249 1489
249 1580
249 1525
249 1136
249 547
249 1706
249 1304
249 1021
249 96
249 502
249 1645
249 1362
249 1504
249 194
249 654
249 1665
249 1060
249 1118
249 299
249 302
249 708
249 801
249 1255
249 1708
249 1629
249 713
249 1718
249 1561
249 1692
249 1343
249 1568
249 1541
249 1236
249 919
249 1655
249 621
249 1359
249 1731
249 474
249 1402
249 1598
249 1573
249 734
249 402
249 928
249 1181
249 1648
249 843
993 639
788 9
788 1573
788 361
41 473
41 1136
41 1585
41 1485
41 1339
41 1423
41 3
41 1497
41 176
41 523
41 1463
41 1253
41 616
41 1554
41 1681
41 439
41 1142
41 1580
41 1029
41 642
41 919
41 1589
41 1542
41 1248
41 610
41 541
41 1185
41 713
41 1665
528 1185
913 361
913 847
913 484
913 1162
1256 800
366 67
366 1601
366 12
366 1349
1251 95
1620 1539
1437 1332
1437 1454
1554 1580
1554 103
1554 357
1554 1713
1554 1546
1554 1468
1554 1189
1194 1014
1507 67
1507 1410
1507 1717
1507 405
1507 212
1507 1019
1507 1117
1507 1534
964 733
1188 1539
1603 1059
1603 871
1603 1614
1603 1113
1603 357
1603 423
1603 67
1603 704
1603 334
1603 176
1603 509
1603 1517
1603 103
1603 1406
1603 172
1603 1653
1015 342
1015 48
1015 357
1015 1127
1015 103
1015 1189
1015 32
700 103
700 822
700 1289
332 1598
332 352
332 281
332 1568
377 592
377 942
324 1537
324 329
30 132
30 103
1289 212
1289 429
1289 1489
592 871
592 545
592 1543
592 95
592 357
1641 1657
1641 9
1641 95
1641 1539
1641 308
1641 1655
1641 361
1641 1619
1641 970
1641 1285
1641 189
1641 341
1641 1042
1618 9
1618 1396
1618 1539
1697 973
1425 1132
201 1675
201 143
201 1616
1515 781
1688 1647
1688 1346
1688 389
1688 1253
1688 1189
740 706
740 9
1031 1109
1031 831
1031 27
1288 3
254 973
254 617
254 1598
254 1573
254 1521
254 1616
254 1190
254 281
1646 1638
1646 193
1646 462
1646 9
1646 1539
1646 73
1646 103
1646 1601
1646 1299
1474 598
1619 802
1619 220
1619 758
1619 175
1619 297
1619 712
1619 1100
1619 1402
1619 593
1619 1629
1619 773
1619 839
1619 781
1619 1546
1619 1648
1619 1511
912 1668
912 1513
912 63
912 1520
912 713
1719 1543
400 1555
400 475
400 1343
400 474
400 1416
400 1255
400 1598
400 502
400 601
400 541
400 536
400 1681
400 1419
400 1142
667 1598
667 1130
1042 220
1042 32
1042 681
1042 1244
1042 67
1042 712
1042 1255
1042 615
1042 52
1042 781
1042 713
1042 1648
1042 1568
729 1573
495 1713
495 950
495 741
495 1113
495 1367
495 1332
495 498
495 1630
495 1406
495 933
495 67
495 456
495 831
495 1433
495 1517
495 823
495 103
495 1213
495 172
183 871
940 1616
1060 1187
1060 199
1060 191
1107 1598
124 449
124 1622
124 1644
124 447
124 802
124 1565
124 463
124 1255
1323 221
1323 938
974 778
874 103
408 1185
408 768
339 1113
339 1426
339 713
19 1573
19 1645
19 1715
19 525
19 1130
19 1664
19 1430
19 639
1497 423
1497 342
1497 1594
1497 103
1497 309
1497 762
1497 1066
1497 1359
1497 285
1285 617
1285 1365
1285 97
1285 1387
1285 1565
1285 3
1285 447
1285 389
1285 1190
1285 318
1285 1413
1285 544
1285 9
1285 1021
1285 1342
1285 27
1285 975
1285 502
1285 1313
1285 176
1285 52
1285 1217
1285 1600
1285 1026
1567 1018
474 520
474 1644
474 1208
474 615
474 749
474 242
474 1339
866 423
1638 462
1638 1633
1638 1410
798 67
773 1564
773 95
773 361
773 32
1367 1485
421 1069
421 300
421 1436
1516 393
1516 1647
523 193
523 870
523 1397
523 1667
523 1657
523 609
523 1539
523 1662
523 67
523 84
523 615
523 176
523 228
523 1269
523 1189
1607 1596
286 202
286 214
1491 132
1491 1339
1605 779
1605 1231
1605 1033
1009 177
1009 928
1009 463
1009 752
1693 1502
642 711
642 1346
460 1513
460 361
460 1520
460 32
95 1385
95 299
95 1260
95 1365
95 1580
95 1118
95 311
95 712
95 1238
95 1255
95 1393
95 447
95 561
95 713
95 1246
95 1578
95 919
95 525
95 607
95 621
95 1648
95 862
95 1402
95 1387
95 1692
95 1573
95 707
95 626
95 1510
95 1419
1275 1244
594 1472
594 752
1639 12
1639 777
1639 1539
1315 392
48 1248
48 1346
48 1280
48 1655
48 1624
1627 1543
1627 1136
1627 1648
1627 282
1436 1546
1436 361
1436 1562
1436 573
1026 1661
1026 361
1026 1236
1026 1517
1026 509
1026 615
1338 1539
1338 67
1338 1036
1338 1508
1338 838
1338 9
1338 99
1338 373
1338 32
1695 1540
975 1189
598 160
598 1713
598 475
598 652
598 1556
598 1576
598 1520
598 752
598 1070
598 1564
598 303
598 555
598 1517
598 1292
598 1538
598 1562
598 487
598 878
598 1598
598 1080
598 546
598 582
598 615
398 1013
398 1526
398 465
398 405
398 354
398 1598
1717 908
1717 784
1717 192
1717 353
1717 199
386 781
345 259
345 1598
1317 652
1317 50
1317 919
1317 1284
795 809
815 944
815 1113
815 1472
815 234
815 32
1024 1539
1286 1231
1286 12
1286 1343
1590 1489
204 704
204 482
204 1227
204 1576
204 1539
204 456
198 101
198 1647
297 654
297 704
297 871
297 557
297 1543
297 1583
297 738
297 605
1658 986
224 175
224 1624
224 635
350 1551
1215 1083
1215 1598
1215 303
1215 793
1215 1472
1215 1713
429 1449
429 160
429 103
429 394
429 357
429 1598
429 1189
429 1190
429 191
429 242
429 1568
1065 538
1652 9
1652 1514
1652 1713
276 852
276 1683
276 735
276 1339
276 1343
180 182
214 1644
214 1598
214 525
214 1573
214 512
214 1130
163 1208
163 768
163 986
1408 1253
1408 1720
1408 1624
1224 1406
177 1539
1327 711
1703 1183
708 1713
708 1075
708 1539
708 1598
708 949
708 498
708 357
708 865
708 1508
708 234
708 812
708 189
708 281
973 357
626 644
626 762
626 582
626 1523
626 1189
626 733
1053 32
1696 1013
1237 52
1237 843
1237 1029
372 1580
372 482
372 1529
372 809
372 818
372 1184
372 1624
372 792
372 1542
372 878
372 1493
372 504
372 1343
372 1540
372 569
372 536
372 713
372 1412
372 864
372 1489
1364 282
1206 1539
1206 676
1577 1556
1577 3
1577 1580
1577 12
1577 32
1343 1707
1343 193
1343 103
1343 281
1343 1342
1343 357
1343 1113
1343 1071
1343 1253
1343 1359
1343 1406
1528 781
1528 713
1154 3
1154 1105
1541 1113
1558 9
1558 1598
1510 3
1510 329
1510 9
1510 1539
1622 9
1622 1539
1644 878
1644 620
1644 1623
1644 1304
1644 1539
1644 949
1644 520
1644 67
1644 1601
1644 546
1644 9
1644 1329
1644 812
1644 357
437 1113
437 1672
437 103
437 1539
1508 309
1508 1521
1508 1021
1508 53
1508 1580
1508 1184
1508 358
546 774
546 809
546 1362
546 725
546 1255
546 544
546 1587
546 1348
546 1489
546 1189
546 713
777 617
777 1598
777 537
1544 621
1173 1616
1173 1185
1173 654
1173 1573
1173 731
806 1332
1608 1475
1608 871
1608 799
1608 1362
1608 1647
1608 733
1244 644
1244 615
1244 338
1244 620
1244 234
1244 83
1244 357
1033 1496
1033 1594
1033 1585
1033 194
1033 1355
1637 878
1637 9
1637 1539
1637 67
1701 1013
1701 52
1701 9
1701 209
1701 357
928 1401
928 1406
928 1562
928 1520
1566 1509
1566 847
1566 547
132 846
132 162
132 1339
132 312
299 1598
299 1036
299 1013
299 1175
299 1539
1579 85
1579 1313
1579 342
1579 356
1579 615
1168 1598
1168 735
1168 1540
47 1540
1722 353
1296 1339
1669 1670
1669 1434
1673 1487
1673 161
309 754
309 212
309 1467
309 234
309 639
203 475
1362 1700
1362 302
1362 799
1362 252
1362 752
1362 357
1362 878
1362 342
1362 539
1362 103
1362 1406
1362 606
609 1665
609 1629
609 463
1488 518
1363 357
1509 1179
1509 1356
1509 352
1509 1440
1509 704
586 145
60 3
60 1130
60 308
475 338
475 1105
475 1556
475 250
475 1598
475 357
475 704
475 1543
475 727
475 1189
1657 1316
1657 1647
1657 1021
1657 53
1657 1730
1657 144
1657 300
1657 1565
1657 67
1657 393
1657 1346
1657 713
1657 32
1651 9
323 298
323 68
323 514
323 560
323 950
323 341
323 1339
828 1521
1195 1598
1195 843
1594 1158
1594 1377
1594 219
1594 542
593 1283
593 768
1393 1180
1393 1427
1393 919
1393 1365
1393 1613
1393 1225
1593 762
1517 1037
1517 1113
1517 1440
1517 1562
1517 308
1517 449
1517 601
1517 504
1517 63
1517 1142
59 1602
376 824
376 1183
376 1136
376 1540
549 823
549 1598
549 325
549 1413
549 967
8 557
8 1189
8 346
8 12
8 1238
8 1539
8 32
714 1493
714 1400
714 1585
714 1540
714 1587
714 713
1396 669
1490 787
547 1246
547 527
547 711
547 1443
547 712
547 859
547 32
1642 1171
1642 819
1642 822
1642 679
1642 9
1642 1297
1642 1406
1642 32
1623 53
1623 711
1623 525
793 341
1628 1539
1454 600
544 342
544 1667
544 1647
544 797
544 1113
544 199
544 1413
1401 969
1401 794
1706 9
1083 85
1635 1378
1475 799
1021 1449
1021 1029
1021 1539
1021 191
1021 878
1021 322
1021 103
1021 32
679 919
679 72
679 9
679 620
679 963
679 1487
679 67
679 986
679 1574
679 1176
735 1575
735 810
735 1598
735 518
1342 1255
1342 1359
1342 9
1342 1335
1342 1539
1342 1562
1377 1211
1377 1158
578 1576
578 1284
317 281
317 1184
317 307
317 1534
317 311
970 617
970 1255
970 502
70 1713
1246 801
1246 1598
1246 605
1246 1556
1246 99
835 261
1500 1447
1500 144
1500 1624
105 3
105 1444
105 1573
105 585
105 1727
105 1648
105 1387
1550 1547
1550 781
1550 1184
453 516
1448 1006
1448 871
1448 1578
439 1449
1453 1727
509 783
509 711
509 840
509 3
509 1463
509 1255
509 1050
509 1665
509 1587
509 316
509 1358
509 893
509 713
1287 1280
942 393
639 1332
639 1713
639 1438
639 103
639 1433
470 621
302 403
302 1698
302 799
1713 652
1713 969
1713 1463
1713 145
1713 282
1713 1565
1713 1231
1713 1130
1713 1346
1713 1074
1713 1387
1713 617
1713 1585
1713 1724
1713 1072
1713 525
1713 72
1713 1714
1713 809
1713 1624
1713 757
1713 561
1713 85
1713 1493
1713 1573
1713 638
1713 63
1713 1181
1713 1648
1610 257
271 899
271 713
762 1585
762 1136
762 514
762 1496
762 992
762 1505
762 1489
1431 342
1431 431
1431 103
1431 1676
1431 768
673 1253
90 1648
90 967
1597 1598
1597 257
1066 1426
1407 1189
751 822
751 1578
1585 1018
1585 1539
1585 357
1585 303
1585 1190
1585 103
1585 1568
1585 1158
1585 468
1585 53
1585 1413
1585 704
1585 1368
1585 878
1585 1598
1585 1582
1585 1677
799 733
799 1557
799 32
799 199
1711 3
69 67
69 704
69 1127
69 1539
69 1716
294 1549
294 1438
294 1397
688 326
621 1526
621 686
621 1373
621 1647
621 768
621 1165
621 1063
621 824
997 12
997 142
997 1539
997 415
1406 809
1406 1190
1406 342
1406 843
1406 1715
1406 1185
1406 12
1349 53
1349 1190
1349 1624
1503 1502
430 67
430 32
1440 1105
1440 1647
1440 438
1440 1075
1440 1
1440 3
1440 1183
1440 1540
1440 852
1440 12
1440 1419
1400 1556
1386 1580
498 9
498 1647
1565 1113
1565 442
1565 174
1565 357
1565 933
1565 3
1565 704
1565 1543
1565 1564
1565 228
1565 1472
1565 557
1565 1158
1565 278
1565 67
1565 1379
1565 620
1565 1252
1565 176
1587 878
1587 29
1587 482
1587 432
1587 361
1587 1185
1592 1546
225 1426
616 1319
616 615
1563 1539
278 883
1548 1598
1548 303
1548 1063
1548 1540
1291 1335
503 605
923 63
29 569
29 85
29 1540
1684 1667
988 781
988 871
281 1580
281 252
281 1
281 1624
281 1190
281 1648
606 1502
1238 1227
1238 103
984 1636
984 1598
984 318
632 272
632 1598
697 1013
697 160
697 103
697 361
697 1631
644 617
644 314
644 719
644 1727
644 145
644 311
644 312
644 1190
644 1535
644 711
644 1253
644 1728
644 1616
644 1648
644 1568
392 72
392 321
392 1660
392 1295
392 1699
1715 1543
526 1329
1335 1694
1630 389
1716 1308
1716 1689
423 1665
423 1426
67 1496
67 1231
67 1387
67 1255
67 1072
67 1489
67 1501
67 1426
67 1217
67 908
67 1538
67 1573
67 1313
67 1665
67 822
67 318
67 1546
67 32
1575 1310
1575 142
291 1332
1314 781
1314 252
1314 1346
1032 783
842 713
1127 1383
1127 405
1127 194
1127 713
1127 318
403 569
862 1601
219 1181
219 32
864 103
864 361
864 990
1158 1072
1158 1423
1158 967
1158 1217
1158 542
1158 27
1158 1665
1158 924
1158 1255
1158 713
1356 135
1356 852
1308 779
1308 103
1308 1339
871 843
871 409
871 1412
871 1568
645 1598
645 1521
1655 741
1655 1598
1655 32
143 1556
143 582
143 1339
143 357
634 852
517 1588
517 778
27 1079
27 1598
27 620
27 234
27 652
1598 1496
1598 881
1598 1487
1598 1329
1598 88
1598 1304
1598 1542
1598 710
1598 654
1598 658
1598 1479
1598 801
1598 52
1598 1165
1598 1262
1598 1561
1598 103
1598 341
1598 1704
1598 625
1598 919
1598 1514
1598 1591
1598 85
1598 560
1598 893
1598 1359
1598 1136
1598 967
1598 1176
1598 357
1598 726
1598 1265
1598 1252
1598 568
1598 1282
1598 986
1598 1174
1598 1344
1598 1485
1598 539
1598 155
1598 1599
1598 50
1598 768
1598 1006
1598 393
1598 322
1598 1190
1598 1472
1598 356
1598 1582
1598 1187
1598 841
1598 1227
1598 327
1598 32
38 561
38 852
1187 596
1187 831
2 3
154 1539
146 312
754 3
1405 516
1405 1373
800 3
800 1072
800 706
800 1413
800 1297
1290 1677
1557 1545
1557 1586
1557 967
1557 1556
1557 144
1712 1726
1712 1466
1712 1543
783 1526
783 1705
783 242
783 733
733 447
733 919
733 967
733 1118
733 144
733 1624
733 1284
733 1423
733 85
733 1313
733 1169
733 536
733 893
733 713
1526 595
1526 394
1526 640
1526 615
1526 1582
1526 447
1526 1130
1526 713
950 353
950 1665
950 389
950 1284
744 779
1434 1601
1434 1535
1434 174
1434 1344
1434 1387
1551 1636
1551 536
1551 53
1551 212
1551 1648
483 821
483 1189
483 1313
483 1167
1081 32
1569 1568
638 361
638 1727
513 1520
710 980
710 1382
710 610
710 1283
710 1270
710 727
710 646
710 1539
710 1562
710 1489
924 768
1270 686
1270 832
1270 1097
1270 831
1270 537
1578 3
1578 704
1578 847
1578 342
686 1625
686 768
686 1676
1093 1624
135 3
135 257
135 1486
135 1113
135 1
135 357
681 402
681 109
681 1118
681 1489
884 713
1552 814
1552 1553
727 431
727 822
307 189
1052 1648
1052 1136
58 1326
1254 1234
1254 1231
482 1665
482 454
482 1189
482 463
482 389
482 1674
482 194
482 1489
1442 883
1169 103
1169 1539
1169 728
646 53
792 1036
792 557
52 966
52 1185
389 1413
389 494
389 1576
389 342
389 361
389 830
1059 548
1136 781
1136 234
1365 1013
1365 810
1365 781
1365 1253
1365 643
818 1269
818 1539
1176 856
1588 713
1588 502
1588 1284
1588 1489
1729 160
518 525
518 298
518 1580
518 1540
518 32
390 1332
1690 1601
1690 1344
1572 1429
1543 969
1543 852
1543 173
1543 809
1543 1485
1543 282
1543 1280
1543 1467
1543 1724
1543 525
1543 502
1543 1546
1543 63
1543 32
57 1616
1505 147
68 893
1305 1103
221 1561
221 1282
1142 1709
1142 1185
1142 1415
1142 1368
1602 581
1602 1678
1681 1402
449 1520
449 357
1493 1101
1493 1113
1493 12
1493 1584
502 878
502 933
502 704
502 1189
502 778
233 193
233 620
233 1542
233 810
233 155
1344 1339
1344 1387
821 1647
1131 1539
1231 963
1231 1667
1231 174
1231 1601
1231 234
1231 1339
1231 704
1231 1255
1231 1556
1231 103
114 103
114 770
883 245
883 326
990 1113
1591 1545
600 847
809 250
809 257
809 847
809 1668
809 342
809 361
809 209
809 1071
809 357
809 1379
1211 1539
1211 620
1211 84
958 704
958 1539
958 959
142 1121
142 144
454 1668
454 1189
1568 1255
1568 1113
1568 620
1568 1539
1568 394
1568 357
1568 1190
1568 103
1546 1547
1546 193
1546 1339
1546 357
1546 1573
1546 32
1072 878
1072 1725
1072 103
257 1555
1121 12
1121 797
333 314
635 725
635 1433
462 1255
462 103
462 713
361 538
361 463
361 311
361 1402
361 1255
361 1069
361 1056
601 1539
1582 394
1582 199
1582 1556
1582 1190
1582 1539
1582 1111
1582 357
1443 1539
1633 193
738 1504
738 191
152 1539
152 557
101 12
101 176
101 282
1426 878
1426 1699
1426 830
1426 781
1426 357
1217 357
1217 322
1217 103
1217 768
1217 473
73 617
569 1313
569 967
569 250
1284 285
1387 557
1387 9
1387 12
1387 768
1387 357
1387 847
1387 615
1387 1535
1387 1313
1423 341
1056 341
1056 212
1056 1539
676 1185
676 394
303 967
303 919
303 72
303 1118
765 425
765 191
1379 194
1379 1668
1379 713
36 211
36 3
36 189
36 1539
36 1
431 617
431 605
431 1346
431 1295
352 908
352 840
741 1255
1304 768
1304 357
808 1596
1562 932
1562 823
1562 1346
1562 1068
1562 1299
1049 1665
1313 9
1313 1014
1313 1403
1313 12
1313 242
573 298
573 393
573 1665
573 61
706 1531
706 1383
706 1236
781 1038
781 3
781 713
994 1540
160 1181
1617 370
1617 1283
1472 1029
1472 1184
1472 1346
1472 949
1727 995
1727 1069
1727 346
259 1545
145 933
66 282
1424 1167
847 1521
527 12
527 1539
504 3
504 1520
504 1339
1165 938
1165 713
739 438
739 308
1329 1580
1329 983
1629 560
1629 652
1685 1253
919 1449
919 103
919 870
919 1520
919 1514
53 1636
53 1332
53 87
53 1667
53 308
53 234
53 9
53 357
53 1615
402 1539
402 1463
144 1556
144 193
312 1487
312 1
85 193
85 1556
85 1416
85 1326
85 1013
85 1253
1079 282
1433 983
1665 878
1665 1029
1665 1113
1665 1576
1665 250
1665 176
1665 1189
1665 32
899 1539
899 103
790 3
326 1227
326 552
898 1725
774 1601
774 357
969 176
1521 1501
1521 1118
1521 852
1521 9
1521 357
1649 9
1649 1539
1682 9
1682 32
659 1539
1261 582
1540 367
1540 1283
1540 193
1540 50
1540 810
1540 1179
1540 103
1540 1373
1540 1601
1540 878
1540 856
1540 440
367 1624
1468 704
1468 640
1468 1427
1468 1113
1468 103
1468 1339
1468 1235
1489 927
1489 967
1489 155
1489 1339
1489 209
1489 1013
1489 1533
1489 1029
1489 1038
1489 308
1489 878
1489 1189
1580 1352
1580 1283
1580 155
1580 704
1580 1586
1580 1190
1580 9
1580 1676
1580 1545
1580 32
1702 300
1397 1178
1397 823
1397 840
63 193
63 1604
63 557
63 704
63 338
63 199
1601 617
1601 220
1601 394
1601 393
1601 605
1601 1383
1601 1412
1601 1636
1601 1616
1601 525
1601 308
1601 1666
1601 1282
234 220
234 3
234 1616
234 1255
234 1624
234 1248
234 1412
1111 393
1111 1190
1248 131
1248 357
1248 1576
1248 1676
1248 768
1252 1616
1645 32
1653 1255
465 1013
465 194
319 1075
155 3
155 1196
50 1190
50 1616
50 1253
50 758
50 1487
1339 173
1339 605
1339 713
1339 199
1339 787
1339 1069
1339 1535
1339 316
1339 1299
949 1648
944 1518
440 1384
865 1648
1280 560
1280 1038
1280 1272
1280 9
1280 768
1487 103
1487 749
1487 620
1487 161
1487 1014
611 3
1383 1636
1383 749
1383 1185
1383 1542
1626 1
1626 1624
1419 103
328 581
451 84
451 1520
298 1332
298 353
298 1353
456 1624
615 652
615 1668
615 329
615 245
615 1130
615 823
615 713
1068 1539
1068 1189
1068 674
840 779
840 1077
840 172
840 1105
481 1648
272 1253
1101 595
1101 713
1123 1036
1253 1013
1253 768
1253 1624
1253 1272
1253 1034
1570 1447
962 1029
525 557
525 652
1441 713
238 1502
1004 194
885 1606
885 843
1667 617
1667 447
1667 734
1667 1181
1667 605
1444 1185
1444 768
538 1671
538 1581
1118 12
87 713
1520 1036
1520 12
1520 1659
1520 716
1520 1189
1520 1513
1586 1545
1586 1556
1586 1595
1183 3
1183 1355
1183 1361
1328 1178
1328 239
779 713
654 620
654 442
758 103
1420 1573
1689 32
1075 1675
802 1648
342 1255
342 1050
1573 9
1573 1539
1573 728
1573 32
536 933
536 193
536 1185
1723 1190
242 1292
242 1647
242 823
220 1686
220 103
719 1624
719 1648
967 963
967 72
967 620
967 357
967 193
576 1539
354 1373
395 447
357 617
357 1190
357 1616
357 1624
357 1103
357 1359
447 1255
447 704
1372 1185
998 194
1612 1611
596 1179
1525 823
595 1189
1609 3
1228 537
308 1346
308 1463
308 263
878 1647
878 766
878 1255
878 1189
878 713
1265 938
1265 986
1282 1189
1282 1542
812 1616
1189 1647
1189 322
1189 1560
1189 620
1189 1184
1189 713
1403 1485
1403 859
173 749
1113 1553
1113 1647
1113 1463
1113 1255
1539 617
1539 1184
1539 1647
1539 1346
1539 753
1539 1632
1539 1196
1539 1069
1539 1452
1539 1255
1539 1640
1539 1616
1539 599
1539 1103
1539 1402
1539 938
1539 734
1539 1299
768 801
768 1272
768 1616
768 797
768 72
768 1700
768 886
768 824
1199 831
704 72
704 822
704 734
704 617
338 1302
1683 32
713 1661
713 104
713 1185
713 1416
713 1373
713 1326
713 749
713 250
713 716
193 1647
193 658
193 394
193 393
193 1130
193 282
193 118
193 1412
415 841
415 1624
1178 194
1178 1051
356 1501
250 617
250 1255
901 9
901 84
980 194
778 1029
778 3
641 3
1532 852
1518 103
1518 1523
1518 1624
1518 32
1647 1654
1647 468
1647 1297
1647 9
1647 84
1647 32
908 103
438 1319
766 252
1326 1029
1130 34
1130 1272
1130 1071
823 1576
823 103
823 285
1412 810
852 442
852 966
852 1611
1501 3
1501 9
141 1624
468 1542
1447 1402
463 469
537 1332
285 843
1545 1576
1545 1556
1545 1332
1545 9
1545 1181
1545 12
1640 9
161 1
161 162
1260 725
560 194
658 103
658 1479
346 393
346 1616
174 1648
540 1542
329 1537
555 1634
103 617
103 282
103 605
103 409
103 109
103 1346
103 72
103 1395
103 893
1373 3
711 1556
620 605
725 1624
725 859
1413 552
1413 1668
1413 199
1185 607
1185 9
1185 743
1185 1402
1185 605
1648 1283
1648 963
1648 9
1648 1177
617 9
617 1332
617 605
617 734
985 983
1184 442
563 409
311 1332
311 32
394 1190
245 194
245 1283
1074 516
191 1097
983 32
194 353
194 118
194 794
1034 1576
263 393
1 856
1 3
6 753
520 1332
1675 582
1675 32
1208 3
199 1255
933 1687
1029 1340
981 817
749 605
1485 12
1181 131
393 1346
393 1686
393 1190
605 734
1621 9
1553 843
282 9
282 674
282 12
62 1190
1694 1255
1694 1359
1316 72
1571 1556
582 1616
731 824
109 32
801 313
1255 131
1255 1071
1255 12
1255 1332
1255 1359
843 1606
557 1346
1692 32
1297 12
1402 1556
1650 9
824 3
893 1556
674 1624
810 1624
1463 373
252 3
1196 9
1196 32
3 72
3 32
1710 32
12 9
12 32
61 1721
9 32
