0 257
0 2
0 3
0 4
0 5
0 763
0 392
0 876
0 10
0 144
0 568
0 530
0 339
0 25
0 24
0 345
0 798
0 223
0 353
0 67
0 355
0 44
0 19
0 120
0 443
1 2
1 965
2 3
2 4
2 5
2 6
2 7
2 8
2 9
2 10
2 267
2 14
2 18
2 643
2 23
2 280
2 26
2 27
2 800
2 33
2 35
2 41
2 298
2 43
2 304
2 306
2 821
2 54
2 59
2 323
2 70
2 847
2 850
2 85
2 598
2 771
2 911
2 861
2 263
2 827
2 101
2 102
2 105
2 106
2 274
2 110
2 879
2 883
2 628
2 117
2 888
2 634
2 893
2 384
2 386
2 131
2 645
2 135
2 393
2 142
2 109
2 150
2 156
2 673
2 163
2 668
2 682
2 125
2 371
2 181
2 710
2 459
2 972
2 632
2 212
2 219
2 224
2 227
2 741
2 744
2 234
2 239
2 752
2 502
2 251
2 509
2 511
3 609
3 388
3 40
3 28
3 748
3 146
3 20
3 693
3 55
3 640
3 156
4 86
4 6
4 7
4 8
4 11
4 258
4 14
4 15
4 784
4 17
4 662
4 792
4 282
4 47
4 670
4 31
4 36
4 421
4 551
4 552
4 46
4 559
4 48
4 180
4 30
4 189
4 192
4 70
4 333
4 975
4 720
4 594
4 852
4 470
4 346
4 122
4 350
4 95
4 737
4 101
4 487
4 360
4 240
4 116
4 120
4 250
4 252
5 325
5 198
5 519
5 9
5 204
5 78
5 17
5 402
5 148
5 21
5 89
5 155
5 159
5 352
5 482
5 291
5 721
5 872
5 426
5 939
5 300
5 18
5 12
5 701
5 375
5 622
6 128
6 448
6 117
6 55
6 729
6 74
6 397
6 62
6 149
7 512
7 781
7 773
7 135
7 266
7 712
7 13
7 759
7 16
7 659
7 21
7 278
7 151
7 836
7 25
7 669
7 286
7 31
7 33
7 164
7 294
7 48
7 40
7 41
7 42
7 43
7 176
7 49
7 503
7 414
7 54
7 312
7 500
7 186
7 287
7 926
7 437
7 708
7 69
7 289
7 456
7 588
7 375
7 76
7 717
7 269
7 336
7 337
7 739
7 625
7 217
7 218
7 91
7 93
7 99
7 292
7 681
7 107
7 364
7 661
7 497
7 882
7 244
7 119
7 381
7 345
7 127
8 576
8 103
8 684
8 11
8 12
8 403
8 598
8 570
8 187
8 188
9 22
9 200
9 58
9 587
9 678
9 66
9 589
9 191
10 387
10 132
10 583
10 265
10 650
10 76
10 15
10 337
10 409
10 580
10 26
10 930
10 547
10 484
10 997
10 38
10 489
10 938
10 299
10 56
10 186
10 123
10 998
10 383
11 965
11 454
11 711
11 73
11 207
11 19
11 276
11 340
11 22
11 159
11 864
11 993
11 483
11 103
11 232
11 679
11 302
11 839
11 52
11 630
11 20
12 16
12 339
12 694
12 539
12 13
13 440
13 72
13 82
13 51
13 452
13 23
13 985
13 27
13 94
14 896
14 577
14 581
14 457
14 267
14 205
14 590
14 77
14 596
14 617
14 535
14 984
14 217
14 399
14 28
14 542
14 288
14 571
14 805
14 241
14 424
14 553
14 172
14 45
14 688
14 305
14 947
14 788
14 567
14 57
14 249
14 63
15 32
15 978
15 486
15 648
15 665
15 74
15 173
15 558
15 29
15 721
15 274
15 713
15 470
15 471
15 260
15 475
15 63
16 256
16 490
16 34
16 358
16 37
16 262
16 233
16 138
16 423
16 317
16 952
16 154
16 983
16 24
16 982
16 58
16 783
16 60
16 61
17 64
17 50
17 260
17 601
17 909
17 733
17 813
18 64
18 96
18 359
18 924
18 139
18 690
18 512
18 87
18 408
18 508
19 178
19 943
19 140
19 412
19 541
19 925
20 50
20 213
20 310
20 744
20 922
20 923
21 515
21 60
22 849
22 930
22 603
22 779
22 523
22 140
22 669
23 657
23 915
23 229
23 178
23 189
24 962
24 907
24 682
24 668
24 202
24 363
24 954
24 892
24 445
24 81
24 115
24 501
24 118
24 343
24 442
24 348
24 61
24 606
25 369
25 450
25 245
25 342
25 184
25 634
25 327
25 222
25 902
26 32
26 160
26 932
26 857
26 908
26 748
26 34
26 494
26 113
26 114
26 846
26 185
26 536
26 377
27 67
27 261
27 393
27 138
27 35
27 215
27 164
27 666
27 222
27 95
27 96
27 162
27 99
27 36
27 999
27 426
27 46
27 560
27 467
27 30
27 137
27 443
27 507
27 746
27 447
28 686
28 39
28 522
28 29
28 191
29 304
29 259
29 38
29 683
29 460
29 754
29 80
29 472
29 562
29 308
29 53
29 438
29 184
30 610
30 436
30 42
30 255
31 51
31 83
31 37
31 158
31 757
32 227
32 197
32 390
32 619
32 525
32 367
32 141
32 84
32 599
32 991
33 599
33 59
33 174
33 207
34 709
34 196
34 325
34 72
34 187
34 826
34 533
35 288
35 320
35 548
35 39
35 428
35 556
35 862
35 56
35 315
35 190
36 419
36 100
36 71
36 168
36 587
36 143
36 973
36 174
36 335
36 146
36 148
36 565
37 688
37 68
37 517
37 801
37 205
37 527
37 242
37 435
37 150
37 996
37 90
37 735
37 255
38 179
38 643
38 69
38 796
39 97
39 84
39 134
39 506
40 977
40 79
41 576
41 65
41 875
41 66
41 118
41 130
41 328
41 108
41 758
41 194
41 271
41 534
41 302
41 214
41 898
41 896
41 862
41 621
41 161
41 482
41 293
41 551
41 129
41 636
41 382
41 199
41 44
41 45
41 238
41 694
41 625
41 498
41 52
41 53
41 182
41 705
41 428
41 316
41 126
41 533
42 49
42 116
42 455
42 200
42 247
43 624
43 131
43 357
43 454
43 535
43 172
43 431
43 432
43 561
43 787
43 469
43 944
43 503
43 921
43 47
43 655
43 126
43 949
44 192
44 290
44 971
44 293
44 696
44 626
44 654
44 943
44 80
44 177
44 82
44 568
44 94
45 130
45 276
45 508
45 284
45 461
46 674
46 950
46 550
46 628
46 363
46 220
46 811
47 417
47 259
47 695
47 88
47 153
47 204
47 157
47 753
47 79
48 959
50 960
50 136
50 169
50 623
50 848
50 147
50 57
50 730
50 604
50 733
51 128
51 385
51 68
51 906
51 270
51 143
51 464
51 916
51 726
51 87
51 89
51 859
51 926
51 97
51 166
51 422
51 104
51 427
51 110
51 111
51 880
51 945
51 180
51 638
51 121
51 124
51 62
51 766
52 81
52 920
52 308
52 585
52 152
52 330
53 833
53 114
53 307
53 574
53 319
54 992
54 65
54 523
54 747
54 934
54 225
54 98
54 93
54 113
54 338
54 789
54 151
54 569
54 378
54 123
54 157
55 224
55 98
55 229
55 904
55 201
55 875
55 450
55 493
55 368
55 881
55 819
55 724
55 738
55 90
55 285
55 318
56 595
56 83
56 644
56 437
56 139
56 332
56 106
57 816
57 689
57 88
57 505
57 154
57 700
57 254
58 627
58 249
58 122
58 731
58 602
59 608
59 91
59 388
59 201
59 528
59 237
59 494
59 483
59 112
59 307
59 560
59 86
59 119
59 376
59 218
59 251
60 258
60 835
60 453
60 102
60 584
60 362
60 107
60 236
60 986
60 275
60 756
60 409
60 762
60 315
60 637
60 85
62 544
62 289
62 418
62 195
62 613
62 321
62 732
62 75
62 301
62 971
62 109
62 528
62 370
62 696
62 540
62 991
63 100
63 918
63 198
63 71
63 169
63 366
63 627
63 342
63 233
63 984
64 203
64 214
65 223
66 776
66 155
66 791
67 645
67 239
68 208
68 73
69 963
69 932
69 268
69 394
69 620
69 942
69 144
69 376
69 473
69 410
70 640
70 294
70 264
70 105
70 476
70 173
70 914
70 884
70 246
70 855
70 828
71 844
71 158
72 160
72 737
72 163
72 614
72 77
72 266
72 642
72 78
72 788
72 667
72 234
72 543
73 75
73 545
73 142
73 335
73 273
73 803
73 216
73 399
73 416
73 481
73 546
73 283
73 484
73 165
73 166
73 171
73 108
73 749
73 112
73 177
73 821
73 954
73 995
74 509
75 656
75 273
75 610
75 404
75 502
75 439
75 136
75 203
75 92
76 145
76 461
77 202
78 562
78 92
78 279
80 460
80 354
80 379
81 981
82 785
82 290
82 323
82 715
82 750
83 791
85 872
85 344
85 745
85 962
86 272
86 303
86 699
86 456
86 758
86 232
86 127
87 228
87 876
87 810
87 700
89 473
89 104
89 281
89 814
90 153
90 349
91 179
92 822
92 425
92 518
94 369
94 133
94 248
94 761
94 287
95 441
95 730
95 285
96 425
96 365
97 225
97 518
97 778
97 403
97 525
97 398
97 707
100 877
100 182
100 759
100 717
100 702
101 900
101 230
102 672
102 193
102 228
102 458
102 427
102 175
102 786
102 147
102 244
102 246
102 564
103 577
103 514
103 355
103 664
103 283
103 735
103 719
104 867
104 465
104 235
105 468
105 693
105 702
106 537
106 324
106 167
107 322
107 996
107 582
107 167
107 540
107 491
107 396
107 271
107 209
107 312
108 981
108 646
108 604
108 111
109 710
110 612
110 326
110 931
110 137
110 554
110 219
110 412
110 899
110 524
111 152
111 793
112 129
112 987
112 353
112 969
112 823
112 176
112 440
112 338
112 432
112 309
112 809
112 536
112 121
112 597
114 115
114 500
115 572
115 923
115 124
116 848
116 133
116 279
116 284
116 253
116 303
117 464
117 263
117 441
117 743
117 466
117 813
118 352
118 963
118 132
118 913
118 328
118 878
118 208
118 433
118 181
118 420
118 314
118 798
118 319
119 617
120 220
120 465
121 256
121 641
121 305
122 709
122 695
122 616
122 665
122 411
122 429
122 933
123 635
124 574
124 614
124 771
124 585
124 378
124 347
124 125
124 366
124 557
125 161
125 292
125 390
125 211
125 237
125 462
125 653
125 531
125 149
125 738
125 575
125 351
126 242
126 411
126 196
126 766
126 520
126 451
127 395
127 708
127 329
127 330
127 331
127 349
128 905
128 948
129 659
130 243
130 586
130 796
130 221
131 423
131 134
131 407
131 331
131 606
133 354
133 230
134 547
134 373
134 211
135 680
135 675
135 247
135 168
135 314
135 842
136 864
136 433
136 392
136 855
136 429
136 718
136 145
136 936
136 245
136 183
136 794
137 171
137 141
139 815
140 720
140 976
140 162
140 374
140 265
140 442
140 430
140 933
141 356
141 490
141 253
141 957
142 324
142 725
142 278
142 584
142 586
142 990
143 391
144 504
144 213
145 534
145 729
145 506
145 988
146 210
146 854
146 871
146 188
146 383
147 913
148 564
148 170
149 193
149 194
149 406
149 394
149 317
150 769
150 841
150 686
150 175
152 616
153 793
153 563
153 309
154 480
154 226
154 571
154 358
154 591
154 299
154 238
154 415
155 976
155 755
155 706
155 170
155 507
155 618
155 382
155 190
158 609
158 820
158 185
158 511
159 850
159 639
161 784
161 264
161 501
161 840
161 903
161 248
162 961
162 900
162 374
162 199
162 408
162 444
162 250
162 734
163 320
163 257
163 165
163 829
163 197
164 651
164 424
164 795
164 221
164 206
165 241
165 690
165 343
165 554
165 727
165 972
165 301
165 526
166 580
166 334
166 297
167 750
167 361
167 300
167 298
167 270
168 400
168 605
168 782
169 592
169 743
170 515
170 485
170 935
170 851
170 236
170 254
171 332
171 269
171 206
173 549
173 940
173 910
173 786
173 563
173 183
173 760
173 633
173 538
173 431
174 550
175 209
175 863
177 360
177 195
178 402
179 548
179 573
180 226
180 389
180 619
180 866
180 499
180 277
180 952
180 346
180 955
180 826
181 379
181 812
182 497
182 417
182 467
182 212
182 406
182 422
182 968
182 894
183 466
183 837
183 678
183 713
184 592
184 947
184 676
184 542
186 474
186 341
187 728
187 740
187 797
187 377
187 824
187 413
187 605
187 477
188 434
188 765
190 316
190 311
191 960
191 958
191 487
191 555
191 873
191 894
191 231
192 877
192 447
193 240
193 210
193 243
193 990
193 613
194 371
194 310
194 387
194 671
195 505
195 351
196 297
196 474
196 603
196 268
196 799
197 485
197 839
199 282
199 775
201 553
202 488
202 275
202 742
202 215
202 600
202 849
202 685
204 807
206 897
206 594
206 565
206 716
206 348
206 754
206 479
207 712
207 968
207 871
208 510
208 327
208 649
208 583
208 295
208 716
208 825
208 478
209 216
209 783
210 853
211 602
213 994
213 306
213 787
213 949
213 231
213 296
213 311
213 866
214 453
215 835
215 446
216 436
216 843
216 556
216 526
217 347
217 262
220 498
220 739
223 956
224 824
225 336
225 322
225 261
225 705
225 362
225 558
225 463
226 776
226 852
228 780
228 235
228 655
229 367
229 728
229 333
230 654
230 638
231 359
232 504
234 530
236 405
236 841
236 521
236 827
238 407
238 541
238 295
239 280
240 814
240 344
240 820
240 252
240 318
240 911
241 272
241 578
242 496
242 415
244 524
245 834
245 777
246 340
246 438
246 794
246 341
248 400
248 601
248 481
249 869
249 925
250 819
250 630
250 707
250 886
250 831
251 445
251 747
253 596
253 313
253 828
253 414
253 477
254 885
255 401
256 938
257 572
258 296
259 809
259 607
259 942
261 496
261 373
261 361
261 277
263 874
263 313
263 778
264 449
264 769
264 398
264 767
266 936
266 397
267 410
268 281
268 806
269 488
269 973
269 845
270 899
270 838
272 566
272 458
272 492
272 286
273 321
273 434
273 667
273 974
273 867
273 648
273 396
273 493
273 478
274 291
274 874
274 365
274 687
275 817
276 883
276 673
276 992
278 670
278 629
278 520
278 941
278 597
279 797
280 462
282 905
283 449
283 459
283 364
284 920
285 329
285 391
285 951
286 753
288 404
289 612
289 790
289 697
289 570
289 623
294 740
296 370
297 607
298 802
299 561
299 510
299 767
302 444
304 856
304 687
305 405
306 419
306 356
306 895
309 995
311 611
312 969
312 334
313 552
313 593
313 631
316 890
316 906
317 368
317 372
320 326
321 418
321 858
321 395
321 380
322 731
322 755
322 517
322 806
322 647
323 917
325 451
325 381
328 907
329 513
330 590
331 818
332 662
332 350
336 455
336 989
337 851
337 804
339 760
340 985
341 566
341 997
342 683
342 677
342 774
342 380
342 479
343 600
345 471
345 675
345 734
346 516
347 658
348 595
350 531
350 357
350 987
351 384
351 685
351 372
351 491
351 495
352 937
354 385
354 978
354 468
354 840
354 557
357 544
357 516
357 869
358 593
358 579
358 715
358 831
360 917
361 448
361 537
361 858
363 718
363 653
365 635
366 439
366 413
367 658
368 386
368 629
368 532
370 401
370 732
370 469
371 416
371 589
372 521
374 492
374 463
376 435
377 863
377 697
377 527
379 529
380 522
380 845
382 818
383 749
383 420
383 677
387 389
389 746
390 457
390 742
391 569
394 825
396 830
399 812
403 745
404 555
404 486
404 575
405 979
405 982
405 881
405 476
406 725
406 647
407 611
407 656
407 626
408 430
409 582
410 514
414 961
414 698
415 691
416 452
417 421
418 782
419 772
427 856
428 446
431 811
432 529
434 499
438 657
438 618
439 986
440 480
440 549
440 608
440 624
440 751
442 764
443 546
449 957
449 475
452 762
459 513
464 622
466 689
466 722
466 538
466 620
467 472
467 714
467 588
468 579
469 559
472 959
474 885
474 489
474 573
474 901
476 664
479 792
480 660
480 581
481 891
481 639
483 857
484 865
485 756
485 567
488 780
488 789
489 921
489 532
490 519
490 495
491 681
491 637
493 918
495 887
498 838
505 975
507 545
507 901
508 672
508 912
508 956
510 945
510 722
513 539
515 937
515 724
516 948
517 701
520 699
520 893
523 704
523 703
524 892
525 680
527 928
527 711
531 641
535 543
536 808
536 663
537 726
538 636
538 727
541 844
544 966
545 578
545 652
545 621
547 615
547 591
555 888
555 865
555 829
559 674
559 958
560 801
560 660
560 723
560 817
560 644
562 703
563 663
566 846
567 890
568 889
568 897
571 649
571 898
577 671
578 799
578 615
579 832
579 633
579 902
583 761
583 706
584 970
586 775
589 632
589 941
593 666
593 955
593 870
594 698
597 691
599 768
600 757
601 772
601 870
602 704
602 999
612 652
613 642
616 777
619 964
619 631
620 929
620 859
620 646
622 929
622 676
624 834
624 822
626 919
627 970
630 873
630 909
631 719
633 860
633 692
635 723
636 779
636 773
638 736
638 914
641 650
643 692
646 939
646 861
647 800
647 661
647 679
647 651
649 928
649 714
649 823
650 765
653 751
655 847
656 810
664 967
667 833
668 880
669 736
669 803
671 868
672 808
674 924
675 915
675 891
675 989
675 910
680 802
683 684
687 785
688 805
691 774
692 741
694 830
695 764
696 980
697 807
698 979
700 770
702 860
708 768
712 912
713 752
714 868
719 781
719 854
720 815
726 940
729 763
729 916
733 889
739 983
740 832
741 904
745 836
753 770
753 886
761 878
762 837
766 944
767 974
768 816
773 988
773 922
775 804
783 853
784 795
784 903
785 790
789 931
789 951
792 919
793 882
819 842
820 908
828 843
829 946
833 964
841 879
844 977
847 895
852 927
857 953
857 946
862 884
872 927
884 887
890 935
894 993
903 950
904 953
905 967
919 934
928 980
934 966
970 994
993 998
