81 66
81 21
81 23
81 58
66 30
66 21
66 44
66 60
66 88
66 69
66 7
66 59
66 23
66 62
66 5
66 46
66 58
66 85
66 71
24 63
24 65
24 57
24 48
24 46
24 85
24 26
43 50
43 55
43 67
43 70
43 77
43 48
43 49
43 14
43 35
43 80
43 56
14 2
14 88
14 33
14 44
14 86
14 35
14 56
14 15
39 80
39 11
21 44
21 60
21 88
21 87
21 55
21 23
21 62
21 5
21 30
21 58
51 38
61 1
61 88
61 77
50 55
50 67
50 57
50 52
63 55
63 65
63 17
63 87
56 35
56 83
56 87
69 30
69 23
69 60
49 44
49 60
49 80
49 77
49 64
49 78
49 55
49 67
49 26
49 48
49 54
49 16
49 32
49 52
22 44
22 60
22 54
83 1
83 82
83 87
83 85
83 64
85 88
85 87
85 64
85 25
85 1
85 19
85 48
85 46
85 35
85 9
85 16
26 65
26 57
26 18
26 46
16 88
16 32
16 60
16 54
16 4
16 9
16 64
37 52
37 18
70 55
70 0
70 80
70 19
17 55
17 65
32 55
32 65
32 4
32 80
18 38
18 8
18 53
18 46
18 4
62 23
62 88
15 88
15 3
15 48
15 60
55 84
55 80
55 11
55 25
55 64
5 23
33 84
33 44
23 60
23 88
23 7
23 59
23 30
23 58
23 44
54 38
54 67
54 65
54 48
54 60
54 52
13 44
3 67
57 67
57 65
57 46
57 80
57 52
30 71
30 60
30 11
38 4
38 60
68 58
77 60
88 60
88 84
88 8
88 25
29 60
7 60
8 71
78 11
78 25
65 84
65 2
65 67
65 48
65 46
65 52
25 4
25 80
25 11
64 1
64 4
64 58
52 84
44 60
60 67
87 1
67 48
19 9
48 2
