81 66
81 23
66 30
66 21
66 44
66 60
66 88
66 7
66 86
66 59
66 23
66 62
66 5
66 58
66 71
24 50
24 11
24 46
24 83
24 57
24 48
24 54
24 49
24 25
24 26
24 35
80 70
80 49
80 43
80 25
80 32
80 52
43 50
43 2
43 67
43 70
43 49
43 25
43 16
14 88
14 33
14 44
14 54
14 13
14 16
14 25
39 1
39 82
39 58
39 0
39 11
39 57
21 23
21 60
21 44
51 60
35 88
35 60
35 87
35 4
35 25
35 1
35 33
35 19
35 61
35 9
35 85
35 26
35 16
50 65
50 57
50 54
50 49
50 52
53 4
53 25
53 85
53 60
53 49
64 1
64 19
64 49
64 25
64 85
64 16
69 23
49 70
49 60
49 84
49 78
49 25
49 11
49 67
49 76
49 48
49 54
49 52
49 63
49 32
49 57
22 88
22 60
22 4
22 3
22 15
22 25
83 1
83 25
83 87
63 54
63 48
85 1
85 19
85 25
85 87
85 4
85 16
26 65
26 27
26 46
26 4
26 25
26 57
16 77
16 88
16 19
16 60
16 9
16 25
37 4
37 25
70 0
70 19
17 52
17 54
17 9
17 71
17 61
15 88
15 48
15 60
82 0
33 84
33 3
32 25
32 54
54 60
54 61
54 67
54 57
54 48
54 25
54 52
3 30
3 4
0 1
0 71
23 30
23 44
23 60
23 88
23 87
23 7
23 8
23 25
23 59
23 62
23 5
23 29
23 58
30 67
30 60
30 44
30 58
30 71
30 25
38 4
12 11
12 48
77 88
77 60
77 52
77 73
77 25
77 9
77 61
88 25
88 60
88 19
7 60
8 58
8 71
8 25
25 78
25 11
25 57
25 44
25 52
25 60
25 87
25 89
25 1
25 67
25 19
25 48
25 46
25 56
29 60
61 60
61 48
61 4
61 87
61 11
61 44
58 71
58 11
58 44
52 84
52 62
52 67
52 76
52 57
84 4
44 60
60 56
60 67
60 62
87 56
4 11
4 1
4 62
4 46
1 19
48 67
57 65
57 46
19 9
46 65
