81 77
66 44
66 59
66 8
66 71
66 7
21 85
21 60
21 44
43 2
43 37
43 56
43 77
43 49
43 60
43 82
43 80
14 2
14 88
14 33
14 44
14 49
14 13
14 35
14 25
39 83
39 23
39 0
39 80
39 85
39 35
24 2
24 57
24 48
24 54
24 46
24 35
24 26
24 27
51 2
35 89
35 27
35 56
35 80
35 7
35 64
35 25
35 1
35 19
35 46
35 9
35 85
35 26
35 16
50 49
63 9
63 48
63 54
64 1
64 16
64 85
64 89
49 55
49 67
49 77
49 48
49 54
49 80
49 56
49 73
22 37
22 56
22 60
22 54
83 1
83 56
83 17
83 85
83 71
83 25
85 30
85 18
85 7
85 58
85 16
85 44
85 87
85 89
85 27
85 1
85 31
85 25
85 19
85 46
85 0
85 9
85 23
32 4
32 80
32 52
16 15
16 77
16 60
16 54
16 73
16 25
16 9
2 82
70 82
70 0
70 80
70 19
17 48
17 8
17 52
23 9
23 58
23 44
62 44
62 60
62 52
15 88
15 60
82 38
82 76
82 0
82 73
33 13
26 48
26 27
26 25
26 18
26 46
26 57
54 88
54 60
54 67
54 76
54 48
54 73
54 52
0 1
0 71
30 88
30 71
30 60
30 44
38 4
38 18
12 48
12 60
77 60
77 73
37 52
37 18
7 44
8 71
8 44
25 88
25 89
25 60
25 80
25 1
25 56
25 48
25 58
18 46
18 4
18 53
18 27
86 88
59 44
78 57
78 48
78 52
58 44
58 4
58 71
52 48
52 76
52 57
52 73
88 44
88 73
60 44
60 11
60 48
60 56
60 73
4 48
89 1
80 67
80 76
11 73
1 9
76 57
57 48
57 73
48 73
