66 30
66 23
66 71
66 49
24 27
24 48
24 54
24 46
24 26
24 57
43 56
43 49
14 88
14 15
14 77
14 60
14 44
14 4
14 49
14 51
14 25
14 33
14 48
14 54
14 35
14 73
39 82
21 26
21 23
21 58
21 49
35 49
35 80
35 16
35 85
35 26
35 25
50 49
50 52
54 67
54 48
54 49
54 16
69 23
49 30
49 77
49 25
49 7
49 56
49 78
49 88
49 83
49 44
49 60
49 80
49 11
49 15
49 67
49 33
49 23
49 62
49 73
57 30
57 27
57 46
57 7
57 26
57 52
83 1
83 56
83 87
83 58
83 25
85 1
85 19
85 6
85 25
85 80
85 11
85 16
26 27
26 46
26 58
16 1
16 60
16 25
16 9
16 73
70 0
70 19
17 8
17 52
32 55
15 88
15 60
82 0
23 30
23 60
23 88
23 29
23 7
23 8
23 1
23 59
23 71
23 62
23 5
23 9
23 58
23 44
0 1
0 71
73 88
73 77
73 48
73 60
73 52
30 60
30 80
30 71
38 4
12 48
12 25
48 67
7 88
7 71
8 1
8 71
25 1
25 46
25 80
77 60
64 1
64 80
58 11
58 71
52 62
4 11
87 19
87 56
80 76
1 62
