81 23
81 69
66 8
66 4
66 58
66 23
66 69
24 26
24 70
24 65
24 57
24 48
24 54
24 58
48 49
48 12
48 65
48 54
48 22
48 43
48 78
48 67
48 51
48 25
43 30
43 50
43 70
43 60
43 80
43 55
43 67
43 56
43 69
43 49
43 9
14 86
14 35
14 60
14 77
14 25
39 85
39 58
39 64
39 11
39 54
21 60
21 69
21 23
51 26
35 88
35 83
35 65
35 57
35 69
35 19
35 25
35 61
35 85
35 16
50 65
50 54
53 38
56 83
56 87
56 61
69 30
69 23
69 60
69 38
69 80
69 55
49 55
49 67
49 60
49 29
49 52
49 54
49 16
49 32
49 25
22 16
22 60
22 54
83 1
83 82
83 87
83 19
83 4
83 80
83 64
83 25
63 54
85 1
85 58
85 65
85 19
85 46
85 31
85 25
85 64
26 57
16 88
16 60
16 61
16 4
16 54
16 64
16 15
16 25
16 32
2 25
70 55
70 80
70 19
17 8
54 84
54 60
54 88
54 61
54 67
54 65
54 52
54 32
32 55
32 80
18 46
15 88
15 77
15 60
55 12
55 80
55 11
55 25
33 84
33 3
33 87
23 60
23 88
23 87
23 7
23 59
23 62
23 5
23 30
23 58
23 44
29 61
29 60
0 89
19 1
19 64
19 25
38 4
12 80
62 52
88 1
88 60
88 77
88 25
7 60
7 57
25 60
25 80
25 77
25 78
25 1
25 71
86 11
65 57
65 46
78 11
61 77
61 57
58 1
58 84
58 11
52 57
84 87
87 1
87 57
87 46
4 67
4 46
80 57
64 1
57 46
