21 60
66 30
66 88
66 71
66 8
66 60
66 49
66 35
66 7
66 58
66 23
24 63
24 54
24 27
24 48
24 57
24 46
24 35
24 7
24 26
24 45
10 4
10 74
10 47
10 17
10 35
72 0
72 60
43 2
43 55
43 67
43 70
43 37
43 56
43 49
43 54
43 80
43 16
14 15
14 33
14 59
14 44
14 60
14 73
14 4
14 35
14 16
39 2
39 1
39 12
39 76
39 11
39 87
39 83
39 80
39 58
1 82
1 0
1 64
1 25
1 87
1 83
1 16
1 9
1 35
51 26
35 12
35 18
35 25
35 59
35 11
35 69
35 58
35 16
35 27
35 17
35 64
35 26
35 33
35 23
35 46
35 28
35 9
35 57
50 54
63 76
63 48
63 54
63 45
63 73
75 85
64 33
64 31
64 83
64 0
64 16
64 85
49 38
49 77
49 60
49 4
49 33
49 86
49 23
49 48
49 54
49 16
49 47
22 4
22 58
83 56
83 87
83 42
83 85
44 30
44 33
44 60
44 73
44 13
44 85
44 78
44 25
85 18
85 73
26 27
26 18
26 46
16 89
16 60
16 54
16 19
16 48
16 25
16 9
16 73
42 47
42 87
42 56
42 58
42 45
37 60
37 18
70 0
70 80
70 19
47 60
47 74
47 28
47 58
28 58
23 30
23 33
23 59
23 31
23 60
23 58
62 60
15 88
15 36
15 77
15 60
15 25
82 0
33 31
33 60
32 67
32 25
32 54
54 2
54 60
54 80
54 45
54 67
54 76
54 56
54 48
54 57
54 73
54 52
13 60
13 58
13 77
13 73
0 71
0 89
68 31
68 60
73 88
73 60
73 11
73 76
73 77
73 58
30 71
30 57
30 60
30 8
30 4
30 59
30 58
38 4
38 18
36 60
12 25
12 48
12 11
74 8
48 45
48 87
18 53
18 17
18 46
18 4
18 58
18 27
31 80
7 60
7 71
8 71
8 60
8 4
8 58
78 11
86 25
59 60
25 88
25 60
25 4
25 80
25 77
58 11
58 71
52 67
52 76
52 57
52 17
52 4
52 11
88 60
88 4
60 53
60 11
60 77
60 71
17 4
17 71
17 45
87 4
87 45
4 27
4 19
80 76
80 57
67 77
76 57
46 27
