66 30
66 71
66 23
66 60
66 58
66 7
66 8
66 35
21 60
10 88
10 74
10 47
10 60
10 49
10 4
10 16
10 73
72 60
43 2
43 70
43 56
43 48
43 49
43 60
43 80
14 88
14 33
14 44
14 60
14 35
14 13
14 25
14 16
14 64
14 11
14 73
39 1
39 76
39 60
39 87
39 83
39 80
24 63
24 67
24 48
24 5
24 35
24 54
24 26
24 45
35 30
35 12
35 74
35 25
35 11
35 49
35 85
35 26
35 16
35 87
35 89
35 64
35 1
35 23
35 5
35 46
35 73
35 9
35 71
35 19
53 60
53 18
56 83
56 54
56 60
56 87
49 88
49 36
49 74
49 77
49 60
49 18
49 80
49 15
49 25
49 76
49 23
49 48
49 54
49 13
49 73
49 58
49 52
57 52
57 25
57 73
42 83
42 87
42 60
42 45
83 1
83 71
83 60
83 87
83 85
83 64
63 73
63 87
63 54
85 18
85 31
85 19
85 25
85 78
85 16
85 11
26 27
26 18
26 46
26 87
26 25
16 88
16 60
16 64
16 25
16 1
16 19
16 77
16 54
16 73
2 37
2 25
70 0
70 80
70 19
47 1
47 88
47 23
47 60
47 30
47 73
47 8
47 25
28 44
28 60
32 25
32 80
32 54
18 38
18 37
18 46
18 4
18 87
18 27
22 25
22 88
22 73
22 60
22 52
67 80
67 48
67 77
67 54
15 88
15 48
15 77
15 60
15 4
15 13
15 25
82 0
33 25
33 23
33 60
33 73
23 30
23 74
23 5
23 7
23 8
23 59
23 58
23 17
23 44
23 60
23 87
23 89
23 11
23 1
23 62
23 29
23 13
23 71
29 60
13 44
13 77
13 60
0 74
0 64
0 87
0 80
0 71
73 36
73 74
73 48
73 25
73 88
73 60
73 80
73 64
73 76
73 77
73 54
73 52
30 60
30 4
38 4
12 48
12 87
12 11
12 60
68 60
62 60
62 52
88 60
88 4
88 80
88 7
88 8
88 25
88 5
88 86
88 19
5 60
7 60
8 60
8 71
8 17
25 74
25 86
25 78
25 44
25 60
25 87
25 4
25 89
25 80
25 64
25 1
25 19
25 54
25 9
86 60
77 60
78 44
78 48
34 48
64 31
64 19
58 71
58 60
58 87
58 11
52 37
52 4
52 17
52 54
76 87
76 80
44 60
60 11
60 87
60 1
60 54
60 71
60 31
87 17
87 4
87 80
87 45
87 1
87 46
87 9
87 71
4 48
4 9
89 1
89 19
80 17
80 31
1 74
1 71
1 19
54 48
19 9
17 9
