66 71
66 60
66 8
24 63
24 87
24 35
24 45
24 26
24 73
10 4
10 74
10 47
10 87
43 2
43 37
43 70
43 48
43 54
43 52
14 88
14 33
14 44
14 60
14 13
14 15
14 73
39 1
39 83
39 87
39 45
51 76
35 11
35 12
35 19
35 87
35 46
35 64
35 26
63 23
63 17
63 54
63 87
63 9
63 58
63 47
53 85
22 88
22 73
42 45
42 87
83 1
83 85
83 87
44 30
85 88
85 19
85 16
85 11
85 78
26 46
26 27
26 87
16 1
16 73
16 19
16 60
49 64
49 48
2 37
70 0
47 28
47 60
47 87
47 8
32 54
15 88
15 36
15 64
15 60
82 0
23 87
23 60
23 78
54 60
54 48
54 73
54 64
54 52
0 71
73 77
73 48
73 60
73 18
73 25
30 71
30 60
38 4
36 77
36 60
12 11
12 60
12 87
74 19
48 52
48 4
48 34
18 87
5 60
5 87
7 60
8 71
25 80
86 88
58 87
52 17
88 19
88 60
60 77
17 87
17 71
87 80
87 11
87 45
87 1
87 46
87 9
87 71
89 1
89 19
64 19
64 77
1 19
1 71
19 9
