232 274
232 262
232 33
232 230
232 264
118 279
118 164
118 234
118 299
99 90
99 150
241 315
241 189
241 228
241 242
241 279
241 108
241 278
241 236
241 135
241 116
236 7
236 242
236 253
236 278
236 173
236 25
35 270
35 116
35 57
35 135
35 25
69 298
69 285
69 30
69 28
69 26
295 38
295 132
295 310
295 44
295 161
295 184
295 6
83 158
83 299
83 301
83 45
83 200
83 58
83 52
317 204
317 318
277 139
277 234
128 202
28 81
28 208
28 251
28 12
28 223
28 18
28 4
28 298
28 285
28 256
28 307
28 280
28 26
225 208
225 180
225 191
225 223
225 280
225 18
225 9
225 26
217 143
217 281
186 199
186 90
186 143
186 281
88 90
270 116
270 57
270 45
270 200
270 58
270 52
204 63
204 222
204 318
204 60
204 103
204 159
204 249
134 284
134 132
134 266
134 38
134 85
134 16
134 133
134 6
261 132
261 6
266 132
266 161
266 133
266 6
274 93
274 82
274 33
274 183
274 300
274 199
274 90
274 269
274 230
40 291
40 80
40 51
40 194
6 38
6 267
6 110
6 78
6 50
6 145
6 112
6 310
6 238
6 161
6 184
6 16
6 283
6 218
6 203
6 27
6 17
6 284
6 314
6 120
6 85
6 2
6 132
6 71
6 240
6 79
6 3
6 133
6 257
301 101
301 299
301 149
301 52
301 58
301 45
16 2
16 284
16 132
16 112
16 184
16 240
16 133
16 238
16 85
234 24
234 308
234 299
234 279
234 162
234 210
234 131
234 7
234 158
234 10
234 182
234 315
234 13
234 252
234 278
234 173
234 228
234 250
21 145
78 38
78 132
78 283
78 184
78 161
288 233
288 70
288 111
103 160
92 26
258 262
258 90
58 200
58 254
58 57
58 193
58 45
58 162
58 52
52 158
52 193
52 200
52 104
52 45
52 250
52 254
305 279
305 105
211 279
314 219
314 145
314 132
314 112
314 38
314 133
314 50
238 2
238 284
238 132
185 157
53 298
53 12
53 174
53 26
53 280
20 252
285 26
285 109
220 230
220 48
220 281
220 199
220 90
220 143
189 279
189 135
189 252
189 57
77 90
108 202
108 299
173 178
173 250
173 242
173 279
173 253
173 278
173 116
273 233
81 30
81 298
81 223
81 26
284 2
284 161
284 132
284 3
284 133
284 184
252 122
252 24
252 86
252 221
252 10
252 299
252 279
252 215
281 90
281 183
304 164
304 299
304 263
304 279
304 178
304 7
160 63
160 222
160 318
160 60
160 159
160 249
290 279
49 279
110 132
249 159
94 278
24 86
24 131
79 50
79 145
79 132
79 184
79 38
79 3
79 161
79 283
79 267
315 279
315 158
315 228
237 26
101 299
101 158
101 45
306 90
306 59
306 230
306 97
262 230
262 74
262 150
262 183
262 300
262 90
262 143
262 97
302 216
33 93
33 230
33 183
33 300
33 90
33 269
228 113
228 47
228 299
228 242
228 279
228 278
228 7
228 45
228 13
228 135
228 250
104 279
13 279
13 278
13 116
109 298
240 132
240 184
130 279
130 113
130 25
269 93
269 300
269 230
269 75
193 57
193 45
253 278
253 116
86 221
86 10
86 47
59 90
59 230
239 279
25 139
25 57
25 242
25 279
25 158
25 7
25 135
97 90
97 230
93 300
93 90
93 230
298 26
298 292
298 174
298 127
298 152
283 38
283 132
283 231
283 161
283 184
111 233
111 70
264 82
264 90
9 208
9 26
9 18
117 45
161 38
161 133
161 120
161 50
161 145
161 132
161 112
161 3
161 184
161 267
161 310
1 191
1 26
1 18
231 132
231 112
231 133
48 90
48 39
303 159
202 158
202 47
202 299
202 279
202 209
202 116
123 165
123 5
152 180
152 30
152 26
152 151
250 47
250 200
250 299
250 242
250 279
250 7
250 158
250 188
113 46
113 149
113 299
90 74
90 39
90 199
90 300
90 230
90 183
90 98
90 75
90 23
90 150
90 82
90 143
90 15
116 57
116 278
51 80
51 291
50 145
50 132
50 112
50 38
50 133
50 267
63 222
63 318
139 279
310 132
310 71
280 30
280 26
280 151
184 38
184 27
184 145
184 132
184 3
184 267
26 30
26 12
26 307
26 18
26 180
26 64
26 208
26 223
26 4
26 121
26 34
26 256
26 127
26 191
26 174
47 188
47 279
47 278
309 308
263 7
120 132
120 133
120 257
159 318
132 38
132 267
132 112
132 218
132 203
132 27
132 17
132 2
132 145
132 71
132 85
132 3
132 133
132 257
150 143
182 279
3 145
3 133
3 85
133 112
133 85
133 267
30 223
30 151
30 64
164 279
194 291
194 80
194 190
18 208
18 12
18 223
18 256
18 180
18 307
18 4
18 127
242 7
242 114
242 279
242 158
242 299
200 254
200 45
199 183
135 57
135 279
208 256
208 127
308 279
292 307
162 158
276 216
75 230
291 255
291 80
291 190
259 0
71 38
144 7
144 45
176 223
10 279
279 299
279 7
279 122
279 209
279 278
279 158
80 255
136 278
307 180
307 12
307 223
307 256
307 127
145 267
223 127
183 82
183 230
183 74
183 300
82 230
82 300
158 7
158 45
114 299
127 256
267 38
38 112
74 300
299 278
299 7
7 278
300 230
207 45
45 254
