232 230
118 164
99 90
241 130
241 13
241 315
241 279
241 162
241 108
241 278
241 209
241 135
241 25
236 278
61 90
252 24
252 86
252 57
252 215
252 279
252 83
252 189
240 231
240 184
83 47
83 108
83 202
83 58
83 114
83 301
83 304
83 52
83 228
83 45
317 160
317 204
317 63
28 81
28 30
28 12
28 176
28 18
28 141
28 298
28 180
28 53
28 307
28 280
28 26
28 208
28 251
28 223
28 285
28 4
28 69
28 64
28 1
28 121
28 174
28 256
28 195
28 127
28 191
28 9
28 152
225 121
225 12
225 223
225 53
225 180
225 191
225 26
225 293
186 143
186 199
186 90
186 74
186 98
270 52
270 116
270 58
270 254
204 63
204 222
204 318
204 60
204 160
204 303
204 103
204 159
204 249
134 231
134 132
134 38
166 314
266 231
266 79
266 133
266 238
208 26
208 12
208 307
274 93
274 82
274 269
274 33
274 300
274 90
274 39
274 230
40 291
40 80
40 51
40 194
6 50
6 284
6 283
6 112
6 314
6 85
104 188
104 279
104 209
104 108
104 228
104 52
234 279
234 228
21 145
21 78
51 80
51 194
51 291
13 47
13 279
13 253
13 278
13 173
13 228
13 116
103 160
35 130
35 116
35 135
92 81
92 53
258 90
58 254
58 246
58 193
58 301
58 45
58 200
58 52
52 301
52 193
52 45
52 200
52 254
309 7
305 105
211 228
314 284
314 268
314 231
238 231
238 132
238 284
238 16
185 157
53 298
53 174
53 280
53 26
285 127
285 26
220 82
220 90
76 0
189 135
189 57
77 199
77 90
77 143
77 281
77 48
108 202
108 299
108 315
108 209
173 242
173 253
173 116
173 250
81 12
81 54
81 226
81 151
81 26
284 231
284 132
284 112
284 133
284 16
112 161
112 231
69 223
69 307
69 26
281 90
160 63
160 222
160 318
160 60
160 303
160 159
160 249
290 228
49 279
49 135
249 159
94 139
94 114
315 209
16 2
16 132
16 231
16 50
101 278
306 90
306 59
306 230
306 97
262 300
262 90
262 74
262 183
302 233
33 90
33 269
33 230
228 47
228 242
228 279
228 116
228 158
228 250
301 45
301 299
138 175
138 11
319 113
295 50
295 231
295 132
295 310
295 38
295 161
130 162
130 25
269 93
269 90
269 300
269 230
269 75
253 242
253 116
86 221
86 202
86 10
86 47
59 90
59 230
25 7
97 90
97 230
93 300
93 90
122 7
283 50
283 231
283 38
283 79
283 3
283 161
111 288
180 26
106 0
144 7
11 175
161 38
161 231
161 78
161 50
161 145
161 132
161 310
161 79
161 3
161 184
161 267
1 127
231 38
231 267
231 119
231 50
231 145
231 310
231 78
231 184
231 218
231 27
231 120
231 311
231 85
231 2
231 132
231 71
231 79
231 3
231 133
231 257
48 90
202 158
202 299
202 116
152 151
152 26
250 242
250 139
250 47
113 46
213 80
72 288
90 150
90 74
90 39
90 264
90 199
90 230
90 15
90 183
90 143
90 98
90 75
90 82
90 23
90 300
39 82
116 178
116 57
116 278
141 298
141 12
141 280
50 38
50 133
50 78
50 145
50 132
50 79
50 184
50 267
63 318
139 135
310 71
310 44
310 184
310 257
280 12
280 223
280 26
184 145
184 132
26 30
26 12
26 18
26 151
26 298
26 64
26 307
26 293
26 223
26 121
26 4
26 256
26 127
26 191
26 9
26 174
47 278
117 279
263 7
120 132
120 71
132 38
132 145
132 27
132 2
132 267
132 78
132 85
132 79
132 133
79 38
79 78
79 267
150 183
279 299
279 242
279 278
279 7
279 135
279 31
3 2
30 176
194 291
194 80
18 127
200 254
135 57
233 288
293 127
264 230
7 158
7 114
276 288
291 80
176 223
307 12
307 223
223 121
223 12
223 127
183 300
183 230
82 143
114 299
127 12
267 145
267 38
38 78
12 4
78 145
145 27
300 230
