232 262
232 230
232 33
118 94
118 279
118 7
118 234
99 90
241 277
241 130
241 83
241 7
241 263
241 162
241 116
241 234
241 25
241 94
241 139
241 57
241 114
241 279
241 108
241 189
24 86
24 252
24 234
61 186
219 314
56 199
252 20
252 108
252 10
252 299
252 279
252 215
252 45
252 122
252 94
252 86
252 221
252 135
252 234
252 319
252 228
240 38
240 132
240 161
83 108
83 158
83 193
83 114
83 301
83 144
83 299
83 200
83 58
83 45
228 101
228 108
228 47
228 299
228 242
228 279
228 304
228 278
228 116
228 7
228 94
228 45
228 301
228 13
228 234
228 135
228 250
277 37
277 130
277 210
277 117
277 279
277 170
277 25
277 65
277 139
277 189
277 177
277 315
277 188
277 35
277 263
277 135
277 57
128 202
28 81
28 30
28 12
28 176
28 18
28 151
28 141
28 298
28 180
28 64
28 307
28 280
28 26
28 208
28 251
28 121
28 223
28 285
28 4
28 53
28 1
28 225
28 174
28 256
28 195
28 127
28 191
28 9
28 152
225 180
225 223
225 26
225 285
225 127
225 53
217 90
217 59
92 26
88 82
62 283
270 57
270 200
270 45
270 144
270 173
270 58
270 116
204 63
204 222
204 318
204 60
204 160
204 303
204 103
204 159
204 317
204 249
134 38
134 132
134 231
134 120
134 3
134 238
21 145
21 78
166 112
266 79
266 132
266 133
266 283
266 78
208 180
208 9
208 307
208 18
274 93
274 82
274 262
274 33
274 183
274 39
274 90
274 306
274 230
274 269
274 75
40 255
40 291
40 80
40 51
40 194
6 38
6 132
6 112
6 314
6 85
6 161
104 279
104 178
104 108
234 299
234 242
234 7
234 35
234 189
234 25
234 135
234 116
234 211
234 308
234 263
234 278
234 158
234 57
234 279
234 13
234 250
112 38
112 132
112 314
112 3
112 161
51 291
51 80
288 233
288 216
288 111
288 273
35 57
35 116
35 135
35 25
186 199
186 281
186 98
186 90
186 143
127 298
127 223
127 18
127 9
58 254
58 94
58 162
58 144
58 200
58 45
58 246
58 193
58 301
58 209
58 52
52 254
52 144
52 200
52 45
309 279
309 7
305 279
305 299
305 105
305 7
211 279
314 284
314 132
314 184
314 38
314 119
314 161
314 3
226 81
226 298
226 256
185 157
53 298
53 12
53 18
53 280
53 174
285 307
285 26
220 90
220 39
220 230
76 0
189 57
189 279
189 25
189 7
77 90
210 25
108 47
108 299
108 304
108 301
108 116
108 45
108 94
108 202
108 135
108 315
108 209
108 319
173 139
173 57
173 242
173 253
173 278
173 116
173 250
273 233
273 302
273 111
273 70
273 72
273 89
81 142
81 30
81 223
81 26
284 2
284 38
284 132
284 184
284 133
284 238
284 16
284 3
284 257
284 161
310 38
310 120
310 132
310 71
69 223
281 230
281 150
281 48
281 199
281 258
281 90
304 164
304 299
304 279
304 178
304 45
279 253
279 299
279 178
279 7
279 25
279 122
279 94
279 139
279 135
279 116
279 308
279 263
279 117
279 278
279 242
279 13
279 250
49 57
170 25
110 38
249 159
249 318
94 122
94 242
94 299
94 7
315 158
16 50
16 132
16 38
16 3
16 2
16 238
101 45
101 158
101 299
262 93
262 59
262 183
262 74
262 90
262 300
262 97
33 93
33 82
33 269
33 74
33 300
33 90
33 230
33 75
301 144
301 299
301 45
13 136
13 242
13 253
13 278
13 116
319 46
319 113
295 50
295 38
295 132
295 184
295 161
130 57
130 25
269 93
269 230
269 59
269 300
269 90
269 75
193 144
193 200
193 45
37 122
37 25
253 136
253 57
253 278
253 116
86 221
86 10
59 300
59 90
59 306
59 230
239 164
78 38
78 283
78 27
78 145
78 133
78 50
78 231
78 132
78 79
78 238
78 184
78 267
78 161
97 90
97 306
97 230
93 90
93 230
93 75
298 141
298 22
298 174
283 50
283 38
283 132
283 79
283 3
264 90
306 75
306 230
306 90
306 39
144 200
144 254
144 207
144 7
144 45
11 138
11 175
161 38
161 50
161 145
161 120
161 2
161 132
161 79
161 3
161 184
161 267
1 256
1 26
231 132
231 238
54 151
48 199
48 90
300 183
300 74
300 90
152 151
152 280
152 26
152 180
138 175
90 74
90 39
90 199
90 167
90 230
90 15
90 183
90 98
90 75
90 82
90 23
90 150
90 258
90 143
39 82
39 230
116 135
116 47
116 242
116 162
116 278
116 202
116 57
116 209
50 38
50 133
50 145
50 132
50 79
50 184
50 267
63 222
115 38
139 57
139 25
280 151
280 26
184 38
184 27
184 120
184 145
184 132
184 79
184 3
184 267
26 30
26 293
26 4
26 223
26 121
26 12
26 9
70 233
47 250
47 45
117 299
117 25
117 45
263 7
263 25
120 38
120 132
159 318
132 38
132 267
132 257
132 218
132 238
132 145
132 27
132 311
132 85
132 2
132 79
132 3
132 133
132 71
15 199
15 98
79 145
79 38
79 3
79 267
150 258
150 230
150 199
160 222
3 145
3 133
3 267
191 307
133 38
133 2
30 223
194 291
194 80
18 307
18 180
18 256
18 9
242 299
242 135
242 114
242 25
242 250
200 45
200 299
200 250
200 254
199 98
199 143
199 183
199 169
221 10
188 25
135 10
135 299
135 278
135 7
135 25
135 57
135 202
135 250
233 89
203 38
60 222
7 299
7 278
7 122
7 158
162 158
162 25
75 230
291 80
57 202
57 25
4 12
71 38
176 223
80 255
311 38
272 250
136 278
307 180
238 2
238 38
85 38
145 38
145 267
183 74
183 143
183 230
82 230
158 202
158 25
158 45
158 250
114 299
177 25
267 27
267 38
38 119
38 257
299 45
299 202
299 250
25 122
25 65
202 45
230 143
207 45
278 250
45 254
