232 33
232 274
232 258
232 230
232 143
232 97
118 279
118 47
118 299
99 90
241 189
241 279
241 162
241 108
241 116
241 250
24 305
24 86
24 221
24 131
24 252
35 270
35 207
35 57
35 25
219 112
252 20
252 122
252 86
252 7
252 299
252 279
252 36
252 234
240 38
240 132
240 120
240 257
160 63
160 222
160 318
160 60
160 103
160 159
160 317
160 249
83 158
83 299
83 45
83 301
83 58
83 52
228 308
228 299
228 242
228 279
228 253
228 278
228 7
228 234
228 158
228 104
228 13
228 135
228 250
96 227
277 154
277 25
128 305
128 202
28 81
28 30
28 12
28 176
28 18
28 141
28 298
28 180
28 64
28 69
28 280
28 26
28 208
28 121
28 223
28 285
28 4
28 53
28 1
28 225
28 174
28 307
28 256
28 195
28 127
28 191
28 9
28 152
225 208
225 223
225 18
225 256
225 298
225 53
225 1
225 180
225 163
225 26
225 307
225 280
225 127
225 191
225 9
225 152
217 59
186 98
186 199
186 281
186 150
186 183
186 90
186 143
186 230
186 220
88 274
88 90
88 230
270 52
270 57
270 58
270 45
204 63
204 222
204 318
204 60
204 103
204 159
204 317
204 249
134 38
134 132
134 231
134 120
134 133
134 85
166 112
266 231
266 283
266 238
266 132
266 161
208 12
208 26
208 18
274 93
274 269
274 183
274 90
274 75
274 262
274 82
274 33
274 300
274 230
40 291
40 80
40 51
40 194
154 36
104 108
104 139
104 57
104 52
116 202
116 57
116 13
116 209
116 253
116 278
116 173
21 145
21 184
51 80
51 255
51 291
78 50
78 38
78 132
78 284
78 79
78 184
78 71
78 161
288 233
92 26
127 298
127 223
127 26
127 18
127 256
127 53
58 246
58 193
58 301
58 45
58 162
58 52
58 200
58 254
52 144
52 207
52 200
52 45
52 158
52 193
52 301
52 254
259 0
305 279
305 158
305 105
211 279
211 25
314 38
314 132
314 112
314 268
314 284
314 6
238 2
238 284
238 132
238 112
238 38
238 16
185 157
53 298
53 26
53 12
53 141
53 280
53 174
285 12
285 26
220 199
220 281
220 48
220 98
220 143
220 90
220 230
189 122
189 158
189 57
189 279
189 309
189 7
77 90
77 143
77 281
210 290
210 253
108 122
108 113
108 158
108 299
108 315
108 209
108 202
108 319
173 242
173 253
173 278
173 7
273 233
81 142
81 12
81 223
81 26
284 38
284 283
284 27
284 16
284 2
284 231
284 132
284 112
284 133
284 85
284 257
284 161
310 120
310 132
310 295
69 26
69 223
69 307
281 90
281 150
281 230
281 265
281 183
304 279
304 113
304 234
304 158
304 299
182 188
182 319
290 94
249 159
249 318
94 144
94 7
94 114
315 101
315 135
9 26
16 50
16 2
16 132
16 161
101 299
260 144
262 93
262 74
262 183
262 300
262 258
262 90
302 233
33 93
33 230
33 183
33 90
33 269
33 75
317 318
301 299
301 45
13 7
13 114
13 250
13 242
13 279
13 253
13 278
13 234
319 299
295 50
295 38
295 132
295 44
295 184
295 161
236 242
236 278
130 25
193 242
193 200
193 45
37 202
37 278
253 279
253 234
253 278
86 221
86 47
86 10
59 269
59 90
59 306
59 230
59 97
8 263
8 47
239 278
239 207
239 65
6 231
6 132
6 112
6 38
6 85
97 90
97 306
97 230
93 90
93 269
93 230
298 26
298 174
298 141
283 50
283 38
283 132
283 79
283 184
283 161
111 233
180 26
180 152
180 18
106 0
117 45
11 138
11 175
161 38
161 120
161 50
161 145
161 132
161 112
161 85
161 79
161 184
161 267
231 132
231 85
231 133
48 90
48 183
300 230
300 74
300 183
300 90
300 269
152 26
138 175
113 263
113 46
72 233
90 150
90 74
90 39
90 264
90 199
90 167
90 230
90 183
90 306
90 98
90 75
90 23
90 82
90 258
90 143
90 15
39 306
39 230
50 38
50 145
50 132
50 79
50 3
50 184
50 267
63 222
139 242
139 279
139 250
139 7
139 25
280 174
280 151
280 26
184 145
184 132
184 38
184 79
26 30
26 12
26 18
26 176
26 64
26 307
26 293
26 223
26 4
26 121
26 256
26 191
26 174
70 233
70 216
47 279
47 234
309 158
309 136
309 278
309 7
263 279
263 7
120 38
120 132
120 267
120 257
132 38
132 267
132 257
132 145
132 112
132 218
132 27
132 311
132 85
132 2
132 79
132 3
132 133
132 71
79 145
79 38
79 267
150 74
150 183
279 164
279 135
279 299
279 242
279 7
279 234
279 162
279 278
279 158
279 250
3 38
3 133
3 145
133 38
30 121
30 176
164 278
194 80
194 291
18 307
18 174
242 114
242 7
242 299
242 234
242 158
242 57
242 25
242 250
151 54
200 254
200 299
200 45
199 183
110 38
135 271
135 299
135 278
135 7
135 234
233 216
233 89
308 234
98 264
7 144
7 299
7 278
7 234
7 122
7 158
7 114
7 25
7 250
162 25
75 269
291 80
57 278
4 12
306 230
144 45
176 223
80 255
311 38
289 158
136 299
136 278
307 12
307 223
307 256
85 38
145 38
145 267
183 74
183 143
183 82
183 230
82 230
158 299
158 202
267 38
38 112
38 257
299 45
299 202
299 209
269 230
25 234
202 209
207 45
278 234
45 254
234 250
