200 270
200 193
200 299
200 254
200 45
200 52
200 83
200 58
200 250
232 262
232 90
232 33
232 230
118 279
118 104
118 7
118 135
118 299
99 90
241 136
241 189
241 252
241 299
241 279
241 234
241 108
241 135
241 25
14 286
24 86
24 252
35 130
35 116
35 25
252 20
252 86
252 221
252 189
252 10
252 279
252 215
252 299
252 57
295 231
295 3
295 184
295 161
83 158
83 228
83 299
83 301
83 58
83 45
228 149
228 47
228 299
228 242
228 279
228 278
228 136
228 108
228 189
228 301
228 13
228 135
277 263
277 25
128 202
28 81
28 30
28 12
28 176
28 18
28 151
28 141
28 298
28 180
28 64
28 307
28 280
28 26
28 208
28 251
28 223
28 285
28 4
28 53
28 1
28 121
28 174
28 256
28 195
28 127
28 191
28 9
28 152
225 180
225 223
225 53
225 208
225 191
225 9
225 26
217 230
186 199
186 90
186 143
186 48
186 98
88 274
88 258
270 116
270 57
270 52
270 58
270 45
204 63
204 222
204 318
204 60
204 103
204 159
204 317
204 249
134 38
134 231
134 132
134 284
134 85
134 184
134 133
317 160
166 112
266 231
266 132
266 133
266 161
208 307
208 18
208 191
208 26
274 93
274 82
274 33
274 300
274 90
274 39
274 230
274 269
274 75
40 291
40 80
40 51
40 194
6 219
6 231
6 132
6 112
6 284
6 314
6 3
6 38
301 45
301 58
301 299
234 263
234 308
234 299
234 242
234 13
234 278
234 7
234 135
316 136
21 145
21 184
51 80
78 231
78 132
78 218
78 38
78 161
78 184
78 238
138 11
103 160
92 26
258 90
58 254
58 246
58 193
58 45
58 162
58 52
52 158
52 104
52 45
305 278
305 105
211 13
211 136
211 278
211 279
314 231
314 132
314 112
314 284
314 3
314 133
238 2
238 284
238 132
238 231
238 16
185 157
53 298
53 1
53 174
53 280
53 127
53 26
285 251
285 26
220 82
220 230
220 281
220 39
220 183
220 143
220 90
220 306
220 77
220 97
76 0
189 135
189 57
189 279
189 278
77 90
77 143
77 48
77 281
108 202
108 299
108 209
108 45
173 242
173 136
173 253
173 278
173 116
310 231
310 120
310 71
81 142
81 30
81 26
284 38
284 2
284 231
284 132
284 112
284 240
284 3
284 161
284 133
284 16
69 30
69 26
281 262
281 264
281 183
281 90
304 279
304 7
304 135
304 299
160 63
160 222
160 318
160 60
160 159
160 249
249 159
142 152
94 7
94 114
315 279
315 136
9 26
9 18
16 2
16 231
16 132
16 3
101 299
306 262
306 82
306 230
306 59
306 183
306 90
306 39
306 97
262 183
262 300
262 90
262 97
33 93
33 82
33 230
33 183
33 300
33 90
33 269
32 143
104 188
104 279
104 178
104 135
13 136
13 47
13 242
13 279
13 253
13 278
13 116
240 132
240 231
240 161
236 278
130 242
130 25
269 93
269 90
269 300
269 230
269 75
193 45
253 136
253 242
253 279
253 278
253 116
86 221
86 10
59 90
8 136
239 136
126 286
97 183
97 90
97 230
93 230
93 90
93 75
298 180
298 141
298 26
298 4
283 38
283 112
283 231
283 161
283 79
111 288
264 90
264 230
264 75
106 0
309 279
309 136
309 7
11 175
161 38
161 50
161 145
161 132
161 79
161 231
161 184
161 267
1 12
231 38
231 267
231 50
231 145
231 112
231 184
231 218
231 27
231 120
231 311
231 85
231 2
231 132
231 71
231 79
231 3
231 133
231 257
267 50
267 132
267 145
267 79
267 184
48 199
48 90
303 159
202 158
202 299
202 209
202 116
152 30
152 180
152 151
152 26
250 242
250 279
250 136
250 7
113 46
90 74
90 39
90 199
90 167
90 230
90 15
90 183
90 98
90 75
90 82
90 23
90 150
90 300
90 143
39 183
39 230
116 178
116 47
116 278
116 136
116 57
116 45
141 12
50 38
63 222
63 318
63 60
63 159
139 279
139 136
139 25
280 30
280 292
280 151
280 26
184 132
184 145
184 3
184 27
26 30
26 12
26 307
26 18
26 180
26 64
26 293
26 176
26 223
26 4
26 121
26 256
26 127
26 191
26 174
70 235
47 136
47 279
47 278
117 279
117 45
263 279
263 136
263 7
120 132
120 38
159 318
132 38
132 145
132 112
132 85
132 27
132 2
132 79
132 133
150 183
279 299
279 242
279 7
279 25
279 122
279 136
279 209
279 135
279 162
279 278
279 158
3 112
3 133
3 85
191 4
133 85
30 121
30 223
30 151
30 64
30 176
164 7
194 291
194 80
18 180
18 307
18 256
18 127
242 299
242 136
242 135
242 114
242 25
151 54
7 299
7 144
7 25
7 122
7 158
7 114
7 135
199 143
199 98
221 10
135 278
135 25
233 288
233 216
293 292
308 136
98 230
98 183
292 127
162 136
75 230
291 80
57 25
4 12
259 0
286 179
144 45
176 223
80 255
219 112
136 278
136 46
307 12
307 223
307 256
307 127
2 27
145 79
223 12
183 74
183 143
183 82
183 230
82 230
158 278
114 299
127 256
38 112
74 300
299 278
299 45
230 143
207 45
45 254
