0	0.835059244	1.616132064
1	1.056470588	1.723862781
2	1.341043275	2.082569346
3	0.868774981	2.963055226
4	0.991155322	1.063432649
5	2.747727273	1.12244957
6	13.3257722	0.981464844
7	0.940698941	2.03001368
8	0.895400729	2.172941054
9	1.018656602	2.478858711
10	0.990549779	1.112019124
11	1.184899117	0.828865348
12	1.757142857	1.012218208
13	12.40909091	1.028994658
14	0.859837031	2.033669833
15	0.867324925	1.869666286
16	0.985997578	2.014273211
17	1.198190325	2.286530338
18	0.98242638	1.019646615
19	2.754273504	1.202115103
20	8.125095785	1.043900635
21	0.973653903	1.914924893
22	0.904227441	2.208290231
23	0.870254104	2.222194779
24	0.891028845	2.489769472
25	0.977768788	1.047516825
26	1.569739953	0.997015115
27	10.54830918	1.200191834
28	0.828075295	2.298944089
29	0.920364232	2.485364534
30	0.977846386	2.726587044
31	1.066225247	2.329850633
32	0.96336365	1.176454222
33	1.744949495	1.171398981
34	12.28897849	1.186381989
35	0.916764004	2.26075779
36	0.882095129	2.427520939
37	1.030492274	2.446122146
38	1.105218662	2.315741546
39	0.974204331	0.939250519
40	2.346060606	0.929839938
41	9.121326165	1.043257989
42	0.950392336	2.012587866
43	0.878052399	2.351383441
44	0.898929132	2.289627426
45	0.966394887	2.40663053
46	0.97016382	1.168826497
47	1.562316716	0.777545631
48	11.10526316	1.14824233
49	1.03520866	1.842896731
50	1.141661769	1.98859323
51	0.895698373	2.092778635
52	1.007917562	1.782478668
53	0.981306717	1.091731022
54	2.502199413	1.056423602
55	8.89520463	1.060112391
56	1.086208658	2.257259988
57	0.990606353	3.08100908
58	0.804055649	3.199724029
59	0.873082504	3.491881315
60	1.00522354	1.497384826
61	1.994230769	1.302158505
62	7.139305347	1.149684826
63	0.958906977	2.067047257
64	1.07865247	2.145021145
65	1.003972404	1.028749598
66	2.061688312	1.044474563
67	1.384803922	0.973671872
68	1.666666667	0.940637848
69	2.344444444	1.220912241
70	2.27991453	1.022658029
71	14.62648221	1.122344161
72	1.046540439	1.479538296
73	0.944861522	2.339545124
74	1.041049644	2.506433516
75	1.135309735	1.927013978
76	1.011057203	1.221799466
77	3.074786325	1.007328317
78	7.140986395	1.113033015
79	1.184085835	2.009637119
80	0.931833784	2.750398583
81	0.710103456	4.0315827
82	0.968383017	2.089965682
83	0.984477529	0.836271609
84	1.470454545	1.077333149
85	13.77027027	0.951526571
86	0.861681869	2.037289156
87	0.960596343	2.170020848
88	0.852623858	2.030927893
89	0.992067674	2.083081059
90	0.984545932	1.166950549
91	1.482229048	0.933191012
92	10.42678571	1.146240804
93	0.83758778	1.916457782
94	1.033593243	2.02071807
95	0.846846145	2.220060397
96	1.071722867	1.944167509
97	0.991870579	1.062816046
98	1.796920821	0.90984281
99	12.25415282	1.195675932
100	0.907944376	1.758525398
101	0.955183707	1.917208264
102	0.89195718	2.32567864
103	1.170988515	2.469446095
104	0.972361439	1.116350419
105	2.015503876	0.787914092
106	8.460416667	1.068405223
107	0.821805835	1.949189291
108	0.983162352	1.878995136
109	0.768725786	2.007887615
110	0.930395283	1.820809075
111	0.963320584	1.353987607
112	1.145714286	0.662110504
113	21.23148148	1.186683495
114	0.821353909	1.694334226
115	0.915710328	2.070950718
116	0.982856583	1.808849979
117	1.246545413	1.673425146
118	0.994367052	0.833407677
119	5.045833333	0.869147573
120	9.092552811	1.034088875
121	0.939174144	1.8279779
122	1.170765405	2.219367911
123	1.099843853	2.381624478
124	0.813458612	3.098793633
125	0.946422927	1.266629368
126	3.038981289	1.185922183
127	5.413793103	1.636079696
128	0.872804791	2.947978362
129	0.987827097	2.045194415
130	0.892639122	2.78023852
131	0.918073681	2.183062759
132	0.969381995	1.494821205
133	1.330783354	1.471810513
134	9.991321389	1.493421947
135	0.938490386	2.115789139
136	1.111110703	2.094011825
137	0.952602748	2.802292931
138	1.072544865	2.312858171
139	0.96863895	1.090247707
140	1.765444015	1.118971078
141	9.530844156	1.337219911
142	0.916922054	2.302009955
143	0.957808858	2.858464121
144	1.139543923	2.830179294
145	0.900418389	3.098951286
146	0.970637033	5.877218767
147	1.511160714	0.949454992
148	11.26744186	1.411262446
149	0.878281577	2.125869279
150	0.773622449	2.517428924
151	0.8125	2.193048528
152	0.825814009	3.257128278
153	0.964161226	1.373914392
154	1.201630435	1.088088654
155	14.81162981	1.118272729
156	0.939987292	1.903532315
157	1.00754479	2.380654099
158	1.090037005	2.725029764
159	0.911863761	2.595936151
160	0.990186757	1.08968347
161	2.077922078	1.148404987
162	21.59090909	1.435457449
163	0.842343251	1.92675578
164	1.026765554	2.848343368
165	0.795209924	3.075507367
166	0.985422741	3.036424289
167	0.954773195	1.647067247
168	0.962515263	1.257785049
169	1.981481481	0.93137016
170	13.89583333	1.224830289
171	0.8922456	2.334379175
172	0.92467167	2.515631357
173	1.087943262	2.587879758
174	0.965676092	1.407395057
175	1.437373737	1.051854002
176	14.76201299	1.191496361
177	0.786453495	2.266195985
178	0.799626702	2.467511921
179	0.919306639	2.748846943
180	0.787727113	2.90187562
181	0.983269104	1.237789485
182	1.29731243	1.323836972
183	2.148214286	1.109389548
184	1.161301924	1.035818168
185	7.469473684	1.269792503
186	1.171943379	1.979607197
187	0.924681934	2.053696578
188	0.991102757	1.459697322
189	2.239583333	0.986763831
190	9.659259259	1.211633346
191	1.01627125	2.44932669
192	0.969345107	2.479431922
193	0.954768363	2.7564433
194	0.969649285	2.900137619
195	0.952761502	1.232528187
196	1.993468795	1.311269524
197	8.56352575	1.341694977
198	0.851429895	2.111058659
199	1.120903047	2.623633591
200	0.938290587	2.566918718
201	1.011474253	2.235543553
202	0.967925442	1.379345057
203	1.731767181	1.046880521
204	8.779239766	1.16919458
205	0.811805959	2.504383905
206	0.78475851	2.625323045
207	0.872883598	2.768545332
208	1.036684783	2.370856023
209	0.992977304	1.170779692
210	1.42185008	0.867191599
211	14.28250591	1.056480222
212	0.758077581	2.57301662
213	0.961203036	2.274246812
214	1.060382703	1.990286946
215	0.964240979	2.208509985
216	0.978189825	1.132864572
217	1.669387755	0.805980505
218	10.16502732	1.087435643
219	0.835095109	1.740952198
220	0.878058884	2.723151625
221	0.871708606	2.807017365
222	0.966630352	2.637535273
223	0.967582497	1.11135053
224	1.450520833	1.246850883
225	5.923447339	1.221297109
226	0.872513607	2.106154191
227	0.915826675	2.769659091
228	0.901800479	2.99664893
229	0.996309882	4.216102081
230	0.998661331	1.193972072
231	1.781305903	0.995062145
232	6.270812521	1.163919534
233	0.897492739	1.793125019
234	0.914535867	2.365153329
235	1.043080756	2.780262947
236	0.786360853	3.154513468
237	0.9832994	0.878291001
238	3.562271062	1.088816625
239	8.995887446	1.066451465
240	0.984404497	2.081638434
241	0.930543429	2.222322074
242	0.960053501	2.274439255
243	0.956427015	1.007558544
244	1.277449324	0.978599484
245	1.367532468	0.8864954
246	7.991209262	1.044478872
247	1.066480914	1.793377777
248	1.04598759	2.069270163
249	1.187708883	2.274201304
250	0.82263548	2.501421253
251	0.969230769	1.041091814
252	1.644897959	1.087833227
253	6.988906926	1.280464591
254	0.951547657	1.711328729
255	1.002528595	2.185514321
256	1.184304281	2.112317817
257	1.034915369	2.29781993
258	0.9852411	1.116799223
259	1.660576923	0.80073262
260	8.767676768	1.050747818
261	1.108809524	1.70748728
262	1.033297306	1.675695538
263	1.06425062	1.733887232
264	0.923951126	1.778433583
265	1.00428195	0.873007754
266	1.984848485	0.803879395
267	7.43059593	1.201668562
268	1.175726945	1.512924805
269	0.967002277	1.576598707
270	1.0148477	1.337657923
271	1.258395162	1.41663174
272	0.981465037	0.890165667
273	1.933333333	1.061027465
274	11.01646904	1.014387157
275	1.023499427	1.634216605
276	0.973450928	1.740818164
277	1.051705105	1.674830203
278	1.182312253	1.546565153
279	1.005291005	0.938364135
280	2.274725275	1.125313989
281	10.275	1.282839006
282	1.120263457	1.31962337
283	0.981475445	1.888477535
284	1.233280881	1.441575349
285	1.013077953	1.733558351
286	0.960733862	1.07633279
287	2.923529412	1.043768004
288	8.223290598	1.39622424
289	1.243375174	1.772745653
290	1.029436429	1.797338771
291	1.246602289	1.937141131
292	1.163960337	1.95266196
293	0.993784079	0.996557688
294	3.416666667	1.601255926
295	14.00210084	2.042745055
296	1.09363066	1.990091694
297	1.058594786	1.948611161
298	1.219810474	1.688055046
299	0.98852459	1.987911984
300	0.975280708	1.16537401
301	1.267507003	1.398152493
302	18.23958333	1.388205217
303	1.037400923	1.824869092
304	1.077783271	2.279089942
305	1.11044373	1.938427813
306	1.068550983	2.200967392
307	0.965435386	0.994291851
308	1.68592437	1.003042318
309	17.9969574	1.2782844
310	1.190747357	1.778884878
311	0.956619888	2.66402239
312	1.000714751	2.444748692
313	0.953735813	3.412293038
314	0.980100133	1.301208962
315	1.273762765	1.065580182
316	11.19586895	1.203180157
317	0.740062631	2.56303012
318	0.916666667	2.223499642
319	0.948996442	2.534325868
320	1.104855035	2.211570734
321	0.968423603	1.218876233
322	1.742327366	0.993703578
323	14.35183398	1.185290664
324	0.914394587	2.374117439
325	0.855645844	2.682532173
326	0.90765936	2.24442167
327	0.9407148	2.47473648
328	0.968061745	1.115894217
329	2.503429878	0.929271138
330	5.777639028	1.111853185
331	0.956171504	1.577272057
332	0.985105241	2.571228831
333	0.93083792	2.495146873
334	0.979643934	3.205352907
335	0.948519653	1.41070049
336	1.526785714	0.893714122
337	8.252950558	1.062882913
338	0.940718905	1.960611894
339	1.037727609	1.800483197
340	0.973920224	2.049473671
341	0.832730962	2.912887626
342	0.978674268	1.128495498
343	1.398651902	0.888602905
344	10.91230703	1.084555849
345	0.851824242	2.29722904
346	0.862686456	2.22570415
347	0.865709559	2.263411339
348	1.052228412	1.76588071
349	0.956530449	1.019700674
350	1.690584416	0.914698613
351	7.141025641	1.153235434
352	0.93600842	2.187911905
353	0.980153933	2.864483379
354	0.927414918	3.217870765
355	0.94789916	2.158887923
356	0.962376087	1.0820587
357	1.363901221	0.904113143
358	7.954979879	1.092890143
359	0.952908163	2.00703502
360	0.933223403	2.371421076
361	0.929653851	2.832165083
362	0.956467731	3.502735485
363	0.969823944	1.215791878
364	1.73139881	1.045468718
365	12.28092516	1.244604917
366	0.830635675	2.353713785
367	0.942075305	3.021516882
368	0.805023363	3.181472025
369	0.921406921	2.909206047
370	0.972385512	1.289821413
371	2.023657289	0.921095909
372	1.34223523	0.947223647
373	9.589439655	1.130560622
374	0.889889986	2.55648002
375	0.905365108	2.653195199
376	0.933034089	2.303626379
377	1.004719207	1.194829538
378	1.145794682	0.994661276
379	10.84486166	1.004508968
380	0.847385989	1.728097617
381	0.957380089	2.34070563
382	0.707355373	3.060095893
383	0.741337723	4.177482397
384	0.965862866	1.144772642
385	1.853372434	1.447228271
386	9.410714286	1.338604386
387	0.959187968	2.309911231
388	0.933709618	2.712270008
389	0.948810981	1.27326573
390	1.455204817	1.065092937
391	0.946795164	1.283529947
392	0.964809384	0.972756817
393	9.428571429	1.031878058
394	1.267338995	1.214241916
395	1.270236613	1.469124415
396	1.151515152	1.396438399
397	1.191697934	1.398236572
398	1.020468662	0.93490234
399	1.293924466	1.127593405
400	9.121428571	1.16661431
401	1.082869198	0.870066363
402	1.489430187	1.145243062
403	1.284839527	1.0584873
404	1.292948523	1.041708685
405	1.027584204	1.092551677
406	2.535714286	1.000494438
407	5.73	0.993756103
408	1.240940941	1.060313401
409	1.262970615	1.149250371
410	1.104769284	0.938823676
411	1.222586692	0.883451939
412	1.022231315	1.049801837
413	1.917613636	0.97619562
414	8.11625	0.989564686
415	1.019711919	1.005006312
416	3.320549357	0.976104311
417	1.072839571	1.865281244
418	0.833084506	3.156272618
419	0.960210452	1.44244856
420	1.50430844	0.918712039
421	11.84004128	1.14359824
422	0.857998304	2.080766214
423	0.854496332	2.29318173
424	1.038985473	2.182726416
425	0.885976186	3.086554663
426	1.004097268	0.899723566
427	1.437799043	0.976417356
428	4.697916667	0.921872078
429	1.527830728	1.185535615
430	1.385307018	0.929976455
431	1.59	0.839926706
432	1.623397436	0.877693727
433	13.36149068	1.00887951
434	0.900613935	1.927614602
435	1.063050912	2.642592347
436	0.887870373	2.722579855
437	0.954491726	2.729481825
438	0.956016191	1.028888992
439	1.755705561	0.965201914
440	8.117132867	1.151634801
441	0.926101164	1.922852236
442	0.958189056	2.138678234
443	0.925312045	2.845140044
444	0.845697883	3.381396834
445	0.978956334	1.045954402
446	1.6	0.920307224
447	9.798740053	1.232509978
448	0.853217012	1.700532428
449	0.822260672	2.020734621
450	0.810500314	2.58958366
451	0.904691026	2.458744506
452	0.959421867	1.070656063
453	1.389508929	0.76586955
454	9.703148426	0.792478126
455	0.697060218	1.851878678
456	0.833502054	2.787629614
457	0.808299007	2.479944508
458	0.981920138	2.206065277
459	0.951758148	1.498734094
460	1.298260149	1.089251871
461	9.438078704	1.069729079
462	0.772634405	2.160594322
463	0.922766303	2.516564035
464	0.905859077	3.120140584
465	0.90282526	2.787443244
466	0.973548621	1.19094454
467	1.34375	1.616242552
468	10.06060606	1.139449675
469	0.977012752	1.183592954
470	7.232711669	1.281223256
471	0.880606196	1.836758302
472	0.907096563	2.13224054
473	0.961147574	1.417792381
474	1.260394136	0.984501321
475	12.23909219	1.248994724
476	0.778236373	2.342578628
477	0.889509052	3.714565437
478	0.877922624	2.987783578
479	0.841508931	2.638984565
480	0.967943442	1.400590557
481	1.666731141	1.721562701
482	9.331243973	1.404726668
483	0.734350153	2.797419885
484	0.947258389	3.053911025
485	0.92432632	3.066609308
486	0.925601639	3.008988903
487	0.973725841	1.096508495
488	2.067804647	1.117991292
489	7.817480395	1.263052285
490	0.924892865	2.150204971
491	0.894376559	2.421602953
492	1.142803529	2.149623527
493	0.795327504	3.325396474
494	0.978641002	1.049665747
495	2.431727905	1.008378166
496	6.625	1.20585615
497	0.73805637	2.308174058
498	0.857627001	3.233942954
499	0.913651316	2.802073811
500	0.810678785	3.320591728
501	0.978121589	1.335766342
502	2.05181192	1.114146797
503	5.151609607	1.152576649
504	0.944796697	1.973911969
505	1.063208582	2.698627086
506	0.774328224	3.423374647
507	0.800832701	3.14506323
508	0.956718215	1.333446251
509	1.537446695	1.105925415
510	7.78173913	1.02013398
511	0.84797867	1.940580947
512	0.787116358	2.308469014
513	0.802582023	3.297376705
514	0.889490577	3.396178308
515	0.988643735	1.119310961
516	1.833333333	1.029988304
517	1.208928571	1.179855885
518	1.93977591	0.909533405
519	1.711538462	1.042190762
520	10.21621622	1.107330161
521	1.458758503	1.695560209
522	1.089309818	2.075750194
523	1.02284451	1.928838434
524	1.014194139	0.898557974