0	4.069583931	0.926513583
1	1.520808229	0.859635062
2	1.386509964	0.867351291
3	1.844444444	0.975613676
4	2.412305923	0.911503968
5	1.558333333	1.094556783
6	2.273779983	0.948941589
7	2.013468013	0.973085172
8	5.181320621	0.986372777
9	1.48668352	1.003390373
10	34.54503744	1.059140886
11	1.713269481	1.600187747
12	1.427061377	1.627735393
13	1.36823473	2.509246357
14	1.361045448	1.587966759
15	1.431056035	1.544145509
16	1.497081513	1.356433973
17	1.469049523	1.543713619
18	1.566192745	1.313003908
19	1.501451997	1.406338755
20	1.601664668	1.421060975
21	1.690060515	2.211730857
22	1.606115063	1.556364391
23	1.704247724	1.938789072
24	1.51692268	2.078773679
25	1.579324337	1.983035152
26	1.645200021	1.835397306
27	1.648681474	1.649235495
28	1.796772879	1.92240212
29	1.578625711	1.797959611
30	1.776416352	1.654167307
31	1.608751178	1.686269643
32	1.758230743	1.710534746
33	1.639670774	1.50113852
34	1.612313162	1.759632366
35	1.64046496	1.811694615
36	1.573219387	1.946718303
37	1.603313301	1.831429149
38	1.65169259	1.670252995
39	1.691804819	1.559294674
40	1.75529219	1.534129162
41	1.645760431	1.471479314
42	1.723838327	1.711444613
43	1.671243332	1.606456013
44	1.765748802	1.540329267
45	1.6848089	1.981104024
46	1.729031159	1.572851239
47	1.6795474	1.526655334
48	1.641173429	1.370303409
49	1.924896288	2.426913748
50	1.691231393	2.981712686
51	1.646287525	1.366668461
52	1.815043917	1.290950749
53	1.611696117	1.313525908
54	1.797230795	1.196034208
55	1.652675655	1.250495017
56	1.662324068	1.222018354
57	1.632592586	1.250618834
58	1.825759559	1.234300714
59	1.750894945	1.20392266
60	1.785069731	1.192652429
61	1.772170709	1.151961741
62	1.611311387	1.245009968
63	1.767174223	1.212748725
64	1.815557175	1.205346161
65	1.615378044	1.159834829
66	1.763643099	1.268150718
67	1.675446685	1.208144322
68	1.751792085	1.192891095
69	1.749567832	1.153086688
70	1.839700734	1.189797714
71	1.754940656	1.163330916
72	1.729950096	1.123871289
73	1.820824241	1.062506943
74	1.627531481	1.101194708
75	1.758491245	1.109655046
76	1.797743604	1.123590858
77	1.672265173	1.15142113
78	1.825696818	1.133978544
79	1.754552954	1.049767699
80	1.818283909	1.263132359
81	1.758058691	1.18984
82	1.807697565	1.172699561
83	1.875197464	1.128184984
84	1.656862211	1.183978842
85	1.771355126	1.127075883
86	1.690998708	1.132015426
87	1.763421078	1.120855081
88	1.814959364	1.390248392
89	1.701075892	1.18496748
90	1.140065368	1.297948276