147 122
147 145
147 28
147 171
147 119
147 75
24 30
24 2
24 59
24 10
24 94
24 157
24 43
24 54
24 124
24 78
24 142
24 63
24 18
24 91
24 146
24 40
24 65
24 153
24 15
24 167
72 3
72 47
72 86
72 104
72 35
99 37
99 45
43 68
43 10
43 63
43 157
43 170
43 148
43 94
43 91
43 57
43 65
43 167
43 146
14 130
14 86
14 60
14 5
14 3
14 165
39 137
39 82
39 130
39 86
39 47
39 5
39 3
39 104
39 165
39 141
39 52
113 63
51 140
51 80
51 7
51 155
35 130
35 86
35 104
35 3
35 127
35 5
35 92
35 165
35 52
50 97
63 74
63 10
63 157
63 110
63 78
63 142
63 94
63 65
63 146
63 170
63 68
63 97
63 148
63 106
63 2
63 76
63 57
63 54
63 59
63 153
63 91
63 167
115 52
167 148
167 68
167 146
167 10
167 65
167 153
69 140
83 82
156 44
156 140
156 80
156 7
156 155
156 23
37 73
37 117
37 45
70 145
47 137
47 82
47 86
47 141
47 5
47 3
47 104
47 125
47 52
28 164
28 123
28 98
28 119
28 161
28 122
28 134
28 163
28 75
28 114
28 171
28 0
28 145
117 150
117 61
117 73
117 58
117 45
15 142
15 2
15 146
15 10
132 111
132 56
132 87
132 168
132 103
132 9
23 44
23 155
23 46
23 126
23 80
23 7
23 152
150 73
150 58
150 45
5 130
5 60
5 86
5 64
5 137
5 82
5 33
5 141
5 127
5 165
5 52
3 130
3 64
3 137
3 82
3 86
3 141
3 104
3 127
3 165
3 52
73 45
73 58
73 61
30 142
30 2
30 91
30 146
30 10
30 124
164 145
164 163
164 123
164 161
68 148
68 65
68 146
68 57
68 78
68 97
40 142
40 2
40 91
40 10
40 153
154 66
154 127
154 86
154 82
154 52
54 142
54 91
54 146
54 124
7 36
7 77
7 140
7 80
7 155
7 11
7 27
170 148
170 65
170 78
170 97
65 2
65 94
65 106
65 148
65 91
65 146
65 57
65 153
65 97
141 130
141 104
141 165
141 137
141 82
141 127
141 125
141 52
103 111
103 56
103 87
103 168
103 89
103 9
103 85
103 135
171 145
171 123
171 119
171 144
171 169
61 58
92 66
92 86
92 60
92 165
92 52
165 130
165 60
165 137
165 82
165 86
165 127
165 52
58 45
52 66
52 130
52 60
52 104
52 64
52 137
52 82
52 86
148 57
148 146
148 97
44 152
44 140
44 80
44 155
98 75
89 168
89 111
89 9
89 56
124 2
124 91
124 146
124 10
64 137
64 66
64 130
64 82
75 163
75 119
137 82
137 86
137 104
76 91
76 146
76 94
76 157
76 153
76 78
76 97
57 94
57 146
57 157
57 91
57 74
106 91
106 153
153 91
153 146
153 10
153 94
9 56
9 87
9 168
9 135
71 46
71 140
71 27
71 155
56 1
56 121
56 111
56 87
56 168
56 85
56 135
66 82
66 86
66 33
10 91
10 97
10 146
140 36
140 27
140 126
140 80
140 11
140 155
140 46
140 152
36 27
36 155
155 93
155 12
155 126
155 80
155 11
155 136
155 46
155 152
155 27
142 2
142 91
142 146
142 157
94 59
94 157
94 78
94 91
94 146
166 157
135 111
135 87
135 168
85 168
85 111
169 145
134 122
33 82
33 130
33 86
104 82
104 86
168 121
168 87
127 86
0 145
130 60
130 86
130 82
74 91
157 146
157 97
119 122
119 145
119 163
78 146
78 97
122 163
122 145
122 123
145 161
145 163
145 123
86 60
86 82
91 2
91 59
91 146
97 146
27 11
27 46
27 80
27 152
2 59
2 146
46 152
