147 75
147 164
147 70
147 169
147 28
147 98
147 119
147 144
147 161
147 122
147 134
147 163
147 145
147 114
147 123
147 171
147 0
24 30
24 10
24 18
24 40
24 43
24 107
24 78
24 142
24 63
24 59
24 146
24 97
24 94
24 106
24 157
24 124
24 15
24 2
24 76
24 54
24 91
24 153
72 86
72 35
43 76
43 74
43 63
43 106
43 170
43 148
43 94
43 65
43 57
43 146
43 157
43 91
43 68
43 167
14 82
14 130
14 86
14 47
14 3
14 165
14 141
14 33
39 66
39 130
39 47
39 5
39 141
39 35
39 137
39 82
39 86
39 104
39 3
39 92
39 165
39 33
39 52
116 148
116 63
116 76
116 146
116 65
51 80
51 23
51 155
51 7
35 137
35 130
35 86
35 127
35 3
35 104
35 165
35 52
63 68
63 10
63 157
63 107
63 74
63 2
63 94
63 76
63 167
63 106
63 57
63 65
63 153
63 91
63 146
167 2
167 68
167 146
167 10
167 65
167 153
167 107
167 97
83 82
83 64
156 152
156 23
156 11
156 46
156 80
156 155
156 44
37 117
37 73
37 150
37 58
37 45
70 171
70 28
70 134
47 137
47 5
47 86
47 104
47 3
47 165
47 125
28 164
28 134
28 98
28 161
28 122
28 145
28 163
28 75
28 114
28 123
28 171
28 0
82 66
82 130
82 33
82 141
82 137
82 86
82 5
82 3
82 165
82 52
15 2
15 142
15 91
132 103
132 111
132 56
23 36
23 44
23 126
23 80
23 7
23 11
23 71
23 155
23 46
23 152
23 27
150 45
150 73
150 58
150 117
5 130
5 86
5 33
5 3
5 64
5 165
5 141
3 66
3 130
3 154
3 104
3 141
3 137
3 86
3 127
3 165
3 52
73 117
73 61
73 58
73 45
30 142
30 2
30 91
30 146
30 10
30 54
30 124
164 122
164 134
164 163
164 171
164 123
68 148
68 146
68 107
68 97
84 44
40 153
40 91
40 10
154 66
154 86
154 92
154 52
107 2
107 74
107 10
7 36
7 80
7 71
7 27
65 94
65 157
65 170
65 148
65 76
65 106
65 91
65 97
141 66
141 130
141 165
141 137
141 33
141 127
141 52
103 111
103 56
103 87
103 168
103 9
103 85
103 135
171 169
171 145
171 119
171 161
171 122
171 134
171 163
171 75
171 114
171 123
171 0
61 117
61 58
92 66
92 86
165 130
165 33
165 137
165 86
165 127
165 52
58 45
58 117
52 66
52 130
52 33
52 137
52 86
52 127
148 94
148 146
148 157
148 170
148 97
44 27
44 152
44 80
44 155
98 134
98 123
89 111
89 56
124 2
124 91
124 146
124 54
124 142
64 130
75 134
137 86
137 104
76 170
76 94
76 57
76 146
76 97
76 78
57 94
57 146
57 157
57 74
57 97
106 153
36 12
36 27
153 142
153 94
153 91
153 10
153 146
9 168
9 56
9 135
9 87
71 152
71 155
71 11
71 27
56 121
56 111
56 87
56 168
56 85
56 135
66 130
66 86
66 33
144 134
10 2
10 54
10 142
10 91
10 146
10 157
10 29
170 2
170 78
155 126
155 80
155 27
142 2
142 91
142 146
142 54
94 157
94 91
94 97
94 146
135 111
135 87
135 168
161 134
85 87
18 91
18 54
169 134
134 119
134 122
134 145
134 163
134 114
134 123
134 0
33 130
33 86
33 125
104 86
168 121
168 87
127 86
130 86
12 11
74 91
74 146
157 91
157 2
157 146
78 146
78 97
122 163
86 60
91 2
91 54
91 146
97 146
97 2
27 152
27 11
27 46
126 11
117 45
80 11
80 152
2 54
2 59
2 146
54 146
46 152
