147 134
147 28
147 75
24 30
24 142
24 10
24 94
24 65
24 157
24 43
24 18
24 78
24 2
24 63
24 59
24 57
24 40
24 91
24 153
24 97
24 167
24 146
118 63
118 10
72 86
72 47
72 35
99 37
99 105
99 45
43 68
43 148
43 65
43 167
43 63
43 106
43 78
43 146
14 130
14 33
14 86
14 5
14 127
14 3
14 165
39 130
39 47
39 104
39 141
39 165
39 137
39 82
39 86
39 5
39 3
39 127
39 52
113 63
113 76
113 97
51 126
51 140
51 23
51 27
35 86
35 52
35 3
35 104
35 127
35 165
63 76
63 68
63 10
63 157
63 59
63 142
63 94
63 91
63 146
63 106
63 57
63 65
63 153
63 167
63 97
115 52
167 65
167 146
167 68
167 97
69 140
83 64
156 23
156 46
156 126
156 140
156 80
156 7
156 152
156 44
128 28
70 134
47 137
47 82
47 86
47 3
47 141
28 164
28 0
28 119
28 144
28 75
28 122
28 134
28 163
28 114
28 171
28 123
28 161
134 164
134 169
134 98
134 119
134 144
134 75
134 122
134 145
134 163
134 114
134 123
134 171
134 0
134 161
15 10
132 103
132 111
132 9
132 85
132 56
23 36
23 12
23 27
23 126
23 140
23 80
23 7
23 11
23 71
23 155
23 46
23 152
23 44
150 37
150 117
150 58
150 45
5 33
5 60
5 86
5 64
3 137
3 82
3 86
3 104
3 52
3 127
3 141
73 61
73 37
73 117
73 58
73 45
30 2
164 122
164 145
164 163
164 119
164 123
68 97
68 146
18 2
40 153
40 91
40 10
154 66
154 127
154 86
154 52
7 36
7 126
7 140
7 27
170 148
170 65
65 157
65 78
65 148
65 76
65 57
65 146
65 106
65 91
65 97
141 137
141 130
141 86
141 60
141 104
141 127
141 64
141 165
103 111
103 9
103 56
103 87
171 145
171 119
171 169
61 117
61 58
92 66
92 86
165 137
165 130
165 86
165 60
165 52
165 127
58 37
58 45
52 66
52 86
52 60
52 127
142 2
142 91
142 146
44 155
44 126
44 140
44 80
44 152
89 111
89 9
89 56
89 87
64 130
64 104
64 138
75 122
75 119
137 82
137 86
137 104
137 127
76 57
76 146
76 157
76 153
76 78
76 97
57 94
57 146
106 91
153 91
153 146
153 10
9 56
9 87
71 46
71 140
71 155
71 27
56 121
56 111
56 87
56 168
56 85
56 135
66 33
66 86
66 127
10 94
10 91
140 93
140 36
140 27
140 126
140 80
140 11
140 155
140 46
140 152
36 27
155 152
155 46
155 80
155 27
148 146
148 157
148 97
94 91
94 157
94 97
94 146
85 111
82 130
82 33
82 86
82 104
33 130
33 86
33 127
104 86
104 127
127 130
127 86
130 86
12 126
37 117
37 45
37 105
157 91
157 146
157 78
119 122
119 123
78 146
78 97
122 163
86 60
91 2
91 59
91 146
97 146
111 87
27 11
27 46
126 152
126 46
46 152
