147 122
147 164
147 75
147 28
147 119
147 123
147 171
147 169
24 142
24 10
24 94
24 65
24 40
24 43
24 78
24 2
24 63
24 91
24 57
24 59
24 153
24 146
72 86
72 92
72 35
99 37
99 105
43 148
43 63
43 65
43 167
43 57
43 94
43 91
43 153
43 146
14 130
14 33
14 92
14 165
39 137
39 130
39 86
39 47
39 127
39 3
39 92
39 165
39 141
113 63
113 97
51 140
51 80
51 23
51 155
51 27
35 82
35 86
35 3
35 104
35 92
35 165
63 76
63 68
63 157
63 2
63 94
63 91
63 57
63 106
63 65
63 153
63 97
63 167
63 146
115 66
115 92
115 52
167 94
167 68
167 146
167 65
167 153
69 140
156 152
156 23
156 46
156 126
156 140
156 80
156 155
156 44
128 171
128 28
70 134
70 171
70 28
47 137
47 82
47 86
47 104
47 66
47 92
47 3
47 141
28 164
28 144
28 161
28 122
28 134
28 163
28 75
28 114
28 123
28 171
28 0
134 122
134 145
134 0
134 119
134 123
134 171
159 171
55 73
132 89
132 111
23 136
23 152
23 46
23 126
23 80
23 7
23 155
23 44
150 58
150 73
5 33
5 92
5 165
5 86
3 137
3 82
3 86
3 104
3 66
3 52
3 92
73 37
73 117
73 58
73 45
30 2
30 146
164 122
164 171
164 123
68 76
68 78
68 65
68 153
68 97
68 146
18 2
40 2
40 142
40 91
40 10
40 153
154 137
154 66
154 86
154 33
154 127
154 92
154 52
7 27
7 77
7 140
7 80
7 155
65 10
65 94
65 106
65 78
65 148
65 76
65 146
65 97
65 57
141 137
141 104
141 92
141 165
78 76
78 146
171 114
171 145
171 119
171 161
171 122
171 163
171 75
171 25
171 144
171 169
171 123
92 66
92 6
92 86
92 52
92 60
92 64
92 165
92 137
92 82
92 33
92 104
92 138
92 127
165 130
165 60
165 137
165 82
165 86
165 127
165 52
58 102
58 45
52 66
52 86
52 60
52 82
52 137
52 127
148 97
44 140
44 155
44 152
98 163
98 75
89 111
89 56
64 137
64 82
64 130
75 163
75 119
137 130
137 33
137 82
137 86
137 104
137 127
76 146
76 106
76 94
76 153
76 97
57 91
57 146
57 94
57 153
106 91
153 94
153 91
9 56
9 135
9 87
71 46
71 126
71 140
71 27
71 155
56 111
56 87
56 85
56 135
66 86
66 33
144 122
144 163
144 169
10 142
10 94
10 91
10 97
140 93
140 36
140 27
140 126
140 80
140 11
140 155
140 46
140 152
36 27
36 155
155 93
155 12
155 27
155 126
155 80
155 11
155 136
155 46
155 152
142 2
142 91
94 157
94 146
94 91
85 111
85 87
169 122
82 130
82 86
82 6
82 33
33 130
33 86
33 138
104 86
168 87
127 130
127 86
130 86
135 87
37 117
157 146
119 122
119 123
122 145
122 123
122 163
163 123
86 60
91 2
91 59
91 146
97 146
88 111
27 152
27 11
27 46
27 80
126 80
80 152
