147 122
147 119
147 28
147 75
24 30
24 2
24 10
24 63
24 65
24 40
24 43
24 124
24 78
24 142
24 94
24 91
24 167
24 146
24 54
24 59
24 153
24 15
24 97
118 63
72 86
72 165
72 35
99 45
43 68
43 10
43 94
43 157
43 170
43 148
43 63
43 65
43 167
43 146
43 106
43 91
43 57
14 82
14 86
14 33
14 141
14 165
39 130
39 47
39 5
39 141
39 35
39 137
39 82
39 86
39 104
39 3
39 165
39 127
113 91
51 140
51 80
51 27
35 82
35 86
35 127
35 104
35 165
35 52
63 76
63 68
63 10
63 106
63 59
63 78
63 2
63 94
63 65
63 146
63 157
63 57
63 91
63 153
63 97
63 167
115 52
167 157
167 65
167 146
167 10
167 94
167 68
167 97
69 140
69 23
83 82
156 23
156 155
156 46
156 126
156 140
156 80
156 7
156 152
156 44
128 28
47 137
47 82
47 86
47 125
47 104
47 3
47 5
47 141
28 164
28 0
28 119
28 98
28 75
28 122
28 134
28 163
28 145
28 114
28 171
28 123
28 161
134 122
134 164
134 114
134 98
134 119
15 146
15 10
132 103
132 111
132 87
23 80
23 44
150 73
150 58
150 45
5 82
5 130
5 33
5 86
5 3
5 165
3 137
3 82
3 86
3 104
3 154
3 64
3 141
73 37
73 117
73 58
73 45
30 2
30 148
30 91
30 146
30 54
164 122
164 163
164 98
164 123
68 148
68 78
68 97
68 146
18 2
40 142
40 2
40 91
40 10
40 54
40 153
40 124
154 66
154 86
154 60
154 82
154 127
154 52
54 2
54 91
54 146
54 142
54 59
54 124
7 27
7 77
7 140
7 80
7 162
170 148
170 157
170 65
170 76
65 106
65 78
65 148
65 76
65 157
65 57
65 91
65 153
65 97
65 146
141 137
141 130
141 86
141 127
141 165
103 111
103 56
103 87
103 168
103 89
103 9
171 145
171 169
92 86
92 52
165 130
165 60
165 137
165 86
165 127
165 52
58 37
58 45
58 117
52 66
52 130
52 86
52 127
52 60
52 82
142 2
142 91
142 146
142 153
142 124
44 126
44 140
44 80
44 155
98 122
89 121
89 111
89 56
89 87
89 135
124 2
124 91
124 146
124 148
124 59
64 137
64 130
64 33
137 82
137 130
137 86
137 104
137 127
76 146
76 94
76 91
76 153
76 97
76 78
57 148
57 94
57 146
57 157
106 91
153 146
153 10
153 94
153 91
153 2
9 168
9 56
9 135
9 87
71 140
71 27
56 121
56 111
56 87
56 85
56 135
66 33
66 86
10 2
10 94
10 59
10 157
10 97
10 146
140 36
140 126
140 80
140 11
140 155
140 46
140 152
140 27
36 27
155 27
155 126
155 80
155 152
148 146
148 157
148 91
148 97
94 157
94 78
94 91
94 97
94 146
85 121
85 111
82 130
82 86
82 33
82 104
33 130
33 86
104 86
13 130
127 130
127 86
130 60
130 86
135 87
37 117
37 45
157 78
157 91
157 97
157 146
119 122
119 123
78 146
78 97
122 163
86 60
91 2
91 59
91 146
91 97
97 146
27 152
27 46
27 80
46 152
59 146
