147 164
147 169
147 28
147 98
147 119
147 159
147 75
147 122
147 145
147 163
147 114
147 171
147 123
147 161
24 30
24 142
24 74
24 10
24 18
24 65
24 40
24 120
24 124
24 97
24 15
24 2
24 63
24 91
24 146
24 54
24 57
24 59
24 153
24 106
24 167
118 63
72 86
72 47
72 104
72 92
72 141
72 35
43 63
43 65
43 167
43 170
14 86
14 92
14 165
14 52
39 66
39 130
39 47
39 154
39 141
39 35
39 137
39 82
39 86
39 104
39 3
39 92
39 165
39 33
116 148
116 76
116 146
116 65
116 170
116 97
51 11
51 36
51 23
51 80
51 7
51 155
51 44
35 82
35 86
35 104
35 92
35 165
63 157
63 68
63 10
63 65
63 106
63 74
63 2
63 94
63 76
63 146
63 57
63 91
63 153
63 97
63 166
63 167
115 92
115 52
167 30
167 142
167 68
167 10
167 94
167 124
167 148
167 65
167 146
167 54
167 153
69 11
49 23
156 152
156 36
156 23
156 155
156 46
156 126
156 7
156 11
156 44
37 55
37 73
37 45
37 58
37 117
70 163
70 171
70 28
47 137
47 130
47 86
47 33
47 104
47 92
28 164
28 98
28 119
28 161
28 122
28 134
28 163
28 75
28 114
28 123
28 171
28 0
82 130
82 33
82 60
82 154
82 141
82 137
82 86
82 92
82 165
82 52
55 150
55 117
55 45
55 58
55 73
132 103
132 111
132 9
132 56
132 135
23 36
23 44
23 46
23 126
23 80
23 7
23 155
23 27
150 45
150 58
150 73
5 92
5 141
3 137
3 130
3 86
3 33
3 104
3 92
3 165
3 52
73 117
73 45
73 58
73 61
30 2
30 91
30 146
164 145
164 163
164 134
164 171
164 123
68 2
68 76
68 146
68 157
68 148
68 97
18 91
18 146
18 10
40 2
40 153
40 91
40 10
154 66
154 86
154 33
154 92
154 52
54 142
54 91
54 146
54 124
7 93
7 36
7 12
7 27
7 44
7 126
7 80
7 11
7 136
7 71
7 155
7 77
7 46
7 152
170 148
170 65
65 100
65 94
65 78
65 148
65 76
65 146
65 91
65 97
65 57
141 137
141 130
141 92
141 165
103 111
103 56
103 87
103 168
103 9
103 85
103 135
171 145
171 163
171 119
171 75
171 123
171 169
61 117
61 58
92 66
92 6
92 86
92 52
92 60
92 64
92 165
92 137
92 33
92 104
92 138
92 127
165 130
165 60
165 137
165 86
165 104
165 127
165 52
58 117
52 130
52 66
148 146
148 157
148 74
148 97
44 11
44 36
44 155
44 46
44 126
44 152
98 163
89 111
89 9
89 56
124 2
124 91
124 146
75 163
137 86
137 104
76 146
76 97
76 78
57 166
57 146
57 157
57 94
57 91
57 106
57 74
57 97
106 91
106 94
153 91
153 10
153 94
153 97
153 146
9 56
9 87
9 168
9 85
9 135
71 11
71 36
71 27
71 46
71 155
56 121
56 111
56 67
56 87
56 168
56 85
56 135
66 86
66 33
10 91
10 146
10 94
10 157
140 155
36 11
36 12
36 155
36 80
36 27
155 93
155 12
155 27
155 152
155 126
155 80
155 11
155 136
155 46
142 2
142 91
142 146
94 146
94 91
166 157
135 87
135 168
135 85
161 145
161 163
85 121
85 87
169 145
169 163
134 163
33 130
33 86
33 125
114 163
104 130
104 86
168 87
0 163
130 86
12 126
74 91
74 157
157 97
119 122
119 163
6 86
122 145
122 163
145 123
145 163
163 123
86 60
91 2
91 146
78 97
97 146
27 152
27 11
27 46
27 80
126 11
126 46
126 152
80 11
11 152
11 46
2 146
