147 164
147 70
147 28
147 98
147 119
147 159
147 169
147 122
147 134
147 163
147 145
147 123
147 171
147 75
147 0
147 161
24 30
24 2
24 74
24 10
24 18
24 40
24 43
24 124
24 78
24 142
24 63
24 157
24 91
24 57
24 54
24 94
24 65
24 153
24 97
24 68
24 146
118 63
118 91
118 94
72 35
72 5
72 86
72 92
72 104
43 148
43 63
43 65
43 57
43 91
43 167
14 82
14 130
14 86
14 165
14 141
39 130
39 47
39 5
39 141
39 35
39 137
39 82
39 86
39 53
39 104
39 22
39 3
39 165
116 148
116 63
116 76
116 94
116 65
116 97
51 11
51 7
51 27
51 155
51 23
35 130
35 86
35 104
35 3
35 165
35 64
35 52
63 30
63 74
63 157
63 78
63 94
63 65
63 167
63 68
63 97
63 10
63 96
63 106
63 76
63 57
63 54
63 91
63 153
63 146
115 52
139 156
139 42
139 158
139 23
139 26
167 76
167 68
167 10
167 15
167 148
167 94
167 91
167 146
167 65
167 153
69 11
49 23
22 86
83 82
26 46
26 23
26 155
156 11
156 158
156 23
156 155
156 46
156 80
156 152
156 44
37 55
37 90
37 150
37 117
37 45
37 58
37 73
70 122
70 171
70 28
47 137
47 82
47 86
47 64
47 104
47 3
47 5
47 165
47 125
28 164
28 169
28 98
28 119
28 161
28 122
28 134
28 163
28 75
28 114
28 123
28 171
28 0
28 145
117 55
117 45
117 73
15 91
55 90
55 150
55 73
55 58
55 45
132 111
132 9
132 135
23 152
23 27
23 126
23 80
23 7
23 11
23 71
23 36
23 158
23 155
23 42
23 46
23 44
150 45
150 58
150 73
5 137
5 82
5 130
5 33
5 141
5 86
5 165
5 64
113 91
3 137
3 82
3 86
3 104
3 127
3 52
3 165
3 141
87 111
87 56
87 168
87 103
87 89
87 9
87 135
73 58
73 45
30 142
30 91
30 146
30 54
30 2
30 124
164 122
164 145
164 163
164 119
164 123
164 171
90 45
68 91
68 78
68 94
68 97
68 146
18 94
18 91
40 94
40 153
40 91
154 137
154 66
154 86
154 33
154 82
154 92
154 53
154 52
54 94
54 91
54 146
54 10
54 153
54 124
7 155
7 77
7 80
7 11
7 44
170 148
65 10
65 78
65 148
65 76
65 57
65 146
65 91
65 153
65 97
141 137
141 82
141 130
141 165
141 64
103 111
103 56
103 168
103 9
103 85
103 135
171 81
171 114
171 145
171 119
171 98
171 169
171 122
171 134
171 163
171 75
171 62
171 123
171 161
171 0
92 66
92 86
92 33
92 64
165 130
165 60
165 137
165 82
165 86
165 127
165 52
58 45
52 137
52 66
52 130
52 86
52 60
52 82
148 153
148 78
148 157
148 97
44 158
44 155
44 80
44 11
98 122
98 163
98 62
98 145
89 121
89 9
89 56
89 135
124 142
124 91
124 146
124 94
53 82
53 127
53 86
75 122
75 163
75 119
137 66
137 86
137 82
137 33
137 64
137 104
137 127
76 146
76 57
76 10
76 91
76 78
57 166
57 94
57 157
57 74
57 91
57 146
57 97
153 91
153 10
153 94
153 146
9 56
9 168
9 135
71 46
71 11
71 27
71 155
56 121
56 111
56 88
56 168
56 85
56 135
81 145
66 33
66 86
10 96
10 157
10 94
10 91
10 146
140 155
36 11
36 155
155 93
155 12
155 27
155 126
155 80
155 11
155 136
155 42
155 46
155 158
155 152
142 91
94 157
94 97
94 91
94 146
94 78
64 82
64 130
64 86
64 138
64 104
42 158
135 111
135 168
135 85
85 111
169 122
134 122
134 145
134 119
134 0
33 130
33 86
33 82
158 126
158 80
104 82
104 86
127 82
127 130
127 86
0 122
0 119
130 82
130 86
74 91
74 96
74 146
62 145
157 166
157 146
157 91
157 97
157 78
119 122
119 123
119 163
78 146
78 91
78 97
122 145
122 163
122 123
122 161
163 123
86 60
86 82
91 146
91 97
91 2
97 146
82 60
27 11
27 46
27 80
126 11
80 11
11 46
11 152
46 152
