147 163
147 134
147 164
147 123
147 122
147 62
147 28
147 119
147 0
147 171
24 30
24 21
24 74
24 10
24 18
24 40
24 54
24 78
24 142
24 94
24 91
24 167
24 97
24 148
24 63
24 65
24 124
24 15
24 2
24 57
24 157
24 59
24 153
72 86
72 165
72 104
72 154
72 14
72 39
72 127
72 141
72 35
43 148
43 63
43 74
43 167
43 57
43 65
43 97
43 91
43 170
43 146
14 130
14 33
14 104
14 127
14 165
39 60
39 47
39 86
39 154
39 165
39 137
39 82
39 33
39 104
39 22
39 127
39 35
39 3
39 52
116 68
116 63
116 157
116 76
116 167
116 96
116 65
116 148
116 78
116 170
116 97
51 156
51 139
51 41
51 23
51 7
35 3
35 86
35 127
35 104
35 165
63 30
63 74
63 10
63 157
63 78
63 148
63 94
63 65
63 167
63 68
63 97
63 96
63 124
63 15
63 2
63 76
63 57
63 54
63 91
63 153
63 146
115 52
139 41
139 11
139 23
139 42
139 80
167 68
167 10
167 65
167 74
167 78
167 148
167 91
167 146
167 76
167 153
49 23
22 66
22 47
22 86
22 154
22 53
22 137
22 33
22 104
22 3
22 92
22 165
41 156
41 152
41 27
41 126
41 80
41 7
41 11
41 36
41 158
41 23
41 155
41 46
41 42
41 71
26 46
26 27
26 155
156 158
156 23
156 42
156 46
156 126
156 80
156 152
156 44
37 55
37 90
37 117
37 45
37 58
37 73
70 134
70 119
47 137
47 66
47 86
47 104
47 3
47 165
47 125
28 81
28 164
28 0
28 169
28 145
28 119
28 98
28 161
28 122
28 134
28 163
28 75
28 171
28 123
82 137
82 130
82 86
82 33
82 104
82 138
82 154
82 52
15 2
15 30
15 91
15 124
55 90
55 150
55 117
55 4
55 73
55 45
132 111
132 56
132 48
132 103
132 9
132 135
23 152
23 44
23 46
23 80
23 7
150 73
150 58
150 45
5 60
5 130
5 33
5 165
5 86
3 66
3 130
3 141
3 137
3 86
3 104
3 127
3 92
3 165
3 33
3 52
87 103
87 135
73 117
73 90
73 58
73 45
30 142
30 94
30 21
30 91
30 54
30 2
30 74
30 124
164 122
164 163
164 119
164 123
90 45
68 148
68 91
68 96
68 74
68 78
68 97
18 2
18 91
40 153
40 91
40 10
154 66
154 86
154 53
154 137
154 33
154 127
154 92
154 52
104 137
7 27
170 148
170 65
21 2
21 91
21 148
21 78
65 10
65 157
65 78
65 148
65 94
65 76
65 57
65 91
65 153
65 97
65 146
141 137
141 130
141 165
141 125
103 111
103 56
103 48
103 168
103 9
103 85
103 135
171 81
171 145
171 119
171 169
171 75
92 137
92 66
92 86
92 127
92 52
165 130
165 60
165 137
165 86
165 127
165 52
52 66
52 130
52 60
52 137
52 127
142 2
142 91
142 10
142 54
142 124
44 158
44 42
44 80
44 152
98 122
98 163
89 121
89 111
89 56
89 9
89 85
89 135
124 2
124 91
124 54
53 33
53 127
53 66
137 66
137 130
137 86
137 127
76 94
76 97
76 78
57 166
57 94
57 146
57 10
57 157
57 91
57 74
153 94
153 91
153 10
153 74
153 54
9 111
9 56
9 48
9 168
9 135
71 80
71 27
71 11
56 121
56 111
56 48
56 168
56 85
56 135
81 0
66 130
66 33
66 86
10 96
10 2
10 94
10 91
10 97
10 146
36 80
36 27
155 152
155 27
155 42
155 46
155 126
155 80
148 157
148 146
148 78
94 157
94 91
94 97
42 158
42 126
135 121
135 111
135 48
135 168
135 85
45 117
85 111
85 168
169 163
134 119
134 161
33 130
33 86
33 127
158 126
114 122
54 91
54 2
168 111
168 48
127 86
0 119
130 60
130 86
74 91
157 91
157 97
119 122
119 123
119 163
78 96
78 97
122 163
86 60
91 97
91 2
97 146
111 121
27 46
27 80
27 11
46 152
