147 81
147 145
147 163
147 28
147 98
147 171
147 0
24 30
24 142
24 21
24 10
24 101
24 40
24 157
24 124
24 15
24 2
24 63
24 91
24 57
24 54
24 65
24 153
24 97
24 43
24 146
72 66
72 104
72 154
72 92
72 3
72 53
72 35
99 37
43 148
43 63
43 65
43 146
43 54
43 97
14 165
39 137
39 82
39 130
39 86
39 104
39 22
39 35
116 63
116 68
116 167
116 96
116 65
116 76
116 91
116 97
51 41
51 23
51 27
35 137
35 86
35 104
63 76
63 74
63 2
63 94
63 65
63 146
63 57
63 91
63 153
63 68
63 167
139 42
139 23
139 26
167 68
167 21
167 91
167 146
167 74
49 23
22 137
22 130
22 86
22 154
22 165
22 53
41 71
41 158
41 23
41 155
41 46
41 42
41 80
41 7
41 26
41 27
26 46
26 158
26 27
156 46
156 80
156 23
156 152
37 55
37 117
37 45
37 90
37 73
47 137
47 82
47 130
28 164
28 123
28 169
28 98
28 75
28 119
28 161
28 122
28 134
28 163
28 145
28 114
28 171
28 0
82 137
82 33
82 86
82 104
82 3
82 52
15 2
15 101
15 91
15 21
55 117
55 73
55 45
132 111
132 135
23 44
150 45
150 117
150 58
150 73
5 127
5 33
5 130
5 141
5 86
3 137
3 86
3 104
3 127
3 165
73 117
73 90
73 58
73 45
30 142
30 2
30 21
30 91
30 101
30 124
164 122
90 45
68 148
68 96
40 91
154 137
154 66
154 33
154 92
154 53
154 52
54 142
54 2
54 91
54 101
54 153
54 124
7 44
7 11
21 101
21 91
21 153
21 124
65 94
65 76
65 146
65 78
65 97
141 137
141 130
141 86
141 165
103 111
103 9
103 135
171 81
171 145
92 66
92 33
92 60
92 104
92 53
165 137
165 127
52 137
52 66
52 86
148 146
148 97
44 42
44 80
98 122
98 163
89 121
89 56
124 142
124 91
124 10
124 101
124 2
53 66
53 33
53 127
137 66
137 130
137 60
137 86
137 104
137 127
76 97
76 78
57 94
57 91
57 146
57 74
153 91
153 10
153 101
9 56
9 48
71 80
71 27
56 1
56 111
56 48
56 168
56 85
56 135
66 33
66 86
10 142
10 94
10 91
155 42
155 80
155 152
142 2
142 91
94 91
64 130
42 158
42 126
135 168
135 85
85 111
101 2
101 91
134 119
134 163
33 130
33 86
158 126
168 20
127 86
130 86
74 96
74 91
157 97
122 123
122 163
86 60
91 2
91 146
91 97
97 146
27 46
27 126
27 80
80 152
