24 146
24 2
24 63
24 91
24 59
57 146
57 63
57 65
64 82
119 171
36 140
147 28
147 171
71 46
46 27
152 27
152 155
97 65
157 146
39 137
39 165
39 127
39 86
171 28
171 144
171 75
171 145
171 122
171 25
171 163
171 70
171 134
171 128
171 161
171 159
171 164
171 169
171 123
171 114
104 137
76 78
76 63
76 65
68 146
68 167
68 63
47 137
40 10
82 137
137 52
137 141
137 165
137 3
163 28
127 165
153 63
63 167
63 91
63 146
63 43
63 65
63 94
35 165
66 154
86 165
164 28
28 134
28 0
28 123
146 167
146 91
165 60
165 130
165 52
92 52
33 130
43 65
75 98
78 65
