153 40
153 24
153 63
153 91
153 76
153 57
24 40
24 63
24 91
24 142
24 43
24 65
24 94
24 57
57 63
57 91
57 65
57 94
146 97
146 43
146 68
146 65
2 40
2 91
147 28
155 140
9 87
142 91
113 63
152 140
97 68
97 65
44 140
39 137
39 141
39 86
7 140
99 37
5 33
5 86
156 23
156 140
82 52
82 165
137 127
137 86
111 85
111 89
111 56
78 76
43 65
23 80
69 140
140 51
140 36
140 11
140 27
140 71
140 80
140 46
140 126
66 52
66 154
66 86
86 130
86 154
86 104
86 33
86 47
86 72
86 60
86 3
72 35
122 164
104 35
56 89
33 130
52 154
52 60
51 80
65 63
63 91
