153 40
153 24
153 63
85 111
85 56
24 2
24 40
24 10
24 142
24 91
24 63
24 59
24 157
24 30
68 146
68 167
68 97
37 117
37 73
37 45
146 167
146 65
119 134
36 140
168 56
147 134
155 27
155 140
9 56
103 111
142 2
142 63
111 56
135 56
152 140
97 167
44 140
39 104
39 3
58 150
58 73
171 169
171 134
7 140
99 45
5 33
5 60
47 3
156 23
156 140
156 80
82 130
82 3
137 165
163 134
2 91
45 73
63 65
43 167
43 65
169 134
69 140
35 52
35 104
35 3
51 27
51 140
141 3
66 52
86 52
86 3
164 134
28 134
165 130
56 89
122 134
0 134
104 3
71 27
71 140
46 27
46 140
33 130
144 134
145 134
114 134
117 73
11 140
75 134
98 134
27 140
70 134
134 161
134 123
80 140
126 140
