153 40
153 63
153 91
153 94
24 10
24 142
24 91
24 63
24 54
24 94
57 94
68 167
68 63
68 97
146 54
146 63
146 91
119 145
36 27
147 75
147 145
71 27
9 135
9 89
9 168
9 56
103 135
103 56
142 63
111 56
148 65
148 157
135 87
135 56
135 168
30 91
97 63
157 10
44 156
39 137
39 130
39 165
39 3
39 14
167 43
167 63
7 27
5 165
5 141
5 86
5 14
54 91
82 130
82 165
82 3
82 14
137 52
137 165
137 86
163 145
45 37
45 73
87 56
70 145
43 63
43 91
43 94
169 145
94 63
94 91
94 65
35 165
35 72
170 65
141 165
141 86
141 14
86 14
86 72
86 3
28 145
28 122
165 52
165 14
165 130
165 3
56 168
56 89
122 145
0 145
10 63
91 63
92 154
164 145
145 171
145 75
145 161
145 123
3 130
3 14
52 14
130 14
150 73
106 63
65 63
74 63
