2 24
24 15
24 167
24 10
24 30
24 146
24 124
24 54
24 40
24 142
24 91
24 18
24 153
24 63
24 97
24 65
146 167
146 148
146 97
146 54
146 68
146 94
153 63
147 114
155 36
103 135
103 56
142 167
142 91
111 56
148 68
148 65
148 116
135 56
30 167
30 91
97 63
97 65
49 23
116 65
44 36
39 137
39 130
39 141
39 3
167 124
167 63
167 68
167 94
7 51
7 36
7 71
74 63
74 91
156 36
156 23
82 137
137 141
137 104
137 47
137 3
127 165
45 37
45 73
87 56
23 36
23 80
23 46
23 126
37 73
66 154
86 165
130 165
165 52
165 3
56 85
71 46
71 36
71 27
36 51
36 27
36 12
36 80
117 73
106 63
63 91
