2 124
2 142
24 63
24 167
24 54
24 142
24 91
57 74
57 43
57 94
64 130
119 75
119 147
71 27
71 155
71 80
9 103
9 56
103 135
103 168
103 87
103 56
142 124
142 91
148 65
135 56
97 68
97 63
157 94
39 137
39 165
167 146
167 68
104 137
121 89
68 146
68 63
156 23
82 137
82 33
137 141
137 47
137 165
137 3
127 52
127 154
45 37
45 117
45 73
87 56
76 43
43 74
43 63
43 65
43 94
43 91
94 63
35 165
141 130
141 165
66 154
86 130
130 33
130 5
130 165
165 52
56 168
56 85
10 91
92 154
33 3
28 75
106 63
74 63
63 91
63 65
