2 124
2 24
2 54
2 91
24 153
24 10
24 63
24 91
57 146
68 167
37 99
37 117
64 130
119 122
119 134
36 140
168 135
168 56
147 28
147 122
71 140
94 63
135 56
103 111
103 56
148 167
148 43
148 65
153 10
153 63
153 91
152 140
44 23
44 140
39 137
39 104
39 47
39 3
39 82
171 28
171 122
104 137
40 10
40 91
167 63
121 56
5 33
5 86
156 23
156 140
82 137
82 33
137 141
137 47
137 3
163 28
163 122
127 52
127 165
45 73
76 146
76 78
76 63
169 122
23 80
69 140
140 51
140 7
140 11
140 155
140 27
140 80
140 46
140 126
170 65
59 91
86 3
28 0
28 75
28 122
28 98
28 134
28 161
28 164
28 123
28 114
146 10
56 9
56 85
122 0
122 75
122 145
122 98
122 134
122 161
122 164
122 123
122 114
0 134
155 27
134 145
52 115
106 63
117 73
65 63
10 91
63 91
