2 146
2 124
47 137
47 104
24 10
24 142
24 57
24 146
24 124
24 54
24 74
24 40
24 63
24 91
24 18
24 153
24 30
24 97
57 74
57 63
57 91
57 106
57 97
57 65
146 63
146 91
146 116
146 68
146 97
146 65
153 10
153 40
153 63
153 91
153 97
153 167
168 87
147 28
9 135
9 87
9 85
103 87
103 85
148 97
148 65
135 87
30 91
97 63
97 78
97 68
97 116
97 157
82 39
49 23
116 65
157 10
39 130
98 28
171 28
7 77
76 68
121 85
121 56
55 58
55 37
55 150
55 117
55 73
55 45
68 167
63 167
63 106
63 65
63 74
63 10
63 91
63 94
54 91
156 23
137 141
163 28
163 122
87 56
40 91
23 46
23 27
134 28
141 130
141 72
28 75
28 122
28 0
28 70
28 161
28 164
28 123
28 114
124 91
165 130
165 14
56 85
56 89
56 67
56 132
91 106
91 18
91 74
46 27
52 14
58 73
