153 63
153 94
24 63
24 57
24 94
24 91
57 63
57 91
57 94
37 73
146 63
119 144
119 134
147 144
155 140
94 63
94 91
94 76
94 65
9 87
148 65
150 73
152 140
97 63
157 10
157 63
39 137
58 73
171 144
104 137
106 63
55 73
128 144
5 137
63 65
63 91
156 23
156 140
156 80
82 137
137 141
137 47
137 3
137 165
163 144
163 134
127 14
45 73
159 144
169 144
23 44
23 80
69 140
51 140
66 154
44 7
44 140
164 28
164 144
164 123
36 140
122 144
122 134
0 144
7 140
71 140
134 144
46 140
144 28
144 75
144 145
144 98
144 70
144 161
144 123
144 114
3 52
117 73
11 140
27 140
80 140
126 140
