2 24
24 15
24 167
24 10
24 63
24 91
24 146
24 153
24 54
24 59
24 65
64 137
64 82
153 146
153 10
168 135
168 9
168 87
168 56
168 132
147 171
155 51
155 36
155 7
155 12
155 27
155 11
155 23
155 156
155 71
155 136
155 93
155 140
155 80
155 46
155 152
155 126
155 44
135 56
148 167
148 65
30 10
152 44
97 65
157 76
39 130
39 5
39 165
39 82
171 145
40 10
82 137
82 141
82 104
82 66
82 47
82 33
82 165
82 154
82 3
146 76
146 91
87 56
76 78
165 52
165 130
165 141
165 14
165 35
165 3
170 65
37 117
44 23
44 80
9 56
23 80
56 89
