2 124
2 24
2 91
24 40
24 142
24 91
24 124
24 146
24 153
24 94
57 146
57 43
57 63
146 167
146 148
146 78
146 153
146 68
146 97
153 63
153 91
147 28
155 152
155 27
155 140
9 56
103 111
142 91
111 56
148 65
135 56
152 46
152 27
152 140
97 68
97 65
97 167
157 10
44 140
39 137
39 141
39 165
171 169
7 140
40 91
68 167
156 140
45 37
45 73
76 63
43 167
69 140
35 165
37 73
86 52
86 165
36 140
165 52
165 130
165 60
165 14
56 121
56 85
56 89
167 65
71 140
46 140
164 123
117 73
51 27
51 140
11 140
27 140
63 65
63 91
140 80
140 126
