153 40
153 91
24 30
24 142
24 18
24 91
127 165
68 146
68 167
68 148
37 150
37 117
37 73
37 45
146 167
146 116
146 57
2 142
2 91
168 135
168 87
168 9
168 121
147 28
155 51
9 135
103 135
103 111
103 56
142 30
142 91
111 89
135 87
135 56
157 10
39 137
39 130
39 141
39 104
39 47
39 35
39 3
39 82
171 28
171 145
7 80
167 107
167 10
107 10
5 165
5 3
5 86
156 46
82 33
82 165
82 3
82 14
137 141
137 47
137 35
163 28
125 33
45 73
87 85
87 56
40 91
165 130
165 141
165 14
165 3
141 3
28 0
28 75
28 122
28 98
28 134
28 161
28 164
28 145
28 123
28 114
23 27
23 80
72 35
0 134
91 10
56 85
3 52
3 14
3 130
52 154
