24 2
24 40
24 10
24 63
24 91
24 153
24 142
24 43
24 57
57 146
57 63
57 65
146 68
153 40
153 43
153 63
36 140
36 71
147 28
71 27
71 140
46 140
142 2
142 63
142 91
148 2
148 65
135 9
135 56
135 168
152 140
97 43
157 43
44 140
44 80
51 140
171 28
7 140
128 28
5 33
156 23
156 140
82 130
82 33
137 3
163 28
68 43
68 63
87 56
76 43
76 63
76 91
43 63
43 65
23 140
69 140
140 11
140 155
140 27
140 80
140 126
86 92
86 165
164 28
28 144
28 0
28 75
28 122
28 134
28 161
28 123
28 114
165 130
56 9
2 91
117 73
58 73
63 91
