153 91
24 30
24 10
24 91
24 107
127 3
68 146
68 167
68 43
68 97
68 148
37 45
146 167
146 91
146 148
146 78
146 97
2 124
2 91
36 23
168 87
168 135
168 103
168 121
155 23
155 44
155 71
155 80
92 66
92 86
103 87
103 9
103 56
103 135
148 170
148 94
135 87
135 56
152 23
44 23
51 23
171 70
171 145
104 39
40 91
107 74
5 33
5 141
5 3
156 23
82 39
82 33
137 39
137 3
163 164
125 33
45 73
87 56
63 167
47 39
39 52
39 141
39 130
39 33
39 35
39 3
141 52
141 66
141 130
141 33
141 3
66 52
66 33
66 130
28 123
28 122
23 7
23 11
23 27
23 71
23 80
23 46
23 126
56 9
56 89
46 27
33 52
33 130
33 14
3 130
52 130
130 14
130 35
117 73
11 27
98 123
