153 24
24 74
57 74
68 146
146 97
146 167
146 65
119 164
119 70
119 134
168 135
168 103
147 28
155 27
9 135
9 89
9 103
9 56
103 135
103 132
103 87
111 85
111 89
111 56
148 43
135 87
152 27
152 44
97 43
97 65
157 107
39 137
171 28
104 137
167 107
5 86
82 52
82 137
82 86
137 141
137 47
137 3
137 86
163 28
163 164
127 141
45 73
63 91
43 106
35 72
66 52
66 86
86 130
86 154
86 60
86 72
86 33
28 0
28 75
28 122
28 98
28 134
28 161
28 164
28 123
28 114
56 160
71 27
33 130
164 145
3 52
52 154
74 91
27 80
