24 2
24 40
24 63
24 91
24 153
24 142
24 65
57 63
64 137
64 130
153 76
153 68
153 63
153 167
36 140
168 9
155 140
94 63
94 157
142 91
111 56
30 91
75 28
152 46
152 140
97 146
157 146
157 10
157 63
44 140
51 140
151 32
7 140
156 162
156 140
82 33
82 141
137 52
137 165
137 86
137 47
163 164
163 123
127 154
45 73
43 63
69 140
2 91
66 154
86 130
86 3
86 35
130 33
130 165
146 76
146 63
122 28
122 164
122 123
71 27
71 140
76 63
76 65
46 27
46 140
164 123
11 140
118 63
27 140
27 80
63 91
63 65
140 80
140 126
