2 142
2 54
2 91
24 153
24 10
24 142
24 91
24 54
37 117
37 73
64 130
119 28
119 114
147 28
155 27
155 140
155 152
94 10
46 140
103 85
142 15
142 40
142 91
142 124
142 30
142 10
142 54
111 56
148 76
148 91
148 157
30 54
152 140
97 10
97 65
157 10
157 65
44 7
44 140
51 27
51 140
58 150
171 28
171 169
104 3
40 10
40 54
40 91
65 170
65 78
65 153
28 0
28 75
28 122
28 98
28 163
28 134
28 128
28 161
28 164
28 123
28 114
68 63
63 153
63 91
54 91
54 124
156 23
156 140
82 39
82 137
82 60
137 92
163 122
163 123
153 10
153 91
87 9
87 56
76 146
43 91
69 140
140 36
140 7
140 11
140 27
140 71
140 80
140 126
170 78
86 165
146 91
124 91
56 85
56 9
167 10
33 130
164 70
52 115
150 73
10 91
27 80
