24 15
24 2
24 10
24 142
24 91
24 153
24 146
24 63
24 54
24 59
57 43
57 65
57 94
146 167
146 10
146 142
146 91
146 68
146 94
2 91
168 135
168 103
147 28
9 135
9 103
9 56
103 135
103 87
103 111
142 91
111 135
111 56
148 68
148 97
135 87
152 156
51 27
98 28
171 28
171 70
10 167
10 43
10 91
40 91
76 43
106 63
107 74
68 167
54 91
156 46
156 23
156 80
82 33
82 165
82 130
137 86
163 28
163 164
127 165
153 167
153 63
153 43
153 91
87 56
43 74
43 63
43 65
43 94
94 63
94 91
134 28
37 58
86 130
86 14
86 52
86 165
86 3
86 35
28 0
28 75
28 122
28 161
28 164
28 123
28 114
124 91
91 74
91 63
167 63
145 75
150 58
65 63
74 63
