24 153
24 91
64 130
153 146
153 167
153 63
168 135
168 121
168 103
168 56
9 135
9 103
103 135
103 87
142 91
111 135
111 85
111 56
135 56
135 87
135 85
135 89
97 146
97 43
97 65
97 113
157 167
44 23
39 137
39 141
10 146
5 130
5 165
5 86
47 137
47 33
156 23
82 137
82 130
137 52
137 141
137 104
137 165
137 86
137 127
137 3
146 43
146 65
127 165
127 86
45 73
76 78
43 65
43 113
23 80
35 165
35 104
35 86
141 130
66 92
66 33
66 154
86 52
86 104
86 60
86 14
86 130
86 165
124 91
165 52
165 60
165 14
165 130
56 89
154 33
150 117
