24 2
24 167
24 10
24 142
24 57
24 124
24 30
24 40
24 54
24 65
24 91
57 153
57 10
57 63
57 91
57 76
57 106
57 142
57 43
57 65
57 94
146 153
146 68
146 63
146 142
146 167
153 63
153 91
71 27
92 47
103 111
142 2
142 54
142 91
111 85
111 56
30 54
97 63
157 94
39 137
39 47
39 3
39 82
167 2
167 63
167 68
167 43
167 65
7 80
74 63
68 43
68 63
54 2
54 40
54 91
54 124
82 165
82 86
119 75
87 9
43 63
43 65
23 80
94 63
134 28
134 164
28 171
28 164
28 145
165 130
165 14
45 73
122 123
104 3
91 2
91 63
56 9
46 27
3 47
150 73
106 63
106 65
65 63
10 63
