24 30
24 54
24 91
24 153
57 146
57 65
119 28
119 171
119 134
119 163
155 51
155 36
155 7
155 12
155 27
155 11
155 23
155 156
155 71
155 136
155 93
155 140
155 80
155 46
155 152
155 126
155 44
103 9
103 87
103 111
103 56
103 135
103 168
111 56
148 97
148 63
148 65
148 167
135 89
135 56
135 168
30 146
30 91
7 140
121 56
107 167
107 10
5 130
5 86
5 33
163 171
127 141
127 86
78 68
169 171
94 153
94 63
141 137
130 64
130 165
130 86
23 80
23 156
23 44
122 171
91 63
91 153
91 43
91 54
168 56
92 60
92 86
33 66
33 82
10 153
10 68
10 167
144 0
145 171
3 137
3 52
3 104
3 86
3 165
3 39
3 82
114 171
2 40
2 63
28 171
60 86
58 73
70 171
47 137
47 82
85 56
89 132
89 56
35 137
35 86
65 170
65 146
65 63
65 106
65 153
65 68
65 43
65 97
15 124
153 167
153 63
153 146
153 43
71 27
9 56
146 63
146 97
97 68
86 137
86 52
86 14
86 165
39 137
171 0
171 75
171 134
171 161
171 164
171 123
68 167
68 63
68 124
68 43
156 44
82 137
82 165
137 104
137 154
45 37
87 56
43 63
66 154
165 14
167 63
27 46
150 73
106 63
74 63
