24 2
24 10
24 30
24 146
24 153
24 40
24 63
24 91
24 124
24 78
24 59
24 94
57 146
68 146
68 167
146 10
146 63
146 91
146 76
146 94
153 63
153 91
147 28
9 56
111 56
148 97
148 65
97 65
97 91
157 43
157 63
39 137
39 104
39 47
39 3
39 82
171 28
7 80
76 63
76 91
128 28
5 33
156 23
82 137
82 83
137 141
137 104
137 47
137 3
163 28
45 73
87 89
78 63
59 10
59 63
59 91
94 63
35 165
170 65
66 52
66 33
165 52
56 85
56 89
122 98
122 28
122 164
122 134
0 28
91 40
91 63
91 65
134 98
134 28
164 28
114 28
52 154
28 75
28 161
28 123
43 65
106 63
10 63
63 65
