24 167
24 142
24 57
24 153
24 40
24 94
24 91
57 146
57 142
57 63
57 94
146 65
146 167
146 91
153 167
153 63
153 40
168 135
168 9
168 87
168 103
147 28
147 114
71 27
103 111
142 167
142 91
111 85
111 56
148 170
148 97
30 91
152 51
97 68
97 157
44 156
13 130
171 28
104 39
55 58
55 37
55 150
55 117
55 73
55 45
116 63
68 63
68 167
82 39
137 39
163 28
98 28
63 167
63 94
63 91
39 47
39 3
23 46
94 167
127 165
127 86
43 65
66 154
86 130
28 70
28 75
28 164
28 122
28 123
165 130
91 167
46 11
46 27
33 130
150 73
58 73
