153 142
24 43
24 91
127 52
127 86
37 99
37 73
146 68
146 167
119 147
119 134
36 7
147 28
147 171
147 144
147 0
147 75
147 122
147 98
147 163
147 70
147 134
147 161
147 145
147 164
147 169
147 123
147 114
148 43
135 56
152 140
97 65
157 10
44 140
44 80
39 52
171 134
7 51
7 27
7 140
76 78
5 33
156 23
156 80
137 165
137 47
163 134
125 47
43 65
169 134
69 140
134 28
134 144
134 0
134 75
134 122
134 98
134 70
134 161
134 145
134 164
134 123
134 114
170 65
51 140
23 80
10 167
46 140
3 52
3 130
11 140
