24 146
24 78
24 2
24 63
24 91
57 146
57 153
57 91
64 165
64 86
119 123
155 140
9 56
142 146
111 56
148 146
148 97
148 65
135 56
152 140
97 167
97 10
97 146
97 68
97 65
157 63
44 140
51 140
167 146
167 68
7 140
40 153
65 43
163 164
163 122
166 68
5 33
5 165
156 23
156 140
82 33
137 52
137 165
137 127
146 2
146 68
127 52
127 165
153 43
153 63
169 122
165 52
165 60
165 130
165 35
165 86
165 14
69 140
140 36
140 11
140 27
140 71
140 80
140 46
140 126
66 33
66 154
23 80
56 89
56 85
122 164
71 46
71 27
76 63
46 27
46 80
33 14
52 154
52 60
52 35
117 58
58 73
63 91
