153 10
153 167
153 24
153 91
24 40
24 91
24 30
24 54
24 167
24 94
57 146
57 43
64 130
2 124
2 40
2 167
147 28
71 46
71 27
46 27
103 135
103 89
103 111
103 56
111 135
111 56
148 170
135 56
30 146
146 167
146 63
146 76
146 91
97 65
157 76
157 167
157 74
44 23
44 155
44 80
39 3
39 35
13 130
171 28
104 3
121 56
68 63
54 91
156 23
156 80
82 130
82 3
137 52
137 47
137 3
163 28
127 52
127 154
45 73
87 56
76 63
76 65
43 167
43 65
23 155
23 80
47 141
47 3
47 72
170 65
37 73
86 165
86 3
28 98
28 134
28 0
28 161
28 75
28 164
28 123
28 114
165 130
165 35
165 3
150 58
10 91
155 80
56 85
56 89
167 63
167 65
92 3
58 73
3 35
52 154
52 115
130 60
117 73
65 78
123 134
63 91
