2 146
2 24
2 91
24 74
24 10
24 91
24 30
24 146
24 153
24 54
57 146
57 63
57 94
15 91
64 104
153 167
153 63
153 91
168 135
147 28
71 27
92 154
92 104
103 135
142 91
111 56
148 78
135 56
30 124
30 91
152 156
152 44
97 157
39 137
39 104
39 141
39 165
39 127
167 63
167 91
104 141
104 66
104 154
104 82
104 137
104 47
104 72
104 3
104 35
55 58
55 37
55 150
55 117
55 73
55 45
116 63
68 63
54 91
156 46
156 23
82 137
82 3
137 154
137 3
146 10
146 63
146 76
146 91
87 56
43 65
23 27
23 155
23 80
94 63
47 130
86 130
28 164
124 91
165 130
165 52
56 89
56 85
76 63
52 60
130 14
9 89
58 73
63 65
63 91
