2 91
24 40
24 10
24 63
24 57
24 146
24 153
24 54
24 91
138 127
57 146
57 74
64 5
153 63
36 11
147 28
147 114
155 11
92 154
92 66
97 146
103 87
103 9
103 111
148 78
148 116
30 124
30 91
135 9
135 56
150 55
150 73
152 11
152 44
116 65
51 11
51 23
7 11
106 63
55 58
55 37
55 117
55 73
55 45
156 11
82 137
82 165
137 165
163 122
127 141
45 37
45 73
87 9
43 146
43 65
23 11
23 27
23 80
69 11
14 165
37 73
44 11
28 145
146 63
146 91
165 52
165 130
165 35
72 3
71 11
56 9
56 89
168 9
46 11
143 9
3 47
52 130
117 73
11 27
11 80
11 126
58 73
63 91
63 65
