153 76
153 68
153 24
153 63
153 167
24 142
24 63
24 146
24 94
24 91
57 43
57 94
68 146
64 130
119 123
168 87
147 28
155 27
155 140
155 152
155 156
135 56
30 2
152 140
157 94
44 140
39 137
39 165
167 146
167 94
7 140
76 146
76 78
28 134
5 33
5 165
156 140
82 137
82 3
137 141
137 104
137 47
137 165
137 3
146 78
127 165
45 58
87 56
43 63
43 94
69 140
140 51
140 36
140 11
140 27
140 71
140 80
140 46
140 126
86 130
165 60
165 14
165 130
165 35
165 52
71 27
134 145
33 130
10 94
94 63
94 65
3 52
106 91
