24 2
24 10
24 57
24 106
24 124
24 54
24 65
24 76
24 142
24 91
24 78
24 153
24 63
24 59
24 94
57 146
57 106
57 63
57 91
68 146
68 97
68 167
64 130
153 10
153 63
168 121
147 28
9 56
103 111
142 76
142 54
142 91
142 157
111 56
148 170
135 56
152 44
97 146
97 78
157 76
44 80
39 137
39 141
39 165
39 127
167 146
167 43
167 65
104 33
121 56
99 37
5 33
5 86
82 33
137 165
137 47
146 63
146 78
45 37
45 73
87 56
76 63
43 170
43 63
43 91
165 14
165 86
94 63
170 65
66 33
66 154
28 134
124 2
124 91
23 80
56 85
154 33
10 63
91 63
46 27
150 117
106 63
58 73
74 63
63 65
