24 124
24 10
24 142
24 91
57 157
146 63
153 167
153 10
153 63
153 91
153 94
125 47
71 27
9 87
9 135
9 103
9 56
103 135
103 87
103 168
142 124
142 91
113 63
148 65
30 91
152 27
157 76
157 63
157 94
44 23
39 137
39 3
39 82
167 68
167 63
167 65
7 27
7 156
7 80
40 91
28 75
82 33
82 104
82 3
82 86
137 86
127 86
45 73
87 56
76 63
43 63
43 65
43 94
94 63
94 91
47 33
47 104
141 165
141 3
66 33
86 165
86 3
86 35
36 27
165 130
165 35
56 111
56 168
91 10
91 63
91 59
33 5
3 52
3 14
3 130
3 5
130 5
74 63
12 126
65 63
59 63
58 73
