2 91
24 146
24 40
24 57
24 157
24 91
138 64
57 146
57 76
57 65
57 94
68 146
64 141
153 40
153 91
36 140
155 27
155 71
155 140
155 152
103 132
135 56
152 140
97 76
97 65
157 146
157 63
44 23
44 140
39 137
39 130
39 86
39 82
171 169
104 86
104 35
40 10
40 91
65 76
65 167
5 86
156 23
156 140
82 137
82 86
82 130
163 122
45 73
87 89
76 78
59 91
69 140
140 51
140 7
140 11
140 27
140 71
140 80
140 46
140 126
51 126
66 52
66 33
66 154
66 86
86 154
86 14
86 47
86 72
86 33
86 3
86 35
164 145
164 123
164 122
28 75
28 144
146 167
146 91
165 60
165 14
72 35
71 46
71 27
167 43
33 14
14 130
52 115
52 154
58 73
63 91
