2 30
2 142
2 91
24 142
24 91
24 94
57 43
68 63
68 65
68 148
64 5
119 75
147 75
71 27
92 60
103 85
103 89
103 56
142 146
142 91
148 65
153 10
152 23
152 27
135 56
97 65
157 146
157 43
44 23
39 137
39 165
167 43
104 137
104 3
104 35
74 63
5 130
5 141
5 47
5 33
5 165
5 82
63 91
63 106
63 65
63 94
54 146
54 91
156 23
82 137
82 33
82 165
137 141
137 47
137 165
137 3
146 10
146 94
127 165
45 37
45 117
45 73
87 56
76 94
43 91
43 65
23 80
23 126
94 65
14 165
170 65
37 117
141 165
86 165
130 165
165 52
165 60
165 3
165 35
56 9
56 168
56 85
10 91
155 27
46 27
145 70
36 27
150 58
150 117
117 58
117 73
11 27
91 59
27 140
