24 124
24 10
24 142
24 91
24 153
24 107
24 54
24 59
57 74
57 157
64 130
153 146
153 63
153 10
153 142
71 23
71 152
9 135
103 111
142 146
142 91
148 116
148 157
135 87
135 56
135 168
30 146
30 91
116 76
116 63
44 23
44 155
44 80
39 52
39 137
39 130
39 165
39 3
39 35
167 10
167 107
167 43
167 63
10 146
5 130
5 165
5 3
54 146
82 165
82 141
146 91
127 165
45 73
87 56
76 63
43 63
43 65
23 155
23 126
23 80
35 130
35 165
37 150
141 130
141 165
141 66
141 3
66 130
86 92
165 52
165 130
165 33
165 3
165 14
106 63
155 80
33 130
164 123
3 52
3 14
3 130
63 91
