153 24
153 63
24 142
24 91
24 124
24 146
24 30
24 54
24 94
57 146
57 43
57 63
57 157
68 146
68 167
64 130
2 124
2 54
2 91
36 27
36 140
147 75
155 140
9 56
142 146
142 124
142 54
142 91
148 30
148 124
148 91
148 65
135 89
135 56
30 146
30 91
152 140
157 146
44 140
44 80
51 140
167 10
7 27
7 140
7 156
40 91
5 39
54 91
54 124
54 59
156 140
82 137
82 3
82 86
137 39
137 130
163 122
127 39
127 141
45 58
78 146
43 106
43 65
94 10
140 11
140 27
140 71
140 80
140 46
140 126
140 69
39 165
39 141
28 75
28 164
146 124
146 10
146 91
124 91
165 130
71 27
46 27
52 130
52 115
150 58
106 63
63 91
