153 24
153 142
153 10
153 63
24 142
24 10
24 63
24 106
24 54
64 130
119 147
168 56
168 121
71 27
92 66
142 10
111 56
148 146
148 97
148 65
135 56
97 68
97 65
157 10
157 63
44 80
51 80
167 146
167 2
167 63
104 47
28 145
107 68
107 63
68 146
68 63
82 130
146 63
125 47
45 58
45 37
45 73
87 56
78 170
78 76
39 165
39 47
23 80
94 63
94 91
94 65
14 165
14 47
170 65
141 5
66 154
66 86
86 154
86 3
36 27
36 12
9 56
165 3
56 89
10 91
155 27
155 80
46 27
2 63
130 5
43 65
61 58
106 63
106 65
58 73
74 63
63 65
63 91
