24 2
24 10
24 146
24 153
24 40
24 63
24 91
24 124
24 30
24 142
24 43
24 94
57 146
146 63
146 91
146 78
146 153
146 68
2 124
2 40
2 142
2 54
36 140
147 28
155 140
94 10
94 63
46 140
148 65
135 56
152 7
152 140
97 78
97 65
44 140
44 80
39 104
39 47
39 3
39 82
171 28
171 169
7 140
40 153
65 170
65 63
65 106
65 78
121 56
128 28
68 167
156 140
82 33
82 86
163 28
163 122
127 165
153 106
153 63
153 91
87 56
59 91
69 140
140 51
140 11
140 27
140 71
140 80
140 126
66 52
66 86
86 154
86 104
86 47
86 72
86 92
86 33
86 165
86 35
28 0
28 75
28 122
28 98
28 134
28 161
28 164
28 123
28 114
72 35
67 56
122 134
104 35
56 9
56 85
33 130
52 115
52 130
52 154
52 60
43 10
63 91
