2 24
2 91
24 15
24 167
24 10
24 63
24 91
24 124
24 146
24 142
24 54
24 30
57 74
68 146
68 107
68 167
68 97
64 130
153 63
168 135
168 9
147 145
71 27
9 56
142 146
142 63
142 91
39 52
39 130
39 47
39 165
39 82
39 3
39 35
167 146
167 63
104 47
107 63
5 141
5 86
54 91
156 23
156 80
82 130
82 154
82 66
82 47
82 165
137 86
137 47
146 91
146 63
146 94
127 165
127 86
45 37
76 78
43 74
47 3
141 130
66 154
86 52
86 60
86 130
86 35
86 165
86 14
28 164
28 123
88 56
56 89
56 85
91 63
46 27
164 123
3 52
150 73
117 73
117 61
51 27
106 63
61 58
61 73
65 63
58 73
74 63
