153 10
153 40
153 24
153 63
153 91
24 2
24 21
24 40
24 63
24 91
24 30
24 146
2 91
168 56
147 98
147 28
147 171
147 0
147 164
147 145
155 42
155 80
9 132
9 56
103 135
103 132
111 56
148 170
148 94
135 121
135 89
135 56
152 158
97 65
97 116
157 21
39 137
58 73
171 145
171 28
104 3
90 37
90 45
55 37
55 45
5 130
5 165
156 41
45 37
45 73
96 63
76 78
76 65
76 94
43 78
23 41
94 10
94 63
94 65
37 73
66 154
86 165
28 145
124 91
165 130
165 47
21 91
150 73
41 158
41 27
41 12
41 26
41 42
41 126
41 139
71 27
167 74
167 63
167 91
46 26
42 158
164 123
74 63
74 91
52 154
117 73
158 126
65 63
63 91
