153 10
153 167
153 24
153 63
153 91
22 104
22 53
22 66
22 3
22 47
24 167
24 10
24 63
24 91
24 54
57 63
57 65
146 148
119 122
53 127
53 86
147 28
155 42
9 56
103 85
111 85
111 56
148 43
148 65
97 116
97 157
116 170
116 63
116 65
116 157
157 78
157 63
157 94
44 23
39 104
39 82
171 75
171 169
104 35
40 91
76 78
76 65
55 58
55 150
55 73
55 45
68 63
54 63
54 91
156 23
156 80
82 137
127 52
127 130
127 86
45 73
43 63
94 63
37 58
23 27
23 80
56 85
122 164
41 158
41 42
41 80
10 91
91 63
167 63
74 63
63 65
