153 10
153 74
153 167
153 24
153 63
22 39
22 137
24 2
24 142
24 10
24 63
24 91
24 124
24 54
24 65
24 57
57 74
57 63
57 91
57 43
57 94
68 63
68 148
146 94
2 91
53 127
155 42
155 126
155 80
9 89
9 103
9 56
97 63
97 65
97 157
103 56
111 56
135 56
30 91
152 44
42 158
42 139
157 63
81 171
51 7
51 139
171 145
7 41
40 54
90 45
5 165
5 127
63 74
63 167
63 76
47 39
156 23
156 139
82 39
82 104
82 3
137 39
137 130
137 165
137 127
127 130
127 141
127 39
127 165
54 91
45 37
76 78
76 167
76 116
76 65
39 104
39 35
39 3
23 44
23 80
94 65
94 91
35 165
170 116
141 130
141 86
66 52
86 130
86 165
28 75
28 145
124 91
165 52
165 60
165 14
165 130
56 85
167 74
41 27
104 3
139 158
