24 2
24 21
24 10
24 18
24 15
24 124
24 54
24 63
24 91
24 148
24 153
24 30
147 28
147 171
111 135
111 85
111 56
111 88
111 121
148 146
148 94
135 168
30 124
30 91
152 46
81 171
15 2
21 94
21 91
21 157
104 35
90 45
5 130
163 28
127 53
127 14
76 97
76 63
76 94
169 28
169 171
94 10
94 63
94 91
130 33
130 47
130 3
23 156
122 28
41 42
41 7
91 167
91 63
91 153
91 54
168 56
92 39
33 154
42 126
145 28
145 171
139 158
28 171
28 0
28 75
28 98
28 134
28 161
28 164
28 123
58 150
10 153
40 153
56 85
56 48
35 137
65 97
65 43
65 63
153 74
153 63
153 54
153 167
157 63
39 82
171 164
171 62
26 46
68 63
137 165
45 37
66 52
86 52
86 154
165 154
167 74
167 63
7 11
27 46
52 154
150 73
74 63
