153 10
153 24
153 63
153 91
22 33
24 2
24 10
24 142
24 91
24 63
57 74
57 94
37 117
119 171
119 164
119 123
119 134
36 80
53 154
53 66
147 28
46 41
46 26
46 27
103 135
103 56
103 111
103 168
111 56
135 9
135 168
135 87
135 121
135 89
135 56
30 91
97 76
97 78
97 116
97 65
116 76
116 65
44 42
44 23
39 33
39 104
171 28
171 75
171 145
7 41
76 63
76 65
167 74
167 63
167 91
74 63
55 45
5 130
63 91
63 43
63 65
63 94
54 91
156 41
156 23
156 80
137 130
163 28
163 122
127 92
127 86
127 14
78 65
169 28
165 35
94 65
35 104
35 72
51 23
66 154
28 0
28 145
28 75
28 122
28 98
28 134
28 161
28 164
28 123
124 91
23 41
23 80
122 98
41 11
41 27
41 42
104 14
56 168
56 85
56 89
56 121
56 48
56 132
42 158
42 126
42 139
2 10
168 48
26 27
48 132
