24 153
24 97
24 54
24 91
24 148
57 94
153 10
153 91
153 94
168 103
155 46
155 126
9 103
9 111
9 56
103 111
103 135
103 85
103 48
103 56
111 135
111 56
135 56
135 132
30 124
30 54
30 94
30 74
97 10
97 78
97 76
97 116
97 65
116 167
116 63
116 68
116 96
116 76
116 65
51 41
21 78
171 28
104 137
104 47
104 3
90 45
55 37
55 4
54 124
156 23
137 39
137 3
125 141
125 47
150 45
45 37
76 94
39 47
23 139
94 10
94 65
37 58
141 130
86 130
86 165
28 164
28 123
122 164
41 158
41 42
91 167
91 63
91 74
167 78
167 74
33 130
33 154
43 65
78 65
74 63
63 65
56 48
