22 39
22 137
22 165
22 86
24 153
24 63
24 91
57 74
57 63
57 65
119 163
119 171
119 70
119 134
119 0
119 164
119 147
119 122
119 123
147 163
147 171
147 134
147 0
147 164
147 122
147 123
155 42
103 111
103 56
111 85
111 89
111 56
148 63
135 121
135 168
135 56
30 63
30 54
152 23
81 171
51 23
104 39
104 3
90 37
90 45
5 86
163 122
127 52
76 78
76 167
76 63
169 171
94 63
130 33
23 49
23 156
23 44
41 42
41 27
91 2
91 63
168 56
92 154
92 86
33 86
42 158
42 126
42 139
145 171
3 39
3 86
2 63
28 171
27 36
27 46
27 26
27 11
27 71
35 86
35 72
65 78
65 63
132 9
153 10
153 63
157 63
86 39
86 66
86 165
86 154
86 137
86 72
39 137
39 47
39 82
55 45
68 63
54 63
45 37
45 150
45 73
43 63
66 52
66 154
124 63
167 78
167 63
10 63
52 154
154 72
78 63
74 63
