24 153
24 91
24 124
24 146
24 30
24 54
57 146
57 166
57 65
57 94
64 92
64 82
153 167
153 10
153 91
147 0
147 171
147 70
147 28
147 159
147 163
155 23
46 11
103 135
103 111
111 132
135 9
135 56
135 87
135 89
135 168
146 167
146 68
146 54
146 91
116 65
39 137
167 63
167 91
167 68
167 43
167 94
7 80
90 55
55 58
55 37
55 150
55 117
55 73
55 45
54 91
82 137
82 104
82 33
82 165
82 3
137 141
137 104
137 47
137 3
163 122
63 91
169 122
23 11
94 10
94 91
35 52
66 92
66 33
66 154
124 91
122 28
122 164
122 145
122 123
91 10
92 154
33 154
164 123
