22 137
22 39
22 3
24 74
24 167
24 10
24 142
24 63
24 57
24 153
24 40
24 157
24 91
57 43
146 43
153 10
153 167
153 63
153 91
153 74
153 76
153 40
153 43
153 116
153 30
53 39
147 171
71 27
9 89
103 135
103 111
111 56
30 10
135 56
150 58
150 73
152 41
49 23
116 76
116 63
116 65
44 80
39 137
39 82
171 28
171 169
171 164
171 145
171 122
171 62
171 81
7 41
7 27
76 63
74 167
74 63
74 91
68 63
47 137
47 86
156 139
82 137
137 104
137 66
137 3
137 154
137 141
163 123
96 63
63 167
63 91
63 78
63 43
159 28
23 80
134 28
2 91
66 86
86 130
86 33
86 165
86 35
28 70
28 164
28 145
165 52
165 130
165 14
165 35
72 35
41 46
104 35
155 80
167 10
167 91
46 27
42 80
164 123
3 52
3 35
43 65
58 73
27 80
