153 24
153 65
24 30
24 63
24 54
24 91
57 94
68 167
146 30
146 97
146 91
146 157
119 147
147 28
147 171
147 0
147 75
147 145
147 122
147 98
147 163
147 70
147 134
147 161
147 159
147 164
147 169
147 123
155 7
142 30
111 85
111 56
148 65
148 116
135 87
135 56
30 2
30 91
30 124
30 54
97 65
116 65
157 63
58 73
7 11
7 80
74 63
5 33
54 94
82 33
82 141
82 14
82 127
137 47
127 130
127 3
45 37
45 73
63 91
63 65
63 94
23 126
94 167
94 10
94 91
94 124
66 52
66 33
86 165
28 122
104 35
91 65
167 10
46 27
33 130
33 154
52 35
