153 24
153 10
153 63
153 91
153 94
24 10
24 63
24 91
24 18
24 94
57 65
37 58
37 45
146 97
119 171
147 98
147 163
147 62
147 28
71 27
9 135
9 89
9 103
9 56
103 135
103 111
103 56
111 85
111 56
148 65
97 63
97 91
97 43
97 65
97 94
116 63
116 65
116 157
44 23
51 7
58 150
58 117
58 73
171 28
7 41
7 27
167 76
68 63
156 139
156 80
82 39
82 104
137 86
163 28
127 86
45 150
45 73
63 91
63 76
63 94
169 28
94 10
94 91
94 65
134 28
170 65
39 104
141 86
86 130
56 85
28 0
28 145
28 75
28 122
28 98
28 70
28 161
28 164
28 123
23 27
72 47
41 158
41 42
41 26
41 80
104 3
76 65
46 26
46 27
42 158
42 139
164 123
139 158
150 117
150 73
117 73
158 126
78 65
