2 15
2 24
2 91
22 39
24 15
24 21
24 124
24 54
24 40
24 63
24 91
24 101
24 153
24 30
24 142
24 97
24 157
57 74
57 91
119 28
53 127
155 41
155 42
155 152
135 85
135 168
135 103
135 132
135 56
103 9
103 111
142 91
148 43
30 124
153 63
153 91
150 58
150 45
152 80
55 45
97 65
44 23
44 80
98 28
98 122
167 74
167 63
7 41
74 63
74 91
99 37
5 127
54 91
116 65
137 130
137 60
137 3
163 122
127 165
127 3
127 86
43 65
23 41
23 139
37 73
66 52
66 154
122 164
122 123
41 26
41 27
41 80
41 46
101 91
91 63
46 27
52 154
117 73
65 63
58 73
27 126
