153 24
153 10
153 63
153 57
22 137
22 39
22 3
24 2
24 40
24 63
24 91
24 124
24 54
57 94
146 91
119 134
54 40
54 91
147 28
147 171
147 0
147 145
147 75
147 122
147 98
147 163
147 134
147 164
147 169
147 123
147 62
147 81
155 41
155 42
9 89
9 103
9 111
9 56
103 135
103 111
111 56
148 116
135 56
135 132
49 23
116 167
116 63
116 96
116 76
116 68
157 63
81 171
39 137
39 104
39 66
39 47
39 3
39 154
39 141
39 82
58 55
171 28
171 164
171 145
171 62
171 169
104 137
104 3
104 35
55 37
55 45
47 137
47 125
47 82
82 137
137 66
137 3
137 154
137 141
2 124
2 91
76 63
94 65
127 165
37 117
86 35
28 145
28 75
165 52
165 130
41 158
41 27
41 7
41 26
41 42
41 139
91 167
91 63
10 63
167 63
42 126
42 139
158 126
