2 24
2 91
24 21
24 10
24 63
24 91
24 124
24 146
24 153
24 97
24 54
24 157
57 146
57 74
37 55
37 73
37 90
64 130
119 134
53 127
147 171
147 145
147 81
71 27
135 103
135 56
103 9
103 111
111 85
111 56
153 63
97 76
97 116
97 157
97 65
116 167
116 63
116 96
116 76
116 68
116 65
39 130
39 104
7 44
167 91
54 91
156 23
156 80
137 165
137 104
137 127
163 122
45 73
78 65
43 65
23 51
23 44
35 104
66 52
44 80
130 33
146 91
124 10
165 3
56 85
56 89
56 9
122 98
122 164
122 123
104 3
155 80
46 26
46 27
139 26
158 26
74 63
74 91
65 63
26 27
