153 10
153 63
24 30
24 68
24 10
24 91
24 124
57 146
57 63
68 146
64 130
64 104
64 35
119 147
166 157
53 154
53 127
147 28
147 171
147 0
147 75
147 145
147 122
147 98
147 163
147 70
147 134
147 161
147 159
147 164
147 169
147 123
155 44
9 87
9 89
148 157
135 56
30 124
146 63
146 157
146 91
49 23
97 63
157 63
157 91
44 23
171 145
171 169
171 134
171 28
104 35
167 63
121 89
121 56
55 45
5 33
47 137
156 23
82 137
82 33
137 52
137 3
163 28
163 122
127 130
127 86
45 37
45 73
63 76
169 28
23 158
23 26
23 80
23 139
35 86
35 72
66 33
66 154
28 0
28 75
28 122
28 98
28 70
28 134
28 161
28 164
28 123
165 52
7 80
71 27
56 89
46 26
139 26
52 115
52 154
11 27
