153 24
153 2
153 10
153 63
153 91
153 148
153 97
153 116
153 94
24 10
24 91
24 30
57 94
68 63
146 63
146 94
119 75
119 134
36 27
53 127
147 28
147 171
155 42
103 135
103 56
111 56
148 116
135 168
152 156
49 23
97 94
157 94
44 23
44 156
39 82
171 28
171 75
7 27
116 76
116 63
5 130
47 82
156 46
156 126
156 23
82 137
82 104
82 127
82 33
82 3
137 86
163 122
2 91
45 73
76 63
165 104
165 72
165 35
94 63
94 65
14 104
14 86
37 58
37 73
141 3
66 52
86 3
86 35
56 48
122 164
122 123
41 158
41 27
104 52
104 35
71 27
46 27
42 158
42 126
164 123
52 35
150 73
12 27
158 126
58 73
10 63
63 91
72 35
