153 40
153 24
153 91
22 137
22 39
22 154
22 104
22 66
22 47
22 3
24 2
24 21
24 40
24 91
24 30
24 54
24 124
57 74
57 94
146 43
119 123
119 134
53 154
53 66
9 56
103 111
111 56
148 65
135 56
135 132
30 74
30 91
30 124
97 43
97 116
97 65
116 170
116 63
116 65
39 137
39 52
39 47
39 82
21 91
171 145
104 137
104 3
104 35
90 73
90 45
68 78
68 74
47 137
47 86
40 91
82 137
82 130
82 86
137 130
137 66
137 3
137 154
137 141
85 56
2 91
54 91
45 37
45 73
78 65
43 65
14 33
66 33
66 52
23 51
23 80
56 168
56 89
122 114
41 27
10 91
91 63
76 65
46 26
164 123
150 73
58 73
134 161
