153 10
153 167
153 24
153 63
153 91
24 74
24 142
24 10
24 63
24 91
24 124
24 43
24 54
24 65
57 146
57 63
57 65
57 94
64 130
119 134
36 11
147 28
147 122
155 11
155 44
46 11
142 124
111 87
111 85
111 56
148 65
135 85
135 56
150 45
152 11
116 65
157 166
157 91
44 11
44 156
51 11
58 73
171 28
104 72
104 35
55 37
55 117
54 91
156 11
156 23
156 80
82 3
137 33
163 28
127 130
127 165
127 3
45 73
87 89
87 56
63 10
63 74
63 167
63 146
63 43
63 65
63 91
23 80
69 11
66 52
86 92
86 52
86 165
28 0
28 75
28 122
28 98
28 70
28 134
28 161
28 164
28 123
28 114
146 65
146 91
165 130
165 3
7 11
71 11
56 85
56 89
56 88
33 154
10 91
52 130
11 27
11 80
11 126
65 91
74 91
