22 39
24 2
24 40
24 18
24 91
24 30
24 153
24 54
57 74
57 94
119 171
147 28
147 62
155 42
155 80
103 9
103 111
103 56
111 135
111 85
111 56
111 168
148 146
148 43
148 116
148 65
135 89
135 121
135 56
30 124
30 54
30 91
97 68
97 116
97 65
116 65
81 0
81 171
51 23
104 39
104 47
104 82
163 28
163 169
163 122
127 92
127 39
127 53
127 86
127 72
169 28
130 3
130 86
23 41
23 44
23 80
23 49
23 156
23 139
122 28
41 11
41 158
41 42
41 156
168 48
168 56
42 158
145 28
145 171
3 39
3 86
139 11
28 171
28 0
28 75
28 98
28 134
28 161
28 164
28 123
117 55
40 10
47 137
47 39
56 85
35 86
65 146
65 63
153 167
153 10
53 154
53 66
157 63
86 39
86 165
39 137
39 72
39 154
39 82
26 46
26 27
55 45
37 73
66 154
44 80
165 14
167 10
27 46
