2 124
2 142
2 91
24 15
24 167
24 10
24 57
24 153
24 54
24 74
24 142
24 63
24 91
24 30
24 43
112 44
68 63
119 28
53 66
147 98
147 28
147 164
147 145
147 0
71 46
135 111
103 48
103 111
142 124
142 91
148 65
153 10
153 63
153 57
153 91
30 91
49 7
116 170
44 23
44 80
51 23
51 156
58 37
171 28
171 145
171 81
7 41
90 37
5 165
54 91
156 23
156 80
82 165
82 3
137 165
163 28
127 165
45 73
81 28
23 80
35 165
170 65
37 117
86 165
28 98
28 0
28 145
28 123
28 164
28 122
124 91
165 52
165 60
165 14
165 3
165 130
56 48
41 158
41 42
41 139
10 91
91 74
91 57
91 63
167 63
167 57
43 57
3 130
57 74
57 63
57 65
19 65
74 63
