2 24
2 124
2 10
2 91
22 53
24 10
24 30
24 91
24 124
24 153
24 54
57 74
57 65
57 94
57 91
146 148
153 10
153 74
153 40
153 91
53 66
53 154
53 127
147 28
155 42
46 26
97 65
97 116
103 135
103 111
142 91
148 170
148 68
148 63
30 74
30 91
150 73
152 23
116 65
44 23
51 23
51 156
21 91
171 119
171 145
171 81
104 3
104 35
76 78
74 167
74 63
74 91
55 73
68 96
68 91
54 91
156 23
163 122
127 39
94 65
66 92
66 154
86 130
86 60
9 56
23 41
23 80
45 73
41 158
41 42
10 40
10 91
91 40
91 63
92 154
42 158
52 115
58 73
63 65
