24 97
24 63
24 91
24 94
57 97
57 63
57 65
57 94
146 97
146 63
146 91
146 65
153 63
153 91
153 94
53 154
53 127
9 103
9 56
103 111
111 56
148 78
148 97
148 65
148 116
30 124
30 91
135 56
135 168
150 73
97 63
97 78
97 65
97 157
97 116
49 23
116 65
157 63
157 94
44 23
39 165
39 104
167 94
7 11
7 80
90 37
90 45
55 117
68 63
68 94
54 91
82 33
163 164
163 122
45 37
45 73
96 74
76 78
76 65
23 80
94 10
94 63
94 78
94 91
35 52
35 86
66 92
86 52
130 33
130 165
130 14
124 91
56 121
56 89
56 168
122 28
122 145
91 63
91 78
78 63
92 154
145 62
52 115
10 63
63 65
