2 91
22 137
22 39
22 154
22 66
22 47
22 92
22 53
24 142
24 10
24 63
24 91
24 153
24 30
24 54
24 157
57 94
68 74
153 10
153 63
153 91
53 33
53 66
53 154
71 11
92 154
97 116
97 65
111 56
135 9
135 56
150 55
150 73
152 23
152 155
116 65
157 91
44 23
44 156
44 80
39 104
39 60
167 43
104 35
90 55
90 45
55 117
55 45
5 165
54 91
156 23
137 165
163 98
163 164
163 122
127 52
127 165
45 37
45 73
76 78
43 65
37 73
66 154
86 130
86 165
86 35
56 9
56 168
56 85
56 89
165 52
165 60
165 72
165 130
165 35
165 14
72 35
122 164
41 42
7 51
155 42
10 91
46 26
46 27
33 130
139 80
52 154
130 60
27 80
63 91
65 91
