24 40
24 10
24 63
24 91
24 153
24 142
57 153
119 75
119 147
31 56
168 135
147 98
147 163
147 171
147 28
147 164
147 145
155 42
103 135
103 85
103 48
103 111
103 9
111 56
148 116
135 87
135 9
135 48
97 63
81 171
51 156
104 52
104 14
104 3
104 35
90 37
99 37
5 130
47 130
47 3
47 82
163 164
127 39
127 53
127 82
76 153
169 171
94 63
94 157
130 82
23 80
23 49
23 44
23 156
41 158
41 42
91 2
91 142
91 63
91 153
91 54
91 65
78 153
78 157
92 52
33 66
33 82
42 158
42 126
42 139
145 28
145 171
3 14
3 82
139 158
139 26
117 37
58 37
58 73
70 134
35 72
65 43
65 63
64 82
153 10
153 63
9 48
9 56
39 165
171 75
171 62
55 37
156 44
82 137
82 83
45 37
45 73
37 150
37 73
44 46
44 126
167 10
10 63
27 46
