153 10
153 167
153 24
153 63
153 91
24 2
24 167
24 10
24 30
24 57
24 146
24 124
24 18
24 74
24 142
24 91
24 63
57 65
68 63
68 116
37 55
146 167
119 134
168 135
155 41
155 42
155 80
92 86
103 135
111 56
135 9
30 54
30 91
97 63
97 65
49 23
116 170
116 167
116 63
116 96
116 76
116 65
116 157
44 41
39 5
39 165
39 82
39 86
39 3
171 145
7 41
74 167
55 58
55 117
5 33
5 86
156 41
156 51
156 23
82 33
82 3
137 86
137 3
163 164
2 63
2 91
127 14
45 150
45 73
96 63
76 63
76 65
23 41
47 86
47 3
170 65
51 41
141 130
141 165
66 33
86 104
86 130
86 72
86 3
86 35
56 85
56 9
130 165
130 3
124 91
165 52
165 14
72 35
167 63
167 91
41 158
41 42
41 126
104 35
91 63
10 63
46 26
42 158
150 58
150 73
9 48
11 26
58 73
