153 10
153 167
153 24
153 63
153 91
153 54
24 2
24 10
24 91
24 146
24 54
24 57
57 43
57 74
57 65
57 91
15 91
74 63
74 91
119 171
147 28
147 171
147 145
147 123
147 81
46 26
46 27
46 156
97 146
103 111
142 91
111 85
30 91
152 156
116 76
116 68
157 78
157 68
157 10
44 156
44 80
39 137
98 28
98 171
171 28
171 0
171 75
171 122
171 163
171 70
171 134
171 161
171 145
171 164
171 169
171 123
171 62
7 156
90 55
55 58
55 37
55 150
55 117
55 73
55 45
63 65
63 91
54 146
54 91
156 126
156 23
137 66
137 3
163 28
163 169
2 91
45 58
40 10
40 91
169 122
169 28
23 80
37 73
86 130
86 165
28 0
28 145
28 75
28 122
28 70
28 134
28 161
28 164
28 123
146 91
146 43
146 65
124 91
10 91
91 18
91 43
91 65
76 78
92 52
43 65
58 73
