153 24
153 10
153 91
24 76
24 10
24 142
24 91
24 30
57 157
146 97
119 122
71 41
97 116
97 65
103 135
142 91
148 65
135 56
135 168
30 2
30 10
30 91
30 124
30 54
152 41
49 23
49 7
49 139
116 65
116 157
157 10
44 41
44 156
51 41
51 27
51 156
171 169
171 145
7 41
28 164
5 33
156 41
156 80
156 23
156 155
82 137
82 33
137 52
137 165
137 47
137 3
163 122
127 165
45 37
45 90
43 63
43 65
23 41
170 65
66 33
86 165
158 41
56 85
56 168
41 36
41 11
41 26
41 27
41 155
41 80
41 46
41 42
41 126
41 139
10 91
46 26
36 26
11 27
26 27
