22 137
22 165
22 86
24 10
24 63
24 91
24 65
57 65
146 68
119 28
53 66
147 28
147 171
9 56
97 167
97 116
97 148
142 124
148 43
135 56
152 23
116 94
116 63
116 65
116 157
157 94
44 156
39 104
39 82
98 28
171 28
104 3
90 58
68 167
68 63
54 124
156 51
163 28
127 52
153 63
153 91
153 65
76 78
76 65
43 170
43 65
169 28
23 11
23 158
94 63
94 65
94 91
35 86
66 52
66 86
86 14
86 3
28 0
28 145
28 75
28 122
28 70
28 134
28 161
28 164
28 123
165 14
56 85
41 158
41 42
41 80
10 91
63 167
63 91
63 65
167 65
42 158
42 126
42 139
158 126
65 91
