153 24
153 167
153 10
153 63
153 91
153 94
22 39
24 10
24 91
24 78
24 146
24 30
24 54
68 167
64 130
64 86
119 147
54 10
147 28
147 171
147 0
147 75
147 145
147 122
147 98
147 163
147 70
147 134
147 161
147 159
147 164
147 169
147 123
155 44
46 11
46 26
46 156
103 135
103 111
103 56
148 167
148 116
148 157
135 87
135 9
135 168
135 56
30 124
30 91
152 156
116 76
157 94
39 3
171 145
171 122
104 3
5 86
63 76
47 137
47 165
47 3
156 23
82 3
137 165
137 86
127 130
127 165
127 86
45 37
45 73
43 167
23 80
23 139
14 86
37 73
66 52
66 154
86 52
86 60
86 130
86 35
28 70
28 134
146 167
165 130
92 154
33 130
145 98
52 154
52 115
9 132
