595 790
464 61
301 978
301 493
15 680
15 731
963 67
6 249
6 178
541 199
362 383
337 663
337 649
82 135
0 178
990 31
990 428
990 424
990 142
990 953
117 268
313 232
313 74
313 256
891 153
891 530
891 24
143 142
143 24
101 866
910 591
910 692
910 329
445 288
695 40
231 700
231 540
231 736
590 147
590 277
590 171
656 920
656 190
232 126
111 416
978 964
978 493
681 951
377 696
377 951
862 178
343 591
343 663
343 310
343 223
343 70
343 534
343 334
343 399
233 334
233 692
233 159
285 147
285 277
617 752
662 40
662 443
561 846
561 288
561 67
607 229
607 696
712 40
712 450
844 25
844 558
844 318
844 918
127 718
702 14
702 688
731 32
581 692
581 135
48 321
48 319
48 458
48 25
858 552
605 178
1001 14
194 626
686 147
686 277
458 723
458 558
458 918
458 321
458 684
947 120
947 161
947 310
947 948
947 264
947 160
947 479
947 257
947 586
947 837
947 58
947 165
506 14
168 912
168 260
547 817
110 674
110 112
110 803
110 74
110 166
151 278
151 706
373 190
516 700
516 790
516 761
374 105
371 572
103 310
103 943
885 294
885 74
885 416
347 147
347 277
900 40
900 450
657 327
956 25
30 765
30 602
30 104
933 147
933 277
440 537
697 855
697 540
230 147
230 277
550 746
479 890
802 40
593 718
91 580
141 421
141 280
31 165
31 142
454 401
454 268
454 429
454 592
803 674
803 112
658 24
648 104
648 74
333 178
951 170
951 552
951 630
951 771
951 42
951 926
229 790
693 178
838 92
771 742
771 863
447 294
447 332
447 74
447 586
439 260
530 746
133 602
388 534
388 591
236 537
767 178
710 178
761 783
761 738
32 977
32 791
184 423
160 24
772 765
772 274
772 926
772 542
462 415
817 294
746 692
746 159
746 413
746 334
746 214
746 935
812 119
898 688
497 773
586 74
586 573
586 294
586 267
580 528
674 166
931 277
926 147
926 277
42 638
924 644
490 61
45 66
61 718
61 243
61 142
908 425
724 14
724 718
277 355
277 748
277 972
277 308
277 715
277 157
277 577
277 147
277 171
537 775
537 320
537 468
537 532
599 178
765 104
159 157
159 700
159 577
159 334
159 742
319 558
638 70
638 649
638 402
519 178
650 738
976 178
165 401
165 344
165 67
165 136
165 316
165 142
135 870
135 692
135 4
565 723
565 41
565 558
164 402
383 887
268 633
268 291
268 592
572 40
77 416
77 260
294 416
294 74
294 256
294 790
443 742
443 86
443 152
295 178
670 553
670 688
602 743
534 591
534 70
112 267
98 401
98 429
98 592
249 178
532 700
477 139
477 310
24 739
742 334
742 692
540 855
540 873
540 994
306 83
502 591
502 178
502 228
450 75
450 40
142 344
142 136
142 428
142 302
142 267
142 200
577 157
577 147
166 743
166 74
634 402
187 40
723 758
105 582
147 416
147 355
147 972
147 171
485 646
381 327
74 416
74 759
74 256
74 104
74 984
353 190
40 568
40 272
107 553
107 980
274 920
274 190
78 178
649 890
62 416
62 542
415 401
415 429
75 334
551 250
250 444
646 416
470 178
700 334
416 759
416 721
416 126
416 256
416 868
920 190
428 316
866 718
409 178
592 609
592 134
846 67
401 429
401 291
867 118
200 915
200 316
200 136
517 267
190 181
228 178
939 70
721 743
718 980
718 711
912 782
912 260
912 575
912 472
809 482
493 288
67 344
538 178
790 14
152 86
782 575
782 472
14 783
582 832
278 290
991 178
334 692
291 429
178 569
178 339
