703 135
617 776
541 410
541 173
541 16
541 1001
541 738
737 849
526 629
854 2
854 823
729 377
729 866
0 189
0 6
175 410
175 849
175 670
990 316
990 424
313 232
313 104
313 472
313 74
313 37
143 410
966 232
966 933
927 120
927 823
927 592
927 987
695 450
102 323
231 921
231 987
231 698
231 624
231 448
231 738
515 987
111 602
978 469
978 547
978 987
978 188
377 422
377 866
377 530
191 629
343 950
343 322
920 334
920 188
920 190
920 450
648 416
648 74
6 120
6 189
6 716
413 752
413 935
159 356
159 214
159 776
159 290
159 454
807 120
311 697
311 987
581 942
581 135
150 415
879 534
879 322
605 599
194 901
194 229
194 769
194 399
194 863
971 316
607 696
607 334
364 245
364 987
364 502
547 293
948 987
151 253
373 190
306 742
306 374
306 334
306 659
306 771
833 257
656 120
656 630
656 190
133 74
900 742
900 40
900 571
900 746
900 771
509 638
424 421
424 165
424 349
863 742
863 993
853 223
866 101
248 75
56 410
56 987
68 120
68 987
514 510
91 660
828 1001
485 646
485 823
485 62
124 823
122 410
95 987
5 236
5 228
951 769
951 454
1003 454
439 912
979 1001
776 571
776 214
702 14
702 1001
220 987
552 817
32 977
32 534
245 698
245 840
245 987
113 823
530 120
530 189
530 571
530 493
530 891
530 334
530 630
530 629
530 24
368 399
730 356
730 790
746 692
746 450
746 665
746 743
746 935
381 192
381 810
381 532
586 782
586 166
586 74
586 52
586 447
586 294
586 332
586 609
586 267
586 573
586 984
674 112
166 356
166 602
166 74
166 743
534 388
534 862
534 571
534 214
534 334
732 118
590 120
908 765
764 698
764 987
764 624
660 229
765 356
765 416
765 74
765 209
765 214
654 738
268 454
268 291
767 178
535 369
535 444
535 823
865 120
772 923
772 454
558 458
558 216
558 956
558 684
997 120
997 987
294 762
294 74
443 662
443 86
699 266
699 637
556 823
257 401
257 454
585 502
423 977
423 969
112 356
112 392
112 472
532 335
24 280
24 189
24 891
24 629
422 15
422 731
540 698
540 329
540 987
502 188
502 862
502 334
502 118
502 189
502 731
502 909
502 710
502 280
502 528
994 410
994 987
577 936
924 14
924 410
924 1001
924 644
168 912
168 949
168 472
432 987
147 120
147 196
147 987
53 454
952 316
952 200
713 454
713 291
582 840
582 987
716 120
398 712
977 1004
977 1001
977 796
977 399
977 418
388 280
551 823
250 886
250 823
950 69
950 663
950 164
19 333
416 356
416 415
416 868
324 638
444 823
337 1
969 410
923 633
923 235
923 890
923 197
923 214
923 609
923 120
923 738
953 316
953 957
808 898
193 850
193 454
235 454
846 629
774 947
401 415
401 429
401 454
401 98
401 165
401 291
256 356
256 74
256 30
837 410
837 1001
921 738
517 356
517 267
935 571
134 98
134 592
134 454
134 291
843 407
843 711
849 987
849 275
361 987
338 987
338 624
718 61
925 697
925 987
663 571
493 630
493 90
493 629
984 782
984 74
885 571
885 74
160 571
160 629
83 697
83 771
277 157
277 571
782 2
631 629
528 909
528 335
890 454
568 40
696 334
278 214
638 700
638 790
955 987
722 823
731 15
731 189
731 571
288 629
980 107
692 531
692 624
692 830
692 775
165 31
165 316
188 35
280 334
280 629
290 253
290 214
704 743
157 743
157 926
203 120
482 410
482 987
472 356
472 52
472 232
472 912
472 214
472 30
28 987
153 891
153 410
316 17
316 543
316 31
316 189
316 344
316 302
316 136
316 200
196 40
196 120
196 429
196 454
196 850
196 291
15 680
609 454
851 334
117 454
82 771
433 410
433 987
197 546
891 353
891 629
644 14
644 1001
644 738
37 232
107 120
107 987
510 329
61 591
566 253
73 679
73 499
189 120
189 127
189 595
189 31
189 410
862 118
862 293
75 334
75 987
75 178
410 719
410 16
410 777
410 251
410 1001
410 14
410 650
285 308
285 571
592 98
592 454
561 629
198 40
844 684
844 672
815 1004
127 120
127 934
127 987
127 883
369 263
369 823
293 120
251 987
1001 996
1001 199
1001 14
1001 745
1001 650
506 14
2 700
2 872
360 629
872 987
173 14
571 450
571 870
571 161
571 742
571 62
571 394
571 684
571 542
956 319
956 684
356 334
356 214
356 743
356 52
356 912
356 30
550 743
499 318
499 684
499 987
934 595
31 200
850 415
850 987
335 867
335 120
335 810
454 120
454 214
454 291
454 633
454 429
454 98
454 90
454 239
658 629
687 334
687 214
838 136
771 901
771 697
771 742
569 987
595 883
710 246
435 500
4 135
630 120
630 685
630 274
630 629
199 14
823 821
823 513
823 62
823 646
823 394
823 542
940 987
883 724
883 120
464 214
537 181
724 14
724 120
65 987
318 684
135 942
135 720
624 329
697 855
275 327
602 743
98 429
98 291
742 40
742 214
742 334
178 538
178 90
178 120
7 810
187 40
720 680
720 936
720 987
698 840
698 987
698 873
200 629
200 136
74 447
74 332
74 266
353 190
414 120
685 629
790 868
415 987
646 62
207 469
181 190
16 120
789 987
429 291
684 743
542 120
542 743
542 62
120 987
120 629
120 190
775 334
190 987
190 274
214 90
531 987
987 873
987 840
987 612
987 749
987 629
987 641
987 40
987 809
987 334
796 14
912 949
915 334
334 629
783 738
