703 443
963 67
617 193
541 977
541 657
541 850
541 738
541 951
737 849
526 280
526 90
526 629
646 927
0 569
175 275
175 849
175 650
131 850
131 738
365 189
313 294
313 416
313 256
313 765
143 134
664 335
927 416
927 444
927 113
927 250
927 722
927 369
927 513
927 772
927 551
927 823
927 485
927 854
927 535
927 542
927 592
927 770
695 568
231 607
231 698
231 987
515 214
978 167
978 35
978 547
978 188
978 301
978 614
978 421
978 988
978 142
978 954
978 957
978 851
978 469
978 424
978 795
978 817
978 207
978 141
978 552
372 595
377 457
377 718
377 630
191 415
191 120
191 65
233 692
233 769
233 749
388 534
388 638
920 280
920 851
648 356
71 595
159 866
159 809
159 915
159 61
159 114
159 776
159 214
159 798
159 316
159 940
159 32
159 136
159 638
311 955
311 987
511 987
581 936
581 749
581 135
324 638
201 189
190 629
190 656
190 891
190 274
190 353
180 727
180 958
117 98
428 857
428 122
428 32
428 543
428 302
428 142
428 267
607 546
364 582
364 987
547 280
547 988
547 360
948 165
497 977
497 491
427 955
427 890
406 15
833 462
456 936
900 450
96 420
922 383
65 120
30 765
30 166
30 185
866 101
248 687
248 692
652 189
56 987
68 987
91 423
881 850
881 643
881 761
881 738
828 139
828 106
5 553
5 491
5 670
951 506
951 31
951 569
951 609
951 595
332 782
332 633
332 435
332 250
332 500
776 502
702 14
702 850
702 738
220 769
552 858
32 977
32 280
945 850
945 738
576 850
576 738
149 700
149 239
245 698
245 987
245 764
113 542
530 630
530 891
530 280
530 629
746 692
861 896
847 142
586 718
586 267
41 723
41 565
370 15
66 45
924 199
924 738
380 810
61 383
61 718
281 127
764 582
764 987
764 698
308 418
308 926
381 107
268 98
268 592
535 472
165 31
165 401
165 67
165 858
772 75
772 120
772 609
772 454
383 909
383 528
383 362
383 589
558 684
997 75
522 716
862 569
443 742
443 86
443 137
295 569
693 569
216 321
532 700
532 738
532 790
532 516
24 280
24 647
24 629
24 891
422 789
422 15
422 696
540 698
540 955
540 749
540 987
502 700
502 569
502 718
137 771
114 189
114 275
740 788
577 458
166 356
166 168
166 52
166 868
168 356
168 416
168 260
168 77
168 912
432 987
707 98
707 633
78 569
147 230
147 416
147 715
171 590
713 98
713 592
582 994
582 987
716 189
977 208
977 1004
977 410
977 153
977 969
977 418
977 644
343 303
250 886
918 499
587 415
587 720
416 256
416 912
416 267
467 650
605 789
605 293
444 823
923 197
923 738
139 1001
193 95
193 40
193 633
193 714
846 629
774 947
401 415
409 569
409 599
837 850
837 738
546 550
347 686
993 742
759 126
134 98
134 592
754 528
320 337
321 704
321 499
228 569
843 127
843 724
849 275
849 650
849 987
361 987
338 987
718 167
718 189
718 457
718 127
718 749
758 844
925 955
236 189
236 2
493 629
493 301
260 77
67 207
885 126
160 629
654 850
654 738
126 356
644 850
644 738
588 987
48 956
48 499
795 207
795 424
584 15
631 280
631 629
890 609
696 678
278 98
638 534
638 334
955 773
955 987
722 186
318 499
392 267
167 630
692 90
692 775
692 687
692 334
782 435
482 569
482 987
482 641
251 987
251 641
280 561
280 188
280 360
280 851
280 647
280 915
280 629
290 253
704 684
704 499
894 629
8 144
472 356
472 743
28 987
624 994
15 680
15 731
15 284
873 698
873 550
873 987
6 569
6 189
337 505
82 135
904 189
433 987
197 850
197 987
891 353
891 267
891 629
101 423
107 553
107 98
107 810
77 52
566 253
189 1004
189 595
189 470
189 410
189 249
132 842
75 850
75 127
75 334
75 609
592 454
592 98
561 629
38 90
844 499
731 680
731 214
731 284
1001 506
1001 850
1001 14
1001 685
1001 106
1001 738
613 16
458 25
506 199
506 14
506 850
506 738
2 790
360 90
360 629
151 253
872 987
371 135
173 850
173 738
270 738
440 537
499 684
499 565
499 679
850 719
850 199
850 783
850 657
850 185
850 13
850 921
850 996
850 327
850 516
850 738
850 745
850 761
850 14
850 979
850 682
850 650
647 915
658 629
979 738
249 569
771 901
569 599
569 470
569 415
569 538
569 710
569 333
569 991
569 749
421 424
95 987
761 804
761 738
435 500
719 738
4 700
4 135
630 142
630 629
630 415
246 423
926 715
199 996
199 738
987 531
987 809
987 994
987 641
987 840
987 789
239 40
239 609
724 685
424 207
747 738
653 738
135 870
135 942
135 628
135 936
356 868
356 209
356 743
98 454
98 429
98 291
437 738
996 738
142 469
745 738
682 738
921 738
698 840
643 685
470 789
685 629
790 516
188 469
207 469
516 738
650 423
650 144
650 738
508 738
936 267
136 749
327 738
202 629
609 90
454 429
14 738
334 612
901 749
783 738
657 738
749 90
13 738
