703 383
703 83
703 272
703 771
963 67
617 415
617 923
541 506
541 738
971 316
854 517
0 333
0 6
175 246
175 275
175 849
175 5
175 423
990 31
990 280
990 316
990 178
990 267
313 765
313 256
313 30
95 987
557 912
231 245
231 2
231 987
231 738
111 586
978 280
978 90
372 404
372 934
372 149
372 572
377 866
377 718
343 718
920 280
229 607
413 935
159 127
159 107
159 940
159 214
159 731
159 738
614 141
955 540
955 987
575 232
575 168
575 912
575 77
305 168
305 790
879 322
605 228
201 189
201 980
180 958
526 280
526 629
428 700
428 915
428 61
428 450
428 136
428 302
428 316
428 200
607 415
607 591
607 696
607 502
607 700
607 232
607 334
607 702
607 157
607 299
607 250
607 534
607 75
607 147
607 528
607 890
364 506
364 987
547 280
948 586
306 742
306 784
306 659
306 790
306 771
833 772
656 280
656 267
58 586
424 421
424 207
424 795
30 104
30 517
866 718
841 75
652 189
56 120
56 987
56 482
68 987
365 189
514 378
828 516
125 324
243 120
5 107
5 383
5 553
951 245
951 433
1004 236
1004 189
752 120
439 168
439 912
702 745
220 75
32 280
32 337
32 718
32 731
857 915
857 136
857 316
245 624
245 987
245 264
245 329
530 630
530 280
530 629
530 267
368 310
847 267
586 356
586 120
586 278
586 310
586 294
586 307
586 731
586 837
586 573
586 449
586 479
586 161
586 947
586 416
586 264
586 160
586 762
586 267
586 500
586 782
586 165
586 517
674 517
166 517
166 416
166 383
921 738
908 765
281 718
764 987
765 742
765 356
765 104
765 450
765 517
765 62
654 991
381 327
268 98
767 745
535 444
165 31
165 401
165 316
165 67
772 75
772 120
772 609
772 454
383 236
383 356
383 980
383 107
383 720
997 120
522 38
517 356
517 472
517 61
517 868
517 743
517 157
517 718
517 602
517 112
517 912
517 565
517 542
443 742
443 662
443 86
443 152
443 936
443 135
443 581
699 912
471 987
249 189
532 236
532 491
532 502
532 516
188 280
188 851
540 692
540 987
540 641
540 994
540 338
502 538
502 61
502 333
502 178
502 718
502 851
114 189
769 771
670 107
168 356
168 416
168 260
168 472
168 77
168 232
168 949
168 62
168 52
168 266
168 912
168 984
432 987
707 98
147 416
775 506
775 120
952 543
952 316
952 200
107 98
107 553
582 987
716 718
716 189
388 718
388 832
38 832
587 415
587 720
416 927
416 356
416 256
416 294
416 500
416 949
416 267
511 987
969 178
923 278
923 687
923 214
923 53
923 193
923 738
953 316
889 126
954 362
193 633
193 53
235 896
846 280
846 67
774 947
401 415
401 98
423 101
423 246
546 873
543 316
134 98
754 718
53 120
53 633
849 987
361 987
338 987
718 356
718 915
718 591
718 851
718 293
718 904
718 534
718 980
718 464
718 742
718 692
718 16
718 61
718 450
718 724
718 595
718 711
718 189
718 135
718 542
236 189
236 90
185 987
260 912
260 949
260 77
209 356
67 561
67 344
67 207
160 280
160 629
126 356
644 506
644 996
48 684
493 280
493 795
493 629
782 435
782 472
782 500
584 731
379 568
631 280
631 629
528 120
568 947
278 214
62 356
62 472
62 646
62 912
311 987
659 771
293 724
293 280
581 135
534 174
184 90
167 851
692 135
482 987
280 561
280 915
280 422
280 685
280 851
280 647
280 658
280 891
280 629
280 24
280 35
280 360
280 241
280 421
280 142
280 630
290 214
46 310
472 356
472 61
472 232
472 912
28 987
624 329
316 915
316 17
316 302
316 92
316 142
316 415
316 31
316 344
316 647
316 136
316 629
316 200
15 422
6 333
6 189
851 90
851 61
851 450
851 512
851 141
851 469
851 421
117 98
904 189
433 633
433 987
891 353
891 629
891 24
713 98
510 174
61 356
61 189
61 450
61 991
232 648
232 52
232 912
77 266
77 912
199 506
199 996
784 771
840 987
592 98
561 629
198 120
712 40
712 450
844 565
537 440
731 422
731 284
251 987
506 440
506 996
506 158
506 333
2 700
2 465
360 629
872 987
103 310
173 90
956 679
440 226
310 1
499 684
812 465
812 120
812 790
31 90
31 190
850 14
850 90
71 318
647 915
658 629
687 915
687 214
25 684
693 90
693 178
838 267
595 189
595 318
927 120
24 629
435 500
630 469
630 629
987 531
987 994
987 641
987 809
987 873
987 789
464 90
19 333
724 14
724 796
993 120
318 356
915 591
915 120
135 450
135 720
164 322
356 574
356 912
322 420
662 450
697 771
333 700
333 178
98 291
98 429
98 454
742 771
742 214
996 418
450 40
646 178
723 41
720 680
353 190
415 771
189 470
189 410
660 771
90 810
90 178
516 743
120 783
120 500
120 334
704 743
912 949
912 266
266 949
680 422
685 629
783 738
