45 52
963 67
541 506
541 700
541 199
541 90
150 415
971 952
971 915
971 200
0 569
175 275
175 849
175 737
990 915
313 256
95 245
95 987
231 607
231 170
231 245
231 987
231 462
231 531
580 362
767 569
978 35
978 167
978 469
978 547
978 188
978 552
978 988
978 851
978 957
978 954
377 696
191 40
191 416
233 692
233 746
233 159
233 450
230 214
230 193
920 656
920 280
920 214
648 765
648 133
159 719
159 887
159 997
159 32
159 334
159 214
614 547
614 851
614 193
955 399
955 311
955 987
581 855
581 936
581 720
581 135
581 137
879 164
324 214
32 977
32 862
32 718
32 791
526 846
526 561
526 629
526 360
428 915
428 316
607 440
607 591
607 696
607 61
607 160
607 692
364 582
364 987
547 167
547 35
547 207
547 188
547 301
547 824
547 421
547 141
547 709
547 851
547 957
547 241
547 469
547 512
547 795
547 954
547 817
547 424
547 552
151 253
427 399
141 851
133 90
900 450
309 1
309 97
523 306
58 338
424 167
424 207
424 795
424 851
697 855
697 311
841 704
56 245
56 987
68 987
91 742
881 700
881 761
881 516
881 923
881 532
881 738
485 823
5 491
5 670
5 248
951 663
1004 977
1004 107
332 416
332 586
332 318
776 214
220 214
552 851
180 958
857 915
245 809
245 433
245 482
245 531
245 338
245 251
245 987
245 796
245 789
245 994
272 712
272 450
530 891
530 214
530 629
817 851
852 214
746 534
746 550
746 935
381 327
644 506
644 199
586 356
586 416
586 885
586 74
586 168
586 294
586 762
586 157
586 765
586 500
586 602
586 868
586 687
586 912
586 984
343 950
343 663
343 214
674 110
674 112
42 663
921 923
921 248
590 147
764 987
765 104
765 126
765 984
83 784
847 207
165 31
165 401
165 207
165 67
165 915
772 2
772 454
383 720
383 362
572 40
572 450
77 260
443 214
443 86
443 152
443 450
819 329
471 105
112 110
112 267
112 166
249 569
24 31
24 891
24 629
540 987
502 569
502 862
502 538
502 851
769 292
670 107
670 553
670 248
670 335
166 110
166 743
166 74
166 267
168 356
168 912
168 984
168 868
432 987
78 569
147 926
147 65
147 171
952 200
952 630
952 543
952 915
107 90
107 335
107 214
107 985
582 105
582 987
398 712
398 450
977 1001
977 423
388 299
388 534
388 612
551 790
250 886
338 987
338 531
110 803
416 356
416 52
416 868
511 987
605 569
923 633
923 687
923 197
923 940
923 738
953 915
139 534
954 851
193 633
193 264
846 629
846 67
774 947
401 415
401 429
401 454
401 98
401 291
563 696
724 1001
724 246
837 738
732 127
832 936
832 184
134 454
321 216
228 569
849 987
361 987
957 851
587 858
587 720
718 866
718 980
718 293
718 61
236 335
663 239
493 629
493 301
984 356
984 602
984 912
984 762
260 447
67 561
67 344
67 207
160 629
126 356
126 573
985 335
185 742
185 940
185 762
782 500
631 629
528 278
278 61
278 566
311 855
311 196
311 987
722 854
722 927
731 15
731 214
310 477
305 356
824 851
534 550
534 510
534 546
392 630
692 500
692 450
692 214
865 214
628 720
628 135
280 915
280 851
280 629
290 253
704 684
704 499
157 500
823 513
482 987
482 531
472 912
28 987
301 851
15 680
6 569
6 248
851 35
851 188
851 709
851 207
851 167
851 421
851 241
851 469
851 795
851 512
337 936
337 187
167 795
433 987
891 445
891 629
891 360
546 640
61 450
566 253
199 506
716 189
862 569
862 90
862 409
592 454
795 421
795 207
561 629
844 214
127 189
594 135
251 987
1001 685
835 214
947 662
506 248
506 996
2 500
2 790
360 629
872 987
374 742
374 105
374 771
371 214
682 783
356 52
356 868
356 209
499 25
812 790
934 595
306 450
31 915
850 65
335 208
335 29
335 591
335 687
335 810
647 915
658 629
658 838
693 569
569 409
569 214
569 599
569 470
569 538
569 710
569 333
569 976
435 500
719 738
92 915
630 415
630 188
630 629
898 90
987 214
987 531
987 809
987 994
987 641
987 873
987 840
987 789
940 214
883 936
29 248
624 329
164 420
662 214
662 450
602 450
98 454
742 214
742 450
996 418
450 40
450 187
450 802
142 469
142 915
187 40
745 738
52 912
52 868
720 214
200 344
200 915
200 543
200 136
591 334
643 685
685 629
418 105
62 542
415 612
302 915
429 454
684 214
170 840
454 291
152 86
17 915
214 334
214 544
214 743
214 912
214 738
214 629
543 915
136 915
466 802
915 344
783 738
40 802
188 469
