963 67
541 506
541 657
541 410
737 440
737 175
971 630
854 542
729 243
0 178
175 890
175 410
175 423
175 808
990 31
313 447
313 416
313 256
313 37
313 232
143 696
143 796
664 700
695 466
695 450
231 698
580 32
580 528
580 91
111 885
978 167
978 851
978 890
377 866
377 159
233 329
233 159
233 91
343 534
343 310
343 223
920 75
920 656
920 746
355 147
918 684
918 558
918 499
413 935
413 746
159 283
159 194
955 540
575 912
575 472
581 830
581 135
879 164
879 420
605 228
605 178
605 502
201 843
686 147
428 165
428 915
428 316
428 838
428 349
547 988
969 410
833 257
885 447
885 294
885 984
96 638
509 638
30 936
697 540
248 746
56 719
698 540
698 245
698 840
698 873
698 764
91 758
91 147
386 758
828 738
125 206
5 724
5 553
5 29
113 823
226 440
277 147
277 285
277 746
439 168
439 260
332 912
332 586
702 14
674 166
272 662
530 746
730 517
746 742
746 775
746 731
746 718
746 687
746 534
746 980
746 994
746 591
746 700
746 692
746 502
746 450
746 739
746 135
746 157
746 684
746 935
746 542
381 440
381 327
558 844
558 318
558 956
558 565
558 458
558 684
558 25
41 565
42 70
166 416
166 602
166 74
166 762
166 743
590 147
106 740
654 991
654 738
268 713
268 592
767 178
535 62
165 31
165 344
165 67
165 858
165 316
572 371
586 416
586 120
586 782
586 74
586 573
586 447
586 294
586 267
586 947
997 415
77 912
77 260
862 178
862 502
622 206
295 178
556 168
556 790
573 447
573 416
112 517
112 267
693 178
693 502
216 458
532 516
24 160
24 891
24 647
4 135
502 538
502 228
502 334
502 178
502 470
137 936
393 843
213 185
670 107
670 553
924 199
924 410
924 644
168 912
168 260
168 790
388 534
388 843
388 638
147 933
147 972
147 715
147 926
147 347
147 577
147 230
147 285
147 171
53 75
53 662
107 236
107 553
107 898
107 810
977 423
618 321
543 316
416 74
416 868
416 447
416 294
416 721
416 256
324 591
324 38
324 832
324 890
139 206
808 29
592 278
592 454
592 98
592 609
592 134
846 561
401 429
256 294
256 104
724 14
724 246
837 410
837 738
732 127
517 317
517 803
517 392
517 267
832 16
832 638
320 843
321 458
321 48
228 178
843 591
843 718
843 16
843 687
843 534
843 407
843 711
939 206
939 38
48 319
48 458
48 25
718 61
718 127
718 542
718 464
718 711
758 956
984 294
260 912
67 561
67 344
715 926
126 232
126 790
644 14
644 996
493 630
782 912
782 472
584 731
379 662
890 534
890 192
890 721
568 947
638 700
638 299
638 634
638 223
638 346
487 206
534 206
534 591
392 316
76 410
628 135
858 160
858 991
704 684
472 912
153 410
316 200
316 915
316 838
595 169
15 731
6 249
6 178
851 75
337 505
82 135
433 410
101 423
37 232
801 187
61 866
61 991
61 464
870 135
870 405
232 178
232 912
294 74
294 447
294 790
410 719
410 16
410 122
410 777
410 127
410 482
410 251
410 1001
410 994
410 650
443 662
795 421
844 458
844 684
369 646
1001 506
1001 14
458 319
458 956
458 25
947 450
506 236
506 866
506 173
506 14
371 75
371 135
103 423
206 477
270 738
956 684
956 318
440 657
440 537
310 1
812 790
812 119
25 684
249 178
264 738
569 178
710 178
710 599
761 783
719 14
719 738
719 16
540 855
540 994
540 873
630 951
246 423
987 531
75 742
75 120
75 915
75 510
75 450
75 334
239 609
29 899
409 178
599 178
318 684
519 178
976 178
991 178
135 170
164 402
662 40
662 450
602 743
333 178
462 415
187 40
745 738
200 344
200 136
78 178
771 951
516 743
542 62
855 951
214 283
470 178
738 13
738 783
136 341
341 915
538 178
178 339
