479 114
479 718
703 771
301 469
711 718
609 923
609 159
6 178
802 159
737 1004
737 275
737 849
737 175
526 160
526 280
526 360
764 245
764 840
764 987
0 732
175 275
175 849
433 987
990 165
575 232
662 568
662 90
891 267
891 629
891 353
891 24
143 580
101 377
101 246
780 139
927 356
927 592
695 40
969 718
102 510
231 245
231 840
231 987
590 157
341 915
767 178
77 912
647 280
372 149
372 595
377 866
377 149
377 423
377 716
191 415
191 334
862 178
388 502
233 540
920 280
920 274
920 248
920 190
592 134
592 454
592 713
592 98
592 193
293 718
710 178
561 846
561 280
561 493
561 629
561 67
607 334
607 184
38 832
38 90
712 187
712 159
712 398
159 742
159 40
159 214
537 107
149 716
955 540
955 987
731 422
581 855
581 720
581 135
581 628
851 280
851 188
251 987
16 718
1001 977
194 951
883 779
491 5
547 469
547 280
428 31
428 915
947 774
506 582
506 738
364 987
835 742
360 280
497 977
373 190
241 469
178 228
178 693
178 502
178 991
178 78
178 295
178 599
178 470
178 538
178 409
178 333
178 249
151 278
872 987
306 771
833 415
833 499
833 617
833 720
833 462
833 185
631 280
656 190
523 104
509 638
956 758
956 558
424 421
424 469
424 207
424 795
863 994
863 771
356 765
356 52
356 472
356 416
356 586
356 126
356 209
356 743
356 30
356 166
697 855
697 540
697 925
697 873
697 311
310 1
405 720
56 789
56 987
56 482
68 987
84 64
264 454
31 915
31 165
335 980
335 5
454 401
454 429
454 134
454 890
803 517
658 280
648 765
294 416
25 704
229 421
693 572
133 765
838 629
771 901
771 626
771 993
421 469
776 687
776 65
595 272
595 754
95 987
220 692
220 749
32 280
184 393
857 915
435 267
435 586
719 738
245 540
245 840
245 329
245 987
122 718
122 915
272 40
530 280
530 267
530 629
817 469
817 207
630 160
630 334
630 142
630 629
246 423
926 147
926 715
977 1004
977 718
977 423
977 418
837 921
837 516
847 207
987 531
987 582
987 311
987 482
987 361
987 809
987 338
987 994
987 641
987 540
987 511
987 873
987 432
987 840
987 28
987 789
987 849
586 157
586 416
586 782
586 984
586 267
586 166
674 166
150 415
291 401
291 429
291 134
166 416
166 74
166 52
546 923
546 326
546 743
61 991
29 333
134 98
281 905
106 510
599 789
599 605
765 416
765 602
765 472
765 209
765 30
654 783
654 682
654 738
381 327
381 532
381 810
963 67
30 104
777 718
535 823
165 401
165 344
165 915
165 67
165 316
135 628
772 923
305 104
383 720
558 319
558 499
510 832
510 139
510 323
517 267
443 90
275 849
273 951
984 74
984 126
602 743
98 429
24 280
24 629
742 923
742 104
540 700
540 582
540 329
996 418
450 187
114 90
499 321
499 318
577 147
477 139
52 416
326 687
147 157
682 783
682 650
682 738
812 790
485 62
353 190
274 190
716 718
62 646
62 472
62 542
415 401
343 663
343 223
223 663
207 795
207 469
207 188
207 954
207 957
302 167
181 190
700 605
700 790
416 53
416 214
75 901
923 214
954 469
193 612
846 280
846 67
401 429
256 104
789 582
684 48
832 423
188 280
188 469
214 278
214 912
214 687
214 290
531 482
957 469
718 876
718 843
893 562
687 334
758 918
912 168
912 260
912 472
493 280
35 469
160 280
168 472
422 680
795 469
278 334
915 280
915 316
743 472
783 738
629 280
167 469
40 90
692 624
90 612
746 935
