963 67
617 334
541 506
541 783
541 16
541 738
737 335
748 926
595 718
595 372
854 782
854 517
854 120
854 444
729 377
0 333
0 249
0 502
175 275
175 849
365 866
313 416
313 260
313 765
313 294
313 133
313 126
576 506
780 977
780 509
445 288
695 585
557 326
102 509
231 607
231 987
231 178
231 698
231 738
580 32
767 333
377 364
377 731
377 68
191 334
493 288
493 795
493 530
388 718
388 509
388 178
388 638
920 546
920 353
648 782
648 416
648 104
235 923
235 335
159 416
159 712
159 572
159 534
159 214
159 166
159 951
614 858
614 685
614 954
955 819
955 987
955 540
581 135
879 322
605 333
605 228
201 107
428 173
428 857
428 915
428 165
428 214
428 316
607 696
607 718
607 229
607 178
607 589
364 987
948 416
948 120
948 112
948 674
948 517
948 803
948 392
948 267
151 253
749 523
306 659
133 602
900 813
96 509
96 420
312 333
509 832
509 510
509 299
509 139
509 559
509 939
509 788
509 206
509 634
509 378
509 132
509 893
509 323
509 638
509 402
424 851
863 771
853 164
866 716
841 546
56 53
56 987
56 482
68 987
514 103
514 977
514 950
91 433
881 804
828 745
485 823
95 987
951 506
951 410
951 239
951 577
951 552
951 707
951 214
951 772
1003 278
439 77
332 500
50 559
220 334
220 362
220 471
857 915
857 17
857 160
857 165
857 200
245 698
245 987
530 414
530 915
530 200
817 294
817 957
746 813
746 720
746 214
746 935
381 192
586 416
586 38
586 602
586 573
586 500
586 782
586 435
586 120
343 53
674 112
674 74
674 166
924 837
924 14
924 199
921 738
48 319
48 956
765 104
765 425
83 697
83 784
535 722
535 369
535 444
535 542
165 31
165 401
165 344
165 316
165 136
823 120
383 953
383 887
383 362
572 40
558 321
558 216
558 956
558 207
510 534
522 120
522 546
862 333
862 909
862 585
622 559
559 420
257 147
573 120
112 267
693 333
693 502
693 710
41 758
540 697
540 830
540 987
540 774
540 855
540 698
540 925
540 311
540 641
502 710
502 61
502 724
502 333
502 178
137 135
994 789
994 987
769 830
189 546
304 4
304 441
168 782
168 912
168 260
168 134
432 468
432 987
78 333
147 416
147 926
147 90
147 171
254 187
171 347
107 718
107 335
582 987
977 103
977 1004
977 950
977 153
977 418
230 577
918 684
950 103
950 663
338 987
416 356
416 120
416 77
416 294
416 126
416 633
416 868
416 782
416 104
324 70
324 38
972 366
923 334
923 193
923 738
953 838
988 167
193 454
774 947
837 199
837 783
104 425
104 762
104 721
104 743
546 550
546 534
546 679
546 542
517 157
517 935
935 720
935 668
832 634
134 592
754 883
321 565
228 333
228 2
53 742
849 275
849 987
361 987
957 630
764 698
764 840
764 987
718 61
480 987
599 333
758 956
758 319
758 723
925 697
925 987
668 720
984 602
391 288
260 790
260 912
67 344
67 353
160 915
160 838
160 200
267 435
654 738
126 782
126 790
126 500
644 850
425 946
425 721
795 630
795 207
782 602
782 500
782 166
528 310
890 334
568 495
278 334
311 987
659 742
731 422
731 15
731 284
310 70
534 70
534 649
392 316
184 393
692 334
628 82
628 135
280 629
290 253
704 743
70 214
70 322
28 987
772 120
772 454
772 75
772 334
772 609
316 90
316 629
316 214
316 136
316 915
316 200
15 680
346 634
6 333
362 771
362 105
337 135
813 720
433 633
433 987
891 414
891 90
101 246
315 423
566 253
199 506
199 996
132 634
75 334
840 698
840 987
592 98
592 609
592 454
561 288
712 40
712 214
712 450
844 684
844 565
815 1004
293 4
251 987
1001 153
506 173
506 783
506 996
506 508
506 657
872 987
103 943
103 423
550 743
31 344
850 120
335 657
454 120
454 429
687 334
25 684
249 333
249 393
771 697
569 333
236 537
710 333
761 516
630 288
630 685
246 423
987 531
987 482
987 809
987 641
987 873
987 698
987 789
883 120
883 915
883 200
830 185
239 577
409 333
319 684
135 942
565 723
164 638
322 334
697 855
299 634
294 447
402 788
142 469
142 915
602 447
602 743
288 629
333 743
333 470
333 538
153 418
153 996
248 334
996 90
996 418
450 214
468 643
634 638
698 873
200 344
200 915
74 743
418 105
790 638
790 868
415 178
646 62
207 469
516 13
516 743
166 743
120 783
609 334
214 40
680 422
783 738
178 250
13 738
