963 67
617 720
541 506
541 16
787 159
526 360
526 629
854 927
175 849
990 915
990 424
313 294
313 256
313 416
966 347
966 933
966 935
95 923
95 364
95 987
695 450
102 534
231 170
231 987
767 333
978 167
978 35
978 547
978 188
978 301
978 614
978 421
978 988
978 954
978 957
978 851
978 469
978 512
978 424
978 795
978 817
978 207
978 141
978 552
377 607
191 90
233 692
233 746
233 772
343 950
343 322
343 663
920 851
920 190
648 765
229 607
229 742
229 306
655 586
159 607
159 692
159 841
159 923
159 214
159 334
159 290
159 783
159 987
159 912
159 209
159 853
614 167
614 552
955 540
955 987
955 427
955 925
955 311
955 773
575 472
305 743
305 472
879 612
201 107
428 122
428 90
428 17
428 915
428 857
428 136
428 200
607 591
607 692
607 915
607 334
607 718
607 851
607 189
607 783
607 534
607 687
364 506
364 789
364 987
364 764
547 167
151 253
427 849
306 742
306 531
306 214
306 374
306 790
306 659
833 720
833 462
456 720
656 190
900 571
900 450
58 909
424 167
424 207
424 795
424 421
424 585
863 742
697 855
697 925
697 311
770 927
248 157
248 591
248 915
248 502
248 762
248 670
248 185
248 684
652 107
56 987
68 987
68 772
113 927
264 454
91 415
954 167
292 135
485 927
485 62
485 542
5 107
5 553
5 335
951 660
951 866
951 245
951 609
220 75
220 334
552 167
32 680
32 977
857 915
857 838
857 17
245 540
245 987
272 450
530 742
530 700
530 891
530 915
530 450
530 630
530 24
530 135
530 629
530 851
817 167
746 692
746 935
847 207
586 383
586 157
586 782
586 294
586 356
586 435
586 267
586 984
454 401
454 134
454 98
454 291
454 609
454 592
454 429
674 112
674 166
42 939
924 199
590 595
590 171
281 127
764 582
764 994
764 987
765 104
765 209
765 214
654 991
654 682
654 650
268 592
535 927
535 444
165 31
165 401
165 344
165 207
165 67
772 870
772 13
772 433
772 326
772 609
772 739
772 135
383 362
572 246
522 718
862 638
443 742
443 90
699 232
585 25
112 267
112 166
249 470
216 321
216 704
532 107
532 13
24 891
24 629
422 15
422 731
540 840
540 692
540 987
502 538
393 107
740 322
166 743
168 472
432 987
147 416
952 200
933 347
107 236
107 808
107 90
107 553
107 537
582 987
398 712
398 450
977 1004
977 1001
977 796
977 423
977 153
977 418
551 927
957 167
957 362
918 758
950 663
791 669
404 688
404 372
416 927
416 256
416 912
416 782
416 435
511 987
605 470
444 927
923 197
923 609
923 528
953 915
988 167
988 469
808 898
846 629
774 947
401 415
401 429
401 291
921 506
921 738
935 568
993 742
759 74
134 592
134 291
320 1004
320 843
320 980
321 704
843 127
843 718
843 779
843 61
849 275
849 987
361 987
939 534
338 987
718 127
718 61
758 318
758 956
236 208
236 1004
236 537
493 685
493 630
493 629
67 344
67 207
885 571
881 850
83 742
136 207
588 987
185 762
782 77
631 629
311 987
722 927
659 742
293 569
581 855
581 936
581 692
581 135
980 464
167 35
167 188
167 301
167 421
167 851
167 469
167 512
167 795
167 207
167 141
692 742
692 334
692 994
692 135
482 987
858 991
280 891
280 991
280 629
290 214
704 12
704 499
157 915
157 775
157 542
160 571
160 629
823 927
8 739
86 742
28 987
565 481
316 915
15 680
15 731
609 927
609 850
609 783
609 267
609 633
609 362
6 189
6 470
362 909
337 548
433 987
891 2
891 353
891 630
891 629
891 267
101 246
61 991
61 90
870 12
232 74
189 506
784 90
75 687
285 571
592 927
592 713
592 98
795 421
795 207
561 629
38 2
712 450
369 927
731 809
731 915
731 720
731 739
251 987
1001 724
1001 685
835 742
458 956
769 742
506 192
506 173
506 783
506 670
2 322
2 790
2 500
360 629
872 987
374 742
270 90
571 62
571 450
571 684
571 394
571 277
624 329
499 318
812 700
934 372
141 469
850 90
647 915
658 629
595 325
595 372
927 250
927 513
927 646
927 542
710 599
761 783
761 516
435 267
435 500
400 742
122 479
92 207
92 142
630 629
246 423
246 724
898 90
987 531
987 809
987 994
987 641
987 873
987 840
987 789
12 680
135 942
322 591
322 106
662 90
662 450
742 152
742 771
742 901
739 915
52 790
682 783
682 650
682 738
720 855
720 680
200 915
591 334
643 685
353 190
685 629
790 516
181 190
789 470
650 783
650 738
542 62
190 274
214 62
466 802
743 13
783 90
783 738
90 771
