703 83
617 923
617 334
617 772
541 506
541 719
541 850
541 996
541 13
541 199
526 2
526 267
0 249
0 732
0 118
175 275
175 849
175 5
990 31
990 267
313 356
313 416
313 472
313 885
313 447
313 30
576 850
695 40
231 698
231 2
824 547
978 547
978 190
671 290
191 692
233 692
233 135
343 164
343 591
343 310
343 950
343 399
343 663
920 267
920 190
920 851
229 607
413 935
413 746
159 742
159 472
159 190
159 500
159 923
159 940
159 334
159 290
159 62
614 546
614 547
614 991
311 540
311 955
575 168
581 855
581 936
581 135
581 267
879 420
201 249
971 200
971 142
971 267
428 915
428 267
428 200
364 418
547 561
547 35
547 188
547 301
547 817
547 851
547 957
547 891
547 167
547 207
547 421
547 988
547 954
547 241
547 160
547 469
547 512
547 795
547 552
547 424
151 923
151 253
373 207
373 267
373 190
833 185
656 267
656 190
900 120
900 571
900 746
96 420
58 577
863 772
853 164
697 540
988 267
790 266
790 168
790 2
248 506
248 591
248 692
479 980
479 122
698 540
698 245
698 840
698 873
698 764
954 207
881 850
881 761
485 62
253 566
253 290
5 553
5 808
951 239
951 957
664 335
439 168
439 260
332 447
332 416
332 435
332 586
332 500
776 334
776 571
702 14
702 850
32 789
32 572
857 915
857 267
149 114
149 249
245 764
530 571
530 267
530 360
530 891
746 700
746 591
746 692
746 923
746 935
847 207
847 267
586 416
586 759
586 885
586 447
586 294
586 762
586 383
586 267
674 392
674 267
116 692
166 743
45 126
61 718
61 135
277 571
48 458
48 684
765 104
765 743
83 152
381 192
381 670
381 29
268 98
268 633
535 513
535 369
165 267
772 687
772 120
558 318
558 458
558 684
558 565
402 788
814 500
294 447
294 416
294 984
294 885
443 152
699 260
699 77
559 420
556 912
556 168
573 74
573 126
112 267
693 599
24 915
24 267
540 955
540 855
540 994
540 925
600 956
66 126
502 409
502 178
502 362
114 249
925 955
189 178
924 14
924 850
924 644
168 356
168 923
168 260
168 232
168 949
168 472
168 266
168 912
707 680
707 633
707 98
843 407
171 590
340 743
952 142
952 267
952 200
107 98
107 980
107 335
716 249
977 103
977 1004
977 153
977 1001
977 996
977 423
977 497
977 950
977 410
977 249
977 418
551 546
551 823
551 62
918 956
918 844
918 684
338 196
408 267
404 372
404 595
416 912
416 260
416 425
416 472
416 52
416 447
416 126
324 70
324 890
337 509
337 505
923 278
923 53
923 214
923 633
923 687
923 235
923 890
889 2
139 477
846 267
774 947
401 98
409 249
837 850
837 783
104 721
104 362
546 334
517 267
517 803
935 415
935 571
565 684
134 98
134 592
320 1004
321 458
321 844
321 684
849 858
849 275
764 994
718 915
758 458
663 571
663 90
493 267
260 472
260 232
260 912
67 267
70 509
126 2
126 52
126 868
126 912
644 850
644 491
425 946
631 267
890 534
890 190
568 40
568 947
568 771
696 678
278 98
955 427
798 692
534 571
534 477
534 510
392 267
392 803
692 591
782 500
628 267
280 178
280 267
290 214
704 743
704 684
157 743
160 571
160 267
823 542
472 912
472 52
181 267
181 190
316 267
316 190
15 680
15 731
609 592
6 249
6 178
851 207
117 98
197 850
891 267
713 98
713 592
870 571
870 267
232 949
73 458
199 506
199 850
199 996
132 842
216 458
862 178
410 249
285 571
592 98
592 454
795 207
561 267
844 956
844 684
844 672
844 25
127 916
369 513
369 62
731 422
731 680
731 571
731 267
731 284
1001 506
1001 14
1001 850
458 319
458 723
458 956
458 25
458 684
506 996
506 657
506 14
506 850
2 700
360 267
497 773
371 4
371 267
173 850
270 850
571 742
571 161
571 450
571 62
571 885
571 684
571 394
571 542
956 723
956 684
956 25
356 743
310 477
31 267
850 719
850 804
850 783
850 14
850 657
850 738
850 13
850 996
850 327
850 516
850 761
850 745
850 921
850 682
850 650
335 980
647 267
658 267
658 92
687 334
25 684
249 236
249 1004
249 595
249 178
885 447
595 372
595 169
630 274
630 267
80 267
513 542
509 299
318 684
976 349
921 14
624 329
662 267
602 743
550 334
550 743
98 429
304 4
996 418
450 267
142 915
142 267
720 267
200 344
200 915
200 267
643 685
353 267
353 190
274 267
274 190
188 178
207 469
302 267
700 267
516 743
684 743
454 429
190 267
190 629
855 936
855 267
721 743
987 641
912 949
136 267
202 267
685 267
915 267
743 13
783 738
629 267
40 267
267 344
