522 377
703 61
963 67
617 334
541 506
541 923
541 850
541 199
737 440
737 175
748 926
526 160
646 62
0 569
0 178
175 275
175 849
990 316
313 356
313 168
313 885
313 90
313 472
313 294
313 912
313 112
780 977
445 288
445 629
102 16
231 245
231 2
231 987
580 791
767 569
767 178
978 167
978 35
978 547
978 188
978 301
978 614
978 421
978 988
978 954
978 957
978 851
978 469
978 512
978 424
978 795
978 817
978 207
978 141
978 552
372 404
372 149
372 934
372 595
372 169
377 506
191 120
191 890
233 245
343 310
920 656
920 120
920 746
159 742
159 586
614 190
369 823
955 540
955 773
955 427
955 925
955 311
955 987
575 332
48 458
48 319
48 558
48 956
48 216
48 25
201 754
971 316
428 189
607 591
607 692
607 915
607 70
607 127
607 334
607 91
607 926
607 718
607 75
607 534
607 316
948 416
948 120
948 90
948 61
948 294
948 126
948 752
948 168
948 52
948 75
948 592
948 772
141 512
141 120
656 190
900 742
96 420
523 946
922 589
424 207
424 421
424 795
30 120
30 743
853 310
697 855
841 746
56 692
56 987
56 482
68 506
68 189
68 987
514 977
514 638
881 506
881 810
828 850
485 823
485 62
125 622
243 718
5 506
5 491
5 808
5 29
951 663
951 707
951 239
951 907
951 772
226 506
1003 291
439 416
332 435
332 74
776 278
776 746
702 644
220 75
220 752
220 120
220 609
220 334
180 727
245 624
245 540
245 840
245 987
245 329
245 264
272 40
530 280
530 189
530 484
530 630
530 851
530 891
530 629
530 746
817 294
746 591
746 775
746 851
746 731
746 813
746 718
746 223
746 687
746 980
746 994
746 277
746 502
746 742
746 692
746 834
746 248
746 450
746 668
746 739
746 684
746 157
746 534
746 135
746 935
746 542
381 506
381 335
586 416
586 120
586 310
586 294
586 334
586 435
586 281
41 73
41 723
66 45
924 14
924 644
783 506
783 850
534 120
534 477
764 582
764 987
65 193
765 946
654 270
638 164
638 832
874 925
165 31
165 401
165 344
165 316
165 67
772 416
772 120
772 127
772 609
772 214
772 566
772 401
772 454
772 75
772 865
383 469
383 362
558 844
510 622
1004 506
862 569
862 909
862 178
622 788
622 676
622 559
559 420
556 168
257 75
423 977
423 101
423 246
423 103
112 356
112 168
112 74
112 472
112 912
112 316
443 662
443 86
693 569
693 178
216 704
532 553
532 118
775 120
775 329
540 120
540 987
540 855
540 624
502 569
502 189
502 178
393 843
925 987
199 506
304 4
168 356
168 232
168 946
168 949
168 790
168 752
168 472
168 912
168 984
432 987
707 923
892 142
147 157
147 134
147 844
843 779
254 187
713 592
713 291
582 987
582 996
977 103
977 491
977 950
977 418
397 671
397 975
470 569
470 178
416 90
416 52
416 294
416 946
416 126
416 949
416 885
416 782
416 166
605 569
605 506
605 189
605 178
969 418
923 248
923 738
923 53
923 921
923 890
953 724
953 316
139 132
808 506
808 107
808 898
193 633
193 120
193 53
193 500
846 561
846 67
401 415
401 429
401 454
401 98
401 291
256 885
409 569
409 178
837 719
546 854
546 334
546 577
935 813
935 720
935 668
759 74
134 592
134 291
754 597
228 569
228 178
53 120
849 987
361 987
338 987
718 61
718 724
718 934
480 987
663 70
493 561
493 288
984 885
391 288
391 67
260 912
260 77
67 344
67 207
67 561
885 648
885 74
885 447
885 294
160 858
715 926
126 648
425 946
795 207
795 421
782 912
782 602
782 868
528 722
568 495
278 334
311 987
288 561
288 484
288 629
288 630
980 692
184 407
167 630
482 987
762 946
762 629
290 214
46 788
70 310
70 633
472 356
472 232
472 912
28 987
181 190
316 92
316 142
316 543
316 31
316 349
316 302
196 120
196 291
873 987
6 569
6 506
6 178
685 724
685 630
685 1001
813 720
433 789
433 987
442 506
891 629
997 75
61 742
61 771
232 946
814 500
73 723
189 506
189 14
189 731
75 850
592 98
592 609
592 454
198 120
712 687
712 40
712 214
712 802
712 450
127 732
127 214
127 595
295 569
295 178
251 987
1001 506
1001 850
506 208
506 643
506 248
506 158
506 173
506 796
506 249
506 996
506 29
506 670
506 14
506 921
2 52
872 987
374 400
103 310
373 190
356 912
356 209
356 90
310 477
499 684
934 595
306 771
850 987
335 118
577 239
687 742
687 334
687 500
170 855
170 720
170 214
867 840
249 569
249 178
771 720
569 991
569 599
569 538
569 710
569 78
569 339
569 333
569 976
569 178
595 239
595 195
570 946
95 987
710 178
435 267
435 500
630 267
630 629
246 101
550 334
987 531
987 994
987 641
987 809
987 840
987 698
987 789
724 214
724 349
537 440
537 657
599 178
484 629
863 742
976 178
976 349
991 178
624 329
164 420
804 928
804 516
275 142
633 120
333 178
98 291
742 214
996 418
450 802
512 469
142 267
52 868
74 447
353 190
307 90
78 178
790 516
700 840
700 516
516 743
542 500
120 190
120 868
120 454
120 13
120 267
120 500
120 802
190 274
912 949
454 291
538 178
291 429
178 339
40 802
90 500
