703 951
703 772
963 67
617 714
617 720
617 193
541 506
541 586
541 644
150 415
971 267
971 362
646 927
646 968
0 569
175 849
175 246
990 569
990 31
313 472
143 580
664 335
780 509
231 607
231 350
231 245
231 462
515 927
978 547
978 188
377 457
377 718
377 101
15 731
191 927
191 75
191 415
191 65
191 749
493 891
493 629
343 322
343 663
343 61
648 416
6 569
53 923
159 416
159 324
159 776
159 40
159 230
159 940
159 334
159 500
159 214
159 787
955 540
955 773
955 427
955 925
955 311
955 987
575 168
305 912
305 416
879 368
879 164
879 548
879 740
879 223
605 789
605 569
32 693
117 268
428 915
428 142
607 927
607 483
607 499
607 75
607 91
607 798
364 764
948 927
497 977
141 870
833 850
833 720
885 256
885 984
900 450
96 420
96 638
58 909
58 586
65 120
65 784
65 771
65 334
65 83
65 193
65 135
863 83
863 720
853 388
853 164
853 322
697 540
697 82
770 927
248 550
652 107
479 586
485 927
34 855
34 581
34 997
5 553
5 246
5 532
951 506
951 707
951 239
951 569
951 214
951 609
951 772
752 927
439 912
332 782
332 435
332 500
702 842
702 506
702 924
180 217
180 829
180 727
180 958
966 168
966 347
966 933
966 935
113 927
530 629
847 92
586 383
586 196
586 264
586 160
586 517
586 334
586 267
586 416
586 718
586 687
586 166
66 52
45 52
406 680
765 859
765 168
765 356
765 602
765 743
83 901
83 784
83 993
268 633
268 592
268 454
535 927
535 369
535 444
535 542
165 31
165 207
165 67
772 120
772 454
772 75
772 609
383 388
383 444
572 569
572 470
558 499
522 61
862 569
443 742
443 662
443 86
295 569
112 267
693 569
532 700
532 491
532 688
532 335
532 29
532 808
532 820
532 553
532 118
532 670
24 891
24 142
24 629
540 855
540 749
502 569
502 40
502 78
322 663
322 310
322 223
740 612
189 1004
189 969
924 1001
168 356
168 347
168 472
168 77
168 912
168 260
707 680
707 98
907 426
78 506
326 687
326 938
147 927
147 347
147 196
147 454
147 686
147 214
775 157
775 891
171 347
171 933
171 590
952 838
952 200
933 590
713 454
716 61
694 845
977 1004
977 969
977 569
977 153
977 418
388 591
388 61
388 337
551 927
250 927
587 720
404 506
416 356
416 633
416 602
416 126
416 629
272 40
272 450
444 927
590 347
969 761
923 197
923 880
923 214
923 334
923 193
988 167
193 714
193 290
846 561
846 891
846 629
774 947
401 415
401 429
401 454
401 291
256 472
409 569
409 506
409 599
861 896
134 592
134 454
321 499
228 569
843 61
48 565
48 319
48 684
48 672
48 499
718 866
718 61
718 591
718 334
758 956
758 844
185 850
185 830
260 912
67 344
67 207
160 891
160 629
126 356
126 52
126 232
644 506
644 199
795 207
379 568
631 891
631 629
568 771
278 454
722 927
581 855
534 749
534 61
980 464
184 779
184 362
167 469
167 851
782 500
482 569
280 891
280 629
704 743
704 41
157 517
157 542
157 915
157 844
894 629
823 927
472 356
472 602
472 743
779 101
779 423
164 548
196 850
196 873
196 429
671 397
229 790
851 630
362 4
337 505
891 561
891 414
891 353
891 190
891 630
891 685
891 658
891 629
101 246
61 517
61 991
77 912
199 506
75 850
75 499
592 927
592 98
592 454
561 629
712 40
712 450
844 684
844 672
844 499
369 513
369 927
251 633
506 491
506 90
506 599
506 688
506 192
506 576
2 700
2 790
2 17
360 629
374 306
371 135
956 25
356 52
356 574
356 743
356 602
356 868
356 912
356 684
356 30
310 477
499 687
850 987
335 118
454 120
454 429
454 609
454 98
333 569
658 629
687 334
249 569
771 742
771 4
569 470
569 749
569 415
569 599
569 538
569 710
569 976
569 991
927 854
927 513
927 629
927 542
719 738
92 207
630 629
246 724
246 423
500 790
491 553
239 214
29 118
783 650
783 738
135 942
135 267
925 429
662 450
602 743
98 107
72 214
418 105
450 40
526 629
142 915
142 267
462 223
723 41
720 855
720 680
200 915
353 190
685 629
790 17
790 267
415 372
700 17
700 516
516 743
553 107
789 470
650 738
120 190
190 629
17 267
214 40
975 397
202 629
743 13
291 429
629 267
207 469
188 469
