703 90
703 771
963 67
617 923
617 687
617 278
617 151
541 506
737 175
748 347
526 629
526 530
646 927
646 62
0 569
853 343
990 428
990 482
313 416
313 648
313 256
143 580
143 8
966 227
966 933
95 427
95 987
695 40
695 450
231 540
231 245
231 987
231 698
231 921
231 873
515 927
978 167
978 35
978 547
978 188
978 301
978 614
978 421
978 988
978 851
978 957
978 954
978 469
978 424
978 795
978 817
978 207
978 141
978 552
377 700
377 159
191 415
191 927
191 209
191 471
233 692
233 61
343 310
343 223
343 950
343 214
343 322
343 663
920 32
920 90
920 190
920 746
648 765
648 256
648 416
648 232
648 104
159 607
159 551
159 940
159 891
159 214
159 334
159 53
159 398
614 141
311 987
511 987
581 936
581 135
150 415
879 164
879 740
324 534
201 553
190 656
190 353
190 373
190 274
190 181
190 629
971 344
971 428
428 952
428 915
428 92
428 953
428 142
428 31
428 316
428 647
428 90
428 857
428 136
428 200
607 415
607 334
607 696
488 40
364 987
547 301
151 253
306 742
306 659
306 629
833 415
833 462
456 720
133 168
133 984
922 383
65 569
65 927
30 765
30 472
175 275
175 849
175 5
697 855
697 540
697 925
697 427
697 170
988 167
790 812
790 2
770 927
242 769
56 987
56 746
68 987
514 103
91 149
881 506
173 924
485 927
253 566
253 290
5 107
951 660
951 638
846 561
846 280
846 629
332 318
776 746
702 977
702 924
220 752
220 633
32 718
32 915
32 502
32 530
32 862
32 280
32 851
32 731
857 165
857 344
149 246
245 540
245 987
245 764
245 698
113 927
530 630
530 746
530 891
530 629
368 164
746 591
746 915
746 775
746 248
746 221
746 517
746 743
746 851
746 731
746 718
746 783
746 534
746 836
746 980
746 742
746 692
746 834
746 502
746 450
746 157
746 135
746 935
746 542
381 107
381 192
381 327
670 107
670 532
586 356
586 416
586 256
586 294
586 334
586 762
586 782
586 573
586 500
586 854
586 687
586 166
586 984
674 112
674 166
674 803
42 534
42 402
924 506
924 1001
924 14
924 682
924 199
924 122
924 644
590 157
281 427
281 905
764 582
764 994
764 987
764 698
575 472
765 104
765 214
654 738
847 482
268 592
535 927
535 369
535 444
165 31
165 401
165 915
165 316
823 927
383 362
383 528
383 589
572 40
572 696
572 246
572 595
572 293
910 591
910 692
910 329
77 416
77 168
862 569
443 550
443 152
443 771
295 569
471 147
112 166
693 569
693 605
532 13
532 335
532 516
540 698
540 987
502 569
994 987
740 950
740 164
189 249
189 214
168 356
168 416
168 134
168 912
432 987
707 301
147 927
147 416
843 718
843 779
171 347
171 933
952 344
933 347
107 90
107 335
107 713
214 40
214 912
582 987
398 712
977 1004
977 1001
977 996
977 796
977 153
977 418
551 927
250 927
918 758
918 684
950 103
338 427
338 987
338 193
90 356
90 927
90 718
90 980
90 915
90 731
416 927
416 260
416 256
416 868
416 104
272 40
272 450
605 506
605 569
605 228
444 927
444 369
923 743
923 193
889 256
139 534
139 132
193 53
193 544
752 587
774 947
401 415
401 429
401 454
401 291
409 569
837 738
921 506
832 710
832 423
134 592
321 684
321 565
228 569
53 629
849 987
361 987
718 61
718 716
718 522
599 569
599 710
758 956
758 318
758 723
663 534
663 223
493 630
493 629
160 891
160 629
126 356
41 723
41 565
48 684
48 704
48 565
596 427
596 40
795 421
795 424
782 435
379 40
631 629
528 739
528 362
890 454
955 987
722 927
534 591
534 477
534 64
534 510
534 638
980 335
184 779
184 423
167 274
628 720
628 135
280 629
634 788
704 565
704 684
704 743
8 144
482 569
482 987
472 356
472 868
28 987
624 873
196 927
15 680
15 422
15 731
873 987
873 698
6 569
6 249
82 720
82 135
433 987
322 164
891 414
891 353
891 630
891 629
891 24
713 98
713 592
713 454
713 291
870 720
870 135
588 987
199 270
716 249
75 772
410 934
592 927
592 454
592 98
561 629
712 299
844 684
369 927
369 542
731 680
731 422
731 720
251 987
947 450
506 1004
506 16
506 724
506 850
506 783
506 270
506 796
506 333
506 14
506 249
360 629
872 987
371 720
371 135
103 423
461 427
682 850
356 602
356 505
356 912
499 684
499 672
934 595
854 927
850 738
335 29
335 119
658 629
170 720
249 1004
249 569
838 344
771 769
771 86
569 470
569 415
569 538
569 710
569 333
569 976
569 991
595 372
927 513
927 629
927 609
927 542
710 423
761 516
24 629
772 609
630 685
630 629
987 531
987 809
987 641
987 840
987 789
830 769
509 893
724 14
724 16
724 796
12 720
318 684
135 942
135 4
135 936
565 679
565 684
164 420
164 223
164 548
769 415
662 40
662 450
679 684
450 187
450 802
788 106
720 4
698 840
200 344
643 685
470 789
685 629
62 542
415 629
427 469
427 738
684 672
454 429
333 743
543 344
868 912
136 629
680 422
743 13
783 738
187 40
40 802
