703 443
703 771
703 306
703 86
963 67
617 587
541 506
541 16
150 415
526 160
526 891
526 685
526 629
854 927
854 416
0 569
175 275
175 849
175 650
175 423
175 532
131 506
990 362
143 580
143 159
576 506
576 850
576 502
780 514
780 509
780 603
95 987
695 40
231 607
231 698
231 987
580 32
978 167
978 35
978 547
978 188
978 301
978 614
978 421
978 988
978 954
978 957
978 851
978 469
978 424
978 795
978 817
978 207
978 141
978 552
230 147
920 656
920 159
229 607
229 306
229 771
159 38
159 190
159 517
159 334
159 214
159 62
159 586
159 865
159 940
159 290
614 687
311 987
511 987
581 936
581 720
581 135
324 676
324 638
32 862
32 791
686 650
607 528
607 75
607 334
607 833
607 890
364 692
364 987
364 764
547 469
306 742
306 771
306 587
833 462
456 371
240 166
922 362
65 334
65 135
30 356
30 765
30 112
30 517
697 855
790 700
790 532
770 927
248 591
248 692
248 718
719 158
719 682
719 410
719 506
56 789
56 587
56 410
56 482
56 987
68 789
68 987
514 303
514 950
514 603
514 103
91 672
881 700
881 506
881 850
485 927
485 646
125 510
5 107
5 724
5 491
951 569
951 857
951 267
951 235
1004 977
1004 208
1004 643
1003 268
332 435
702 506
702 1001
220 546
508 506
180 215
945 506
664 335
245 540
245 698
245 736
245 987
113 927
530 891
530 629
368 548
817 469
847 92
586 294
586 166
586 267
586 23
42 510
42 402
924 506
924 837
747 506
921 506
281 724
281 280
701 549
764 582
764 987
764 698
575 472
765 135
765 868
654 506
654 738
381 236
381 107
381 29
268 120
268 90
268 134
268 713
268 257
268 633
268 193
268 117
268 401
268 454
268 98
268 291
268 683
268 53
268 196
535 927
772 75
572 40
558 956
558 565
997 329
77 912
77 260
77 2
294 126
443 742
443 662
295 569
112 646
112 267
112 803
693 569
532 506
532 13
41 723
41 565
422 731
540 290
540 698
540 840
540 987
502 862
502 724
137 771
114 506
322 939
670 724
577 58
166 762
166 743
168 912
168 260
168 472
432 987
707 98
707 880
326 587
775 692
952 200
107 120
107 335
107 810
107 553
107 980
107 98
582 987
977 208
977 189
977 410
977 1001
977 153
977 418
343 663
551 927
551 646
551 542
250 927
250 886
918 684
587 415
587 318
587 731
416 927
416 912
416 305
272 40
605 569
444 927
337 505
969 189
923 506
923 135
923 193
953 915
953 647
988 239
954 469
193 714
193 61
846 561
846 2
846 629
774 947
401 165
401 429
857 915
857 267
256 472
724 538
724 491
724 29
724 127
724 293
837 506
837 122
517 459
517 803
759 868
134 291
134 454
134 592
641 987
321 956
321 684
321 499
228 569
53 278
53 61
849 650
849 275
849 423
849 987
361 987
957 851
338 987
338 61
718 189
718 61
718 127
718 749
718 293
718 711
758 844
236 208
493 630
493 629
260 912
67 165
67 207
67 344
894 629
126 356
126 52
644 506
644 1001
588 987
48 684
596 40
596 568
795 469
795 424
782 435
584 731
631 561
631 629
528 803
568 40
278 98
955 987
722 927
293 61
305 859
305 743
184 423
167 35
167 469
167 851
692 915
692 769
692 749
692 684
165 31
165 207
165 316
165 267
188 469
188 851
280 658
280 915
280 731
280 629
290 214
704 684
704 743
704 499
160 891
160 629
823 927
8 731
472 356
472 912
28 987
822 603
15 731
6 569
6 189
6 732
851 469
362 135
82 135
433 789
433 987
449 98
449 462
197 987
639 215
891 214
891 629
891 24
870 135
716 31
75 749
840 698
840 987
862 569
592 713
592 927
592 98
561 629
38 591
712 40
712 450
844 956
844 684
844 672
127 749
369 927
369 646
731 284
251 506
251 482
251 987
1001 506
458 684
506 738
506 761
506 199
506 158
506 745
506 783
506 173
506 653
506 657
506 437
506 414
506 13
506 16
506 996
506 516
506 327
506 850
506 270
506 14
506 979
506 682
506 650
360 170
360 629
241 469
872 987
371 135
735 603
956 672
356 684
647 915
658 629
687 915
687 214
161 936
249 569
838 971
771 863
569 482
569 599
569 470
569 415
569 538
569 710
569 409
569 333
569 976
569 991
569 749
421 469
421 424
927 513
927 646
927 542
710 423
761 700
24 136
24 629
435 500
742 769
742 334
630 629
482 987
482 531
987 531
987 809
987 994
987 873
987 789
513 646
291 98
424 207
424 469
603 505
318 684
135 462
135 628
135 4
565 684
565 723
565 679
859 743
769 307
662 40
299 548
796 14
98 713
98 454
98 429
437 516
450 40
450 802
679 684
187 40
682 783
720 628
698 873
208 783
591 97
40 802
62 646
62 214
62 542
207 469
810 473
16 410
516 13
789 470
650 738
105 418
738 783
35 469
202 629
410 14
685 629
