992 746
15 680
963 67
6 333
541 506
541 923
312 333
175 275
175 849
924 644
313 294
101 866
101 423
780 103
445 288
102 139
231 698
590 715
232 790
767 333
61 32
978 167
189 181
784 742
784 306
951 707
951 353
862 333
285 715
592 713
592 609
592 454
64 139
561 288
561 838
561 67
38 334
413 700
413 935
413 746
159 692
159 214
807 214
311 540
731 680
731 422
731 214
731 284
731 746
581 932
581 936
581 692
858 530
605 228
605 333
1001 506
1001 103
686 157
686 715
686 577
506 14
506 996
2 700
2 790
2 629
556 168
556 949
516 783
306 214
306 790
103 977
103 378
103 950
103 514
206 139
347 157
347 715
0 333
58 818
424 658
424 421
424 795
30 765
356 256
356 746
697 540
790 168
479 980
479 90
812 746
91 724
31 165
550 746
245 698
828 666
828 650
335 980
335 90
577 715
125 139
154 139
867 236
249 333
838 288
838 530
656 90
569 333
421 795
174 139
702 14
710 333
761 928
552 181
435 500
438 818
772 923
772 120
772 454
530 630
530 214
530 267
530 629
291 401
817 274
630 493
630 629
284 680
926 715
586 782
586 500
586 447
586 283
586 166
586 126
586 746
931 715
746 742
746 692
746 923
746 517
746 157
746 687
746 665
746 200
746 668
746 684
746 935
746 542
166 500
921 923
239 988
239 353
409 333
880 119
946 472
764 698
599 333
765 104
654 738
935 668
535 444
165 401
165 344
165 316
165 67
135 932
676 139
440 810
322 334
662 443
510 139
814 500
294 126
443 86
443 152
275 849
819 1003
288 493
288 629
333 228
333 502
333 470
333 538
333 78
333 693
98 401
540 692
540 855
540 698
540 925
66 52
502 178
168 90
168 62
168 439
168 912
477 139
147 214
147 715
698 840
698 873
200 316
591 923
74 126
353 274
422 680
214 617
214 692
214 290
721 104
721 648
721 256
62 444
957 953
90 416
324 139
972 715
923 528
923 738
923 193
953 207
139 939
139 534
139 323
139 487
846 67
401 415
401 429
401 454
104 126
171 715
748 715
454 713
849 423
912 575
912 472
933 715
67 344
67 207
126 648
126 500
126 782
644 14
795 207
782 984
782 500
696 181
334 534
629 160
629 267
167 469
207 469
