50 559
963 214
963 67
617 586
617 471
541 657
541 199
541 1001
541 996
737 107
737 849
971 952
971 316
729 377
0 178
175 849
990 165
990 857
313 356
313 294
313 472
313 912
966 168
780 514
780 603
445 288
695 568
695 572
695 362
231 607
231 987
231 738
515 214
580 544
580 791
767 178
978 851
377 724
377 718
191 692
233 692
343 950
343 943
343 663
343 399
920 214
920 90
920 746
648 126
6 178
159 940
159 718
159 214
159 577
159 738
957 167
311 697
311 987
879 69
605 502
605 178
526 629
428 189
428 316
607 334
607 926
857 214
857 915
857 316
857 136
547 862
547 90
547 851
948 356
948 392
948 120
948 61
948 803
948 674
948 517
948 912
948 112
948 267
948 592
151 253
373 190
306 790
833 587
656 190
133 104
900 742
900 571
509 603
65 193
30 765
30 743
853 951
697 855
697 540
697 925
697 170
248 609
248 90
248 746
479 696
68 987
514 977
514 832
514 378
514 1001
514 103
514 950
514 603
808 5
881 1001
828 1001
173 1001
485 513
122 980
5 491
951 273
951 706
951 663
951 939
951 239
752 120
277 571
439 266
439 168
332 500
332 250
332 586
332 318
776 571
776 214
776 193
776 746
702 1001
220 609
220 90
220 471
552 167
552 858
32 197
32 214
664 335
245 987
650 1001
530 120
530 190
530 160
530 571
530 200
530 214
530 629
530 746
817 294
730 168
746 591
746 775
746 214
746 851
746 731
746 813
746 718
746 223
746 687
746 834
746 994
746 742
746 534
746 980
746 502
746 450
746 668
746 739
746 684
746 157
746 692
746 500
746 720
746 135
746 935
746 542
381 192
381 335
381 327
558 216
558 956
558 48
674 112
166 586
166 883
783 214
783 1001
783 738
921 1001
921 327
281 718
764 987
765 356
765 120
765 946
765 61
654 1001
721 356
535 444
535 62
165 31
165 401
165 344
165 207
165 67
165 707
165 316
165 543
772 870
772 609
772 502
383 333
383 531
586 416
586 120
586 324
586 447
586 294
586 762
586 214
586 197
586 573
586 868
586 782
586 435
586 326
997 90
522 546
294 885
294 74
294 126
443 152
273 769
585 149
585 188
585 954
112 915
249 178
249 29
216 41
216 321
216 956
216 48
216 672
216 73
216 319
216 723
216 618
216 458
216 25
532 516
41 73
41 48
540 855
540 329
540 987
540 624
502 188
502 923
502 862
502 280
502 538
502 189
502 228
502 693
502 178
979 1001
769 229
769 317
740 788
199 506
199 1001
199 924
199 996
577 147
577 214
924 14
924 1001
168 416
168 472
168 77
168 232
168 912
168 984
168 949
527 720
432 987
616 178
78 178
147 416
147 53
147 454
147 171
53 120
53 731
53 193
952 517
952 316
952 838
952 200
422 680
422 15
422 731
582 849
582 987
716 149
977 418
977 178
388 299
388 534
388 120
950 663
338 987
416 356
416 77
416 232
416 790
416 912
416 602
416 193
416 868
416 782
324 214
324 638
923 278
923 609
953 280
953 181
953 915
953 316
139 323
193 633
193 189
193 782
235 890
846 561
846 288
846 629
774 947
401 429
401 196
256 356
409 178
837 1001
104 425
104 946
546 550
546 844
517 356
935 813
935 696
935 668
935 571
935 720
935 214
993 229
134 592
228 178
843 407
849 423
849 275
849 987
361 987
587 24
718 356
718 602
718 90
718 61
718 883
718 724
718 742
480 987
663 571
663 399
493 288
493 630
493 629
984 762
391 288
260 762
67 344
885 571
160 571
160 200
160 629
126 573
126 790
644 1001
48 458
48 956
782 887
782 500
782 912
584 731
379 568
955 987
883 936
883 225
534 862
534 571
534 649
589 290
167 35
167 188
692 329
692 214
482 56
482 987
482 251
482 178
280 915
280 629
290 253
290 214
704 458
70 120
823 62
8 414
8 809
472 356
472 425
472 912
28 987
822 603
181 915
181 190
316 915
316 214
316 142
316 31
316 136
316 200
15 680
15 731
873 95
873 987
362 189
337 603
813 571
813 720
804 850
433 987
433 738
197 120
891 414
891 629
891 24
668 720
910 571
61 356
870 571
566 253
189 629
189 731
425 946
862 178
862 293
862 188
775 329
775 214
410 56
410 14
410 976
410 16
410 719
285 571
592 609
561 288
561 629
844 318
844 684
844 319
844 499
127 415
369 646
731 680
731 239
731 571
731 284
295 178
251 531
251 987
1001 719
1001 850
1001 14
1001 657
1001 738
1001 576
1001 506
1001 13
1001 996
1001 327
1001 516
1001 270
1001 745
458 684
458 25
506 996
2 790
360 629
872 987
371 214
565 684
565 679
735 603
571 742
571 450
571 161
571 62
571 684
571 394
571 542
440 537
812 790
934 595
141 214
850 120
850 738
335 810
647 136
658 629
687 549
687 500
693 178
771 901
569 214
569 178
595 195
95 987
710 178
761 516
24 142
24 136
24 629
435 267
719 738
544 214
630 288
630 629
246 423
987 531
987 994
987 641
987 809
987 56
987 925
987 840
987 698
987 789
513 646
994 809
994 214
239 214
599 178
484 288
603 378
603 505
976 178
991 178
429 415
429 98
429 454
429 291
356 120
356 743
356 214
356 684
356 912
356 52
356 868
356 602
866 90
274 190
633 609
288 629
333 178
742 214
996 657
996 418
142 200
142 267
788 638
52 868
720 680
720 214
200 344
200 915
200 136
643 810
470 178
353 190
40 214
685 629
62 646
62 542
90 414
90 190
90 787
90 144
90 307
700 790
120 190
214 531
214 738
214 178
214 629
531 738
628 178
341 915
538 178
178 339
