776 334
703 61
963 67
617 687
617 316
617 65
541 506
541 410
150 415
150 147
526 280
526 629
526 360
854 586
854 918
0 605
0 178
175 410
175 275
175 849
175 670
990 280
143 544
664 440
664 643
664 537
664 335
664 810
664 381
664 737
664 985
780 514
445 288
695 187
231 607
231 540
231 2
231 840
231 987
231 112
231 874
978 167
978 552
978 188
978 301
978 141
810 881
810 737
810 473
377 457
377 951
191 120
233 692
233 61
388 280
388 90
920 656
920 188
920 841
920 136
920 141
920 24
6 333
53 120
53 614
159 923
159 724
159 718
159 214
159 334
614 547
614 188
311 540
311 987
311 773
305 425
324 38
324 638
971 952
428 189
428 207
428 122
428 857
428 851
428 316
428 915
428 200
607 75
607 591
607 926
607 250
364 764
547 862
547 280
547 851
547 502
948 742
948 356
948 120
948 915
948 530
948 730
948 765
948 126
948 912
948 75
948 90
948 592
151 2
373 190
306 229
306 61
833 772
656 280
656 188
656 67
900 742
900 662
58 909
424 421
424 207
863 790
863 771
697 855
697 540
841 120
56 994
56 987
68 987
365 732
514 977
514 832
514 378
514 1001
514 950
514 103
125 622
5 491
5 29
951 189
951 707
951 502
951 883
951 299
951 925
951 178
951 772
752 120
752 65
101 779
101 246
101 423
332 112
332 500
50 559
702 14
702 1001
220 75
220 546
32 280
857 200
857 772
857 915
857 530
245 874
245 443
245 840
245 987
245 764
272 568
530 915
530 838
530 493
530 267
530 629
530 24
730 356
746 668
746 935
847 207
706 310
586 383
586 38
586 74
586 168
586 447
586 294
586 762
586 267
586 126
586 885
586 602
586 912
586 435
586 984
674 718
674 61
674 803
674 782
674 392
674 166
924 14
924 410
924 516
281 127
764 987
764 874
764 582
764 994
765 356
765 120
765 648
765 104
765 90
381 537
650 410
535 722
874 540
874 840
874 873
165 31
165 401
165 344
165 316
165 67
823 120
823 772
383 887
383 422
383 720
383 418
383 362
558 207
997 75
997 120
997 235
170 855
170 771
862 909
862 502
862 409
862 534
862 693
862 293
862 851
622 559
622 510
622 676
257 120
585 400
585 184
112 356
112 782
112 803
112 855
112 166
112 267
443 379
443 662
443 86
443 329
693 538
693 605
693 122
693 710
693 228
693 13
693 599
693 502
216 956
532 13
532 516
24 414
24 718
24 189
24 61
24 891
24 280
24 629
540 120
540 855
540 955
540 925
540 840
540 987
540 994
540 873
600 956
502 189
502 90
502 188
502 280
502 851
502 178
502 772
393 249
925 987
740 534
577 147
577 546
577 267
304 317
168 356
168 425
168 472
168 266
168 912
168 949
527 870
527 720
432 987
707 680
76 410
147 214
147 193
775 120
775 772
952 200
933 347
422 680
422 280
422 731
582 832
582 987
977 251
977 189
977 16
977 423
977 418
343 399
343 663
918 319
918 956
918 844
918 672
950 663
587 720
416 912
416 633
416 890
605 789
605 685
923 120
923 214
923 880
923 609
923 772
953 280
953 207
953 795
988 207
808 898
808 688
846 35
846 288
846 561
846 629
846 67
774 947
401 415
401 429
401 454
401 98
401 291
563 544
724 718
837 410
935 813
935 668
832 38
832 319
832 184
832 638
134 592
321 499
843 711
868 52
849 275
849 987
361 987
338 987
718 595
718 692
718 915
718 61
718 980
718 830
718 851
480 987
758 723
758 956
758 41
758 844
663 534
663 399
663 337
493 288
493 207
493 629
391 288
391 67
67 561
67 344
67 207
70 120
70 90
126 782
41 73
48 956
48 499
795 207
795 421
379 568
631 280
631 629
568 947
696 700
696 61
278 90
955 427
955 773
955 987
731 15
731 189
731 668
581 855
581 692
534 120
534 591
980 107
980 464
184 410
184 710
184 423
184 883
418 153
418 996
692 500
692 61
782 232
782 74
782 803
782 166
628 337
251 410
251 987
280 561
280 188
280 293
280 647
280 178
280 629
280 35
280 360
280 241
280 421
280 142
160 915
160 214
160 629
8 544
472 232
472 356
472 425
472 61
28 987
772 742
772 120
772 915
772 188
772 609
772 454
772 75
316 120
316 915
316 629
873 987
337 505
433 410
433 987
197 38
891 629
644 506
107 553
107 335
61 742
61 38
61 858
61 830
61 89
232 425
232 166
814 500
73 723
189 595
189 883
189 178
189 629
425 946
716 149
410 16
410 122
410 777
410 482
410 1001
410 153
410 994
592 609
592 454
561 288
561 629
712 214
844 672
127 120
149 372
947 187
506 199
506 921
506 996
506 14
2 700
2 119
2 790
360 629
872 987
103 423
440 537
499 120
499 684
934 372
934 790
850 120
850 90
803 166
803 74
658 629
915 684
915 122
915 883
915 136
915 200
288 484
288 630
288 629
249 865
249 333
669 544
595 883
95 987
710 178
865 120
435 267
630 629
630 421
246 423
987 120
987 531
987 482
987 994
987 641
987 809
987 840
987 698
987 789
19 333
409 976
946 356
946 743
509 106
976 349
921 14
565 120
356 912
662 450
349 207
72 120
450 214
142 207
657 178
643 685
74 166
353 190
685 267
685 629
87 90
790 700
790 516
169 372
415 429
188 178
207 469
372 404
700 638
684 120
684 609
120 291
120 178
120 13
120 190
120 267
120 629
454 291
454 429
214 40
214 334
912 949
936 267
178 90
629 267
