703 443
703 86
703 306
703 581
703 771
963 67
617 720
541 506
541 752
541 951
737 335
526 280
526 629
854 927
0 569
175 582
175 275
175 849
175 335
175 5
313 416
313 52
313 472
664 335
236 208
236 381
236 90
236 335
236 359
695 159
557 927
231 607
231 987
978 167
978 207
978 188
978 301
978 954
377 718
671 397
19 16
233 692
343 310
343 663
920 607
920 214
6 569
6 1004
6 470
159 915
159 214
159 841
614 630
614 141
311 540
311 925
311 987
581 936
581 135
852 214
324 168
201 335
201 52
971 200
428 857
428 122
428 647
428 17
428 915
428 165
607 167
607 591
607 696
607 915
607 334
607 91
607 5
607 415
607 716
607 687
607 891
607 546
607 229
607 483
364 987
151 278
151 290
306 742
885 447
133 416
133 602
309 1
509 106
424 795
30 356
30 762
30 52
30 868
904 718
904 337
697 855
770 927
841 214
56 987
68 987
84 939
91 415
881 761
485 927
125 477
5 506
5 335
5 724
951 506
951 267
846 280
846 67
846 629
277 147
277 715
439 77
776 214
776 502
702 644
220 75
220 214
220 65
32 977
32 718
32 197
32 862
32 185
32 791
857 647
857 17
857 165
857 136
857 142
245 987
245 764
113 927
530 891
530 214
530 630
530 629
530 24
817 294
746 692
381 107
381 335
558 956
558 48
558 565
674 927
674 267
66 227
166 52
106 740
765 52
847 647
535 927
535 444
535 823
399 46
865 214
865 90
823 927
823 646
823 513
823 790
639 1004
586 447
586 294
862 569
862 538
862 470
443 742
443 662
443 86
295 569
764 987
253 923
112 356
693 569
216 48
532 700
532 335
24 891
24 629
540 987
502 569
137 771
740 788
670 335
168 356
168 416
168 260
168 52
168 472
168 912
432 987
58 577
326 146
147 577
147 454
952 200
107 980
582 987
582 650
977 1001
977 1004
977 410
977 153
977 418
388 299
551 927
250 927
918 758
918 684
416 927
416 602
416 256
416 75
416 294
416 762
511 987
605 569
444 927
923 687
923 500
923 591
953 647
988 167
139 477
808 335
752 850
774 105
774 947
401 415
401 165
401 429
401 454
401 291
256 472
409 569
546 550
517 356
134 592
754 718
321 684
228 569
228 335
849 700
849 275
849 2
849 987
361 987
338 987
718 980
718 122
718 724
718 595
718 293
718 189
718 777
718 883
758 844
67 561
67 344
67 207
67 165
894 629
126 294
126 52
644 506
644 199
644 1001
644 996
644 90
644 850
588 987
48 458
48 319
48 956
48 684
48 25
596 239
493 561
493 629
782 2
782 790
782 500
379 568
631 280
631 629
528 873
568 40
568 771
696 200
955 987
722 927
659 742
731 15
980 335
589 290
167 207
692 157
692 135
692 749
165 31
165 316
482 531
482 987
251 987
280 561
280 915
280 360
280 160
280 658
280 629
290 214
157 590
160 629
8 739
8 144
472 356
472 602
472 743
28 987
15 680
229 742
229 628
229 483
337 927
82 135
672 844
433 987
433 738
197 630
197 987
891 360
891 629
927 369
927 513
927 90
927 646
927 542
927 592
101 246
870 135
232 52
199 506
132 842
397 975
840 987
592 713
592 98
592 454
795 421
795 207
561 629
844 214
844 684
844 499
293 724
858 469
2 749
2 629
2 790
458 684
947 105
947 450
506 783
506 996
835 214
360 629
241 141
872 987
371 214
371 135
356 52
141 469
31 410
31 647
850 783
335 208
335 1004
335 643
335 810
335 118
335 985
335 464
335 29
335 468
335 553
335 537
335 688
647 92
647 142
647 136
333 569
658 629
687 500
294 790
249 569
569 991
569 599
569 470
569 538
569 710
569 976
95 987
435 500
719 682
630 207
630 629
246 724
246 423
987 214
987 531
987 809
987 994
987 641
987 873
987 789
940 214
880 195
783 738
318 684
135 742
135 4
135 120
135 628
135 214
135 942
135 720
565 684
662 267
275 327
679 684
633 612
550 743
450 40
512 469
739 669
142 90
142 267
788 634
52 868
720 680
720 855
720 214
643 685
685 629
292 120
684 214
684 704
577 936
17 915
855 936
214 334
214 544
214 743
214 912
214 738
214 629
531 641
912 209
936 626
202 629
454 429
207 469
188 469
