373 280
45 66
15 731
873 540
873 231
617 415
617 334
541 506
541 199
541 644
541 738
685 629
685 530
851 415
851 978
851 159
337 135
337 505
950 343
729 377
82 135
0 6
126 77
720 135
990 31
990 316
990 482
990 795
313 648
313 256
891 414
891 445
891 629
891 530
143 422
143 32
143 731
72 120
576 738
695 450
686 147
231 540
231 245
231 987
61 120
61 243
870 135
386 319
458 558
458 565
227 66
590 147
647 280
647 24
223 415
199 506
191 752
191 692
191 135
233 692
233 245
233 329
343 103
343 70
343 663
343 159
285 147
592 609
592 134
592 454
53 147
561 280
561 629
561 67
355 147
413 746
413 935
413 530
159 472
159 530
159 147
159 316
159 629
537 440
127 843
369 582
955 427
955 540
955 925
955 311
955 987
731 658
581 135
581 528
581 951
737 440
879 69
879 322
879 740
858 552
909 58
909 528
190 629
2 236
526 160
526 280
526 629
428 136
428 915
428 316
428 141
947 105
947 568
947 450
506 881
506 996
506 327
506 14
506 738
168 416
547 280
360 280
360 629
972 147
306 771
833 415
371 135
103 423
885 586
173 738
900 272
509 634
509 559
65 629
317 374
624 329
624 245
624 738
697 855
550 334
433 120
248 415
248 591
248 692
248 329
499 704
479 122
812 790
540 925
540 245
540 855
540 311
540 987
557 435
374 105
31 165
850 650
278 415
577 147
577 936
803 267
658 629
687 415
687 120
5 29
951 299
951 239
951 957
951 855
951 147
951 135
951 738
405 135
752 415
752 147
838 267
264 692
264 245
277 147
332 435
332 586
595 450
570 742
230 147
220 75
865 415
32 280
32 791
966 66
435 700
435 416
435 500
435 782
106 788
245 764
245 329
245 830
272 450
530 692
530 160
530 630
530 120
530 746
530 935
530 629
530 772
817 294
630 971
630 629
246 175
246 423
746 692
746 935
977 423
837 924
837 738
381 532
586 120
586 267
41 558
940 214
931 147
926 147
166 74
166 267
546 704
239 609
29 688
971 200
549 120
946 305
575 782
765 104
654 738
783 415
863 789
535 120
976 502
165 401
165 344
165 67
165 349
165 316
915 142
915 316
915 890
135 170
135 120
135 4
135 415
135 75
135 528
565 321
565 704
356 416
572 120
572 450
910 692
910 329
910 334
77 912
299 634
299 559
294 256
294 416
443 193
443 152
559 402
670 415
670 688
633 147
602 743
112 392
112 74
98 713
98 401
693 178
216 558
532 516
841 120
24 160
24 280
24 629
742 415
742 120
742 334
4 120
502 591
502 605
502 178
996 120
450 415
450 40
450 187
450 754
450 60
450 254
114 718
142 316
142 267
142 136
924 14
924 644
321 48
321 704
462 415
707 147
558 319
558 684
589 290
775 692
775 120
200 136
200 316
591 415
591 692
952 344
994 120
74 392
582 840
721 104
721 743
649 663
13 738
790 881
790 638
790 516
415 517
415 718
415 692
415 923
415 157
415 401
415 147
415 334
415 542
75 147
189 120
91 147
147 120
147 772
147 933
147 214
147 134
147 334
147 90
147 193
147 171
147 347
147 235
147 890
854 120
854 444
810 7
700 638
416 256
416 912
416 267
605 789
605 178
846 629
846 67
401 429
401 454
401 291
517 120
517 267
542 823
120 310
120 843
120 823
120 136
120 754
120 280
120 469
120 485
329 692
188 280
843 407
214 629
493 629
67 344
782 472
379 568
631 280
631 629
160 629
334 692
288 629
392 316
629 280
485 823
