776 890
703 40
703 784
703 835
703 86
703 443
703 306
703 581
481 723
15 731
963 67
6 249
6 410
802 596
150 415
362 383
362 369
362 613
971 200
950 303
764 698
764 329
0 605
0 732
904 479
904 410
990 136
990 424
990 200
572 40
572 272
572 450
891 190
891 353
891 267
891 629
891 530
101 246
72 120
72 772
966 66
780 509
927 444
986 66
231 607
231 540
231 698
231 987
231 738
590 147
341 135
232 575
458 704
458 48
458 558
458 684
978 795
978 629
588 987
647 214
647 24
647 428
647 159
647 200
377 630
189 410
189 462
784 771
191 415
493 630
493 629
493 530
716 980
716 410
343 534
343 223
840 540
840 698
840 987
381 327
862 538
862 605
862 976
592 98
561 846
561 629
506 409
506 783
506 90
506 924
38 324
38 309
712 214
712 159
159 40
159 450
159 923
159 214
159 53
159 290
159 62
537 107
537 236
127 61
311 540
311 955
293 718
581 720
581 135
581 405
851 462
879 832
909 58
605 228
605 249
605 502
605 333
605 470
605 710
201 724
201 410
613 772
117 268
428 165
428 857
428 915
428 200
607 415
607 591
607 692
607 423
607 75
607 334
488 568
1003 890
360 629
360 530
151 253
307 692
307 769
126 356
126 416
126 586
833 415
833 462
371 135
103 310
885 168
347 933
900 272
309 1
723 758
723 41
509 299
956 758
956 558
424 421
424 207
424 795
317 441
175 5
356 912
356 166
356 30
356 168
230 890
775 772
310 368
310 1
248 718
248 462
652 208
652 410
479 114
479 586
698 540
698 245
698 873
365 410
881 643
881 432
582 329
828 106
335 107
454 416
454 401
454 268
454 291
454 772
454 120
454 429
803 517
803 112
658 280
658 629
34 997
5 491
5 135
229 469
173 90
173 924
133 765
133 984
771 137
569 415
569 530
421 795
530 630
530 24
530 280
530 629
530 526
595 410
236 107
236 90
236 410
626 936
894 629
710 423
761 650
761 738
857 200
122 924
92 200
368 223
817 294
630 629
926 147
926 308
837 924
898 685
199 924
338 75
987 789
987 955
987 531
586 168
586 462
586 160
586 58
586 166
586 984
674 392
66 45
830 185
462 742
462 591
462 692
462 450
462 923
462 517
462 334
462 449
462 670
462 157
462 718
462 783
462 223
462 687
462 542
901 53
61 718
61 450
61 443
61 233
61 517
746 214
724 718
724 685
724 843
880 193
137 936
48 558
48 684
48 704
65 135
765 602
765 648
765 256
765 104
765 30
654 682
654 650
654 738
319 558
268 633
268 291
777 718
512 708
535 444
976 502
165 31
165 401
165 316
165 200
135 942
565 41
228 502
662 443
77 912
77 260
77 168
517 112
443 86
702 924
609 890
633 193
773 955
657 90
98 107
98 707
249 410
24 629
540 855
540 925
540 955
502 538
502 890
450 214
526 629
114 410
925 955
142 200
924 1001
924 14
924 682
924 644
788 106
168 260
168 472
168 912
168 30
168 416
106 1001
56 772
812 542
812 772
843 90
200 952
200 915
200 17
200 543
200 31
200 344
200 302
200 136
200 953
591 923
591 534
591 324
643 685
505 534
505 337
166 416
166 762
166 500
422 680
685 1001
685 629
233 752
233 692
13 743
790 700
531 482
415 401
942 30
846 629
646 62
646 542
207 469
207 67
207 795
708 718
19 16
324 534
324 638
923 334
923 193
923 738
553 107
553 808
401 429
563 423
256 472
789 470
542 62
1004 410
993 772
290 687
290 214
868 912
868 30
214 935
470 410
718 410
718 980
42 402
912 260
912 743
912 30
844 672
160 629
243 772
202 629
379 568
631 629
528 280
528 772
568 495
783 738
534 692
629 280
485 90
