703 550
794 854
794 111
794 762
963 67
617 923
617 159
541 532
526 280
729 377
0 249
0 178
175 275
175 532
990 428
990 424
990 142
313 232
313 765
313 30
143 580
143 791
664 810
780 514
236 189
236 2
557 912
231 540
231 245
231 2
231 502
231 264
231 698
231 531
580 791
767 178
978 547
377 866
377 696
377 189
377 423
818 438
818 58
191 75
191 120
233 692
233 450
343 663
343 853
343 61
343 223
920 280
920 851
229 568
159 712
159 416
159 214
159 61
159 912
159 290
159 171
955 540
575 782
605 789
605 178
201 189
971 428
971 316
971 200
428 952
428 165
428 122
428 17
428 953
428 543
428 92
428 142
428 362
428 316
428 31
428 647
428 915
428 857
428 302
428 136
428 200
607 356
607 927
607 692
607 1001
607 333
607 75
607 147
607 696
607 91
364 994
547 846
547 280
497 977
427 540
833 720
656 267
656 629
133 648
133 984
900 450
424 421
424 207
424 795
30 168
30 765
30 104
30 908
30 209
866 423
866 716
248 506
652 189
698 540
698 245
698 840
698 873
698 764
365 189
514 950
514 378
514 103
91 950
91 842
881 90
881 516
485 542
5 506
951 609
951 433
752 120
752 471
1003 609
1003 291
439 168
332 782
511 31
702 506
702 14
220 75
32 977
32 862
32 280
32 197
857 915
245 540
245 830
245 264
113 542
530 160
530 630
530 891
530 280
530 493
368 103
746 923
746 591
746 692
746 935
837 532
847 31
670 506
586 356
586 447
586 294
586 334
586 762
586 126
586 573
586 868
586 687
586 435
586 166
586 984
41 558
41 704
924 506
921 506
61 991
61 522
134 592
281 506
764 582
764 264
765 648
765 126
765 908
765 104
765 135
654 783
654 738
381 29
381 327
268 98
268 592
535 854
535 927
535 513
535 823
165 31
165 401
165 344
165 316
772 75
383 720
383 362
558 319
558 956
558 499
997 75
294 416
294 126
443 662
443 86
443 450
819 887
693 228
693 178
693 599
532 553
532 199
24 846
24 280
24 891
24 629
540 697
540 855
540 264
540 641
600 956
502 538
502 90
502 862
502 178
502 362
137 936
322 534
426 149
426 293
189 1004
189 977
189 724
189 6
189 595
189 362
189 470
189 718
189 410
189 904
189 716
189 249
189 114
166 416
166 90
166 573
166 168
166 743
168 356
168 912
168 77
168 984
707 98
707 609
78 178
147 347
952 344
933 347
933 966
107 75
107 98
107 810
582 264
398 712
398 450
977 1004
977 1001
977 423
977 996
977 969
977 418
977 644
388 534
250 886
918 758
791 669
416 927
416 633
416 256
416 912
416 546
272 450
324 415
923 633
923 278
923 915
923 151
923 687
923 214
923 53
923 193
923 890
988 207
808 553
193 53
846 561
846 739
846 647
774 947
401 415
401 98
401 429
724 14
724 293
861 127
861 934
104 742
104 908
104 126
546 277
546 590
935 966
832 638
423 246
228 178
53 290
338 415
718 293
758 318
758 956
493 561
493 630
984 126
67 561
67 207
160 629
126 2
277 347
782 435
782 472
379 568
631 280
528 138
528 867
278 214
722 927
422 15
422 731
534 768
692 742
188 280
280 561
280 360
280 851
280 647
280 915
280 629
762 462
290 214
46 103
8 362
472 356
316 415
316 915
316 142
196 120
15 731
609 75
609 880
6 506
6 178
851 167
851 891
362 868
362 333
362 802
362 599
117 98
82 771
433 738
891 353
891 630
891 267
644 506
644 199
644 996
101 246
77 266
77 912
199 506
784 863
862 178
75 850
75 190
75 499
75 127
592 927
592 454
592 713
592 98
26 450
198 120
712 40
712 991
712 450
844 25
127 916
458 319
506 775
506 29
506 996
506 14
2 356
2 334
103 1
347 966
956 319
499 704
31 915
31 92
850 90
647 142
658 92
687 915
687 214
249 333
249 178
249 470
264 329
421 630
595 790
927 120
927 90
710 333
710 178
761 996
761 516
435 267
719 14
719 410
987 809
19 333
409 178
599 333
599 178
976 178
915 200
915 591
915 142
135 450
565 679
356 602
356 90
356 912
356 743
662 450
602 450
333 178
98 713
98 429
742 901
742 120
742 450
996 516
996 418
450 40
450 802
200 344
223 531
854 542
516 90
120 454
190 629
470 178
796 14
466 40
327 90
454 429
538 178
410 14
291 429
783 90
178 90
