703 443
703 784
703 771
963 67
617 334
541 199
541 16
541 996
541 951
150 415
526 185
526 891
526 629
526 360
854 927
0 249
0 808
175 849
175 423
990 165
990 424
313 478
313 648
313 186
313 256
313 112
313 517
143 32
143 280
143 31
664 335
95 987
231 245
231 987
231 338
515 356
580 585
978 301
978 988
978 493
978 795
978 957
647 24
377 149
377 423
377 29
15 680
15 584
15 731
15 422
191 75
191 415
191 927
493 629
233 692
233 159
388 534
920 280
648 478
648 186
648 256
648 517
648 112
159 629
159 32
159 923
159 56
159 334
159 214
159 290
159 62
159 542
955 540
955 987
955 427
955 925
955 311
955 773
581 742
581 692
581 855
581 936
581 720
581 135
737 537
879 164
879 420
879 223
879 368
879 322
879 740
324 239
190 353
180 958
607 742
607 591
607 696
607 61
607 440
607 229
607 739
607 692
607 157
607 189
607 987
607 586
607 612
607 75
607 356
607 802
488 568
364 987
364 361
547 167
547 656
547 817
151 278
151 566
306 742
306 659
833 462
456 441
900 742
900 746
900 712
900 272
900 450
309 38
523 104
922 585
424 167
424 421
424 207
424 795
30 765
30 256
30 104
790 680
790 812
248 506
652 1004
56 987
68 987
84 42
808 29
485 823
485 62
5 506
5 670
548 337
332 318
776 334
702 506
702 924
220 75
220 334
220 65
32 862
32 189
966 347
966 933
966 935
245 987
272 2
272 450
530 891
530 630
530 24
530 280
530 629
530 746
817 167
746 692
746 915
746 502
746 534
746 665
746 531
746 935
837 783
847 31
847 207
847 482
586 416
586 260
586 447
586 294
586 500
586 126
586 573
586 868
586 772
586 166
586 984
674 517
42 612
166 416
921 923
281 491
764 994
764 987
765 602
765 305
654 650
381 335
381 327
381 107
381 192
381 553
381 980
381 670
638 832
535 90
535 444
165 31
165 401
165 344
165 67
987 531
987 872
987 582
987 311
987 361
987 482
987 251
987 809
987 433
987 338
987 994
987 641
987 540
987 511
987 873
987 432
987 840
987 28
987 789
987 849
383 236
558 565
997 75
1004 977
1004 236
1004 320
1004 393
862 502
443 742
443 86
443 152
819 329
112 186
112 256
112 517
112 267
249 410
249 470
399 510
24 629
4 135
502 356
502 569
502 90
740 788
495 568
924 122
924 761
168 416
168 743
168 912
939 38
147 75
147 347
147 90
147 65
952 344
952 200
422 731
398 712
977 236
977 1001
977 996
977 423
977 497
977 153
977 418
230 214
250 927
918 318
587 720
416 927
416 256
416 868
416 912
416 126
605 693
923 334
953 207
988 167
988 188
139 788
139 634
139 132
139 510
139 534
139 477
139 323
954 167
193 927
193 633
193 546
193 609
193 53
846 561
846 629
846 67
774 947
401 415
401 429
256 478
256 186
256 517
256 356
861 896
104 549
546 851
459 517
832 299
832 423
832 710
134 592
134 454
134 291
321 704
361 687
361 994
361 591
718 591
718 724
718 851
718 61
718 566
185 181
185 528
67 344
67 207
160 280
160 629
83 771
126 356
126 602
644 506
596 450
64 634
782 77
631 629
528 867
528 693
528 537
890 880
568 40
568 187
568 61
568 450
722 927
659 742
731 789
305 743
534 692
732 127
184 407
184 82
167 35
167 795
167 207
167 851
692 742
692 61
692 135
482 569
482 531
407 16
280 561
280 915
280 851
280 629
280 141
290 214
472 356
472 912
472 743
772 75
772 812
772 135
993 742
671 687
609 927
229 901
474 38
851 591
337 187
82 267
82 135
891 267
891 629
927 90
927 75
101 246
107 236
107 98
107 980
107 810
870 720
870 135
232 52
315 423
566 318
189 410
189 127
784 742
517 478
517 186
517 803
517 267
75 850
75 633
795 207
561 629
844 214
844 672
127 916
293 569
1001 506
1001 724
835 742
506 199
506 996
506 14
2 700
2 812
360 629
241 141
374 742
374 105
371 135
682 650
356 684
356 743
550 334
812 700
812 687
141 188
850 783
335 537
335 980
658 629
687 334
103 423
693 569
838 200
771 901
771 769
569 90
236 208
236 537
435 500
630 469
630 629
246 423
199 996
994 809
29 14
863 742
135 628
135 170
135 720
135 942
662 450
602 743
742 214
742 901
996 418
996 951
450 802
52 868
720 942
720 628
685 629
418 105
418 331
62 646
62 542
942 341
207 469
650 783
188 469
912 209
