703 135
963 67
617 720
541 977
541 921
541 410
541 16
150 415
971 165
646 62
0 569
175 1001
175 144
175 423
175 410
175 275
175 849
175 737
175 446
990 165
313 294
313 472
313 256
313 416
966 347
236 537
231 698
515 256
580 862
580 582
580 32
978 35
978 795
978 851
377 457
377 423
233 692
388 299
388 612
388 951
920 630
920 214
920 65
920 190
648 256
229 607
229 306
159 40
159 324
159 272
159 923
159 940
159 334
159 776
159 214
159 136
159 398
955 427
575 77
581 830
581 135
581 176
324 534
324 334
180 215
180 958
428 207
428 838
428 17
428 569
428 630
428 165
428 302
428 136
607 112
607 91
607 483
930 326
948 592
151 253
306 660
306 659
306 137
833 462
885 586
885 256
900 214
309 1
509 969
65 742
65 120
65 915
65 502
65 450
65 776
65 851
65 220
65 326
65 687
65 135
65 530
863 901
853 343
775 157
56 482
56 641
68 176
91 788
386 25
828 106
485 513
253 290
34 135
951 552
951 731
951 142
332 500
776 214
702 199
702 644
220 214
32 891
245 698
245 329
245 764
245 176
272 700
272 712
272 214
530 891
530 160
530 630
530 214
530 629
817 274
852 214
861 896
847 207
847 424
847 92
586 912
586 168
586 984
586 573
586 499
586 2
586 294
586 762
586 166
586 267
454 401
454 592
454 429
454 291
454 120
454 772
674 112
66 45
66 790
380 712
546 197
546 923
590 926
281 491
764 698
764 840
764 582
764 176
765 104
765 743
654 783
654 682
654 738
381 506
381 783
381 29
381 6
381 670
381 532
268 592
125 676
535 499
165 952
165 207
165 67
165 92
165 302
165 953
165 142
165 31
165 344
165 647
165 316
165 543
165 136
165 200
383 334
572 450
558 48
558 499
77 356
77 168
77 260
77 2
77 912
517 392
517 499
443 86
257 421
257 779
573 126
112 187
112 392
112 267
836 176
249 569
216 321
216 48
216 25
24 891
24 630
422 731
540 698
502 901
502 569
502 687
502 280
502 334
114 522
769 176
670 506
670 783
670 29
924 410
168 232
168 369
168 472
707 880
147 416
843 754
713 592
214 720
214 334
214 544
214 743
214 987
214 940
214 738
214 629
214 844
214 865
214 835
214 923
214 371
214 684
977 969
977 1004
977 153
977 497
977 418
343 303
343 310
343 223
343 322
343 663
45 790
250 886
338 773
338 433
416 356
416 782
605 569
176 692
176 855
176 482
176 329
176 158
176 588
176 995
176 135
176 641
969 189
969 410
923 550
988 167
988 795
193 633
193 290
193 190
846 561
774 947
401 429
563 779
256 472
256 294
409 569
837 719
837 410
104 859
748 308
748 926
993 901
759 166
759 126
134 592
134 763
754 595
228 569
53 633
53 190
106 788
718 334
718 61
758 723
758 956
185 629
67 344
67 207
894 629
308 347
644 199
48 458
48 319
48 956
48 704
48 25
493 731
696 40
62 542
64 322
676 46
392 316
167 90
692 90
692 334
692 830
628 135
280 90
280 629
280 566
157 499
160 629
472 356
472 602
472 52
472 912
472 743
153 410
164 420
15 731
6 506
6 569
6 783
851 630
851 90
337 788
337 505
82 135
433 90
433 410
197 987
322 223
891 700
891 267
891 629
101 246
101 423
61 522
870 135
232 912
199 90
132 842
862 569
75 633
410 16
410 122
410 777
410 482
410 251
410 1001
410 994
410 650
592 927
592 98
795 207
795 421
795 424
712 40
844 684
251 482
1001 724
1001 685
458 25
947 450
506 90
506 29
506 783
506 743
2 389
2 790
944 267
371 135
373 344
356 500
356 499
356 743
499 743
499 565
499 684
499 591
499 542
812 790
71 595
803 267
687 334
687 783
25 319
25 672
693 569
771 742
569 482
569 599
569 470
569 538
569 710
569 333
569 976
569 749
595 1004
761 783
761 738
719 783
719 738
630 415
630 469
630 915
630 629
246 423
926 715
291 429
29 783
682 738
135 942
135 4
565 41
859 743
925 269
925 698
925 840
925 429
602 743
773 700
98 107
98 429
450 40
749 629
788 634
634 323
723 41
52 868
720 680
698 840
698 873
591 334
643 685
685 724
790 680
415 629
223 901
207 469
516 783
516 743
553 107
190 629
912 90
136 915
783 738
