617 714
617 75
541 923
541 173
150 415
526 360
526 629
660 784
0 732
175 849
175 5
175 670
990 424
313 765
313 256
143 580
143 872
143 796
966 347
966 933
966 935
966 171
927 607
927 592
231 607
231 698
515 134
978 167
978 35
978 547
978 188
978 301
978 614
978 421
978 988
978 141
978 957
978 851
978 469
978 795
978 552
978 817
978 207
978 424
978 493
978 954
377 607
377 605
377 423
818 438
818 58
191 415
343 303
920 656
920 915
920 530
920 274
920 280
920 851
648 517
648 762
648 267
648 256
648 885
6 75
159 72
159 38
159 40
159 712
159 450
159 495
159 565
955 540
955 773
955 427
955 311
955 925
955 873
955 987
575 232
581 692
581 135
737 537
686 577
428 915
428 316
607 591
607 483
607 499
607 75
607 687
607 334
607 184
607 91
364 624
547 24
306 229
306 659
833 415
656 301
656 190
309 1
922 362
424 795
30 356
30 765
30 936
30 135
697 855
697 540
697 925
697 311
248 157
248 550
248 915
56 749
56 193
698 540
698 245
698 840
698 873
698 764
365 14
514 103
485 854
871 628
5 107
951 569
951 214
951 338
1004 189
1003 291
439 168
332 500
702 842
702 14
702 644
220 75
220 415
220 65
180 958
945 75
245 624
113 854
530 718
530 891
530 267
530 629
530 24
817 294
381 362
381 327
586 356
586 383
586 684
586 854
586 267
586 984
454 401
454 592
454 429
454 291
924 14
924 199
406 15
406 12
765 356
765 915
765 936
765 214
308 748
308 926
268 291
535 854
535 75
535 684
165 31
165 401
823 854
854 444
854 61
854 517
854 722
854 369
854 62
854 513
854 551
854 250
854 646
854 542
572 662
572 372
558 458
558 319
558 207
558 844
558 318
558 321
558 216
558 499
558 956
558 684
558 48
77 556
77 260
517 478
517 186
517 256
517 112
517 61
517 267
517 684
443 550
443 53
443 546
443 662
443 193
832 788
832 103
556 369
573 868
112 267
112 256
112 631
249 470
216 321
532 335
24 891
24 629
540 987
502 569
502 718
393 184
769 742
199 592
199 644
462 75
168 416
168 915
168 472
147 40
147 214
53 75
53 923
171 933
952 200
933 347
107 118
398 712
977 153
977 418
977 996
366 972
918 758
918 499
950 103
416 356
416 260
416 602
416 256
416 868
416 912
416 762
605 228
605 569
605 333
605 693
605 293
605 470
923 500
954 469
193 714
193 830
193 629
846 629
774 947
401 415
401 429
401 291
256 478
256 186
256 356
256 267
409 470
546 550
706 663
134 592
320 843
321 704
321 499
843 407
106 634
718 591
718 915
718 404
718 866
718 334
718 916
718 246
718 687
718 980
718 708
663 223
493 629
984 762
260 790
894 629
644 14
644 506
588 987
48 684
48 672
48 499
795 421
782 500
379 568
631 561
631 629
890 714
890 500
696 360
149 101
293 569
534 64
534 174
980 915
392 838
167 862
167 274
692 135
865 90
628 135
280 629
762 356
762 868
762 185
704 458
704 743
704 684
157 915
157 684
157 542
160 630
160 629
482 569
472 859
472 915
472 743
624 329
164 174
164 420
164 548
15 680
15 422
15 731
229 483
82 135
322 64
891 629
891 190
870 135
303 103
189 236
189 75
132 842
862 569
862 638
75 135
75 2
75 670
75 334
75 550
75 223
75 915
592 98
64 612
561 629
26 40
712 40
712 450
844 499
369 263
731 422
1001 14
506 14
506 996
2 790
360 629
872 987
478 267
373 190
347 577
956 499
440 537
471 190
499 687
499 684
141 188
658 629
658 267
658 838
838 630
569 415
569 470
569 749
569 599
421 188
174 505
710 599
435 500
719 13
719 783
719 410
719 738
630 415
630 629
246 724
859 356
859 743
356 915
356 574
356 743
356 868
356 209
356 684
662 267
299 634
333 470
98 429
742 214
742 90
996 418
142 267
788 634
634 638
200 136
643 685
353 190
685 629
418 105
62 542
186 267
223 214
700 790
516 790
789 470
429 291
684 915
684 743
684 542
542 915
190 274
190 629
912 915
136 629
202 629
915 316
915 629
207 469
