617 714
617 416
617 334
617 550
617 923
541 977
541 16
541 951
150 415
971 200
646 542
175 275
175 849
175 737
175 670
990 424
313 256
966 66
780 735
95 531
695 450
557 927
102 534
231 607
231 540
231 764
231 987
231 698
231 462
231 338
515 500
978 167
978 35
978 547
978 188
978 301
978 614
978 421
978 988
978 954
978 851
978 469
978 512
978 424
978 795
978 817
978 207
978 141
978 552
978 493
377 422
377 718
377 605
377 716
191 927
233 105
233 443
233 692
233 591
343 322
343 663
159 912
159 220
159 500
159 923
159 940
159 738
159 214
159 316
159 62
159 802
614 141
311 697
575 66
305 743
305 472
605 789
605 228
605 693
526 629
526 362
526 530
428 915
428 136
428 61
428 316
607 40
607 629
364 236
364 105
364 582
435 782
435 500
306 742
306 229
306 771
833 720
833 462
456 97
885 256
133 602
133 256
900 568
900 450
309 514
424 207
424 795
424 658
424 421
30 294
30 166
30 256
853 322
853 223
866 423
248 2
248 530
248 915
248 684
248 450
56 157
56 591
56 692
56 915
56 502
56 687
698 540
698 245
698 840
698 873
698 764
84 97
514 735
881 516
485 927
125 534
951 506
951 273
951 707
951 923
951 171
1004 236
1004 977
439 77
332 782
332 500
702 199
220 75
220 334
220 65
220 749
32 977
32 718
857 915
272 802
272 595
272 450
530 356
530 915
530 360
530 450
530 160
530 280
530 685
530 684
530 157
530 493
530 586
530 658
530 891
530 630
530 629
530 24
746 334
746 591
746 692
746 718
746 935
381 107
381 327
586 383
586 500
586 915
586 450
586 334
586 684
586 984
66 45
66 52
66 782
66 227
66 986
42 534
166 416
166 500
406 731
764 582
765 356
765 104
765 214
765 648
654 650
638 324
165 31
165 401
165 344
165 915
165 67
772 75
772 609
772 454
383 167
572 450
510 534
522 61
294 256
622 534
112 803
443 742
693 122
399 46
532 670
532 335
24 136
24 629
540 697
540 955
540 193
489 534
137 771
925 697
925 429
690 236
707 680
707 880
707 609
326 318
147 416
147 278
107 980
977 153
977 1001
977 423
977 418
388 299
250 927
250 886
918 758
950 663
338 433
416 927
416 602
416 90
416 134
416 256
416 193
416 984
324 534
444 927
969 189
969 410
923 633
923 239
923 134
923 214
988 167
139 534
193 714
193 53
193 633
846 561
846 629
401 415
401 429
401 454
401 291
256 356
104 742
921 849
993 742
993 692
134 592
134 454
754 718
849 275
939 534
106 788
718 591
718 61
718 724
718 595
718 711
718 189
718 904
718 716
718 883
758 956
663 322
493 629
984 447
984 912
984 168
260 790
67 344
160 280
160 629
126 168
126 52
126 790
644 1001
644 90
48 684
64 534
782 500
631 629
890 714
568 700
568 450
149 423
659 742
659 229
487 534
534 562
534 322
534 206
534 477
534 154
980 464
184 423
167 851
692 742
692 775
692 334
482 569
482 531
280 629
157 915
157 684
157 450
823 927
8 90
8 731
472 912
472 743
822 735
565 723
779 423
316 915
316 278
15 422
15 731
609 927
609 633
609 454
851 469
851 188
337 700
337 927
337 735
337 322
891 274
891 267
891 353
891 629
927 90
927 369
927 65
927 854
927 513
927 542
927 592
101 246
101 423
232 168
77 168
189 569
189 410
784 742
784 317
716 423
75 334
410 569
283 2
592 98
592 454
592 65
731 915
731 422
795 421
561 629
293 700
293 724
1001 685
613 90
947 450
506 236
506 199
506 996
2 236
2 790
2 119
360 629
735 395
735 378
735 603
735 505
956 319
317 771
356 120
356 168
356 90
356 450
356 743
356 500
356 868
356 912
356 915
356 209
356 684
499 684
812 119
812 790
812 542
31 92
850 90
335 440
647 915
658 629
838 629
569 415
569 538
236 208
236 537
236 783
710 423
761 516
465 119
630 629
246 423
724 685
915 450
915 684
624 329
322 310
322 223
662 450
697 855
697 170
299 634
602 743
98 454
450 40
450 684
450 187
450 802
52 168
682 650
720 680
643 685
643 810
790 516
790 119
90 500
90 422
90 912
90 553
700 119
429 454
650 783
650 738
214 738
214 912
868 168
680 422
454 291
685 629
334 612
