963 67
617 687
617 214
617 586
541 173
541 738
737 335
971 915
646 178
646 62
175 5
175 275
175 335
175 532
990 915
313 416
313 126
143 32
143 696
143 410
664 335
95 987
102 534
231 245
231 987
231 698
231 624
231 994
231 738
111 586
978 167
978 795
978 630
978 851
978 159
978 188
810 107
810 7
810 335
377 630
377 586
671 159
191 90
233 245
343 322
343 663
159 742
159 209
159 915
159 663
159 329
159 743
311 987
575 782
575 77
581 936
581 720
581 135
879 322
879 223
201 335
622 125
622 559
622 510
526 530
428 857
428 915
428 838
607 742
607 591
607 534
607 502
607 61
607 569
607 127
607 334
607 531
607 316
607 692
607 718
607 612
607 687
607 98
607 65
607 483
364 987
547 469
497 281
427 540
141 469
141 362
833 720
456 720
900 546
900 362
96 788
96 638
96 223
509 420
424 421
424 469
424 207
424 795
697 720
56 280
56 987
68 987
514 950
954 469
881 928
881 761
881 14
125 676
5 335
713 107
713 98
951 572
439 416
332 782
702 506
220 772
857 915
245 540
245 698
245 987
113 854
530 891
530 630
530 629
817 469
817 851
730 126
381 335
644 506
644 199
644 491
644 738
586 356
586 310
586 447
586 334
586 267
586 126
586 684
586 157
586 168
586 743
586 573
586 517
586 687
586 542
586 535
586 984
66 227
66 45
166 157
166 704
45 227
908 765
908 602
281 905
764 698
764 987
765 104
765 762
765 602
654 682
654 650
268 98
268 291
268 633
268 454
268 117
535 684
165 401
165 344
165 207
165 67
165 915
165 316
165 142
383 720
383 732
572 862
77 266
77 699
77 2
443 152
559 299
693 178
216 321
532 107
532 553
532 335
188 469
188 988
540 832
540 987
540 955
540 698
540 329
540 994
502 118
502 178
769 742
670 107
670 335
577 58
577 458
304 441
304 720
168 416
168 52
168 782
168 912
168 966
527 720
432 987
707 98
58 338
78 506
326 146
147 416
147 454
53 416
565 723
565 704
952 344
952 915
422 15
582 987
977 1004
977 1001
977 418
977 423
388 299
388 334
927 416
250 886
250 416
918 458
918 844
950 303
338 987
404 506
404 372
416 260
416 256
416 949
416 52
416 266
416 912
605 789
605 228
444 471
923 738
953 915
953 374
808 335
846 67
774 947
401 415
401 429
401 454
401 98
401 291
409 506
423 184
921 738
832 955
832 184
134 98
134 592
134 738
320 236
321 618
228 362
843 407
849 275
849 987
361 987
939 223
587 720
758 956
663 90
185 987
984 762
984 126
67 561
67 344
67 207
597 738
83 771
985 335
48 684
596 568
795 421
795 469
795 207
782 472
890 316
278 98
638 534
638 223
955 987
659 742
731 15
731 870
441 4
980 236
980 709
980 851
980 335
184 710
167 90
167 469
692 135
628 720
290 40
704 362
157 684
482 987
482 178
482 531
957 469
28 987
979 512
979 738
316 415
316 915
316 629
301 469
15 680
851 709
362 421
362 371
117 98
82 720
433 987
871 720
546 450
107 236
107 898
107 98
341 915
232 52
566 40
199 90
784 742
517 684
592 98
592 454
38 322
844 672
293 724
293 711
251 987
1001 738
269 925
458 956
458 684
506 491
506 745
506 599
506 688
506 192
2 700
2 465
2 119
2 812
241 469
872 987
371 720
956 319
956 790
356 912
356 602
356 684
356 52
310 1
471 987
405 170
405 135
812 790
306 742
306 771
31 915
335 208
335 1004
335 643
335 118
335 464
335 867
335 29
335 468
335 553
335 537
335 236
335 688
647 915
170 855
170 720
771 901
771 742
421 469
236 1004
236 189
236 537
761 866
92 915
987 531
987 809
987 994
987 641
987 873
987 840
987 789
29 333
880 189
549 866
319 684
12 720
135 72
135 942
135 720
135 936
135 329
633 612
333 178
98 291
98 429
98 454
742 915
742 214
996 418
499 684
739 915
142 915
52 472
682 783
682 650
682 738
720 855
720 4
720 680
720 870
720 936
698 840
698 873
200 915
200 136
62 214
62 542
169 372
223 322
302 915
429 454
429 291
684 743
684 542
650 783
650 738
17 915
214 912
214 629
543 915
912 949
136 915
35 469
738 13
738 783
738 14
915 344
334 178
207 469
