301 978
321 565
191 692
229 742
229 343
229 469
229 790
541 199
541 979
541 738
541 951
851 167
851 469
851 547
851 188
851 552
851 978
851 696
362 854
362 866
337 479
646 513
646 369
646 62
295 178
175 246
990 165
990 428
197 32
124 250
659 784
101 246
966 347
780 950
445 288
231 698
231 245
61 718
672 918
232 700
232 168
428 31
428 915
428 857
428 316
428 200
77 912
77 260
978 167
978 35
978 547
978 188
978 614
978 421
978 988
978 954
978 957
978 469
978 512
978 424
978 795
978 817
978 207
978 141
978 552
372 404
372 595
372 169
199 506
784 901
784 83
784 771
784 306
784 863
565 41
862 178
343 853
343 223
343 70
343 663
343 150
233 245
283 483
6 178
561 846
561 288
607 334
38 700
38 324
699 912
413 900
413 935
413 746
844 696
844 918
293 716
581 936
581 135
581 890
858 991
16 832
1001 924
105 374
458 499
506 14
341 915
2 790
1003 707
360 936
373 190
141 469
103 977
885 74
885 586
885 984
347 577
900 662
96 638
0 178
956 918
424 421
424 165
424 795
863 789
853 890
356 416
356 472
356 168
356 912
356 209
356 730
356 746
866 718
310 477
310 46
479 275
479 890
812 700
812 746
812 790
812 119
264 40
264 245
306 742
306 374
31 165
850 546
850 650
335 107
335 700
335 810
335 119
454 429
454 268
333 178
658 280
648 946
161 239
951 630
951 42
951 832
1004 977
249 178
656 274
656 190
569 718
569 178
332 435
332 586
595 195
702 14
171 577
710 178
32 791
435 586
245 540
245 764
245 698
245 329
245 830
245 624
964 167
113 854
530 630
817 294
630 469
630 685
630 493
246 423
730 912
746 591
746 692
746 550
746 923
746 586
746 687
746 684
746 935
746 542
898 107
550 546
586 74
586 383
586 447
586 294
586 762
513 62
166 602
166 759
166 743
166 74
921 738
134 592
409 178
281 280
281 905
764 698
599 178
468 810
721 104
519 178
976 178
991 178
135 692
135 405
483 696
164 638
662 443
910 591
910 692
910 329
510 534
294 447
294 74
443 53
443 193
120 326
120 40
120 189
120 687
142 915
142 267
633 641
602 743
534 70
534 125
534 939
534 591
112 392
112 74
112 267
693 228
693 178
532 743
24 700
24 160
540 698
502 167
502 228
502 718
502 605
502 178
168 260
168 74
168 416
168 266
168 912
168 949
114 718
577 933
924 14
924 516
634 638
165 401
165 67
165 316
723 758
558 319
558 684
558 318
912 260
912 74
912 266
912 439
912 949
698 840
698 873
200 952
200 316
624 329
353 190
274 167
274 181
274 190
78 178
62 416
62 542
977 950
977 153
977 423
223 663
854 535
854 918
854 542
700 178
700 53
416 126
923 738
988 267
193 890
318 684
104 30
159 316
159 472
542 250
170 855
188 167
190 181
190 629
190 890
228 178
605 178
643 685
470 178
868 126
758 918
136 915
493 288
74 447
74 392
74 984
260 439
327 381
70 334
422 731
538 178
266 949
890 617
915 316
119 790
918 319
918 25
920 167
392 316
178 767
178 339
167 280
167 469
167 181
207 469
