703 90
963 67
617 720
737 275
737 849
737 175
971 200
646 927
175 275
175 849
175 423
990 658
990 31
143 8
95 769
95 987
695 40
695 159
557 168
102 950
102 510
231 540
231 245
231 987
231 769
231 170
207 561
207 469
207 847
207 795
207 67
207 92
207 658
207 953
207 136
978 167
978 35
978 469
978 188
978 141
524 510
377 522
233 692
233 769
343 427
343 53
343 663
343 229
343 223
920 630
920 90
920 190
229 769
229 306
159 769
159 56
159 334
159 609
159 214
159 927
159 551
159 220
159 500
159 940
159 283
159 290
159 542
614 290
311 697
311 53
311 987
575 472
305 912
32 569
32 883
526 658
526 629
526 360
526 530
428 31
428 122
607 356
607 334
607 546
364 506
364 769
364 987
547 658
547 954
151 253
461 506
562 510
833 549
656 658
656 190
953 658
424 847
424 795
30 356
30 765
30 256
697 540
697 170
697 855
697 925
697 873
770 927
242 540
242 994
56 53
56 987
56 410
56 641
68 987
365 118
485 927
253 290
253 566
5 506
951 769
951 171
226 90
439 77
332 782
332 500
702 977
180 958
857 160
857 316
245 427
245 987
272 40
272 450
530 360
530 160
530 630
530 685
530 629
817 658
817 294
746 692
746 935
847 569
847 408
847 482
644 506
586 782
586 517
586 854
586 294
586 166
586 984
674 517
674 803
373 353
66 227
166 416
166 500
166 782
166 294
166 743
166 984
45 227
590 147
590 926
281 127
281 896
764 582
764 987
765 742
765 214
765 868
654 682
654 650
381 327
650 682
535 927
535 500
535 823
535 542
165 31
165 401
165 316
165 67
987 361
987 955
987 582
987 849
987 531
987 482
987 872
987 251
987 809
987 433
987 197
987 338
987 994
987 641
987 540
987 511
987 873
987 588
987 432
987 840
987 28
987 789
987 772
383 528
383 589
558 684
558 499
510 489
510 427
510 622
510 322
510 139
510 939
510 174
510 206
510 477
510 534
510 125
510 154
522 718
862 569
443 602
443 662
443 86
443 152
443 769
443 214
443 743
832 710
585 561
423 977
423 101
423 246
423 710
112 700
112 110
693 538
693 605
532 335
532 516
24 658
24 647
24 629
540 994
540 193
152 769
114 127
322 420
670 506
577 147
168 416
168 472
168 77
168 912
168 500
168 126
147 40
147 686
147 933
147 972
147 27
147 290
147 308
147 926
147 347
147 230
147 285
147 277
147 171
422 15
422 731
716 249
716 127
716 149
977 1004
977 1001
977 796
977 497
977 418
388 427
551 927
250 886
250 927
587 720
408 658
416 294
416 126
416 868
605 228
605 502
605 470
444 927
431 988
988 469
988 188
139 323
808 468
193 880
193 435
193 306
193 739
592 927
592 98
592 454
846 629
774 947
401 415
401 429
401 454
401 291
563 731
724 127
724 1001
837 738
921 506
935 90
814 2
748 308
134 454
321 956
321 499
228 502
843 127
843 718
843 711
849 275
361 90
718 127
718 681
718 61
493 658
493 630
493 629
984 500
260 232
260 472
260 77
67 344
160 858
160 658
160 891
160 629
126 700
126 602
136 658
48 956
795 421
782 500
631 658
631 629
528 739
890 454
369 927
369 823
955 427
722 927
659 742
659 769
659 306
581 769
184 779
184 710
248 506
692 742
692 769
188 658
188 469
280 658
280 629
762 294
290 214
704 356
704 565
704 499
157 356
203 306
86 769
86 662
472 356
472 912
181 190
301 658
15 680
15 731
873 769
6 506
851 167
715 926
904 127
230 214
891 414
891 2
891 353
891 214
891 629
61 700
77 912
199 506
75 334
75 772
410 14
410 16
410 719
285 915
622 125
561 658
561 629
712 466
844 669
127 16
149 790
731 739
1001 685
835 769
947 450
506 996
506 29
506 769
2 769
2 790
360 658
360 629
374 306
944 267
682 783
682 738
356 602
356 569
356 912
356 334
356 743
499 723
499 956
499 565
306 742
306 769
31 200
31 92
850 738
335 29
647 658
658 35
658 92
658 274
658 167
658 142
658 629
687 334
687 65
249 1004
249 189
838 344
569 415
569 482
569 599
569 135
595 700
595 372
927 113
927 513
927 823
927 854
927 772
927 542
761 700
435 500
772 454
772 190
772 274
772 769
630 629
823 542
291 454
993 769
863 769
135 942
135 769
135 628
164 638
164 548
769 120
769 400
769 901
769 771
769 329
769 83
98 454
841 90
720 680
720 628
200 915
353 190
685 629
854 542
789 470
429 454
190 274
214 912
901 771
783 738
62 500
90 500
