703 443
703 90
963 67
617 609
617 61
541 506
541 90
541 586
737 175
971 200
175 1004
175 246
175 423
175 849
175 101
175 650
131 506
143 32
576 506
695 450
557 168
231 569
231 698
231 763
231 738
767 333
978 607
978 167
978 35
978 547
978 188
978 301
978 614
978 421
978 988
978 954
978 957
978 469
978 795
978 552
978 207
978 424
377 866
377 718
377 585
377 423
377 101
377 528
233 692
233 993
233 835
233 152
233 450
233 229
233 771
233 659
233 400
233 306
233 901
233 86
233 769
233 443
233 863
388 607
388 534
388 299
920 607
920 915
920 851
920 502
159 742
159 416
159 220
159 29
159 923
159 443
159 693
159 609
159 595
159 951
955 540
575 168
575 472
879 164
686 650
428 915
428 136
607 356
607 591
607 40
607 915
607 502
607 530
607 569
607 127
607 280
607 851
607 168
607 718
607 612
607 534
607 334
607 629
547 647
948 592
948 586
306 742
306 660
456 936
456 371
885 168
133 168
900 272
509 337
424 421
424 207
424 795
30 356
30 416
30 256
30 126
697 855
719 506
479 586
698 540
698 245
698 840
698 873
698 764
84 324
514 603
91 415
91 769
881 506
828 132
173 506
125 622
34 855
5 553
5 532
713 98
713 268
548 164
846 561
846 629
1003 609
1003 592
439 77
332 500
702 506
702 90
32 915
32 851
32 502
945 506
857 165
245 736
272 742
272 450
530 915
530 502
530 160
530 280
530 267
530 526
530 891
530 851
530 65
530 629
530 24
368 164
817 294
746 534
746 692
746 334
746 935
381 90
381 327
586 356
586 416
586 120
586 161
586 310
586 264
586 160
586 267
586 447
586 168
586 500
586 58
586 165
586 947
586 984
66 227
66 986
924 506
61 687
61 718
61 278
765 104
654 506
654 682
654 650
654 738
268 15
268 633
268 454
268 98
268 117
268 291
111 602
535 444
165 31
165 401
165 67
772 416
383 499
77 168
77 2
77 912
862 569
699 294
585 167
585 502
585 371
112 90
443 742
443 86
443 152
443 137
693 470
532 506
532 516
24 658
24 647
24 160
24 891
24 629
540 855
540 987
502 356
502 718
502 915
502 280
502 851
502 731
747 506
322 164
740 164
740 788
199 506
166 500
168 356
168 260
168 472
168 232
168 52
168 868
168 912
168 984
707 98
952 200
933 347
422 15
422 8
422 406
422 12
422 731
716 718
398 450
977 1004
977 1001
977 423
977 969
977 153
977 418
977 644
343 663
918 499
587 415
416 90
416 53
416 290
416 126
416 752
416 196
416 193
416 52
416 2
324 534
324 38
324 638
337 634
337 505
969 189
923 506
923 609
923 715
923 193
923 738
953 207
953 142
193 48
235 609
401 429
256 356
256 294
837 506
921 506
921 738
748 926
543 344
543 142
543 200
134 334
134 98
134 592
134 565
321 565
321 499
53 712
849 650
338 433
338 890
718 866
718 915
718 724
718 118
718 851
718 189
718 980
718 101
758 956
493 629
260 912
67 344
160 629
644 506
644 738
782 435
631 629
890 609
568 450
278 609
638 38
731 915
731 12
731 15
731 851
534 692
184 650
466 40
167 188
692 334
482 569
280 915
280 658
280 851
280 629
280 526
290 214
704 743
704 318
157 356
157 542
624 329
779 883
464 898
196 873
196 850
196 609
196 429
15 680
609 120
609 90
609 214
609 291
609 65
609 633
609 592
609 454
609 687
6 470
851 915
117 98
197 437
891 353
891 629
101 423
107 553
107 90
107 98
294 356
75 569
410 650
283 214
592 927
592 98
592 65
561 629
712 40
712 450
844 956
844 499
293 724
1001 506
979 506
979 738
506 738
506 508
506 850
506 783
506 14
506 657
506 437
506 13
506 653
506 996
506 327
506 516
506 270
506 761
506 745
506 682
506 650
360 629
241 207
356 90
356 569
356 743
356 602
356 912
356 209
31 915
850 90
647 207
658 629
687 334
687 915
170 855
838 267
569 415
569 470
595 214
927 542
435 500
742 591
742 214
630 415
630 629
246 423
940 214
922 1004
724 896
65 629
12 680
565 723
164 420
164 223
662 450
333 789
98 454
98 429
98 291
450 187
526 629
512 469
405 870
142 915
142 267
682 783
682 650
682 738
720 855
200 344
200 915
200 136
643 685
685 629
97 936
90 657
516 13
650 783
650 423
650 738
214 912
214 629
454 429
783 738
