703 135
703 772
963 67
541 657
541 173
541 16
541 951
737 175
520 731
526 561
526 629
660 772
0 569
175 275
990 428
990 424
313 765
313 256
313 30
143 159
966 347
966 933
966 935
780 950
780 514
780 603
927 607
927 120
927 90
927 196
927 948
927 821
927 444
927 722
927 515
927 609
927 65
927 752
927 823
927 191
927 75
927 147
927 592
927 250
695 450
102 125
231 170
231 245
231 736
231 540
231 873
978 795
647 915
647 428
524 125
377 866
377 159
377 423
377 530
377 457
377 127
377 630
377 101
377 731
377 65
233 692
230 193
791 32
229 483
918 73
159 742
159 116
159 712
159 923
159 517
159 62
159 987
159 586
159 716
159 535
159 629
955 540
955 987
955 427
955 925
955 311
955 773
575 168
575 260
575 912
581 135
605 569
201 107
32 433
686 157
428 207
428 915
428 857
428 136
428 200
607 692
607 184
607 890
857 17
948 592
497 977
306 772
833 462
133 765
900 742
900 196
309 38
309 939
509 388
509 832
509 132
509 96
509 299
509 634
509 638
424 421
424 795
30 356
30 765
30 472
30 168
30 912
30 104
697 540
697 83
697 771
697 855
697 873
697 925
697 311
248 135
248 483
56 994
56 65
365 118
514 103
514 603
514 303
514 950
514 362
91 1001
125 324
125 510
125 622
125 939
125 174
125 206
125 477
125 487
125 534
125 154
34 855
34 997
5 107
951 609
951 738
752 612
1003 443
332 435
776 502
180 829
180 215
945 462
664 335
113 535
113 542
530 891
530 493
530 629
530 24
368 223
817 294
746 692
746 935
847 165
847 207
586 168
586 166
586 648
586 267
586 416
586 294
586 984
586 535
586 743
586 462
343 322
674 112
674 267
42 638
462 591
462 692
462 278
462 923
462 334
462 189
462 223
462 687
462 535
380 712
45 66
590 171
48 73
765 648
765 214
765 743
83 443
381 107
381 731
381 327
268 291
535 823
165 31
165 401
165 344
165 67
165 75
987 540
987 531
558 73
558 207
522 772
862 569
257 592
573 772
112 267
443 742
443 662
443 772
693 569
216 73
216 362
775 65
540 840
502 569
502 214
502 890
830 692
769 329
670 107
670 851
166 743
168 356
168 416
168 347
168 472
168 77
168 912
168 260
326 772
171 347
952 200
713 98
713 592
713 291
716 718
716 19
398 450
977 208
977 1004
977 1001
977 418
366 73
250 886
618 73
950 303
950 103
416 782
416 356
416 602
272 742
272 450
923 890
953 362
139 323
139 423
193 940
846 561
846 280
846 629
401 429
401 454
256 472
724 31
724 685
837 13
921 327
921 738
517 743
832 38
832 184
134 592
134 454
320 107
321 73
228 569
53 629
939 38
939 474
338 65
718 61
718 542
758 73
493 685
493 629
984 447
984 294
260 912
260 77
260 762
67 207
67 344
894 629
654 738
277 844
795 207
795 421
631 280
631 629
528 609
890 714
568 495
568 771
696 731
696 483
12 720
12 731
735 603
980 107
184 333
184 423
184 393
589 290
692 450
692 214
692 65
434 73
628 135
280 629
290 253
704 73
704 458
704 743
157 743
157 542
160 891
160 629
472 356
472 305
472 912
822 603
772 120
772 637
772 61
772 75
772 609
772 783
772 823
772 454
772 912
772 854
772 687
772 542
671 65
609 239
609 454
6 569
6 249
337 603
82 135
481 73
891 414
891 630
891 629
891 24
101 246
910 65
107 208
107 236
107 898
107 335
107 468
61 602
232 648
77 912
566 253
73 41
73 499
73 319
73 672
73 458
73 25
73 679
73 723
73 318
73 956
73 684
73 565
189 249
189 410
75 850
410 14
410 719
592 454
592 98
561 629
712 40
712 450
127 687
1001 685
613 65
506 236
506 14
506 996
2 790
360 629
371 135
103 164
103 423
682 850
682 738
356 912
356 743
650 738
499 65
812 790
454 291
454 98
454 120
454 429
658 629
687 65
249 569
569 409
569 599
569 470
569 538
569 710
569 333
569 976
595 372
236 537
24 136
24 629
435 500
96 420
719 14
92 207
630 415
630 685
630 629
246 423
926 308
823 790
994 777
409 599
993 65
65 915
65 743
65 329
65 783
65 243
65 120
603 505
519 790
915 200
135 870
135 942
135 4
135 936
135 720
925 429
299 634
450 40
450 187
450 802
788 634
634 612
187 40
187 802
723 41
591 542
685 629
415 749
207 469
789 470
684 743
542 743
214 912
214 500
202 629
743 13
783 738
40 802
