703 443
703 135
703 771
963 67
541 977
541 506
541 199
541 644
541 657
541 685
541 576
541 173
541 738
737 335
526 360
854 927
854 535
854 362
854 542
0 569
0 32
175 275
175 335
131 738
365 32
365 189
313 294
313 256
143 544
966 347
966 933
966 935
95 540
95 987
695 692
695 187
695 362
102 174
231 540
231 2
231 987
231 698
231 185
231 738
111 362
978 167
978 35
978 547
978 188
978 301
978 614
978 421
978 988
978 954
978 851
978 469
978 424
978 795
978 90
978 817
978 207
978 141
978 552
647 915
191 415
191 253
191 948
233 692
233 90
233 450
343 84
343 663
343 159
920 280
648 294
648 765
648 416
272 900
437 738
159 356
159 4
159 692
159 809
159 629
159 290
159 214
159 731
159 62
159 167
159 433
159 940
159 912
159 935
159 220
136 857
136 629
924 738
955 540
955 987
955 427
955 925
955 311
955 773
575 439
575 260
575 168
575 77
581 72
581 942
581 135
581 936
201 107
201 292
201 189
201 335
180 727
686 933
428 90
428 915
428 31
488 568
364 540
364 582
364 987
547 362
948 859
948 416
948 120
948 459
948 267
948 126
948 65
948 927
948 674
948 803
948 75
948 112
948 165
948 392
948 592
948 629
948 890
373 344
516 738
141 188
833 185
656 67
133 765
309 1
523 374
523 306
58 909
697 855
770 927
652 189
56 540
56 290
56 987
68 540
68 987
84 534
84 663
84 388
514 103
808 335
292 718
292 502
828 14
485 927
124 535
125 174
34 855
34 135
34 997
5 107
5 335
951 569
951 976
951 502
951 772
664 335
332 250
332 318
776 687
776 53
776 591
702 738
702 106
702 644
220 75
220 105
220 334
220 749
220 65
552 188
32 170
32 572
32 19
32 381
32 843
32 418
32 236
32 977
32 777
32 432
32 433
32 249
32 380
945 738
857 915
245 540
245 698
245 987
113 927
530 629
530 360
530 891
530 280
530 493
530 24
772 75
772 120
772 609
772 454
381 14
381 643
381 335
586 294
586 166
586 462
674 112
674 517
746 692
42 402
166 602
921 1001
921 738
61 718
61 712
61 517
61 393
61 991
61 193
764 698
764 987
765 859
765 356
765 868
765 762
765 290
765 743
308 418
308 926
847 207
268 291
535 927
535 444
535 250
535 722
535 369
535 462
165 31
165 67
823 927
383 311
572 862
77 260
294 885
294 256
294 416
622 638
295 569
112 267
443 742
443 662
443 137
693 569
693 249
693 599
532 192
532 13
532 335
532 738
24 360
24 629
540 511
540 698
540 433
540 925
540 361
540 338
540 311
540 987
540 796
540 789
540 836
540 994
502 569
137 771
114 189
740 788
189 1004
189 6
189 595
189 470
189 236
189 718
189 410
189 904
189 716
189 249
189 462
495 568
462 591
462 223
462 923
462 687
462 334
462 449
462 692
168 260
168 472
168 868
168 232
168 912
168 126
432 987
707 880
147 890
171 933
933 577
933 590
107 464
582 987
716 249
398 450
977 1004
388 534
551 927
250 927
918 684
950 103
338 511
338 987
416 885
416 256
416 762
416 134
511 849
511 987
605 569
444 927
969 418
923 193
923 738
953 207
988 267
774 947
401 429
401 454
401 291
256 885
409 569
837 738
732 718
517 392
517 803
748 926
134 592
134 454
134 291
321 684
321 704
321 565
228 569
228 335
53 638
849 275
849 987
361 987
106 1001
106 185
718 915
718 904
718 980
758 844
236 335
236 185
663 410
663 362
493 207
493 360
67 344
67 207
597 101
160 360
715 277
126 356
644 738
588 987
48 956
48 684
48 704
48 565
596 450
185 915
185 762
782 500
379 568
631 561
631 891
631 360
631 629
890 280
568 198
568 660
568 947
278 940
311 987
722 927
318 684
293 569
534 64
534 174
980 335
184 700
167 207
692 334
692 769
692 624
628 135
251 987
280 915
280 360
280 851
280 629
704 684
157 926
8 544
482 569
482 987
472 356
472 912
28 987
565 859
565 550
565 684
316 915
671 334
6 569
851 35
851 90
851 274
362 369
337 870
337 505
82 135
433 249
433 987
197 987
322 2
891 629
985 335
510 174
870 135
232 912
553 335
566 713
303 103
199 738
862 569
840 698
840 987
592 927
795 207
561 360
712 450
844 684
844 499
369 927
731 680
731 915
858 700
1001 506
1001 685
1001 650
1001 738
979 738
506 881
506 738
2 700
2 790
360 658
360 629
872 987
371 135
173 738
654 738
270 738
440 537
650 738
306 660
31 658
850 738
335 208
335 1004
335 643
335 810
335 118
335 670
335 29
335 468
335 464
335 537
335 688
687 742
687 334
687 915
249 569
569 188
569 470
569 415
569 333
569 749
569 599
569 538
569 710
569 976
569 991
421 188
595 410
927 513
927 646
927 542
761 738
435 500
719 738
4 771
4 135
246 724
987 531
987 809
987 994
987 641
987 873
987 789
940 633
830 769
724 685
65 334
65 771
65 629
653 738
135 72
135 942
135 720
859 743
356 912
356 743
602 912
602 743
747 738
996 418
996 738
679 684
646 62
723 41
745 738
682 738
698 873
200 90
200 915
591 915
643 685
790 680
942 936
223 90
660 90
881 738
787 214
429 454
429 291
508 738
327 738
454 291
713 291
14 738
576 738
783 738
657 738
13 738
207 469
