963 67
963 890
541 173
541 738
737 175
971 915
646 423
646 62
646 542
729 377
175 275
175 849
175 532
365 393
313 356
313 885
313 232
664 107
664 335
780 950
231 698
231 738
386 25
767 333
978 988
978 214
978 629
377 457
377 866
377 246
671 738
191 415
191 416
191 692
343 950
343 322
343 329
343 663
343 223
648 885
6 333
6 189
6 716
413 692
413 196
159 844
159 500
159 290
159 407
159 214
159 851
614 214
955 427
955 925
955 311
955 773
955 28
575 782
575 232
575 332
575 77
581 742
581 855
581 135
581 137
48 458
48 684
48 672
201 107
190 373
190 656
190 274
190 181
190 353
526 629
428 31
428 952
428 915
428 647
428 92
428 953
428 349
428 316
428 200
607 334
151 290
151 253
306 742
306 229
306 90
306 374
885 416
885 256
885 294
885 984
309 1
58 909
30 765
697 855
248 506
248 90
652 107
698 540
698 245
698 840
698 873
698 764
91 415
292 135
485 62
253 290
253 566
5 107
439 266
439 912
332 782
332 232
332 250
50 559
220 90
32 718
857 165
857 915
272 40
272 450
530 891
530 629
730 356
746 334
381 107
381 189
381 327
586 356
586 546
586 573
586 687
586 334
586 762
586 214
586 267
586 166
454 416
454 401
454 429
454 134
454 98
454 193
454 291
42 612
166 416
166 74
166 765
166 232
166 762
380 440
534 90
281 491
281 90
765 356
765 209
765 104
765 762
654 738
125 622
535 369
535 823
865 90
987 840
383 720
383 362
558 844
558 318
558 321
558 458
558 565
558 956
558 684
558 25
77 266
77 912
77 699
77 416
862 118
443 742
443 152
699 232
559 622
559 634
559 402
112 356
249 716
532 790
24 629
502 538
502 333
502 519
502 228
502 334
502 118
502 178
393 107
426 122
670 107
670 553
577 458
168 949
168 790
527 785
952 915
952 136
422 15
422 284
977 208
977 1004
977 410
977 1001
977 423
551 62
587 415
587 720
408 915
19 333
404 595
416 356
416 868
416 912
416 126
605 228
605 693
444 369
444 483
969 410
923 738
953 915
988 167
808 107
193 338
846 629
846 67
774 947
401 415
401 429
401 98
401 165
401 291
104 425
356 120
356 90
356 687
356 472
356 334
356 868
356 214
356 743
356 126
356 52
356 912
356 209
921 738
517 459
517 267
134 683
134 291
134 98
134 738
754 716
320 107
849 275
939 90
718 189
718 61
718 687
718 724
718 101
493 685
493 629
67 344
67 207
67 561
597 738
881 516
126 633
644 738
185 762
266 912
631 629
528 138
890 465
890 178
568 239
798 692
676 622
288 629
980 107
167 851
692 415
692 334
692 329
782 232
628 135
280 120
280 629
290 214
704 743
160 629
86 40
86 90
86 662
472 743
979 738
316 915
316 838
316 214
316 165
316 200
196 731
15 680
15 731
720 135
720 82
720 731
851 214
362 538
362 135
362 795
337 942
337 97
433 189
442 899
891 207
891 629
985 107
101 866
101 246
101 423
61 591
61 334
61 127
73 684
189 410
189 716
189 127
716 410
561 629
844 458
844 684
127 724
127 16
369 62
909 867
1001 506
1001 738
458 25
458 684
506 173
506 29
506 90
506 599
641 994
360 629
103 423
440 90
440 537
812 700
812 790
31 165
850 783
335 107
335 208
335 90
335 810
647 915
803 267
658 629
687 742
161 626
25 684
421 329
236 107
236 537
710 599
761 516
435 500
122 915
630 629
246 423
898 107
513 62
150 415
994 214
464 107
29 107
29 333
537 107
537 423
863 790
135 942
135 936
135 214
135 178
769 742
662 40
662 90
275 327
333 178
98 429
763 90
742 771
841 90
996 738
468 107
142 915
723 41
165 344
165 136
200 915
208 107
591 915
643 685
685 629
482 531
854 62
90 40
90 107
90 657
810 107
810 7
700 638
516 738
553 107
429 291
542 62
1004 107
120 743
120 629
214 915
214 107
470 178
912 949
136 915
136 207
975 738
107 118
14 738
915 334
783 738
13 738
