703 214
703 306
703 771
963 67
541 506
541 410
541 738
150 415
150 322
526 629
646 250
646 423
729 377
0 178
175 107
175 410
175 275
175 849
175 423
990 165
990 92
990 971
990 428
990 142
990 424
990 31
990 469
990 647
990 349
990 857
990 302
990 136
990 953
313 294
313 52
143 422
966 168
236 537
695 40
557 609
231 607
231 738
231 830
231 987
231 624
111 586
111 573
978 188
647 971
377 506
377 696
377 718
191 120
191 90
233 692
233 214
230 147
230 933
230 577
230 951
648 356
648 168
648 602
648 472
648 868
648 782
648 765
6 609
6 178
355 147
355 933
159 214
159 915
614 656
614 469
614 572
614 685
614 547
614 280
614 274
614 954
614 267
311 987
575 472
737 440
686 147
686 933
428 31
428 173
428 915
428 349
428 971
428 953
428 189
428 200
607 742
607 702
607 589
364 987
547 469
948 356
948 75
948 112
948 674
948 517
948 803
948 392
948 267
151 253
373 190
969 410
306 83
306 784
306 771
306 659
306 374
885 782
900 813
900 272
900 746
96 420
58 120
58 909
424 421
424 469
424 207
424 795
30 765
30 936
30 743
697 855
697 170
697 83
697 771
770 880
770 250
248 135
56 987
68 987
514 977
91 416
808 693
808 90
881 804
881 828
881 924
881 516
485 854
485 250
253 566
253 290
5 553
5 670
951 214
951 663
951 239
752 220
101 246
101 423
332 782
776 609
220 890
32 506
32 534
32 791
857 609
857 971
857 915
245 830
245 987
530 891
530 629
817 35
817 294
817 469
746 813
746 692
746 687
746 720
746 668
746 935
381 468
381 107
381 327
586 383
586 74
586 416
586 687
586 762
586 609
586 267
586 126
586 168
586 602
586 500
586 782
586 912
674 112
674 74
166 383
166 74
534 343
534 70
534 609
732 118
61 517
61 718
281 506
48 458
48 319
48 558
48 956
48 216
48 25
765 104
765 762
765 425
83 771
767 178
535 444
535 609
535 250
165 31
165 401
165 344
165 67
165 971
772 923
383 362
862 502
862 4
862 909
862 178
862 724
443 742
443 687
443 602
443 743
559 420
832 423
573 984
573 294
112 267
249 506
249 393
249 178
532 804
24 891
24 629
540 830
540 987
502 605
502 724
502 228
502 693
502 609
502 178
925 987
670 118
924 506
924 14
924 410
168 356
168 416
168 232
168 294
168 949
168 790
168 472
168 868
168 782
168 912
432 468
432 987
587 720
907 912
78 53
78 178
147 933
147 590
147 972
147 926
147 171
147 347
147 577
147 931
147 285
147 277
147 890
171 933
171 590
75 416
952 971
952 200
933 748
933 590
933 972
933 715
933 926
933 157
933 347
933 577
933 931
933 285
933 277
107 335
107 468
107 609
107 214
582 849
582 764
582 987
716 718
977 208
977 1004
977 423
977 950
977 103
977 418
343 950
343 322
551 250
250 444
250 722
250 369
250 609
250 513
250 823
250 854
250 542
250 113
338 987
416 602
416 782
416 912
416 946
605 506
605 228
605 178
923 120
923 738
923 409
923 53
923 609
923 214
923 633
953 971
409 178
954 469
846 561
846 629
774 947
401 429
563 423
256 356
576 654
837 410
104 721
546 844
517 267
935 813
935 214
935 720
935 668
993 4
543 971
134 592
134 738
228 178
849 433
849 327
849 275
849 987
361 987
957 469
764 840
764 987
718 915
718 724
718 851
718 883
480 987
493 288
493 629
984 782
984 294
391 288
67 344
597 738
160 629
656 190
126 782
126 790
136 971
136 200
41 723
425 946
795 469
795 207
782 232
782 74
782 447
782 500
782 435
631 629
890 90
890 987
568 947
696 915
955 987
659 742
731 609
487 275
288 561
288 445
288 629
441 304
980 609
167 469
692 135
628 135
280 700
280 629
762 185
46 310
70 609
8 414
472 356
472 232
472 912
472 946
28 987
181 189
181 190
316 915
316 609
316 142
316 971
301 469
609 356
609 915
609 499
609 850
609 783
609 940
609 994
609 592
609 40
609 13
609 450
609 684
609 956
609 802
609 335
229 742
851 469
362 870
337 38
337 135
337 505
813 720
433 994
433 410
433 987
891 629
891 353
891 267
644 90
644 738
668 720
232 790
232 294
315 423
189 915
775 506
410 16
410 122
410 777
410 482
410 251
410 1001
410 153
410 994
410 650
410 76
592 98
592 454
561 629
844 458
844 25
369 423
293 4
295 178
251 506
251 987
1001 90
1001 738
458 25
506 414
506 13
506 16
506 90
506 996
506 158
506 114
506 199
506 783
506 14
2 267
2 142
2 790
2 500
360 629
241 469
872 987
371 135
103 943
103 310
103 423
310 477
471 190
499 684
141 512
31 971
850 90
335 468
658 629
687 915
687 500
979 738
693 178
771 4
771 863
421 469
95 987
710 178
435 500
719 738
4 135
4 187
4 863
630 629
246 724
246 423
987 531
987 482
987 994
987 641
987 809
987 873
987 840
987 698
987 789
513 423
931 214
971 915
971 17
971 142
971 92
971 344
971 349
971 302
971 200
724 188
599 178
976 178
991 178
135 700
135 942
921 738
565 684
356 743
275 479
633 809
602 743
333 178
996 418
450 802
468 90
468 14
468 810
512 469
739 915
142 915
142 214
142 267
187 802
200 915
470 178
353 190
274 190
790 700
790 267
854 90
207 469
188 469
188 178
105 418
214 912
704 743
35 469
873 840
454 429
341 915
538 178
14 13
685 629
783 738
178 569
178 339
40 802
397 738
