963 159
963 67
617 752
617 214
737 107
526 280
526 772
854 120
729 866
729 16
729 19
729 18
729 522
729 724
729 149
729 246
729 293
729 711
729 59
729 777
729 718
729 916
729 423
729 716
729 265
729 243
729 708
729 101
729 681
0 228
0 693
0 502
0 991
0 605
0 862
0 6
0 409
0 295
0 599
0 470
0 538
0 767
0 710
0 78
0 333
0 976
0 249
0 178
990 280
990 316
990 424
313 416
313 30
966 347
966 933
966 935
236 977
236 107
695 159
557 168
557 912
231 698
231 502
231 338
767 178
978 988
978 301
978 614
810 107
377 457
377 630
377 423
377 586
233 692
388 509
388 772
920 280
920 190
920 772
229 568
413 935
159 251
159 551
159 290
159 62
159 190
159 56
159 214
159 178
159 493
311 955
575 782
575 168
575 260
305 912
879 638
605 178
605 599
201 754
622 125
622 676
622 46
622 559
971 316
428 207
428 316
607 591
607 696
607 915
607 692
607 70
607 127
607 334
607 531
607 718
607 415
607 168
607 189
607 646
607 534
607 280
547 280
427 955
969 772
141 188
833 61
656 280
656 190
133 168
133 602
900 450
58 577
58 338
65 193
30 416
30 765
697 925
790 680
790 812
248 772
698 540
698 245
698 840
698 873
698 764
514 832
540 251
808 107
808 29
828 650
485 646
485 542
95 873
5 107
5 553
951 506
951 239
1004 107
1004 977
1004 921
1004 464
1004 114
752 416
1003 291
439 232
439 260
332 500
511 502
220 772
32 249
32 61
857 165
857 316
245 329
113 337
530 630
530 629
530 160
530 891
530 214
530 280
530 493
368 343
368 303
368 950
817 280
746 742
746 692
381 107
381 327
558 565
454 401
454 134
454 429
454 713
454 98
454 592
454 291
674 110
674 112
674 803
66 45
166 110
166 586
166 803
590 715
908 765
701 842
701 330
48 956
48 458
48 565
684 499
765 912
765 472
83 784
650 682
535 927
165 846
165 31
165 401
165 344
165 67
165 316
772 915
772 272
772 416
772 107
772 517
772 612
772 544
772 850
772 586
772 640
772 912
772 980
772 506
772 40
772 13
772 190
772 61
772 669
772 214
772 927
772 8
772 127
772 75
772 542
383 589
572 40
572 450
586 356
586 416
586 120
586 324
586 759
586 74
586 447
586 294
586 334
586 762
586 157
586 573
586 500
586 687
586 984
997 890
862 178
443 193
699 260
295 178
832 638
573 885
573 120
573 416
112 110
112 168
112 803
112 517
112 267
693 178
216 565
532 516
24 280
24 267
24 629
4 371
502 118
502 178
830 692
925 955
863 784
577 458
577 715
168 416
168 260
168 472
168 232
168 52
168 782
168 912
168 984
527 12
907 843
78 178
78 599
147 715
843 393
843 779
843 184
843 883
171 933
171 715
952 344
952 543
952 316
952 200
933 715
713 592
716 724
716 189
716 718
398 712
977 1001
977 418
977 423
470 178
408 280
110 803
416 356
416 120
416 232
416 260
416 890
416 472
416 687
416 912
272 40
972 715
923 193
953 316
954 280
193 53
193 850
846 561
846 280
846 67
774 947
401 415
401 429
256 478
256 885
256 648
256 186
256 104
256 517
256 267
409 178
837 13
837 738
423 1001
423 103
423 101
423 149
423 246
423 644
517 478
517 356
517 648
517 186
517 743
517 61
517 267
748 715
134 98
134 592
134 291
754 184
228 90
228 178
53 901
53 724
53 190
849 275
361 90
361 987
718 90
718 101
663 638
493 891
984 74
984 885
260 912
260 949
67 561
67 344
67 207
885 74
160 280
715 926
715 157
715 347
715 931
715 285
126 782
985 107
528 164
35 280
696 61
278 214
955 692
955 773
955 987
798 784
534 206
534 638
980 898
980 61
167 280
692 742
692 415
782 472
188 90
858 280
280 915
280 92
280 851
280 647
280 658
280 142
280 469
280 267
280 424
290 214
46 310
472 356
472 232
472 912
472 209
472 214
472 743
181 190
196 190
15 680
15 422
15 731
6 189
6 178
481 565
433 738
891 629
891 353
644 506
101 866
107 208
107 464
107 29
107 553
107 118
107 898
107 688
107 335
107 192
107 98
510 223
61 991
61 915
61 90
61 293
870 680
232 912
814 500
73 90
189 16
294 334
294 803
75 633
75 334
592 927
592 98
731 422
127 890
149 866
293 724
293 630
251 687
251 994
458 565
506 192
103 310
373 190
654 991
654 682
654 738
890 253
890 629
890 638
956 565
356 912
499 90
812 465
934 318
306 742
31 316
850 120
647 274
647 316
803 74
803 267
658 630
25 565
478 267
249 178
838 349
771 742
447 74
421 424
595 450
710 178
435 500
719 13
719 738
92 207
92 316
550 743
940 214
994 90
239 809
724 14
549 135
599 178
424 207
319 565
509 634
509 638
976 178
991 178
915 334
915 316
565 41
565 672
164 90
164 638
804 516
662 40
662 450
602 743
333 178
578 214
996 418
450 802
142 207
142 316
187 40
723 41
682 783
682 738
200 316
643 685
353 190
274 190
418 105
62 646
62 542
186 648
186 267
223 90
646 542
90 538
302 316
372 404
170 855
120 500
214 868
214 629
543 316
796 14
912 77
136 207
136 316
680 422
738 13
738 783
538 178
14 783
648 267
344 316
