703 951
617 720
541 977
541 586
971 200
660 90
660 159
0 569
0 470
175 5
990 31
990 200
313 885
313 984
313 30
313 765
966 347
966 933
966 935
780 106
236 506
236 977
236 189
236 537
236 208
695 159
102 174
231 607
231 698
580 976
580 791
111 586
978 167
978 35
978 547
978 188
978 301
978 614
978 421
978 988
978 954
978 851
978 469
978 512
978 424
978 817
978 90
978 141
978 552
377 607
377 630
377 731
377 530
818 438
191 415
191 752
191 749
493 630
493 629
343 663
343 587
6 569
6 470
159 72
159 669
159 923
159 609
159 334
159 214
159 38
159 713
159 8
159 586
159 720
159 629
159 565
955 540
955 925
955 311
955 987
575 260
581 936
581 248
879 75
879 322
879 132
605 569
605 470
180 217
180 829
686 577
428 136
428 316
428 200
800 62
607 75
607 334
857 915
857 136
857 200
547 846
547 362
948 165
497 491
833 850
833 609
833 462
885 214
885 586
133 416
309 106
431 188
58 909
58 586
65 334
65 784
65 220
30 356
30 765
30 936
30 135
697 855
770 927
248 157
248 492
248 550
248 502
248 586
248 450
248 915
248 762
248 135
248 595
56 692
56 749
56 531
698 540
698 245
698 840
698 873
698 764
365 14
264 586
91 75
954 207
485 854
485 927
485 62
125 174
34 855
5 107
951 609
951 338
846 561
846 629
702 90
702 670
220 75
220 334
220 749
32 693
32 90
664 380
245 624
113 854
113 927
530 629
817 167
817 421
817 424
817 207
381 643
381 327
586 762
586 196
586 160
586 479
586 214
586 267
586 157
586 573
586 868
586 854
674 112
462 280
462 629
380 440
281 731
765 936
765 648
654 991
268 98
535 854
535 927
165 31
165 401
165 207
165 915
165 200
772 75
772 120
772 609
772 454
558 321
558 207
558 499
510 174
77 912
77 260
862 569
862 189
862 791
862 502
862 470
443 742
443 137
295 569
585 870
573 416
573 868
693 569
693 228
693 433
693 470
532 335
775 157
422 680
502 569
502 538
502 470
769 742
769 229
769 692
740 106
199 506
168 232
168 260
707 680
707 880
707 609
707 98
326 587
147 926
952 200
933 723
107 440
107 980
107 75
107 687
107 98
107 118
107 553
107 670
582 105
398 712
977 1001
977 418
551 854
551 927
250 854
250 927
918 758
950 103
950 663
543 200
416 356
416 762
416 472
272 40
272 214
324 700
444 854
444 927
923 197
923 880
923 75
923 609
923 334
923 214
923 53
923 890
953 92
953 207
953 200
139 106
139 174
808 569
193 290
235 609
752 120
752 850
774 947
401 415
401 429
401 454
401 291
409 506
409 569
409 470
546 609
546 550
546 48
546 844
832 174
993 362
134 98
134 850
134 592
134 454
321 704
228 569
228 470
53 569
53 290
718 866
718 724
718 708
718 716
758 956
925 429
663 223
185 850
185 353
894 629
715 926
644 506
644 14
644 650
795 424
584 680
631 569
631 561
631 629
890 609
890 500
278 98
722 854
722 927
659 742
692 334
482 569
280 629
280 851
762 915
290 253
704 723
704 684
157 844
157 915
157 542
160 629
823 854
823 927
472 356
472 859
15 731
609 90
609 239
609 291
609 214
609 927
609 633
609 454
609 197
229 742
229 469
229 106
229 483
117 98
871 628
101 423
713 98
61 854
566 253
189 1004
716 118
716 16
75 850
75 127
75 334
592 927
592 98
592 454
561 629
712 466
844 684
369 854
369 927
731 680
731 915
731 720
731 284
782 435
458 25
2 956
2 790
360 629
995 334
356 209
550 743
499 684
812 700
812 790
31 24
31 200
335 464
335 790
647 200
658 629
687 334
249 569
249 470
569 470
569 415
569 333
569 749
569 90
569 599
569 538
569 710
569 976
569 991
421 424
927 513
927 646
927 854
927 542
710 470
24 629
435 500
630 469
630 790
630 629
630 188
246 724
246 423
926 577
513 854
537 440
599 470
424 207
915 142
915 200
915 136
135 936
565 723
322 223
662 267
662 466
602 743
333 470
98 454
98 291
742 214
996 745
996 418
450 40
450 802
526 629
142 200
646 854
106 1
200 17
200 344
200 316
200 302
200 136
643 685
685 629
418 105
418 331
186 267
854 120
854 62
854 542
789 470
429 454
542 62
120 291
120 454
470 538
136 629
202 629
454 291
334 749
334 329
869 267
90 802
