169 404
703 4
703 863
711 718
873 987
6 208
6 0
6 178
802 568
802 450
474 38
474 939
737 275
737 849
737 175
362 969
362 168
362 189
362 491
362 637
362 383
362 343
362 517
362 16
362 450
362 371
971 200
646 62
729 377
729 101
0 249
0 178
175 275
175 246
433 987
990 482
197 746
313 447
313 294
891 445
891 353
891 629
891 530
101 377
101 246
101 423
713 592
702 506
702 14
695 450
231 987
61 687
61 692
61 178
61 718
870 746
232 425
232 946
232 472
767 178
814 500
978 167
978 280
978 920
978 851
978 502
377 866
377 718
377 16
377 457
199 90
199 924
199 996
304 317
565 956
294 586
294 416
294 74
294 256
294 885
294 447
294 817
343 950
410 977
410 189
410 969
592 98
592 609
592 454
731 189
731 746
795 421
795 207
795 424
38 832
38 322
38 309
38 939
712 40
712 500
712 90
712 450
416 447
416 214
416 168
537 236
807 120
369 485
311 987
293 120
581 855
581 936
581 135
295 178
251 987
190 373
190 656
190 274
190 181
190 353
271 746
428 31
428 189
428 857
428 316
947 450
800 62
506 90
506 996
364 987
2 577
497 773
872 987
306 229
306 134
306 790
306 523
103 977
103 423
656 658
133 602
443 662
443 86
96 388
96 559
30 765
585 528
356 743
220 90
220 772
310 477
248 157
248 90
56 987
698 987
84 64
514 977
606 482
850 772
335 464
454 429
112 74
125 622
573 74
573 586
951 245
170 855
170 135
249 724
249 189
249 178
838 952
838 267
838 136
264 329
569 178
332 435
332 500
50 559
50 402
595 189
95 987
710 178
865 772
857 316
435 267
435 586
435 500
334 591
334 120
334 693
334 322
780 977
245 987
530 629
530 493
291 429
817 274
630 280
630 353
630 629
246 724
246 423
926 748
926 90
926 715
550 834
381 327
338 987
987 582
987 531
987 482
987 955
987 809
987 361
987 480
987 994
987 641
987 540
987 925
987 764
987 432
987 840
987 28
987 789
987 849
987 68
987 772
586 74
586 500
586 447
586 762
586 267
513 485
75 178
746 214
746 668
746 135
746 542
464 90
464 532
924 996
908 425
409 178
281 90
946 425
946 472
764 955
599 693
599 178
892 142
765 602
765 104
765 425
765 743
963 67
863 790
519 178
535 722
976 178
976 502
991 178
135 942
135 628
135 830
676 622
383 887
64 534
997 90
997 772
77 168
299 322
299 559
862 178
862 502
622 559
559 832
559 402
559 420
142 90
602 743
471 105
534 388
534 939
333 178
693 605
693 502
693 178
693 791
772 178
772 843
772 544
772 718
532 107
532 553
841 274
841 214
587 720
502 280
502 185
502 178
996 418
450 187
322 388
322 638
189 718
189 24
166 759
166 74
166 743
78 178
147 931
147 90
485 62
200 952
200 344
200 316
200 136
200 543
952 267
74 392
74 126
422 696
233 692
790 104
790 868
415 107
415 429
388 638
950 977
950 663
207 67
470 178
13 90
605 228
605 178
516 90
516 743
553 107
401 429
724 866
171 214
935 214
935 696
935 90
542 823
1004 977
775 692
754 718
340 743
228 178
214 720
718 716
423 977
136 915
67 344
881 90
126 782
24 629
107 90
538 178
425 472
782 500
379 568
274 167
915 90
392 267
178 339
178 629
