963 67
617 415
617 586
541 506
541 199
541 1001
541 996
541 979
541 173
526 280
526 629
854 586
854 542
729 377
0 178
175 832
365 14
313 294
313 74
143 669
966 168
966 347
780 832
95 987
557 168
231 416
231 987
231 582
231 994
231 698
231 863
580 178
767 178
978 167
978 35
978 547
978 188
978 301
978 614
978 421
978 988
978 851
978 957
978 954
978 469
978 512
978 424
978 795
978 552
978 817
978 207
978 141
978 316
377 2
671 191
745 1001
191 752
191 692
233 692
366 558
920 280
920 546
920 188
229 194
229 483
53 940
413 935
413 746
159 912
159 40
159 712
159 29
159 251
159 290
159 214
615 843
311 987
48 558
879 740
324 534
201 843
194 901
194 769
194 863
971 915
428 189
428 915
428 990
428 160
428 857
428 849
428 316
607 696
364 987
364 248
547 862
547 280
547 851
547 293
373 207
141 421
141 469
71 595
885 294
885 166
885 74
885 586
885 984
133 74
900 161
96 638
424 421
863 742
863 90
697 925
790 812
790 77
248 506
248 746
652 843
56 540
56 994
56 987
56 531
698 540
698 245
698 840
698 987
698 264
698 873
698 764
990 857
990 915
990 316
514 832
91 742
91 915
91 570
91 343
91 307
91 638
808 473
635 843
881 14
828 1001
485 250
485 542
16 843
125 622
125 832
243 61
951 388
951 923
951 214
951 638
951 724
439 912
439 168
332 232
332 782
332 74
50 106
702 1001
220 120
552 851
32 862
32 280
32 739
32 178
32 214
857 915
857 214
857 165
857 316
884 843
245 540
245 987
530 280
530 189
530 915
530 502
530 891
530 851
530 630
530 629
530 24
368 322
746 534
746 692
746 935
558 41
558 499
558 321
558 618
558 319
558 704
558 918
558 758
558 458
558 25
558 844
558 434
558 216
558 679
558 672
558 723
558 318
558 956
558 684
558 565
166 74
166 586
166 416
166 447
166 743
166 883
490 843
546 923
546 550
546 197
546 447
546 609
908 765
281 178
106 740
765 425
650 1001
165 31
165 401
165 915
165 67
165 316
165 267
772 404
772 693
772 915
772 316
383 421
383 732
572 414
572 178
586 447
586 74
586 168
586 912
586 984
586 267
997 316
77 912
77 762
294 74
294 256
294 416
294 447
294 984
622 832
622 676
622 559
487 832
573 74
112 267
693 120
693 178
399 76
41 73
41 723
540 987
502 189
502 188
502 388
502 862
502 280
502 178
502 718
393 843
769 742
740 788
199 506
199 850
199 979
199 1001
199 996
577 686
924 1001
168 356
168 260
168 74
168 232
168 912
168 209
168 949
432 987
707 680
707 214
907 843
78 178
147 316
279 843
952 915
107 316
582 987
977 236
977 1004
977 832
977 409
977 178
977 418
343 223
250 886
543 915
543 316
404 688
416 912
416 316
416 126
605 178
605 599
969 178
923 197
923 915
953 915
953 178
139 832
139 477
193 633
846 629
774 947
401 415
401 454
256 447
256 759
256 74
409 178
837 1001
104 425
423 127
423 832
423 246
423 184
732 843
517 267
517 61
935 696
832 319
832 710
832 513
832 936
832 216
134 356
134 214
754 843
320 843
321 618
228 178
843 591
843 38
843 999
843 883
843 718
843 184
843 522
843 426
843 711
843 259
843 407
843 779
849 987
361 987
764 994
764 987
718 61
718 716
718 724
718 178
718 711
480 482
758 723
236 537
185 554
984 74
260 912
67 561
67 207
67 344
160 915
160 629
126 868
277 700
493 685
493 629
493 24
379 568
631 280
631 178
631 629
890 633
568 678
278 915
955 987
731 422
731 15
731 189
310 103
534 591
534 90
534 70
534 862
980 464
980 335
392 316
76 1001
76 74
167 851
692 624
692 61
188 656
188 862
188 280
188 178
280 561
280 360
280 851
280 647
280 388
280 915
280 629
280 24
762 912
290 214
290 566
823 542
86 662
472 232
28 987
979 1001
316 915
316 40
316 127
316 544
316 31
316 850
316 17
316 987
316 647
316 178
316 629
316 190
316 838
316 302
316 214
316 499
316 142
316 92
316 136
316 927
316 344
316 612
316 720
595 169
595 189
595 450
595 883
15 680
15 422
609 880
609 214
6 178
362 371
337 638
433 789
433 987
433 482
891 24
891 267
891 353
891 629
644 506
644 491
644 1001
101 246
61 356
61 687
189 410
189 915
189 883
189 24
716 724
716 178
840 987
862 538
862 178
862 293
443 662
795 207
561 629
712 40
712 214
844 956
293 724
293 178
295 178
251 987
1001 506
1001 996
1001 724
1001 685
1001 14
458 684
506 996
506 14
506 850
360 178
360 629
241 302
872 987
956 684
624 329
356 912
356 743
550 13
31 915
31 178
850 783
335 118
647 915
647 24
658 629
687 915
25 386
249 178
569 178
173 14
710 178
465 119
24 629
435 500
719 738
92 915
949 266
630 267
630 629
246 724
338 415
338 987
987 531
987 482
987 809
987 994
987 641
987 925
987 873
987 789
987 68
940 214
883 915
491 178
239 214
29 178
724 796
724 14
724 685
724 178
993 90
599 178
30 936
519 178
976 178
991 178
915 17
915 302
915 136
915 142
915 344
915 200
483 629
299 388
275 142
602 743
288 629
333 178
388 90
187 267
720 628
74 648
74 447
74 912
74 266
353 190
40 214
685 178
685 629
418 105
62 646
62 500
62 542
415 334
700 267
1004 178
454 429
531 809
531 482
470 178
796 14
738 783
422 178
538 178
14 783
178 339
