703 306
703 135
963 67
541 924
737 175
737 532
526 629
854 927
0 90
0 178
175 275
175 849
175 532
990 482
990 316
143 32
966 347
95 987
231 607
231 170
231 245
231 840
231 987
231 540
231 969
231 624
767 178
978 167
978 614
810 980
810 90
810 381
377 101
377 243
671 2
343 223
920 167
920 630
920 190
6 189
6 178
159 923
159 56
159 607
955 987
575 782
581 135
201 362
971 316
971 200
428 915
428 61
428 838
428 450
428 316
428 200
607 167
607 591
607 969
607 499
607 299
607 334
607 329
607 731
607 415
607 75
607 250
607 333
607 646
607 687
607 528
364 987
547 167
151 253
427 329
656 190
900 742
900 272
900 61
900 450
922 383
65 178
866 2
866 951
770 927
248 591
248 692
248 329
56 923
56 329
56 987
68 987
540 697
540 245
540 214
540 987
954 362
828 132
173 506
485 927
5 107
5 491
5 849
5 532
951 923
951 322
951 572
332 782
511 987
702 506
702 690
220 75
220 383
220 471
32 754
32 61
32 114
32 281
32 724
32 718
32 189
32 716
32 249
32 862
32 280
857 316
857 17
245 987
113 927
530 160
530 280
530 891
530 629
746 692
746 214
746 935
381 14
381 327
381 670
381 532
670 532
586 500
586 294
586 762
586 435
586 166
586 267
674 537
166 232
166 362
921 506
921 657
281 280
764 987
268 98
268 592
535 927
535 369
535 444
535 823
165 31
165 401
165 316
165 67
987 531
987 872
987 582
987 311
987 482
987 361
987 251
987 809
987 433
987 338
987 994
987 641
987 873
987 432
987 840
987 28
987 789
987 849
383 887
383 646
383 940
383 229
383 532
170 135
443 742
443 662
443 86
443 152
295 178
819 329
693 178
532 491
532 29
532 1004
532 820
532 553
532 118
532 898
532 688
532 808
532 335
24 647
24 629
422 15
4 135
502 700
502 591
502 718
502 118
502 178
925 697
199 506
462 334
707 98
78 976
78 178
952 316
107 192
107 98
107 1004
398 712
398 61
977 1004
977 189
977 410
977 423
977 996
977 497
977 1001
977 153
977 418
388 534
551 927
250 927
250 886
950 402
543 316
272 568
272 662
272 379
272 61
605 228
605 178
444 927
969 178
923 738
923 278
923 90
923 687
923 53
923 890
923 609
846 561
846 67
846 629
774 947
401 415
401 98
401 429
401 454
409 178
546 550
517 61
748 700
748 926
134 98
134 592
134 454
228 178
53 609
53 890
718 61
718 534
718 135
718 542
493 301
493 629
984 435
984 267
260 762
260 77
67 344
67 207
160 629
267 435
126 74
644 506
644 996
48 684
596 662
795 207
587 720
584 284
379 568
631 629
890 633
568 450
568 947
311 697
722 927
659 229
659 771
731 15
310 103
676 46
980 479
167 469
167 207
782 232
782 435
628 135
280 629
762 168
290 253
46 1
86 742
86 662
472 61
565 684
316 90
316 17
316 302
316 92
316 214
316 142
316 31
316 344
316 647
316 915
316 136
316 200
15 680
873 624
229 241
229 469
851 469
851 61
362 318
117 98
82 135
433 738
924 506
924 14
891 360
891 629
891 190
927 369
927 513
927 646
927 823
927 542
927 592
101 423
713 98
713 592
61 356
61 742
61 915
61 450
61 2
61 469
61 602
61 293
870 135
566 253
189 236
862 118
862 178
75 415
592 454
592 98
561 629
815 29
909 58
1001 506
506 13
506 996
506 783
506 14
506 682
360 629
371 135
103 423
373 190
956 790
356 74
550 595
650 745
31 915
31 90
31 190
658 629
687 500
249 178
236 537
236 29
710 178
761 783
435 500
772 120
630 469
630 629
246 423
823 513
291 98
291 454
239 542
599 178
976 178
991 178
164 638
697 855
679 684
333 178
98 429
98 454
996 153
996 418
450 40
450 802
739 341
187 40
720 680
720 855
720 936
200 341
353 190
274 190
418 153
62 646
646 178
207 35
372 609
181 190
429 454
454 609
470 178
341 915
538 178
685 629
