703 784
6 249
851 978
362 901
362 316
362 502
362 542
337 505
950 103
950 977
950 514
82 784
126 586
126 30
990 31
990 424
313 232
673 91
910 995
910 334
910 329
780 103
780 977
780 514
557 168
231 698
61 718
61 991
522 854
978 167
978 469
978 188
978 614
978 141
199 506
199 979
199 1001
199 924
784 901
784 742
784 306
784 863
132 388
862 32
343 663
648 602
293 724
293 718
902 280
413 935
413 746
159 32
159 662
614 991
311 697
311 955
731 334
581 936
581 267
150 454
879 322
858 165
858 454
858 991
1001 506
1001 516
428 915
428 316
428 857
428 302
428 136
428 200
506 249
2 236
373 207
833 415
103 977
103 378
103 423
103 514
427 955
900 742
723 499
723 565
192 381
922 454
956 499
956 890
424 421
424 207
424 795
30 790
175 849
356 912
356 743
356 721
866 423
775 692
775 329
550 546
550 743
926 890
499 41
812 790
514 977
514 378
91 454
141 512
141 469
141 630
881 432
335 236
647 915
658 846
687 746
374 105
374 957
374 953
782 416
1003 334
838 267
656 630
447 416
447 586
421 795
332 435
332 586
595 214
595 372
761 928
761 783
32 977
184 883
245 698
181 1004
817 469
630 142
77 912
77 168
246 724
730 868
746 742
746 591
746 718
746 534
746 223
746 214
746 692
746 935
327 275
987 809
558 207
558 684
674 166
883 225
166 416
166 74
166 586
166 294
166 392
239 988
724 718
880 416
764 698
599 178
765 104
765 721
654 991
654 738
847 207
863 454
318 684
535 854
165 401
165 316
165 454
135 936
135 720
483 249
565 41
925 697
925 955
662 214
586 294
697 855
294 885
294 74
294 416
556 912
556 949
556 168
602 743
602 721
773 955
573 74
310 477
98 401
693 228
693 502
693 178
693 791
540 53
540 955
540 698
502 118
502 178
512 469
322 334
142 915
142 267
924 14
646 485
168 260
168 266
168 912
168 949
168 790
432 482
707 416
720 587
187 40
200 136
591 718
74 759
353 190
422 680
582 329
233 692
233 329
62 416
169 372
415 401
415 316
388 832
551 250
250 886
207 35
207 469
207 795
207 136
207 988
207 493
207 954
700 267
416 90
416 890
407 843
953 915
401 429
401 454
401 291
378 977
698 840
698 873
837 783
546 743
684 704
1004 977
190 334
543 454
868 790
249 178
912 439
912 949
136 160
160 629
267 704
873 955
454 90
454 429
454 890
266 949
743 721
783 738
392 316
692 329
