464 90
50 402
321 499
671 738
963 67
617 923
617 214
541 506
541 410
541 738
851 978
851 530
526 629
992 935
0 569
0 693
0 249
175 275
175 410
433 410
990 316
990 957
197 326
197 32
313 885
313 294
891 629
891 530
668 935
107 980
231 698
231 738
767 569
767 693
77 260
377 866
377 16
199 506
199 644
784 742
191 692
294 817
294 648
294 126
75 546
840 698
285 571
6 569
6 693
561 846
561 629
561 67
413 935
159 713
159 62
369 646
369 263
405 870
731 680
731 422
731 571
581 932
251 410
16 866
16 410
1001 506
1001 14
1001 410
1001 738
883 90
2 700
971 543
428 316
769 742
506 866
506 996
506 738
506 14
506 173
506 644
835 742
360 629
949 556
306 742
306 790
631 629
885 571
900 571
270 502
723 41
571 742
571 870
571 161
571 450
571 530
571 160
571 776
571 62
571 277
571 394
571 534
571 663
571 684
571 935
571 542
195 896
863 742
863 83
356 104
356 90
697 855
697 540
697 83
697 925
697 873
609 592
229 742
499 48
56 482
812 790
514 323
31 165
31 316
245 698
828 745
335 90
454 401
454 592
112 790
658 629
915 316
867 236
249 569
249 693
249 716
838 543
569 228
569 862
569 78
569 295
569 470
569 339
569 333
569 693
569 178
569 605
569 502
569 409
569 599
569 538
569 710
569 519
569 976
569 991
421 795
421 239
595 372
710 693
422 284
857 200
435 782
435 267
435 586
719 738
772 923
772 200
122 410
113 535
530 629
530 630
530 935
630 700
630 920
630 629
630 24
246 866
746 935
837 410
837 924
101 866
586 168
586 759
586 111
586 500
586 214
586 126
586 984
513 646
926 715
994 410
924 410
924 644
239 214
409 693
281 905
993 742
599 693
83 742
721 648
721 532
650 410
777 410
976 693
921 738
429 401
322 706
814 500
862 693
443 742
443 677
443 86
275 849
764 698
573 260
333 693
333 605
98 401
693 228
693 605
693 502
693 78
693 470
693 538
693 178
532 13
24 629
742 692
742 400
742 152
742 659
742 901
742 86
540 698
502 605
502 178
502 118
996 738
979 738
800 62
189 181
168 260
168 759
168 126
147 214
698 873
200 344
74 126
214 334
214 692
214 534
214 544
214 290
214 62
214 542
274 920
716 866
716 149
716 980
692 798
62 646
415 401
90 625
90 260
969 410
923 738
923 193
923 528
953 957
592 209
846 629
846 67
401 165
401 291
256 104
789 605
542 500
748 715
759 126
134 738
228 605
718 980
423 866
912 782
866 149
493 629
975 738
260 648
67 344
67 207
67 165
597 738
160 629
126 648
644 738
410 167
410 482
410 153
410 76
14 738
685 629
783 738
392 316
167 469
13 738
165 344
165 316
