703 771
963 67
617 75
617 334
617 720
617 833
617 573
541 702
541 199
541 16
541 996
526 280
526 629
646 927
646 854
0 732
0 178
175 275
175 849
990 316
990 424
313 232
313 256
966 347
966 933
966 935
236 1004
236 980
557 949
102 510
231 607
231 819
231 867
231 2
231 987
231 233
231 698
231 738
767 178
978 547
978 188
377 457
377 127
493 795
493 629
233 245
388 534
388 638
920 851
920 190
229 306
558 956
159 40
159 712
159 844
159 450
159 671
159 56
159 334
159 983
159 214
159 802
159 787
159 53
212 214
955 540
955 987
575 782
575 912
581 855
581 443
581 594
581 135
4 362
971 316
428 214
428 915
428 316
607 591
607 758
607 107
607 280
607 329
607 692
607 299
607 178
607 671
607 850
607 189
607 397
607 334
607 629
364 582
364 987
364 220
547 207
547 362
547 241
547 421
547 280
547 424
547 957
948 454
151 253
373 190
306 742
306 659
71 595
656 190
133 416
900 742
900 40
900 746
309 1
58 909
424 795
30 765
30 936
30 209
30 868
697 855
697 540
697 925
697 311
697 720
770 927
841 245
56 987
698 540
698 245
698 840
698 873
698 764
264 540
828 702
828 738
485 927
485 542
95 987
5 107
5 491
951 534
951 245
752 120
439 168
439 416
439 104
439 912
332 318
332 500
511 987
220 692
220 450
220 75
220 764
220 482
32 280
32 337
32 791
857 316
857 362
245 692
245 987
113 927
530 160
530 891
530 267
530 629
368 322
746 534
746 692
746 935
847 207
847 482
586 294
586 984
586 868
343 534
674 392
674 267
116 712
166 782
166 126
732 29
281 905
764 540
764 582
764 987
765 104
765 936
654 682
654 650
654 738
381 506
381 14
638 334
535 927
535 854
535 722
535 369
535 444
165 31
165 401
165 344
165 207
165 67
165 316
772 454
383 720
572 466
910 591
910 692
910 329
997 75
77 266
77 912
77 2
77 949
294 762
443 742
443 152
295 178
257 454
736 692
693 178
532 491
532 516
24 31
24 280
24 629
540 329
540 840
540 987
540 311
540 925
540 624
502 700
502 228
502 178
199 644
577 686
168 416
168 260
168 266
168 472
168 52
168 912
168 782
168 949
432 987
707 98
939 510
78 976
78 178
78 599
147 686
147 171
843 779
843 184
843 883
952 344
952 316
952 838
933 347
422 731
422 152
582 987
582 329
398 712
230 193
551 927
250 927
918 458
338 987
239 214
416 260
416 232
416 126
416 415
416 256
416 868
416 266
416 912
416 517
272 40
272 450
605 178
444 927
923 591
923 278
923 214
923 738
988 188
139 510
954 362
193 53
193 61
846 561
846 67
846 629
774 947
401 415
401 429
401 454
401 98
401 291
563 362
409 178
837 738
104 266
104 912
921 738
706 454
706 402
134 98
134 347
134 454
321 214
228 178
53 609
53 633
53 311
849 275
849 987
361 987
587 720
718 866
718 189
718 708
718 681
185 915
260 266
260 912
260 949
67 561
67 344
67 207
67 454
160 629
126 868
644 506
644 996
48 956
48 458
48 844
596 802
795 421
795 207
726 335
584 731
379 568
395 402
631 280
631 629
268 633
268 454
268 713
268 98
268 291
268 117
278 98
311 987
722 927
534 591
534 510
534 223
534 334
184 686
167 851
167 362
167 188
692 624
692 591
692 329
692 687
692 334
782 232
782 472
188 469
188 280
280 561
280 360
280 851
280 647
280 629
290 253
704 458
704 25
823 927
472 356
28 987
181 190
779 630
671 334
671 550
6 178
851 469
851 450
362 561
362 538
362 868
117 98
672 844
433 994
433 987
322 591
891 629
891 353
891 267
546 550
546 542
101 246
713 98
713 454
61 127
61 334
61 2
61 135
341 915
232 74
232 52
724 685
724 246
566 253
189 127
784 415
862 178
862 19
75 334
75 915
410 658
592 98
592 454
561 629
26 450
712 450
712 40
844 684
844 565
127 325
127 595
369 927
731 720
731 284
731 680
251 987
1001 685
613 90
623 214
458 684
458 25
947 450
506 783
2 680
2 334
360 629
872 987
682 650
356 912
356 209
356 743
356 868
499 956
31 316
833 720
647 316
658 629
658 838
249 178
595 120
927 513
927 854
927 542
710 178
865 769
865 214
719 738
92 316
92 17
630 629
630 190
246 423
987 873
987 531
987 482
987 809
987 994
987 641
987 840
987 789
987 68
940 90
291 98
291 454
549 135
599 178
976 178
991 178
135 72
135 942
135 90
565 481
164 420
662 40
670 107
333 178
98 107
98 429
98 454
742 214
637 915
996 418
450 40
739 120
739 915
142 316
142 267
745 738
720 855
720 680
200 915
200 316
470 178
353 190
685 629
415 316
223 612
854 120
90 178
302 316
302 454
16 423
516 13
120 500
454 629
454 429
190 274
17 316
543 316
912 266
912 949
136 316
266 949
538 178
915 316
783 738
629 267
40 802
13 738
344 316
