963 67
617 159
617 833
541 643
541 16
541 783
737 849
737 175
737 335
526 630
526 629
660 415
0 178
0 716
175 335
175 849
175 5
313 416
313 648
313 186
313 256
313 168
313 267
143 90
966 347
780 832
95 987
557 168
231 540
231 245
231 2
231 987
580 669
111 586
810 107
810 159
810 335
671 995
671 214
191 752
233 245
229 194
437 532
159 923
159 724
159 116
159 62
159 142
955 540
955 987
575 782
575 168
575 347
581 742
581 90
581 135
581 628
201 643
201 335
337 505
428 136
428 951
428 915
428 857
428 92
607 168
364 987
547 469
547 207
547 424
547 24
497 977
306 742
833 415
833 499
833 720
833 462
833 185
656 207
133 168
133 126
900 40
900 662
96 832
96 420
523 104
509 788
424 469
30 256
697 540
56 582
56 987
68 987
514 832
606 482
808 335
292 135
485 646
485 542
5 335
951 239
951 552
846 561
846 67
846 629
332 318
332 500
32 293
664 335
245 624
245 540
245 987
245 329
245 264
272 40
530 891
530 267
530 629
530 24
817 469
746 415
746 923
746 214
746 935
746 591
381 327
381 532
381 335
586 356
586 168
586 74
586 573
586 687
586 447
586 267
586 126
586 984
116 214
921 923
921 738
48 458
765 104
83 784
268 633
268 454
268 713
268 98
268 291
268 117
767 569
767 178
165 31
165 207
165 67
772 75
383 629
572 40
572 414
558 319
997 193
170 855
170 135
862 569
862 178
862 293
862 184
443 662
443 86
443 152
295 569
295 178
764 994
764 987
573 166
112 648
112 186
112 256
112 517
112 630
112 267
249 569
249 178
216 499
532 335
24 90
24 953
24 267
24 629
540 987
540 855
540 338
540 214
502 569
502 178
502 362
502 293
740 157
199 996
168 356
168 260
168 648
168 74
168 232
168 472
168 790
168 2
168 52
168 782
168 912
168 984
432 987
78 569
78 178
53 633
53 209
53 311
53 178
582 987
977 1004
977 1001
977 418
977 423
551 646
250 886
950 103
950 638
404 372
404 595
416 256
416 126
511 987
605 700
605 293
605 178
923 591
923 278
923 2
923 687
923 214
923 531
923 738
953 2
953 915
953 838
988 851
139 832
954 469
193 940
774 947
857 136
857 17
256 356
256 478
256 648
256 186
256 517
256 267
724 181
104 742
546 912
517 648
517 267
517 186
832 779
832 46
832 323
832 319
832 1001
832 710
832 132
832 936
832 399
832 184
754 595
754 883
321 565
228 569
228 178
228 335
843 407
843 883
849 275
849 987
361 987
957 469
338 987
718 356
718 149
718 61
663 410
493 561
493 630
493 301
493 629
984 447
984 74
260 912
260 472
67 561
67 344
67 207
885 74
160 629
654 783
654 738
126 356
126 52
126 648
126 454
126 790
985 335
795 469
782 435
782 472
782 500
631 629
528 980
890 90
890 454
311 987
293 8
980 362
980 335
392 630
392 267
167 469
628 135
280 629
157 347
460 591
86 662
472 743
472 912
28 987
316 915
316 278
316 214
301 469
15 422
15 731
873 987
6 569
6 178
851 469
82 135
433 987
433 738
891 629
61 991
61 716
870 135
232 52
77 912
77 2
189 609
189 410
410 650
283 2
561 629
712 40
712 466
844 684
844 672
369 646
731 422
251 987
835 742
458 319
458 956
458 25
506 996
2 4
2 790
360 629
241 469
872 987
371 135
103 310
103 423
499 684
812 790
934 595
850 996
335 208
335 1004
335 643
335 118
335 670
335 464
335 29
335 468
335 553
335 537
335 236
335 688
647 207
658 629
25 90
25 704
478 648
478 267
693 569
693 178
569 991
569 409
569 599
569 470
569 538
569 710
569 333
421 469
710 178
465 790
719 738
630 422
630 629
482 987
482 531
987 531
987 809
987 994
987 641
987 840
987 789
513 646
409 178
599 178
976 178
991 178
915 136
135 742
135 90
135 4
662 40
662 466
662 450
333 178
742 120
996 418
450 802
682 650
720 936
720 90
200 136
643 1004
74 447
74 912
685 629
418 105
62 646
186 648
186 267
650 783
650 738
470 178
912 209
136 207
35 469
538 178
648 267
178 339
40 802
207 469
188 469
