321 216
15 422
15 284
873 698
873 987
617 334
541 153
541 410
541 969
851 469
851 547
851 280
851 746
362 909
362 283
362 141
526 280
526 360
526 629
950 514
82 628
175 153
175 410
175 969
433 410
433 987
433 969
990 280
990 207
197 586
313 356
313 885
313 648
313 256
313 416
313 294
313 30
891 629
891 353
891 530
143 159
143 741
910 334
780 514
780 638
445 288
231 540
231 245
231 987
231 698
231 624
231 738
61 718
61 991
656 280
425 104
73 458
671 397
199 506
199 996
784 901
784 4
784 306
191 742
233 540
388 832
410 16
410 122
410 777
410 969
410 482
410 251
410 189
410 1001
410 837
410 153
410 994
410 924
410 650
410 76
285 277
235 239
53 609
561 288
561 280
561 629
38 832
38 586
418 105
418 153
413 746
159 167
159 40
159 776
159 719
159 322
159 290
159 731
159 746
159 595
159 469
159 900
159 472
343 663
924 153
924 969
149 208
149 293
955 427
955 540
955 925
955 987
955 773
731 422
731 720
581 932
581 936
581 720
251 987
251 969
324 70
324 206
324 591
201 107
883 184
883 225
2 52
458 684
458 319
458 723
458 41
458 558
458 499
458 758
458 48
458 565
947 40
506 14
364 987
547 469
547 280
547 293
360 280
360 629
373 207
241 512
241 280
62 854
872 987
306 742
71 595
631 280
631 629
103 206
103 514
133 602
133 648
900 40
900 214
900 746
975 397
192 381
424 421
424 207
424 795
30 356
30 168
30 472
30 912
30 104
356 472
356 168
356 517
356 574
356 743
356 721
356 912
356 765
356 602
356 256
356 112
356 209
310 477
499 471
56 987
698 540
698 245
698 840
698 987
698 764
934 595
539 332
141 469
31 165
550 334
647 280
647 915
647 316
16 153
16 969
658 629
648 104
648 602
678 696
95 987
838 416
838 267
838 92
264 540
264 193
447 885
421 280
421 239
332 782
332 500
595 214
702 14
32 280
435 782
435 586
435 500
120 572
245 540
245 987
122 153
122 969
272 40
272 334
530 629
530 630
530 280
530 493
530 746
817 469
630 629
246 724
246 293
284 422
746 591
746 692
746 923
746 214
746 920
746 935
746 542
812 790
987 531
987 582
987 311
987 482
987 361
987 809
987 480
987 338
987 994
987 641
987 540
987 925
987 764
987 432
987 840
987 28
987 789
987 849
987 68
586 885
586 74
586 500
586 782
586 687
586 762
586 166
586 923
454 165
66 45
994 153
994 969
166 782
830 540
239 538
979 512
979 996
764 540
599 228
765 415
765 209
765 721
765 602
783 738
777 153
777 969
393 843
650 153
650 969
165 207
165 316
483 249
483 316
164 638
383 887
925 697
925 540
925 429
572 40
558 319
558 207
558 844
558 216
558 48
697 855
697 540
622 559
275 849
559 634
559 420
670 553
633 495
602 721
602 743
534 334
112 855
443 152
532 980
24 280
24 629
742 718
540 855
540 311
502 854
996 153
322 334
142 280
142 267
577 810
304 441
76 969
720 942
720 936
843 407
886 250
74 126
40 568
422 280
685 629
790 52
790 868
415 334
415 718
415 429
52 416
250 854
918 844
90 70
181 696
700 334
700 988
605 789
969 482
969 837
969 1001
969 153
923 500
953 280
953 207
988 207
954 207
193 890
846 629
401 429
378 514
514 832
104 126
638 832
188 469
188 280
1001 153
687 500
493 288
493 207
493 629
35 469
35 207
35 280
266 949
885 890
609 316
126 500
107 980
795 207
782 472
782 984
890 629
915 280
915 316
334 692
293 280
920 280
288 629
629 160
629 280
167 469
977 153
207 469
482 153
837 153
