776 214
776 746
703 443
196 401
196 220
196 997
196 147
196 75
196 940
196 609
196 65
196 629
671 186
15 680
15 731
963 67
229 742
229 319
541 173
851 280
851 141
851 915
851 135
851 746
362 201
117 98
646 62
804 761
126 356
126 416
126 260
126 602
126 447
126 790
990 915
313 294
313 30
313 765
891 414
891 629
891 530
927 62
927 454
101 149
101 246
101 423
926 308
780 139
236 537
695 585
695 450
844 214
231 607
231 2
231 987
231 698
231 810
231 910
61 356
61 591
61 718
61 2
61 915
61 687
656 630
232 472
302 915
647 915
377 457
377 423
303 663
189 1004
132 96
191 415
517 459
517 746
75 248
75 220
410 924
920 280
920 214
920 159
920 746
592 65
592 863
337 135
337 581
561 846
561 493
561 629
607 167
607 120
607 499
607 147
607 843
607 720
607 135
607 220
38 324
159 214
159 62
159 190
159 595
71 595
127 415
127 471
127 687
127 843
127 546
127 65
731 746
581 765
581 585
581 292
581 135
581 30
581 951
852 214
909 58
1001 977
1001 644
883 393
883 407
883 166
883 320
835 742
835 900
835 214
971 281
971 915
428 915
428 630
428 857
428 408
565 684
506 173
506 199
506 996
506 644
5 275
5 491
5 609
2 700
2 77
873 698
360 629
497 977
306 742
306 585
306 374
944 267
631 629
103 423
885 90
173 186
900 272
900 450
96 299
96 634
96 388
96 509
96 832
96 638
58 120
58 577
682 650
65 692
65 997
65 771
65 609
65 746
65 415
65 850
65 220
65 147
65 940
65 720
30 936
30 256
356 416
356 256
356 912
356 762
356 684
356 542
697 936
775 746
550 595
242 769
652 208
56 746
812 135
812 790
934 595
540 698
842 702
850 120
335 107
803 459
658 629
456 936
34 692
34 936
836 245
836 746
951 638
951 595
143 32
143 24
452 595
771 742
569 415
569 693
569 482
421 585
92 915
92 165
92 207
595 700
595 404
595 450
595 214
595 790
595 318
595 915
595 90
595 239
141 469
743 214
743 746
220 334
220 214
220 749
220 629
761 866
857 915
245 698
272 450
530 248
530 214
530 280
530 629
530 746
817 294
630 469
630 493
630 629
746 915
746 248
746 221
746 718
746 783
746 534
746 980
746 742
746 692
746 834
746 502
746 450
746 135
746 157
746 542
977 1004
977 423
977 969
977 153
977 418
327 381
987 214
586 447
586 294
586 416
586 500
674 459
940 415
940 214
291 401
924 14
924 90
502 693
502 599
176 887
325 186
956 41
450 568
450 662
537 208
684 214
765 936
319 736
319 423
268 98
739 915
739 24
683 165
165 257
165 344
165 915
135 700
135 371
135 628
135 4
135 214
135 531
135 870
135 82
772 629
322 534
662 443
997 415
997 134
77 575
294 166
443 742
443 86
443 137
832 514
832 423
142 915
142 831
142 188
585 4
585 114
31 915
112 459
98 713
98 707
98 134
98 107
98 429
643 381
394 62
134 863
742 692
742 993
742 152
742 769
742 659
742 400
742 901
742 83
742 86
742 863
841 330
526 280
526 629
114 1004
499 415
863 597
168 912
168 260
168 472
629 120
629 685
629 214
629 136
629 493
629 24
629 894
629 280
629 202
629 846
629 160
629 147
629 720
326 120
723 753
720 415
720 936
720 214
698 840
698 764
200 952
200 915
591 248
952 915
40 290
685 493
716 1004
716 609
716 915
790 700
415 401
415 147
186 975
186 783
186 528
97 936
223 90
188 167
543 915
416 90
324 214
324 638
324 402
953 915
139 402
401 429
401 454
459 267
542 157
371 936
371 214
485 692
17 915
855 936
214 334
214 544
214 62
214 738
214 865
214 147
758 753
136 915
136 24
67 344
24 280
379 568
915 280
915 344
334 248
612 90
575 472
167 469
886 250
