50 559
703 771
963 67
617 607
617 415
541 657
541 199
541 738
150 75
150 833
971 344
971 316
971 543
854 416
854 546
854 550
854 62
0 249
0 502
0 178
175 275
175 849
990 316
313 112
576 738
780 977
780 514
102 534
231 607
231 540
231 245
231 987
231 233
231 624
111 782
111 743
978 188
377 866
347 147
388 383
388 718
388 61
388 862
388 70
388 534
388 772
920 656
920 746
648 416
648 790
648 765
648 782
648 104
648 168
648 126
6 506
355 147
159 735
159 915
159 70
159 940
159 883
159 772
614 858
955 540
305 416
305 946
737 440
879 334
605 228
605 599
201 107
686 147
428 607
428 915
428 267
428 543
428 316
428 302
428 136
428 951
607 591
607 70
607 127
607 595
607 746
607 415
607 75
607 718
607 220
607 343
607 316
607 136
607 629
607 24
547 561
948 416
948 112
948 674
948 517
948 75
948 803
948 392
948 267
948 126
948 592
151 923
306 742
306 90
306 687
306 229
306 659
306 790
833 415
833 720
833 185
900 742
30 936
697 855
697 540
697 925
775 746
790 2
790 502
790 868
790 934
790 595
790 126
248 415
248 746
719 738
514 977
514 832
514 378
514 1001
514 950
514 103
91 220
881 804
881 516
881 783
881 738
828 738
173 657
173 738
485 62
125 622
5 107
951 506
951 996
951 239
951 577
951 663
951 772
1004 977
752 471
1003 90
1003 454
1003 291
101 423
332 500
332 318
776 591
776 278
776 923
776 214
776 334
776 746
776 609
776 890
702 14
702 738
220 75
220 334
180 958
945 738
857 165
857 585
857 316
245 624
272 662
530 280
530 629
530 746
746 591
746 731
746 135
746 550
746 127
746 684
746 214
746 851
746 718
746 742
746 813
746 687
746 223
746 534
746 834
746 668
746 136
746 629
746 24
746 692
746 980
746 502
746 450
746 70
746 994
746 739
746 595
746 277
746 157
746 923
746 343
746 720
746 316
746 935
746 542
381 506
381 14
381 921
381 327
644 1001
644 738
586 416
586 782
586 324
586 517
586 267
586 166
586 157
586 197
586 326
586 380
586 684
586 984
674 112
674 166
674 517
924 506
924 14
924 199
924 837
924 738
534 334
921 738
590 147
908 765
48 458
48 319
48 558
48 956
48 216
48 25
765 946
765 425
654 682
654 650
654 738
268 291
165 200
165 344
165 67
165 31
165 422
165 316
165 136
772 120
772 127
772 334
772 609
772 214
772 883
772 239
772 454
772 223
772 75
558 458
558 319
558 207
558 499
558 321
558 956
558 216
997 75
997 334
814 500
862 909
862 502
622 676
622 510
622 559
559 634
112 356
112 74
112 472
112 267
443 662
443 86
443 743
693 178
693 599
216 319
532 13
532 516
532 553
532 738
24 891
24 629
540 987
502 188
502 61
502 280
502 189
502 718
502 724
502 178
502 538
393 843
670 107
670 506
670 415
168 472
527 422
326 120
147 157
147 933
147 972
147 214
147 577
147 926
147 415
147 196
147 454
147 230
147 931
147 285
147 277
147 171
843 407
843 61
952 915
952 316
952 838
952 200
422 680
422 15
422 731
582 994
977 423
977 950
977 103
343 663
551 62
918 319
416 782
416 912
416 61
324 70
923 415
923 591
923 687
923 334
923 609
923 53
923 193
923 890
953 316
988 167
808 553
193 940
193 53
846 629
846 67
401 454
724 718
724 883
837 738
104 721
104 126
732 118
517 157
517 356
517 120
517 684
517 415
935 813
832 206
832 638
134 592
53 731
849 105
338 433
718 591
718 120
718 61
718 595
718 415
758 684
758 844
758 499
185 415
984 782
67 561
67 344
67 207
70 415
70 334
267 142
715 277
126 500
136 341
136 915
136 316
136 629
41 723
41 565
425 946
425 912
493 629
782 500
782 197
782 743
379 568
631 629
528 310
278 415
278 334
638 609
722 186
659 229
659 90
676 46
288 629
980 61
392 316
692 415
628 90
280 629
290 214
704 743
157 356
157 415
157 684
160 629
472 232
624 329
316 915
316 92
316 302
316 543
316 142
316 31
316 344
316 349
316 629
316 200
196 454
196 291
851 415
813 720
813 214
433 987
891 414
891 629
546 550
668 720
107 810
107 75
107 90
107 553
232 52
73 679
199 506
199 996
199 738
294 447
75 629
592 98
592 609
561 629
38 69
127 415
369 62
731 680
1001 738
769 742
506 783
506 249
506 738
360 629
103 423
270 738
682 783
682 650
682 738
356 912
356 721
356 684
310 46
850 90
850 738
335 118
454 120
454 429
454 291
658 629
687 415
687 334
838 344
838 302
595 404
761 738
10 657
742 415
742 214
630 629
246 423
482 531
987 415
987 334
987 191
513 62
940 415
464 90
239 35
239 577
956 565
880 936
946 629
783 804
783 415
783 650
783 738
318 684
976 349
565 723
804 516
275 142
602 743
602 721
394 62
437 738
996 418
996 738
450 415
450 40
526 629
512 469
142 915
7 810
187 40
745 738
720 334
191 334
591 415
353 190
685 629
418 105
62 646
62 542
415 334
415 223
415 178
415 40
415 609
415 542
189 410
223 120
516 738
650 738
327 738
341 915
14 738
743 13
743 721
657 738
629 188
13 738
979 738
