703 633
703 135
963 67
617 923
617 135
541 506
541 644
737 849
526 629
526 360
0 991
175 553
175 275
175 849
990 428
313 416
313 37
966 933
695 362
231 540
231 2
231 502
231 28
231 698
231 955
207 35
207 428
207 67
207 558
207 349
767 333
767 991
767 90
767 178
978 167
978 214
978 851
377 866
377 362
191 90
233 692
343 322
343 663
920 656
229 241
229 977
229 194
229 374
355 147
918 499
413 196
413 935
159 742
159 214
159 290
614 188
614 141
136 857
136 200
311 697
311 955
581 936
581 135
879 69
879 206
879 663
879 740
324 38
324 939
201 107
201 335
194 901
194 769
194 863
686 147
428 349
428 31
428 189
428 915
428 647
428 857
428 316
428 200
607 334
607 483
488 40
364 454
547 862
151 923
151 253
373 190
833 61
656 190
900 742
900 388
900 633
900 784
900 863
96 420
509 388
509 638
65 771
863 454
853 322
853 223
697 855
697 925
697 771
56 687
56 987
698 540
698 245
698 840
698 873
698 764
514 337
292 454
485 513
125 510
243 61
243 790
5 808
332 782
332 435
332 500
50 106
50 559
50 402
857 165
857 200
530 629
730 912
730 868
730 168
746 692
746 223
746 388
746 534
746 665
746 214
746 935
381 90
586 416
586 718
586 838
586 782
586 334
586 435
586 166
586 126
586 984
41 499
41 565
166 416
166 762
166 648
166 573
590 147
908 425
281 905
765 416
765 648
654 991
650 682
535 513
535 444
535 823
535 542
865 772
772 75
772 316
772 566
383 720
383 362
558 48
558 565
404 595
294 885
294 648
294 74
294 416
294 447
294 984
622 206
622 559
295 991
257 401
257 165
573 648
112 416
112 267
693 991
216 48
532 13
188 862
188 280
188 502
540 338
502 692
502 118
502 61
502 78
502 862
502 280
502 991
322 310
322 223
322 70
322 663
189 280
189 595
189 360
189 716
577 147
168 472
527 422
78 991
147 90
147 933
147 972
147 926
147 347
147 230
147 285
147 277
147 171
171 157
171 933
171 715
952 344
422 15
422 731
422 12
582 2
977 153
250 153
618 321
618 499
950 69
950 663
587 415
587 720
239 809
416 648
416 256
416 782
416 447
416 435
605 991
444 483
923 687
923 890
923 278
953 316
193 629
846 561
846 629
846 67
774 947
401 415
401 429
401 454
401 98
401 165
401 291
409 991
104 30
549 135
759 74
423 866
423 16
423 410
423 19
423 716
423 724
423 246
423 101
228 991
843 334
849 275
849 433
939 534
338 415
338 692
758 844
758 499
925 955
663 90
185 720
984 762
984 74
67 561
67 344
67 165
885 648
885 74
83 771
126 37
644 506
48 458
48 319
48 499
48 956
48 25
493 630
493 629
782 435
379 568
631 629
568 40
696 678
696 595
955 773
955 987
955 427
798 784
883 716
288 629
392 369
589 290
692 90
692 769
692 135
165 31
165 344
165 316
628 135
280 388
280 862
280 249
280 629
290 214
290 253
704 25
157 931
157 90
157 277
160 629
86 443
86 152
472 743
153 996
153 418
316 915
316 142
196 40
196 731
15 731
609 854
6 1004
6 991
362 299
337 505
891 360
891 629
101 246
61 700
61 2
61 789
61 991
566 253
199 506
132 842
862 538
862 118
862 534
862 991
862 293
443 742
443 662
443 152
561 629
38 612
712 40
844 499
731 680
559 420
559 106
858 991
506 996
360 629
371 4
371 135
103 206
956 499
956 565
875 454
440 107
499 723
499 679
31 915
658 629
687 135
249 991
771 901
447 74
236 1004
710 991
761 790
761 738
24 629
435 500
719 630
630 629
994 90
971 454
724 14
916 454
599 991
783 738
30 209
30 648
30 743
976 991
991 470
991 333
991 178
991 538
135 942
135 720
565 723
565 178
356 912
356 743
662 187
662 450
299 788
274 190
602 743
996 418
450 40
450 187
788 634
106 402
720 855
720 680
353 190
685 629
790 868
181 190
881 738
542 454
120 500
454 429
454 307
796 14
107 90
187 40
178 90
