776 159
776 935
776 746
301 851
671 995
963 67
963 471
617 586
541 506
541 173
851 167
851 547
851 188
851 241
851 512
851 724
851 141
851 957
851 469
851 795
851 421
851 207
851 817
851 424
362 909
362 664
971 267
646 62
729 377
764 226
764 987
0 249
0 512
0 732
0 178
126 104
126 648
126 790
126 730
126 868
197 746
313 447
313 294
313 765
313 416
891 414
891 24
891 353
891 629
891 530
143 696
143 796
668 935
668 746
780 977
780 514
445 288
590 147
580 383
580 91
111 133
522 61
377 866
199 506
191 692
191 190
716 718
366 499
920 656
920 274
920 841
920 190
862 909
6 61
561 846
561 288
561 67
355 147
159 147
159 214
159 62
762 586
369 535
369 485
955 427
955 540
955 311
955 773
955 987
731 584
581 135
48 458
48 499
879 322
605 228
605 693
605 502
1001 977
1001 383
1001 514
883 61
458 499
2 700
2 812
2 790
686 147
428 316
428 915
428 142
428 349
947 774
947 568
565 723
506 173
506 248
506 996
506 644
948 517
948 471
813 746
427 471
241 61
62 542
516 761
30 765
371 135
103 977
103 310
103 514
656 190
347 147
900 746
96 299
96 509
96 559
723 499
995 775
509 832
509 90
509 638
682 850
682 783
682 654
682 650
682 738
424 421
424 207
424 795
863 993
356 416
356 61
697 83
697 771
310 477
310 638
573 447
573 586
650 654
499 73
499 844
499 471
499 318
499 618
499 216
499 684
56 90
56 987
56 951
349 976
514 977
514 832
514 378
514 950
264 540
264 338
31 24
850 90
828 532
173 996
577 147
803 110
687 334
687 65
5 491
951 633
951 239
951 53
951 482
956 684
133 765
133 602
133 586
838 267
885 294
447 586
447 416
447 782
447 74
447 232
447 294
332 435
332 500
50 559
595 683
595 169
702 924
220 471
857 316
435 416
435 267
722 250
253 471
113 542
530 90
530 493
530 160
530 630
530 629
530 746
817 294
817 274
630 954
630 493
630 24
246 101
246 423
730 61
746 591
746 502
746 214
746 935
381 14
381 327
586 383
586 74
586 416
586 294
586 267
586 602
586 166
454 429
674 110
674 112
674 392
373 190
931 147
926 147
926 61
42 402
924 14
534 90
830 61
61 392
61 724
61 718
61 991
908 765
724 718
676 622
946 607
946 425
946 629
65 334
65 772
954 207
765 425
765 936
83 771
935 720
519 178
535 250
135 870
135 942
135 736
135 4
135 178
135 772
135 692
558 207
558 684
510 329
404 372
299 559
294 256
294 416
294 74
622 125
622 559
700 471
559 402
559 420
633 193
471 416
471 70
471 334
471 250
471 940
471 147
112 110
112 166
249 1004
249 178
216 321
532 13
841 274
24 181
742 90
742 771
306 771
502 178
996 418
450 568
450 187
166 743
168 416
168 966
52 868
78 422
147 933
147 972
147 171
147 230
147 285
147 277
720 587
171 214
208 107
208 1004
886 250
232 416
35 207
994 90
74 110
353 190
274 190
233 692
692 775
790 868
169 372
977 1004
977 423
977 950
977 418
250 444
250 823
546 334
950 832
207 469
207 795
207 67
207 988
302 316
239 538
416 90
618 321
248 157
846 67
607 334
104 425
200 136
542 90
542 500
190 181
214 278
738 654
493 288
391 288
67 344
67 165
70 90
136 629
568 802
626 771
743 157
288 629
392 316
178 629
629 90
629 160
90 482
90 802
