963 67
617 720
541 506
541 199
541 921
737 849
526 360
646 927
646 62
0 6
0 470
175 849
175 670
990 31
313 256
966 933
966 746
95 531
95 987
102 534
231 540
231 987
515 927
515 602
767 569
767 333
978 421
978 988
978 547
978 954
377 607
377 696
377 423
377 716
377 422
377 101
191 927
191 415
191 607
388 534
920 746
6 569
159 923
159 718
159 865
159 214
159 841
955 540
955 773
955 427
955 925
955 311
955 987
305 765
305 472
428 857
428 90
428 200
607 591
607 550
607 499
607 716
607 334
607 546
607 1004
607 229
364 506
364 987
547 188
151 253
427 329
306 660
306 531
306 790
306 659
833 462
656 274
133 602
509 612
65 927
65 586
697 855
697 540
770 927
56 746
56 28
56 987
56 641
56 482
698 540
514 832
292 135
485 927
125 622
5 491
951 424
951 433
332 318
776 746
702 14
702 738
220 383
32 90
245 987
113 927
530 746
983 2
746 591
746 550
746 775
746 248
746 221
746 517
746 743
746 851
746 731
746 718
746 783
746 534
746 687
746 836
746 834
746 742
746 692
746 980
746 502
746 450
746 157
746 915
746 135
746 935
746 542
861 896
381 327
706 322
586 356
586 383
586 692
586 157
586 416
586 334
586 435
586 166
674 392
674 267
674 166
42 402
924 14
380 712
921 506
61 568
61 843
61 718
61 127
61 522
48 684
765 104
765 762
654 858
654 738
847 569
847 31
638 700
638 862
535 927
165 31
165 401
165 344
165 67
772 82
772 454
572 568
910 591
910 692
910 329
510 534
510 622
517 564
517 462
622 676
295 569
585 424
585 957
112 166
249 569
249 470
532 790
24 31
24 629
540 855
540 925
540 311
540 987
137 936
393 236
393 907
769 830
740 788
740 106
670 506
670 462
166 762
166 416
432 512
432 987
707 680
78 569
147 927
147 416
147 933
147 590
147 926
147 171
843 127
171 590
952 200
107 980
582 987
398 712
977 1004
977 153
977 1001
977 418
977 423
343 663
551 927
250 927
250 886
918 499
950 832
338 987
338 193
404 595
416 927
416 256
416 447
416 126
511 987
605 228
605 693
444 927
923 214
923 2
923 193
923 738
954 167
193 290
193 987
846 561
774 947
401 415
401 429
401 454
401 98
401 291
724 1001
724 14
724 685
724 246
837 738
935 568
832 423
134 592
134 454
134 738
321 499
228 569
53 629
849 987
849 275
361 987
764 994
764 987
718 462
236 2
236 537
663 90
663 612
67 344
67 207
597 738
83 901
588 987
596 450
64 322
782 74
379 568
631 274
568 187
696 40
696 731
311 987
722 927
659 374
453 595
534 90
534 649
392 267
167 891
167 851
692 742
280 629
157 915
157 462
157 926
823 927
482 569
482 531
482 987
28 987
779 710
15 680
609 927
609 239
609 454
229 742
851 891
851 462
117 592
117 454
82 135
433 987
197 850
639 215
101 423
713 592
713 454
870 135
199 14
862 569
862 538
75 687
75 633
410 14
410 38
592 927
592 454
592 98
844 214
844 684
844 499
594 135
369 700
369 927
731 720
731 809
251 987
1001 685
947 450
506 189
506 850
506 14
2 700
2 790
872 987
374 105
371 135
173 14
682 850
682 738
499 679
812 790
854 927
454 429
454 98
454 291
687 462
693 569
693 122
693 599
771 90
569 470
569 991
569 409
569 599
569 415
569 538
569 710
569 333
927 513
927 90
927 821
927 542
710 423
710 599
761 516
719 14
630 629
246 423
284 680
987 531
987 873
987 809
987 994
987 641
987 840
987 789
987 68
409 599
12 680
135 942
135 628
135 720
135 581
164 402
402 649
796 14
333 470
742 450
742 443
742 462
248 462
450 462
462 591
462 783
462 223
462 542
720 628
720 680
720 581
200 915
200 136
74 447
685 629
62 542
660 329
90 612
700 790
581 855
581 936
650 738
531 641
470 538
680 422
119 790
783 738
187 40
207 469
