703 443
703 306
703 581
703 771
963 67
541 977
541 14
541 16
541 738
541 951
852 214
526 160
526 629
854 927
0 569
0 470
853 164
131 738
313 472
966 347
780 303
236 107
695 40
557 912
102 139
102 106
231 819
231 698
231 245
231 2
231 873
580 184
647 953
810 440
377 718
191 326
745 738
343 663
920 607
920 148
920 614
920 630
920 214
920 851
648 356
648 112
648 602
229 628
159 713
159 38
159 278
159 161
159 569
159 517
159 334
159 214
159 62
159 923
159 586
159 940
159 865
159 290
955 427
955 540
955 925
955 311
955 773
575 260
575 472
581 720
581 135
150 415
324 591
324 139
324 75
324 388
324 534
324 1
324 638
180 215
686 577
428 543
607 742
607 591
607 692
607 250
607 660
607 534
607 749
607 993
607 334
607 306
547 280
306 771
833 462
456 936
656 630
133 256
900 40
96 132
240 166
58 585
424 795
30 112
30 942
175 710
175 670
175 5
866 718
866 101
866 951
790 519
790 956
790 2
790 126
770 927
698 540
698 245
698 840
698 873
698 764
514 103
514 303
91 103
881 506
881 650
881 738
173 738
485 927
485 62
125 509
125 139
5 107
5 724
5 491
951 506
951 540
951 707
1003 707
487 139
332 782
332 435
332 500
776 214
702 506
702 738
220 75
220 334
220 546
220 214
220 65
220 749
32 569
32 862
32 293
945 738
857 90
857 915
149 716
245 540
245 264
245 329
245 764
245 624
272 40
530 214
979 738
746 692
381 532
558 321
558 565
558 207
558 499
674 267
42 402
462 739
462 223
380 440
546 873
546 277
590 277
590 577
590 171
106 788
106 634
660 75
765 942
654 738
268 98
535 927
165 31
165 401
165 267
165 67
772 334
772 629
383 528
383 589
572 40
586 416
586 868
586 447
586 294
586 762
586 166
586 267
510 139
77 556
77 260
77 912
862 569
862 585
862 502
443 742
443 86
295 569
257 987
585 444
573 447
573 166
573 868
112 356
112 517
112 803
693 569
532 650
532 738
24 891
24 629
540 697
540 311
540 925
540 290
502 569
502 538
502 605
502 470
747 738
322 534
199 506
199 738
199 924
199 644
166 416
166 743
168 912
168 260
168 472
707 680
707 98
707 880
53 940
53 61
254 40
952 200
933 347
422 731
531 214
531 987
977 1001
977 418
977 644
388 299
551 927
551 134
250 886
250 927
950 103
950 303
950 663
416 859
416 868
416 334
416 762
416 65
605 569
444 927
923 738
988 267
139 939
139 174
139 206
139 477
139 534
139 524
139 154
193 500
193 61
193 499
193 720
193 956
193 592
846 561
846 2
846 629
774 947
401 429
256 602
256 472
724 14
724 718
724 246
724 127
837 719
837 738
921 506
921 738
134 98
134 592
134 454
134 291
754 718
321 499
228 569
843 90
718 189
718 904
718 61
718 595
718 708
718 293
758 434
663 69
663 223
493 561
493 629
984 447
260 912
885 447
894 629
715 2
126 294
644 738
41 723
41 565
596 40
64 534
782 435
782 500
631 561
631 629
528 980
528 135
568 40
278 98
722 927
659 771
731 658
305 356
305 472
534 692
980 127
184 423
692 90
692 775
692 61
692 334
692 739
692 749
865 214
628 870
290 214
157 334
157 577
160 891
160 629
823 927
823 62
472 356
472 602
472 743
472 859
565 679
565 956
565 499
15 680
873 624
6 569
6 249
6 470
117 98
82 870
433 738
924 506
924 738
891 353
891 629
101 246
101 423
742 769
713 98
713 592
61 19
61 522
61 293
672 844
292 769
566 253
189 410
784 771
517 459
517 803
592 927
592 98
795 421
795 207
561 629
26 40
38 90
712 40
712 450
844 214
844 956
369 927
369 646
251 506
1001 103
1001 738
835 214
947 40
506 440
506 16
506 114
506 738
506 14
360 697
360 629
371 214
103 423
103 223
103 310
270 738
682 719
682 783
682 738
499 956
812 135
934 595
934 372
850 738
335 643
577 267
658 629
687 334
687 542
161 214
249 569
569 991
569 599
569 470
569 538
569 710
569 409
569 333
569 976
595 404
595 372
927 513
927 646
927 542
927 113
761 650
761 738
435 609
435 500
719 738
630 142
630 629
246 423
284 680
987 809
987 214
513 646
513 62
940 214
931 277
294 447
65 334
783 650
783 738
863 771
653 738
135 942
356 52
356 743
925 697
925 429
662 40
697 855
633 612
796 14
98 291
98 107
98 429
98 454
437 650
437 738
996 738
450 40
142 90
142 915
788 634
187 40
52 868
60 40
720 680
720 90
720 214
113 62
113 542
685 643
685 629
62 646
62 542
90 915
90 749
372 404
516 650
516 738
553 107
789 470
684 214
650 738
542 609
120 629
508 738
17 915
214 334
214 544
214 743
214 912
214 738
214 629
423 319
868 447
327 738
202 629
14 738
576 738
334 749
657 738
40 802
13 738
