703 135
703 581
215 639
847 408
847 207
321 216
963 67
6 333
447 586
150 415
150 454
971 915
971 543
646 542
904 718
433 738
990 915
990 424
313 356
313 294
313 30
313 256
313 416
891 530
891 267
891 629
891 24
101 423
966 347
966 933
966 935
780 514
236 393
236 537
557 912
557 168
407 843
231 698
61 718
61 991
61 135
341 951
232 168
978 469
978 424
978 188
978 851
566 253
377 718
189 977
189 718
189 90
818 592
191 415
191 927
716 32
716 718
343 735
343 322
343 310
343 706
343 822
343 84
343 663
343 939
592 927
592 134
592 454
592 713
592 98
592 268
293 605
710 832
561 846
607 356
607 334
607 696
712 40
712 450
712 380
712 398
159 687
159 915
159 940
159 923
159 912
159 398
159 214
159 290
159 316
127 32
127 718
127 184
702 738
955 540
955 773
955 427
955 925
955 311
955 987
731 680
731 563
581 193
851 552
879 534
879 322
858 35
605 693
1001 977
32 977
32 718
547 469
686 933
428 857
428 915
428 316
428 165
428 802
428 142
947 774
947 450
565 41
506 461
506 769
506 364
506 670
506 16
364 983
2 602
2 52
2 790
2 868
1003 707
306 229
306 374
71 595
103 514
241 469
431 988
509 299
509 634
890 454
956 758
956 319
956 216
956 48
956 558
424 469
424 207
424 795
424 421
30 356
30 90
30 256
585 558
356 416
356 90
356 256
356 168
356 334
356 868
356 765
356 472
356 912
356 209
697 540
230 193
841 90
479 980
698 540
698 245
698 840
698 873
698 764
514 950
514 832
514 378
374 229
854 927
31 915
850 738
833 415
833 987
647 915
647 24
112 674
112 267
122 693
678 696
95 531
951 979
951 707
951 638
951 724
229 659
838 629
771 65
569 415
569 482
569 470
421 469
421 795
332 318
530 629
595 718
595 754
595 372
141 469
927 90
927 250
927 444
927 609
927 65
927 535
927 513
927 147
927 542
927 772
220 75
220 334
180 958
857 165
857 915
857 316
435 586
253 290
272 754
92 915
291 401
291 454
817 469
630 469
983 769
983 692
983 764
246 423
926 715
977 1004
977 996
977 423
977 418
199 644
823 444
586 765
586 782
586 500
586 267
41 758
41 723
883 718
922 454
69 706
590 157
590 577
29 333
29 249
134 454
724 718
676 125
537 532
575 168
335 107
765 214
83 784
381 327
706 638
863 993
863 454
165 401
165 915
165 454
165 67
165 422
165 316
135 942
135 628
105 418
772 75
772 609
772 454
164 548
572 40
558 48
77 912
77 168
299 388
299 638
622 125
987 90
987 531
142 915
739 290
602 743
573 126
333 767
98 401
98 707
98 454
216 48
532 516
24 629
437 516
248 49
450 40
687 843
925 429
740 788
168 416
168 260
168 472
168 912
168 868
168 126
388 534
388 843
388 638
147 454
720 680
720 855
720 617
720 193
720 587
843 591
843 718
843 16
843 534
843 711
200 952
200 915
200 543
952 543
952 915
685 493
790 119
415 401
942 936
918 758
207 469
207 795
207 67
302 915
416 90
416 868
416 126
923 214
923 193
953 915
988 188
954 469
401 429
401 454
256 126
861 896
638 534
543 344
543 915
543 454
543 160
543 136
188 469
754 718
17 915
290 669
290 214
379 568
868 209
214 912
214 316
214 844
764 582
718 711
423 175
912 260
136 915
35 167
35 469
458 48
67 344
680 707
609 707
609 454
454 90
454 713
454 429
48 319
48 25
795 469
175 688
915 344
334 628
743 472
617 157
629 280
167 469
