703 771
703 450
617 633
541 996
737 335
526 280
646 927
0 178
175 849
175 335
175 423
990 280
990 847
990 424
313 232
313 648
313 30
143 32
966 933
927 113
927 413
927 770
927 250
927 444
927 722
927 369
927 513
927 551
927 823
927 485
927 854
927 535
927 592
927 542
557 912
231 245
231 987
767 178
978 547
377 866
377 630
191 415
191 413
233 245
233 306
230 277
920 280
413 935
413 746
159 160
159 923
159 687
159 290
159 142
159 171
136 280
955 540
955 773
955 987
955 855
955 427
955 925
955 311
955 624
575 782
575 232
575 66
575 472
575 45
581 772
581 135
581 137
201 335
428 915
364 987
547 280
547 293
948 592
497 977
141 630
833 720
456 720
885 74
133 602
900 450
523 104
58 2
424 421
424 847
424 207
424 795
30 356
30 52
30 232
853 164
697 855
697 540
697 925
697 311
697 771
56 987
56 641
68 987
881 14
828 837
485 542
5 107
5 381
5 335
5 29
5 670
951 273
1003 454
664 335
332 435
776 923
776 278
498 164
552 274
552 847
180 958
857 915
245 624
245 540
245 764
245 987
245 329
245 264
272 662
272 193
272 450
530 280
530 2
530 493
530 891
530 630
530 629
368 310
817 280
746 923
746 214
861 934
847 561
847 207
847 92
847 421
847 482
847 142
847 31
847 795
847 647
847 936
847 165
847 302
586 356
586 383
586 542
586 868
586 74
586 573
586 416
586 500
586 435
586 126
586 984
61 522
281 546
764 994
764 987
765 104
765 62
83 863
381 192
381 327
381 29
381 335
268 98
268 454
111 416
535 823
165 401
165 316
165 67
987 531
987 872
987 582
987 311
987 482
987 361
987 251
987 809
987 433
987 338
987 994
987 641
987 540
987 511
987 873
987 95
987 432
987 840
987 28
987 789
987 849
987 772
997 415
862 178
443 662
443 450
699 232
819 329
573 416
249 178
532 537
532 761
532 516
24 160
24 280
24 142
24 629
4 771
502 228
502 605
502 178
925 855
670 335
168 74
168 472
168 782
168 912
168 62
168 984
707 98
78 178
147 590
53 923
53 633
952 517
952 630
952 543
422 15
582 540
398 712
977 1004
977 1001
977 423
977 921
977 418
918 684
408 280
416 74
416 648
416 334
416 984
605 506
605 178
923 546
923 772
923 550
923 197
923 890
953 280
808 335
193 830
752 178
774 947
401 415
401 429
401 454
401 98
401 291
256 74
837 719
104 90
546 784
546 771
546 629
546 772
134 98
134 592
134 454
134 291
228 178
843 779
849 423
939 239
338 95
338 540
758 844
236 335
493 561
493 280
984 74
260 77
67 561
160 280
160 629
654 738
985 335
911 1004
587 720
631 280
890 693
568 662
568 947
278 98
278 290
311 855
311 540
731 915
980 335
589 290
167 280
167 851
692 775
692 135
782 435
782 74
782 472
628 82
280 561
280 35
280 915
280 188
280 301
280 274
280 851
280 647
280 658
280 207
280 360
280 142
280 656
762 74
290 151
290 566
290 214
704 684
704 25
157 135
482 178
472 356
472 62
873 540
6 237
6 178
117 98
117 454
433 738
197 738
891 214
891 353
101 423
713 98
713 592
232 356
232 52
73 565
199 506
199 738
716 866
716 471
592 98
592 454
712 352
712 466
844 956
127 866
369 513
293 693
2 151
2 178
103 310
103 423
612 633
356 542
356 62
356 74
499 684
306 771
335 208
335 1004
335 643
335 107
335 118
335 29
335 468
335 553
335 464
335 537
335 810
335 688
647 142
333 178
693 178
943 164
447 74
710 178
435 267
435 500
719 783
719 738
772 500
772 682
540 840
540 855
540 329
630 469
630 200
246 275
246 423
409 178
459 267
599 178
12 720
976 178
915 450
915 200
135 72
135 942
921 1004
662 450
662 214
662 802
662 267
275 327
602 743
98 291
98 107
98 429
98 454
763 214
996 418
450 771
450 802
682 13
682 738
720 855
720 680
200 344
74 912
418 105
62 912
62 743
62 542
415 40
415 544
942 341
700 790
553 118
429 454
120 500
214 912
470 178
609 454
454 291
538 178
