356 912
356 472
356 168
700 790
188 280
301 280
77 168
812 790
541 506
952 915
526 280
292 942
292 135
729 377
175 423
647 280
990 280
658 280
912 168
912 260
891 530
136 915
136 280
136 428
493 280
24 280
35 280
236 537
260 168
502 159
450 712
450 135
232 168
428 408
142 280
377 696
377 246
168 472
191 692
233 692
14 506
14 173
14 1001
920 280
631 280
561 280
167 280
160 280
915 280
530 280
817 280
274 280
790 2
851 280
415 692
942 135
987 872
32 280
657 506
408 280
629 280
506 173
40 712
547 280
360 280
628 135
953 280
280 207
280 656
327 381
