50 559
703 86
963 67
541 506
541 923
541 199
541 16
526 280
526 360
854 256
854 586
854 337
0 249
0 178
0 118
175 275
175 849
175 5
175 423
365 866
365 118
313 356
313 112
313 416
966 168
966 933
445 288
445 280
231 698
231 830
231 987
767 178
377 422
377 19
377 423
377 457
377 685
377 951
343 879
343 334
343 310
920 167
920 274
920 851
920 353
159 334
159 776
614 280
614 572
311 987
581 855
48 216
879 223
194 951
190 274
971 200
428 857
428 915
428 316
428 851
607 75
607 915
607 91
488 40
488 568
364 292
364 987
948 416
948 454
948 586
948 112
948 674
948 517
948 75
948 803
948 392
948 267
948 592
151 253
373 207
306 83
306 214
306 362
833 850
900 742
900 776
309 70
509 70
509 299
509 337
424 421
424 207
424 795
30 765
30 936
853 638
866 718
248 591
248 334
56 994
56 987
56 951
68 251
68 987
5 553
5 29
5 670
951 273
951 78
951 663
951 957
752 454
409 724
409 178
439 168
439 416
332 782
332 500
776 687
776 334
220 75
857 915
245 987
245 830
245 698
245 329
245 873
245 764
272 53
530 718
530 915
530 891
530 630
530 280
530 685
530 267
530 629
817 294
817 851
730 356
746 591
746 692
746 112
746 221
746 517
746 223
746 214
746 157
746 813
746 803
746 534
746 720
746 668
746 935
746 542
381 468
381 192
381 532
381 924
586 157
586 416
586 383
586 687
586 281
586 126
674 112
674 166
42 638
924 506
924 14
924 199
534 939
921 923
921 849
921 738
908 104
281 905
764 698
764 840
764 987
765 416
765 425
765 128
765 721
83 771
268 633
268 196
268 454
268 713
268 683
268 98
268 291
268 592
268 117
650 654
650 783
650 682
650 738
165 401
165 344
165 67
165 17
987 531
987 873
987 582
987 482
987 361
987 955
987 251
987 809
987 433
987 480
987 338
987 994
987 641
987 540
987 90
987 925
987 872
987 95
987 432
987 840
987 698
987 28
987 789
987 849
383 517
383 528
383 362
383 200
572 433
522 546
517 803
517 112
622 559
295 178
556 168
556 416
585 862
585 371
573 294
573 126
573 984
112 416
112 267
443 86
443 152
693 700
693 178
216 844
532 804
188 851
540 698
502 724
502 228
502 976
502 214
502 178
502 851
830 769
830 185
670 107
670 528
166 602
166 74
166 743
168 356
168 416
168 648
168 232
168 949
168 790
168 472
168 912
168 266
168 759
432 468
707 98
78 178
147 931
147 214
147 196
952 344
952 200
933 347
716 724
977 418
977 796
38 782
38 337
250 232
250 126
918 946
587 720
110 74
416 356
416 266
416 256
416 75
416 946
416 721
416 782
416 912
605 178
337 870
337 505
337 135
923 197
923 890
889 126
139 477
808 29
846 561
846 280
774 947
401 415
401 429
401 454
401 98
401 291
563 696
256 74
724 718
724 796
724 246
724 189
104 425
104 648
104 721
423 832
423 849
546 550
706 663
706 454
134 98
134 592
754 16
228 178
53 633
53 865
849 149
718 1004
718 90
718 613
718 61
718 883
236 537
663 591
663 322
185 850
984 126
391 288
391 891
67 454
267 435
654 682
126 74
126 648
126 500
126 232
126 294
126 790
644 506
644 850
644 90
425 946
425 305
493 288
493 280
493 630
631 280
528 362
528 589
890 40
890 433
890 127
568 40
568 947
696 915
278 98
278 214
638 788
638 700
638 310
638 164
883 915
883 16
883 90
288 561
288 629
288 280
980 90
167 851
692 834
692 61
782 232
628 90
628 135
251 506
407 225
280 561
280 360
280 160
280 630
280 739
280 851
280 658
280 891
280 685
280 629
280 24
290 214
290 253
290 669
46 310
157 591
157 334
160 915
772 75
772 334
196 40
196 120
196 454
196 429
196 850
196 291
609 592
609 454
6 178
802 40
117 98
813 668
813 720
813 90
813 935
322 591
322 334
322 153
891 360
668 90
668 935
107 75
107 98
107 90
107 464
61 393
232 356
232 52
232 472
232 294
232 946
232 790
566 253
199 506
199 996
199 738
862 178
75 850
75 334
840 698
592 454
592 98
795 421
795 207
198 40
844 684
1001 506
1001 14
506 14
506 682
2 812
2 118
2 790
2 318
360 629
682 783
682 738
624 738
356 912
356 472
310 477
812 700
812 790
335 664
454 544
454 415
454 98
454 302
454 629
249 178
569 178
421 207
595 915
595 372
595 542
710 178
719 738
246 101
823 542
940 90
994 410
994 531
956 700
946 648
599 178
976 349
976 178
991 178
915 200
915 142
915 629
135 742
135 855
429 98
299 634
294 447
294 74
633 214
333 178
98 713
98 291
742 90
996 105
996 418
142 214
187 40
723 41
720 90
720 935
698 873
819 329
418 105
418 308
62 646
62 542
189 178
90 850
90 714
90 178
120 274
152 86
214 912
214 178
470 178
35 207
538 178
14 13
472 790
178 339
207 469
