703 159
703 951
963 67
617 720
541 644
526 561
526 160
526 90
526 629
729 377
729 101
0 228
0 693
0 502
0 991
0 605
0 862
0 6
0 409
0 595
0 599
0 470
0 538
0 767
0 295
0 710
0 78
0 333
0 976
0 249
0 178
175 275
175 849
990 428
990 316
990 482
313 765
313 37
313 256
313 416
695 40
695 568
231 540
231 698
231 245
231 955
515 648
580 582
767 178
978 167
978 35
978 190
978 988
978 316
978 629
377 866
377 101
377 718
191 752
233 105
233 364
388 832
388 280
388 550
388 159
388 638
920 188
648 765
648 416
648 267
648 74
229 241
413 746
159 742
159 719
159 558
159 214
614 188
614 141
807 626
955 540
575 232
575 332
305 232
605 228
605 189
605 693
605 178
201 335
971 316
428 349
428 915
428 647
428 953
428 857
428 302
428 316
428 200
607 591
607 692
607 61
607 687
607 334
607 483
547 862
373 190
656 188
656 190
656 838
133 602
133 52
900 746
900 771
509 638
30 765
30 294
853 343
697 855
697 170
697 771
68 189
264 454
264 193
606 482
292 135
828 738
485 513
243 61
5 808
951 239
951 738
1004 189
752 765
752 83
752 316
752 629
752 178
439 912
332 232
332 435
332 250
332 500
220 75
32 862
857 316
857 200
245 698
272 40
530 630
530 629
817 630
730 912
730 868
746 157
746 692
746 550
746 684
746 935
746 542
381 29
558 684
674 112
924 199
908 765
48 458
765 356
765 602
765 586
765 868
765 214
83 771
111 586
165 31
165 401
165 316
165 67
772 416
772 633
772 454
772 75
772 334
772 609
772 120
383 586
572 40
572 596
572 862
586 38
586 782
586 759
586 885
586 447
586 334
586 435
586 416
522 61
443 662
443 86
295 178
819 329
573 260
112 392
112 267
112 803
693 228
693 178
399 132
24 629
540 698
540 338
502 538
502 189
502 188
502 61
502 862
502 923
502 228
502 280
502 178
502 613
925 269
670 107
168 416
168 912
707 880
78 178
326 38
147 214
147 715
147 890
254 568
171 715
171 933
952 316
422 680
422 15
422 731
977 236
977 410
977 184
977 423
343 38
343 329
343 310
343 223
343 322
343 663
551 513
551 546
250 2
618 362
950 663
338 692
404 372
416 356
416 472
416 447
416 415
416 885
416 256
416 500
416 782
324 415
324 38
923 718
923 214
953 316
953 647
139 132
139 322
139 477
139 487
139 323
193 454
846 67
846 629
774 947
401 415
401 429
401 454
401 98
401 291
256 267
256 74
724 14
724 685
724 246
104 356
104 425
546 712
546 801
546 450
517 267
517 61
935 214
134 98
134 454
134 291
321 684
228 178
53 120
849 275
939 38
587 720
718 591
718 61
718 334
718 883
718 890
663 38
663 322
493 629
260 912
67 561
67 344
67 207
160 630
160 629
126 362
266 912
266 74
584 731
631 629
890 70
278 214
798 769
731 15
731 680
731 284
731 362
310 322
534 862
534 90
534 638
392 316
418 105
167 957
628 90
628 135
280 629
290 633
290 214
704 743
70 322
70 90
153 482
153 996
316 543
316 17
316 302
316 92
316 142
316 31
316 344
316 647
316 349
316 136
316 200
15 943
609 854
609 334
6 506
6 178
764 698
764 801
433 809
197 38
891 353
891 629
101 246
101 423
37 232
61 356
61 472
61 926
232 782
77 912
566 739
199 506
199 996
716 189
716 423
840 698
862 178
561 90
561 629
38 395
712 40
712 550
712 450
844 458
844 956
844 684
127 293
782 435
1001 685
458 684
458 499
947 267
506 189
506 783
506 996
506 29
2 812
2 335
360 629
241 415
371 720
103 423
956 684
356 912
356 334
356 868
550 743
550 629
499 319
812 700
812 465
812 790
812 119
306 790
335 899
658 629
687 720
687 214
25 684
478 267
288 629
249 178
838 267
838 629
595 189
710 178
435 267
435 500
719 738
122 200
630 685
630 629
246 423
940 633
239 809
409 178
880 209
549 135
599 178
318 684
976 178
976 349
991 178
135 90
135 720
135 581
565 684
164 402
662 450
602 743
333 178
450 802
178 90
178 470
178 538
788 106
720 90
720 680
698 873
353 190
685 629
790 868
169 372
395 329
189 410
189 14
186 267
90 629
181 190
542 334
120 629
188 35
190 274
868 912
912 472
912 949
35 207
466 267
454 429
915 629
187 40
