776 214
703 135
711 843
963 159
617 923
617 720
617 151
541 16
541 738
737 440
737 335
971 915
971 316
0 189
0 118
0 410
0 178
175 849
175 532
175 423
990 953
990 633
990 915
990 316
117 98
313 356
313 765
313 256
313 416
576 738
236 977
695 40
695 596
695 362
557 586
231 607
231 2
231 987
231 978
231 178
231 738
580 791
767 569
767 178
978 35
978 188
978 301
978 614
978 817
978 552
978 851
978 957
978 141
978 207
978 629
978 167
978 547
978 190
978 421
978 988
978 954
978 316
978 469
978 795
978 512
978 424
978 607
377 127
377 423
671 687
191 692
233 105
233 692
388 299
388 843
388 900
920 656
920 334
920 214
437 738
558 684
558 565
355 147
918 499
413 935
413 746
159 251
159 56
159 923
159 534
159 214
159 316
881 738
955 427
955 925
955 311
955 987
955 773
581 855
581 936
581 135
581 137
852 214
879 164
879 368
879 322
879 740
879 223
324 206
324 214
201 532
526 280
526 629
428 857
428 915
428 316
607 591
607 696
607 915
607 502
607 61
607 299
607 334
607 531
607 62
607 250
607 647
607 78
607 112
607 101
607 178
607 933
488 568
364 987
547 862
547 280
547 988
547 851
151 923
151 687
151 253
373 190
141 469
141 188
833 61
656 190
900 742
900 40
900 633
900 784
900 771
900 450
922 362
424 421
424 207
424 795
30 356
30 765
866 127
56 987
698 987
365 118
514 337
514 510
514 402
91 415
91 469
896 195
292 769
828 738
173 738
485 62
16 843
125 622
243 61
5 107
5 29
713 98
951 534
951 214
1004 977
1004 6
752 415
752 178
752 629
752 316
277 147
332 416
332 586
332 500
332 782
332 435
332 126
50 559
50 402
702 90
702 738
220 75
220 465
220 214
220 772
32 127
32 280
945 738
857 422
857 31
857 316
857 915
245 987
272 40
530 915
530 629
530 160
530 891
530 214
530 334
530 935
368 1
597 738
746 692
847 207
730 356
586 416
586 648
586 447
586 294
586 762
586 126
586 885
586 500
586 782
586 435
586 166
586 984
674 112
166 356
166 765
166 648
166 500
166 209
166 565
380 440
921 738
590 147
908 765
281 658
281 491
281 90
764 987
765 356
765 648
765 104
765 209
765 214
83 784
83 771
381 107
381 335
268 98
165 31
165 401
165 915
165 316
772 40
772 120
772 416
772 566
772 371
383 867
383 720
383 362
572 40
572 372
910 193
510 534
522 127
522 546
862 538
862 502
862 188
862 534
862 495
862 178
862 293
295 178
819 329
573 260
573 648
112 168
112 500
112 392
112 267
112 62
693 178
532 738
532 516
24 280
24 629
540 987
502 718
502 188
502 78
502 724
502 178
18 195
114 189
925 987
740 106
199 738
577 147
924 644
924 738
168 356
168 416
168 90
168 472
168 912
432 987
707 680
707 416
707 98
939 38
78 605
78 178
147 686
147 90
147 933
147 972
147 926
147 347
147 230
147 285
147 171
843 440
843 591
843 718
843 687
843 534
843 407
254 40
171 157
952 344
952 915
952 316
952 200
933 347
422 680
422 731
422 284
582 2
582 987
716 61
716 883
977 1001
977 418
977 423
343 663
250 178
618 565
950 663
338 415
338 987
404 595
404 372
404 169
416 232
416 782
416 444
416 648
416 90
605 789
605 228
605 178
923 738
923 801
953 915
953 316
193 53
592 98
846 561
846 629
846 67
774 947
401 415
401 429
256 648
409 178
837 738
104 356
104 648
104 126
546 550
517 120
935 214
748 926
543 915
543 316
134 98
134 738
134 291
754 127
321 499
228 178
53 120
53 890
849 987
361 987
957 188
48 956
48 704
48 499
718 915
153 418
493 629
885 294
70 534
70 120
70 322
70 90
654 991
654 783
654 738
126 37
126 362
644 738
41 723
425 305
596 40
596 187
596 450
587 720
379 568
631 280
631 629
568 40
568 495
568 947
696 678
696 595
278 98
62 646
638 90
311 987
883 189
883 915
883 61
883 127
883 724
288 629
167 469
167 851
692 769
692 214
782 435
482 90
482 987
858 991
280 561
280 188
280 647
280 360
280 629
762 294
290 253
704 743
704 499
704 684
704 565
157 926
160 629
86 443
86 662
472 356
28 987
181 190
316 915
316 17
316 214
316 31
316 647
316 136
316 90
316 302
316 92
316 142
316 344
316 200
15 680
15 943
15 731
641 987
6 178
851 334
851 188
362 613
362 371
337 942
82 135
904 127
433 987
197 987
891 629
101 246
101 423
107 120
107 98
107 90
107 335
107 29
107 553
107 118
107 214
61 2
61 991
724 127
724 14
566 120
566 253
189 410
189 127
189 595
132 842
294 447
294 90
840 987
443 662
443 152
561 629
712 40
712 991
844 214
844 956
844 499
127 595
369 407
731 680
731 120
731 214
251 987
909 58
1001 738
14 796
14 738
2 789
2 790
458 565
947 40
506 783
506 738
835 214
360 629
872 987
371 720
371 214
371 135
103 423
270 738
682 850
682 783
682 90
682 650
682 738
440 537
499 684
499 120
499 565
499 318
499 679
812 700
812 790
306 214
306 771
31 915
850 90
850 738
647 915
658 629
687 720
249 178
771 742
771 697
771 863
569 214
595 738
95 987
122 275
122 915
710 178
761 738
761 790
761 516
865 214
435 267
435 500
719 738
253 98
92 915
630 685
630 629
246 423
284 680
987 120
987 214
987 531
987 809
987 994
987 873
987 789
987 68
940 214
956 684
956 565
599 178
976 178
991 178
915 334
915 17
915 302
915 136
915 142
915 344
915 200
135 870
135 942
135 628
135 170
135 334
135 720
135 4
483 648
565 178
356 602
356 648
356 743
662 40
697 855
633 423
602 743
534 188
534 334
333 178
98 429
763 90
742 334
742 214
996 418
996 738
450 40
450 334
512 469
187 40
745 738
720 855
720 680
720 214
200 136
353 190
685 629
790 77
169 372
942 936
516 13
516 738
684 214
650 738
170 855
120 178
120 544
190 274
214 648
214 544
214 334
214 743
214 912
214 178
214 629
214 40
214 738
144 90
470 178
912 77
136 629
327 738
454 429
870 90
538 178
979 738
291 429
783 738
657 738
40 802
13 738
