301 547
321 684
963 67
6 333
6 0
541 506
541 199
541 16
541 996
541 576
737 175
362 168
362 152
362 528
362 383
526 629
854 927
0 228
0 693
0 502
0 991
0 605
0 862
0 409
0 118
0 295
0 599
0 470
0 538
0 767
0 710
0 78
0 333
0 976
0 249
0 178
0 732
175 275
175 849
990 424
313 294
313 416
313 256
313 984
891 700
891 353
891 530
891 658
891 630
891 629
143 580
101 246
101 423
966 935
702 14
557 912
557 111
102 139
510 139
590 171
515 500
767 29
978 167
978 795
566 120
189 977
189 181
661 191
191 746
191 413
191 499
294 817
294 984
294 256
294 305
343 534
343 663
343 310
343 223
840 540
762 111
920 546
920 550
920 190
648 912
229 469
220 75
220 334
561 67
561 629
607 75
607 334
607 184
159 940
159 214
537 335
127 75
127 716
924 837
369 927
311 697
731 680
731 92
581 855
581 135
851 469
879 322
879 740
879 606
858 991
2 700
1001 977
584 680
623 214
847 92
971 200
428 857
428 915
428 200
947 774
565 956
506 199
506 996
506 644
364 582
547 421
547 207
547 424
873 819
873 546
360 629
497 977
373 190
306 742
306 660
306 450
306 771
631 629
103 310
656 190
347 157
347 933
347 91
900 742
900 450
612 832
956 48
956 216
956 41
424 207
424 421
424 795
356 912
356 62
356 586
697 855
697 925
770 927
770 912
770 62
372 404
499 75
499 48
812 119
812 746
31 165
31 915
850 107
850 13
850 987
335 810
454 429
454 592
803 112
658 629
658 92
439 912
111 573
111 586
5 90
113 927
1004 977
249 409
249 470
838 857
264 540
421 795
332 318
332 500
92 207
595 754
927 416
927 444
927 250
927 722
927 513
927 646
927 551
927 823
927 485
927 535
927 542
927 592
337 32
761 837
719 837
719 14
719 13
719 783
719 738
772 75
122 693
122 599
272 135
272 754
272 450
4 771
630 629
630 685
630 493
246 423
746 591
746 692
746 334
746 935
200 915
200 136
550 546
987 75
987 925
987 334
586 383
586 573
586 500
674 166
940 415
291 429
166 392
783 654
783 682
783 738
587 720
239 542
908 602
549 135
48 319
48 684
575 912
575 168
575 260
575 266
575 77
65 305
692 135
654 991
654 738
381 107
381 14
381 327
638 534
535 444
135 233
135 942
483 86
429 401
429 98
383 720
383 887
322 649
322 106
662 90
558 319
997 75
77 266
77 168
77 260
77 912
862 178
633 53
633 193
602 912
602 450
832 139
832 423
573 500
427 540
427 329
333 178
333 184
98 713
98 107
98 592
693 228
693 178
693 599
216 319
532 118
532 688
41 723
742 659
742 450
540 329
502 178
996 199
996 418
996 644
450 398
450 754
450 233
450 802
450 542
393 184
323 139
739 687
184 754
168 416
168 260
168 52
168 62
168 305
168 472
168 266
168 912
106 139
52 912
52 416
326 120
147 416
682 738
591 923
74 126
74 984
353 190
107 90
107 75
107 808
107 810
214 617
274 190
418 977
418 105
62 912
62 472
977 423
977 644
75 190
75 609
75 250
606 482
646 542
90 915
700 605
416 256
416 912
416 334
605 228
516 13
923 687
923 120
923 278
923 951
592 713
592 134
846 67
846 629
401 415
401 165
837 881
684 458
684 704
684 25
120 687
120 500
950 663
190 181
543 344
718 980
912 260
912 949
912 305
912 126
912 472
912 266
136 915
136 207
493 629
260 266
67 165
327 14
267 112
24 629
410 14
795 207
14 738
530 629
685 629
629 280
629 160
629 415
402 324
415 324
