963 67
541 173
737 440
737 849
737 335
971 316
854 535
854 722
854 743
854 337
729 243
0 189
0 537
175 275
175 849
990 31
990 316
990 424
313 765
313 104
313 74
313 256
313 416
143 696
664 335
780 950
236 977
236 189
557 77
231 923
231 2
580 32
580 791
767 201
978 188
978 629
377 718
671 245
191 120
191 91
191 944
343 368
343 322
343 534
343 329
343 223
920 502
413 550
413 746
159 334
955 427
955 925
955 311
955 773
575 782
575 232
581 855
581 273
581 337
581 742
201 189
526 629
428 31
428 915
428 61
428 647
428 349
428 207
428 316
428 200
607 75
607 184
488 40
364 994
306 120
833 687
885 91
885 586
900 742
424 421
424 207
424 795
866 423
248 120
248 90
652 189
56 90
56 994
56 540
68 422
365 189
514 950
808 5
881 761
125 622
5 107
5 553
5 491
5 335
1004 977
1004 189
1004 335
226 440
332 435
776 687
220 120
220 214
552 858
32 61
32 791
857 422
857 316
245 840
245 193
272 802
530 189
530 502
530 630
530 280
530 891
530 629
746 334
381 327
586 416
586 2
586 782
586 868
586 267
586 126
674 112
166 765
166 2
166 416
48 319
48 458
48 499
765 648
765 90
765 104
765 214
654 991
654 650
268 454
165 31
165 401
165 344
165 316
165 67
772 923
772 120
383 720
383 362
383 315
572 40
558 207
558 684
558 318
997 629
997 890
77 266
77 168
77 260
294 630
443 662
559 622
819 329
736 319
573 232
112 517
112 267
693 333
216 319
532 335
532 516
41 723
422 15
422 527
422 680
422 696
540 994
540 840
386 319
502 538
502 189
502 724
502 228
502 334
502 915
502 178
502 851
393 184
426 454
426 890
670 335
577 926
168 782
707 609
147 416
147 454
952 344
952 316
952 200
713 278
977 1001
977 423
977 969
977 418
977 638
388 742
388 534
918 458
543 316
416 120
416 90
416 472
416 232
416 2
416 602
416 256
416 912
416 196
605 789
337 84
337 97
337 320
969 718
969 418
923 591
923 120
923 921
923 134
923 687
923 738
953 316
953 92
954 362
193 120
193 290
193 633
846 67
846 629
774 947
401 454
563 696
256 447
256 74
837 719
837 13
837 783
837 850
837 738
921 738
517 61
814 500
134 316
754 718
321 684
53 927
53 120
53 311
53 633
849 275
849 423
198 120
939 38
587 720
587 61
718 189
718 904
718 716
718 724
718 61
718 883
493 629
67 561
67 344
67 207
70 334
715 926
126 648
136 160
136 207
136 316
795 421
795 207
782 602
782 472
782 232
782 287
782 435
584 731
631 629
890 107
890 11
890 293
278 609
278 90
278 731
731 680
731 120
731 629
731 15
731 284
676 622
534 591
534 395
534 822
534 223
980 335
392 2
184 423
466 712
692 830
188 421
280 629
290 454
704 684
157 334
160 629
472 602
472 61
779 407
316 915
316 17
316 31
316 647
316 349
316 629
316 90
316 302
316 92
316 142
316 344
316 200
595 404
595 189
595 934
196 120
196 454
6 189
851 61
362 870
117 454
904 189
433 994
197 61
891 353
891 629
891 360
101 423
107 440
61 356
61 915
61 522
61 450
61 469
61 991
61 65
189 114
189 470
189 410
189 716
189 249
622 323
622 46
561 629
844 458
844 679
844 672
844 684
127 120
127 629
858 991
1001 724
1001 685
458 684
458 499
506 14
506 173
506 491
506 90
2 790
2 334
2 629
360 629
347 700
347 277
956 319
356 602
650 783
650 682
650 738
499 120
499 684
812 790
812 119
141 469
31 349
850 90
335 643
335 553
335 537
658 629
687 65
288 629
838 629
447 74
710 599
761 738
24 629
435 500
630 469
630 629
246 423
926 308
926 565
987 120
724 685
537 440
537 423
599 423
318 684
135 942
135 334
135 628
565 684
164 420
662 40
662 802
142 207
142 469
142 90
633 120
742 120
996 418
679 684
7 418
187 40
723 672
720 628
720 629
899 238
899 217
84 97
994 120
685 629
418 105
62 646
62 542
207 35
207 469
700 277
429 454
120 291
120 90
120 609
120 752
454 609
190 629
423 334
629 569
40 802
