440 737
440 380
404 595
120 416
120 915
120 629
120 530
549 701
662 443
662 86
454 264
77 168
77 260
292 701
812 718
812 790
337 42
881 702
881 516
602 743
577 458
365 14
912 168
912 472
678 696
249 6
532 13
532 790
532 516
72 581
260 439
260 762
260 168
161 135
502 118
61 696
61 991
313 232
313 168
313 472
232 168
232 472
439 168
231 540
168 472
168 782
189 724
782 472
14 1001
696 392
933 347
107 810
955 540
418 996
581 135
772 809
550 746
381 192
381 1001
1001 506
746 923
746 692
746 935
991 654
724 181
738 654
472 356
