703 135
617 415
617 720
617 776
541 16
541 738
737 275
526 629
646 927
646 551
646 485
646 513
646 369
646 62
729 189
0 569
0 732
175 275
175 423
131 738
990 31
117 98
313 356
313 256
143 696
576 738
236 107
236 537
236 716
231 540
231 698
231 245
231 873
231 531
515 356
767 569
767 333
767 599
978 167
978 35
978 280
978 469
978 957
647 469
647 915
377 607
377 866
377 189
377 29
377 422
377 101
745 738
191 692
191 935
233 692
233 135
233 746
343 322
343 663
920 656
920 280
920 190
614 851
807 626
807 951
955 540
955 773
955 427
955 399
955 925
955 311
955 987
575 782
575 472
305 765
150 415
190 656
190 353
190 373
190 274
190 181
686 277
428 160
428 857
428 122
428 136
428 267
607 502
607 91
607 499
547 167
547 469
151 278
151 566
427 399
306 901
306 659
833 720
456 720
133 765
133 602
133 90
133 648
900 398
309 1
523 104
509 634
424 167
424 207
424 795
697 855
790 700
790 812
790 2
790 260
790 119
770 927
479 127
698 540
698 245
698 840
698 873
698 764
514 103
91 692
91 499
881 923
881 738
485 927
5 483
951 612
951 239
951 482
1004 977
1004 107
439 168
332 416
332 984
776 923
702 516
702 738
220 75
552 167
32 862
32 127
32 791
113 927
530 891
530 280
530 629
368 303
817 167
746 923
746 591
746 692
746 935
381 107
381 643
381 327
558 48
558 499
42 322
924 738
921 738
406 422
406 680
908 765
281 127
281 280
281 905
48 458
48 319
48 956
48 216
48 684
48 25
765 104
765 648
654 738
268 98
268 592
535 927
165 31
165 858
772 789
772 107
772 915
772 454
772 923
383 720
383 166
572 40
586 356
586 416
586 573
586 435
586 166
586 267
510 534
77 556
77 260
77 168
862 569
862 157
862 502
443 662
443 86
295 569
556 168
257 147
112 267
249 569
249 333
249 189
249 6
216 321
532 700
532 738
188 469
188 851
422 15
422 680
422 731
540 840
540 855
540 873
540 994
600 672
502 605
502 90
502 569
502 214
502 462
137 581
747 738
670 335
166 609
166 126
168 356
168 260
168 472
168 782
168 912
707 680
707 98
78 569
326 687
147 157
147 416
147 347
952 200
933 347
713 98
713 592
713 291
582 311
398 712
977 149
977 1001
977 996
977 423
977 127
977 153
977 418
977 791
551 927
250 927
250 886
918 758
918 672
950 103
416 927
416 356
416 256
605 569
444 927
923 738
431 988
139 534
139 548
954 167
954 469
846 561
846 280
846 629
846 67
774 947
401 415
401 98
401 429
401 454
563 696
256 356
409 569
837 738
104 743
546 912
546 550
546 743
517 803
832 103
832 423
759 984
134 98
134 592
754 184
321 499
228 569
53 311
849 506
849 275
338 994
338 433
718 197
718 189
718 593
718 61
758 956
758 704
1002 319
493 629
260 447
160 629
126 356
126 119
136 629
136 838
795 167
795 207
782 435
782 472
379 568
631 629
528 362
149 423
311 196
722 927
45 52
883 184
310 103
581 855
581 742
581 936
732 127
184 82
418 105
418 153
692 415
692 61
692 135
280 915
280 739
280 851
280 629
704 565
704 723
704 743
704 499
157 347
157 462
823 927
86 662
472 356
153 996
595 687
595 731
15 680
15 731
6 569
851 167
362 26
337 936
82 267
433 633
197 738
891 24
891 267
891 629
644 506
644 738
101 423
61 278
61 293
61 181
341 942
232 52
189 410
189 127
132 842
716 423
840 170
592 927
592 454
592 98
561 629
127 410
594 135
369 927
1001 724
1001 685
1001 738
458 684
506 199
506 14
506 192
506 738
2 700
360 629
819 329
371 720
103 423
270 738
356 209
356 684
499 318
499 684
812 700
31 24
850 738
278 98
335 107
335 687
335 898
335 980
454 429
454 98
454 609
658 629
687 462
979 738
693 569
693 599
771 901
569 470
569 482
569 415
569 333
569 90
569 599
569 538
569 339
569 976
569 991
569 710
173 738
927 513
927 854
927 542
710 599
761 738
24 629
719 738
630 629
246 724
246 423
284 680
199 738
987 531
239 538
783 208
783 16
783 738
653 738
135 720
866 423
333 743
98 107
98 291
98 429
763 214
437 738
996 738
723 41
56 482
60 40
682 738
720 855
720 680
167 35
167 469
167 207
643 107
685 629
810 107
810 473
516 764
516 738
789 470
650 738
508 738
35 469
327 738
14 738
291 429
657 738
629 267
13 738
