703 61
794 854
963 987
963 67
617 791
541 979
541 1001
150 833
526 280
526 891
526 629
526 360
646 927
646 178
646 890
0 569
0 333
0 178
175 275
175 849
175 335
131 987
990 56
990 280
143 696
576 506
576 987
95 987
557 912
102 139
231 607
231 245
231 2
231 987
231 764
231 624
767 569
767 333
767 178
978 629
810 107
377 506
377 718
15 680
15 422
15 731
191 752
493 160
493 280
493 891
493 629
493 530
233 692
233 329
343 310
343 853
343 223
343 950
343 534
343 322
343 663
343 90
920 280
920 189
920 190
6 569
6 333
6 178
437 1001
413 935
413 746
159 607
159 987
159 56
159 724
159 544
159 214
159 502
614 280
614 53
807 83
807 659
807 306
955 540
955 582
955 994
955 987
575 332
575 472
581 936
581 61
581 135
581 176
737 335
605 569
605 789
605 178
605 333
194 951
180 727
117 98
428 857
428 61
428 915
428 316
428 454
607 591
607 987
607 334
607 316
364 987
547 280
151 253
373 190
562 454
306 742
306 229
306 61
306 771
306 660
306 659
306 374
833 987
656 280
656 190
133 168
133 602
900 742
900 40
900 272
900 61
900 450
900 595
723 41
312 333
58 909
424 421
424 280
424 207
424 795
30 168
30 765
30 104
30 912
30 936
30 868
30 126
866 127
866 718
770 927
248 987
56 641
56 987
56 482
68 987
68 176
514 337
91 334
91 120
91 987
808 335
881 14
828 719
828 738
485 927
485 823
125 139
5 506
5 118
5 335
951 534
951 987
846 561
846 280
846 67
846 629
664 335
332 782
332 435
332 500
776 334
702 14
552 454
32 862
32 280
32 693
32 214
32 61
857 915
857 90
857 316
857 61
245 987
245 176
272 40
272 595
272 61
272 450
530 891
530 658
530 280
530 630
530 629
817 294
817 280
983 987
746 692
746 987
746 176
746 214
746 935
381 192
381 980
381 335
381 327
586 383
586 120
586 759
586 573
586 294
586 762
586 267
674 267
66 227
166 765
166 803
643 335
908 765
277 458
764 733
764 987
764 176
765 356
765 416
765 648
765 528
765 61
765 209
765 743
654 650
654 738
268 98
268 454
535 927
535 90
165 401
165 207
165 67
772 923
772 334
772 987
772 803
572 40
572 450
510 139
404 595
862 569
862 333
862 178
443 161
443 86
443 152
295 569
257 987
471 987
112 803
836 176
693 569
693 333
693 178
216 321
532 502
24 540
24 280
24 994
24 629
540 543
540 987
540 641
540 28
540 311
540 338
540 994
502 538
502 228
502 569
502 333
502 178
137 742
137 936
830 61
769 742
769 83
769 987
769 176
670 980
670 335
577 936
577 347
462 687
462 987
168 232
168 260
168 362
168 472
168 77
168 782
168 912
168 126
168 984
432 987
707 98
707 214
78 569
78 333
78 178
147 214
147 454
171 933
171 362
340 528
952 200
933 966
713 98
713 566
582 987
977 1004
977 1001
977 418
977 423
388 638
551 927
250 927
250 782
918 684
918 844
918 318
918 321
918 565
918 679
918 704
918 48
950 832
543 994
408 280
791 687
416 356
416 472
416 256
416 927
416 126
324 334
324 139
444 927
29 236
29 335
923 120
923 987
923 53
923 214
923 633
953 280
139 939
139 323
139 206
139 477
139 487
139 534
139 174
139 524
139 154
954 280
193 633
193 987
193 338
752 120
752 987
774 947
401 415
401 429
401 454
401 98
401 291
409 569
409 333
409 178
546 771
517 459
935 966
935 90
347 966
832 534
832 509
832 638
134 98
134 987
754 718
754 450
320 980
228 569
228 333
228 178
53 987
53 731
849 987
361 987
338 994
338 987
718 189
718 61
718 724
718 595
718 883
236 537
236 335
185 987
984 447
260 790
260 912
67 561
67 344
67 207
160 280
160 629
715 926
126 2
126 74
126 782
644 199
588 176
48 528
795 421
782 472
782 435
631 280
631 629
528 692
528 565
890 987
568 61
696 181
278 98
638 334
311 994
311 987
722 927
659 229
659 61
798 987
534 64
534 334
980 107
980 335
976 569
976 178
167 280
167 469
692 415
692 987
692 61
692 775
692 176
692 334
692 450
692 135
865 90
482 987
482 176
280 561
280 35
280 915
280 188
280 301
280 422
280 274
280 851
280 142
280 241
280 647
280 658
280 207
280 136
280 629
280 360
280 421
280 92
280 267
280 469
280 293
290 253
290 214
704 25
823 927
472 356
472 912
472 743
28 994
28 987
822 454
316 915
316 647
316 214
316 90
316 629
464 335
196 987
196 454
671 334
671 987
873 987
851 61
337 1
337 936
337 477
82 870
433 987
197 850
197 987
197 790
891 353
891 629
101 246
101 423
107 208
107 454
107 192
107 98
61 602
61 662
61 915
61 161
61 742
61 991
61 450
61 802
61 784
61 469
61 135
870 135
870 12
814 500
566 253
784 742
132 334
75 987
840 987
592 98
561 647
561 629
844 684
127 454
369 927
731 987
559 634
251 987
506 783
360 629
872 987
944 90
371 135
103 310
103 423
735 454
995 176
956 684
875 454
138 415
138 867
499 684
812 790
934 595
31 838
850 987
850 761
335 208
335 1004
335 468
335 553
335 537
335 688
335 192
647 92
658 629
915 136
915 200
161 994
161 135
170 135
249 569
249 333
249 178
264 454
569 991
569 599
569 470
569 538
569 710
569 333
595 450
927 513
927 854
927 542
927 90
927 113
710 333
710 178
761 738
719 738
253 454
630 629
246 423
987 120
987 609
987 531
987 633
987 334
987 214
987 994
987 641
987 809
987 90
987 239
987 329
987 738
987 789
987 683
987 65
994 641
994 789
176 855
176 329
176 135
176 641
549 135
599 333
599 178
135 628
135 72
135 120
135 942
135 178
565 679
565 684
322 299
322 223
662 40
662 450
602 743
333 470
333 538
333 178
996 418
450 40
450 802
687 739
142 267
178 470
178 538
745 738
682 650
113 854
353 190
274 469
274 190
418 105
62 542
415 454
186 90
181 190
429 454
650 783
650 738
1004 410
120 334
214 531
868 743
454 334
454 612
685 629
783 738
40 802
