50 559
963 159
963 67
617 159
541 506
541 173
737 440
737 7
737 849
526 280
526 550
526 629
660 306
729 377
0 569
0 333
0 189
853 164
853 638
365 189
313 356
313 416
313 256
313 30
313 294
143 696
780 514
780 638
445 280
557 356
231 923
231 693
231 502
231 245
515 356
515 214
386 319
767 569
767 333
767 201
978 890
372 169
377 866
661 692
233 105
343 103
343 322
343 663
343 638
343 223
920 274
920 214
920 280
648 356
648 74
229 306
413 927
413 214
413 935
159 251
159 633
159 551
159 290
159 784
159 56
159 443
159 214
159 951
199 90
807 951
311 697
311 582
581 135
852 214
879 322
324 591
324 638
324 534
324 334
324 84
324 214
324 362
201 189
201 393
686 157
607 415
607 75
607 334
607 502
607 935
547 280
547 851
373 190
306 742
306 531
306 659
885 294
885 256
133 356
133 52
96 638
312 333
922 585
424 280
863 784
863 771
790 680
790 812
790 595
652 189
56 994
56 482
990 280
990 178
514 103
514 832
514 378
514 950
514 638
881 14
292 135
485 513
485 62
485 542
951 239
951 454
951 923
951 214
951 706
752 220
1003 638
776 214
220 214
552 901
32 280
857 160
245 994
113 542
530 280
530 214
530 891
730 356
730 868
381 506
381 1001
381 327
586 356
586 168
586 111
586 500
586 687
586 334
586 762
586 435
41 723
41 704
41 565
66 45
42 638
166 416
166 602
166 762
106 638
765 356
765 942
765 90
765 868
765 104
765 30
654 991
654 783
654 682
654 650
654 738
268 98
111 52
650 90
165 31
165 401
165 344
165 67
165 858
165 257
165 316
772 517
772 178
572 40
572 450
510 638
404 506
862 569
862 333
622 559
559 402
819 329
573 112
112 416
112 90
112 267
112 517
443 90
443 214
443 152
249 569
249 333
249 189
216 321
216 319
532 516
24 280
24 629
4 304
502 591
502 118
502 78
502 569
502 333
502 334
502 693
502 178
393 843
769 771
740 157
740 891
740 638
670 506
670 553
168 356
168 260
168 232
168 912
168 30
707 98
707 880
78 569
78 333
147 157
843 407
843 779
952 344
952 200
713 592
582 329
582 764
716 189
977 236
977 1004
977 1001
977 423
977 996
977 418
388 638
250 880
950 322
950 638
338 994
416 356
416 260
416 90
416 256
416 294
416 868
416 126
272 450
605 569
605 228
605 333
923 239
923 738
923 134
923 880
923 921
923 214
923 193
953 280
889 126
139 638
193 850
235 700
846 561
846 280
846 67
846 629
774 947
401 415
401 454
256 356
256 74
256 294
724 685
724 246
724 293
104 356
921 1004
517 356
517 61
517 803
832 16
832 638
134 356
134 454
134 98
134 592
134 291
228 569
228 333
53 890
849 327
718 189
718 980
718 90
718 61
599 569
599 333
599 409
758 723
236 189
663 649
493 280
493 891
493 629
984 356
260 912
260 949
260 77
67 207
160 280
160 360
160 629
48 319
795 207
782 435
584 731
631 280
631 629
528 609
890 700
890 190
890 107
890 127
890 638
568 187
696 422
696 61
278 98
278 214
955 427
955 925
955 773
798 771
731 422
731 15
731 214
731 284
676 638
392 267
634 638
692 214
692 61
865 214
628 135
280 561
280 915
280 188
280 422
280 685
280 851
280 31
280 647
280 658
280 891
280 35
280 360
280 241
280 421
280 142
280 656
280 630
280 629
280 293
762 356
762 185
290 214
157 356
472 232
472 356
472 912
822 509
822 638
181 190
316 275
464 90
346 638
6 569
6 333
6 189
851 61
362 135
117 98
904 189
433 994
322 164
322 638
891 629
891 353
891 360
107 90
107 98
107 214
61 356
61 90
61 334
61 991
232 30
232 912
73 723
189 1004
189 114
189 595
189 470
189 410
784 742
294 447
592 927
592 98
592 454
561 629
38 638
712 450
844 214
305 356
295 569
858 239
1001 685
458 577
506 996
835 214
360 629
371 214
103 310
103 638
103 423
735 638
440 537
310 638
499 684
812 700
812 52
934 595
850 90
335 1004
647 838
658 142
658 629
687 214
693 569
693 333
838 656
838 349
656 190
569 991
569 409
569 214
569 470
569 538
569 710
569 333
569 976
421 188
710 333
435 500
949 912
630 685
630 142
630 629
284 422
550 742
987 214
940 214
509 299
509 638
239 633
971 344
409 333
537 90
893 120
30 356
30 942
30 912
135 415
135 942
135 936
135 214
164 638
356 868
356 743
356 602
356 912
356 209
925 697
697 855
299 638
275 327
602 743
333 470
333 538
98 454
742 771
996 418
450 40
788 638
187 40
720 214
200 136
84 638
353 190
685 629
62 646
62 542
415 629
223 638
207 35
207 469
810 90
684 214
190 274
214 544
214 743
214 178
214 629
214 40
214 738
214 334
868 912
912 743
136 344
680 422
454 291
454 429
783 738
629 267
