50 559
963 67
617 388
617 586
617 833
541 506
541 996
737 849
737 175
526 629
312 333
175 275
175 849
990 200
990 424
990 316
313 77
313 765
313 256
313 885
313 447
313 294
313 356
313 984
313 168
313 30
313 416
966 935
695 596
102 534
102 622
231 698
231 2
767 333
767 6
767 178
978 141
978 493
647 200
647 316
647 92
810 107
810 335
377 422
377 506
377 718
191 415
191 120
191 692
233 540
233 692
233 159
230 193
920 633
920 274
229 742
229 696
413 935
413 746
159 607
159 502
159 739
159 334
159 776
159 214
159 62
159 738
159 765
159 940
159 546
159 544
614 35
614 858
614 274
614 851
955 540
955 773
955 427
955 925
955 311
955 987
575 168
575 949
581 742
581 273
581 90
150 415
605 506
605 333
605 189
605 178
32 534
32 280
32 214
32 90
32 791
686 157
428 173
428 915
428 90
428 92
428 122
428 200
428 316
428 142
607 742
607 591
607 696
607 278
607 334
607 53
364 418
547 851
306 742
306 374
833 415
833 462
833 185
900 40
309 38
309 1
309 832
309 97
0 333
0 6
0 178
424 421
424 795
30 356
30 765
30 256
30 868
853 90
697 855
697 540
697 925
697 311
248 506
479 718
698 540
698 245
698 840
698 873
698 764
84 97
881 700
881 506
881 381
881 761
881 516
881 650
125 622
5 506
5 553
5 670
5 483
5 890
846 629
439 168
439 949
332 700
332 435
332 500
702 14
180 727
945 14
576 14
272 40
272 450
530 891
530 915
530 629
530 24
730 356
746 534
746 935
847 92
558 458
558 319
558 216
343 322
343 223
166 356
166 416
166 573
166 586
166 765
166 74
921 506
590 347
134 291
701 90
764 582
764 585
765 356
765 168
765 868
765 209
765 214
765 890
381 506
381 327
535 369
535 444
165 31
165 401
165 915
165 92
165 200
165 857
165 142
165 316
772 923
772 633
305 356
383 720
572 40
572 450
586 416
586 984
510 622
77 912
77 260
77 949
77 168
862 333
862 178
622 324
622 46
622 139
622 939
622 323
622 206
622 477
622 676
622 534
622 524
295 178
573 416
112 168
112 392
112 267
693 333
693 178
532 688
532 502
24 629
540 987
502 333
502 178
114 127
322 460
199 506
199 14
199 996
577 458
168 260
168 2
168 232
168 868
168 949
168 912
168 266
168 984
432 915
78 333
78 178
147 277
147 171
147 890
147 715
147 926
843 779
171 277
952 316
952 200
977 418
388 923
388 132
250 886
950 663
338 987
416 356
416 260
416 90
416 256
416 472
923 591
923 633
923 687
923 120
953 316
953 200
988 851
808 506
808 670
808 29
193 633
752 415
774 947
401 415
401 429
401 454
401 98
401 291
857 200
857 316
857 971
256 356
409 333
409 178
546 189
546 550
935 90
423 101
423 246
754 718
292 135
228 333
228 178
53 633
849 275
849 329
587 720
718 866
718 61
718 724
718 716
718 595
718 711
718 189
718 904
718 127
718 980
718 101
493 561
493 629
984 447
984 126
260 912
260 868
260 949
160 629
126 52
136 316
136 200
48 458
596 187
795 421
795 207
782 232
631 629
890 613
568 187
696 591
696 181
659 742
883 716
310 1
908 443
534 612
980 553
167 274
167 181
692 135
482 531
482 641
704 743
472 356
472 912
472 868
316 915
316 17
316 543
316 92
316 142
316 971
316 31
316 344
316 90
316 302
316 200
15 680
15 731
609 214
609 454
6 506
6 333
6 178
442 506
891 267
891 353
891 629
644 506
644 996
101 866
101 716
101 127
101 246
713 454
713 291
997 90
232 356
232 868
522 415
73 319
189 506
189 14
189 68
716 724
75 334
283 90
443 662
561 629
844 684
731 422
731 92
251 506
251 641
613 422
458 319
458 956
506 208
506 1004
506 643
506 775
506 670
506 783
506 796
506 249
506 226
506 29
506 996
506 14
2 334
2 119
360 629
374 742
270 14
612 120
956 684
956 499
356 648
356 52
356 868
356 912
356 209
812 700
812 790
812 119
31 200
31 92
850 738
335 867
335 118
454 429
454 98
454 291
658 629
687 120
249 333
249 178
838 685
569 333
95 987
710 333
710 178
761 516
465 783
435 500
92 915
92 200
92 207
92 142
949 266
949 912
630 629
246 724
898 90
987 809
830 90
19 333
971 200
971 543
724 457
724 538
724 711
599 333
599 178
783 14
783 738
603 46
318 684
976 178
991 178
915 90
915 200
135 90
429 291
164 420
602 868
333 470
333 538
333 178
98 291
996 418
450 802
142 200
178 334
178 470
178 415
178 538
52 868
56 641
720 90
200 90
200 17
200 302
200 543
200 344
643 685
74 743
685 629
418 105
418 531
62 542
854 542
700 277
120 334
531 641
144 90
543 344
868 912
868 209
738 14
14 13
629 267
641 809
