703 771
963 67
617 415
617 159
852 214
526 280
526 629
660 362
729 377
729 243
0 178
175 849
175 532
990 280
990 165
990 482
990 424
966 933
95 383
95 769
95 987
231 607
231 540
231 245
231 987
767 178
978 469
978 988
377 101
377 718
671 2
191 927
191 415
191 334
191 823
343 139
343 718
343 663
343 638
920 280
920 214
920 190
648 908
648 765
229 607
413 927
413 823
413 746
159 742
159 578
159 278
159 502
159 500
159 923
159 56
159 214
614 858
614 188
311 697
311 987
575 782
575 949
575 472
305 517
737 849
879 75
324 214
201 189
32 502
32 61
32 114
32 280
32 724
32 469
32 977
32 189
32 754
32 716
32 862
32 281
686 577
428 122
428 61
428 915
428 857
428 302
428 136
428 267
607 591
607 969
607 299
607 334
607 91
607 646
607 410
607 250
607 75
607 147
607 592
364 987
547 280
497 977
373 190
141 469
833 75
656 280
656 190
900 61
509 788
65 326
30 936
697 855
697 83
697 925
697 771
770 927
770 823
652 189
56 987
68 987
365 189
514 395
264 245
91 75
828 249
173 657
485 513
485 927
485 823
485 542
253 566
253 290
253 151
5 107
272 568
272 61
646 927
646 250
646 513
646 542
646 62
646 823
664 192
439 912
439 949
332 782
332 558
332 318
776 214
220 75
220 334
220 214
180 958
857 838
245 873
245 987
113 927
113 823
530 891
530 75
530 630
530 24
530 214
530 280
530 629
530 267
746 692
746 388
746 534
746 665
746 935
381 643
381 576
381 327
558 956
674 537
166 74
166 586
166 500
380 440
546 550
546 193
908 762
676 622
106 788
83 75
847 207
268 15
268 98
268 291
535 927
535 823
865 214
772 75
772 923
772 566
383 720
572 40
910 591
910 692
910 329
997 75
77 949
862 178
622 125
622 510
622 559
295 178
764 987
736 319
573 586
112 517
443 742
443 662
443 86
443 152
443 936
443 135
443 581
693 178
399 1
532 700
532 491
532 335
532 820
532 118
188 280
188 988
188 469
586 869
586 500
586 294
586 984
586 435
586 267
540 955
540 987
600 918
502 718
502 2
502 61
502 178
114 189
769 251
769 873
740 788
670 107
670 643
670 718
168 782
168 232
168 949
168 472
432 987
707 98
78 178
147 927
147 823
147 454
565 723
565 679
565 41
952 517
952 200
933 347
107 75
107 98
107 214
582 987
716 189
716 718
398 61
977 236
977 1004
977 189
977 1001
977 996
977 423
977 418
397 299
551 513
551 927
551 823
250 886
250 823
250 334
250 927
918 758
950 402
587 720
19 16
416 927
416 232
416 949
416 823
605 228
605 178
605 470
444 927
444 823
969 178
923 506
923 120
923 278
923 687
923 890
923 214
988 167
139 513
846 629
846 67
774 947
401 415
401 429
401 454
401 98
401 165
401 291
921 657
517 718
517 61
281 718
706 239
832 38
134 98
134 592
134 454
134 291
754 718
320 1004
228 178
849 275
849 987
361 987
338 987
718 356
718 591
718 915
718 851
718 388
718 904
718 980
718 692
718 16
718 61
718 450
718 189
718 135
718 542
758 956
493 685
493 795
493 629
260 949
67 561
67 344
67 207
67 165
160 629
160 24
267 891
654 991
654 783
126 2
644 506
644 996
795 424
782 472
782 500
379 568
631 280
631 629
568 662
568 947
568 802
278 98
278 214
955 427
955 987
722 927
722 823
731 680
731 214
184 82
184 90
167 469
167 630
167 851
692 214
692 775
165 31
165 344
165 207
165 316
482 178
482 987
251 987
280 561
280 915
280 422
280 851
280 647
280 249
280 629
280 24
280 35
280 360
280 241
280 421
280 142
280 293
290 214
704 362
823 120
823 40
823 369
823 513
823 927
823 854
823 90
823 542
86 742
472 356
472 61
472 214
472 62
28 987
181 190
316 915
196 454
873 987
6 189
6 178
851 469
851 61
362 870
362 371
117 98
904 189
433 987
891 629
927 120
927 40
927 369
927 854
927 513
927 90
927 542
927 592
101 246
713 98
713 592
713 291
510 323
510 402
61 356
61 742
61 2
61 450
61 591
61 189
61 469
61 602
61 991
61 802
61 293
341 915
341 739
566 687
73 513
199 506
75 809
75 62
75 334
840 987
592 454
592 98
561 629
38 388
38 189
38 410
38 638
844 214
844 318
127 334
369 513
293 630
858 991
1001 506
835 214
2 866
2 347
360 629
872 987
374 105
371 214
103 423
356 602
356 214
550 500
812 790
658 629
658 24
687 214
249 189
249 178
569 214
421 424
595 189
595 609
595 450
236 189
236 537
710 178
710 599
465 700
24 629
435 500
949 912
949 266
630 469
630 629
246 423
987 214
987 531
987 809
987 994
987 641
987 789
513 854
513 62
940 214
971 200
409 178
537 440
599 178
424 207
318 684
976 178
991 178
135 942
624 329
164 638
662 214
299 388
679 723
333 178
98 429
98 454
98 291
742 450
996 418
739 915
788 634
60 466
720 680
720 214
200 915
353 190
685 629
418 105
189 1004
189 470
189 410
207 35
207 469
372 609
429 454
429 291
684 214
542 62
120 454
190 274
190 334
190 629
214 334
214 544
214 743
214 738
214 629
214 40
470 178
936 626
609 334
454 291
538 178
334 612
178 339
