703 951
541 410
737 275
737 849
526 160
526 360
526 631
526 629
854 120
854 62
854 542
0 605
175 410
175 275
175 849
175 423
990 424
313 885
313 948
143 796
966 168
966 347
966 933
927 592
927 948
695 40
231 607
231 698
231 810
978 167
978 35
978 547
978 188
978 301
978 614
978 421
978 988
978 141
978 957
978 851
978 469
978 795
978 552
978 954
978 207
978 817
978 424
978 493
978 159
377 457
377 53
377 696
15 731
191 415
191 65
191 948
343 663
920 530
159 38
159 8
159 844
159 500
159 940
159 334
159 776
159 290
159 851
159 565
614 469
955 540
955 773
955 427
955 925
955 311
955 987
581 936
581 135
879 368
879 75
201 107
180 958
428 915
428 136
607 334
547 469
547 847
948 859
948 416
948 120
948 499
948 517
948 459
948 500
948 267
948 126
948 592
948 52
948 803
948 674
948 112
948 165
948 392
948 65
948 629
497 977
373 344
516 532
141 469
833 415
833 462
885 586
900 272
309 1
424 469
30 356
30 765
697 855
697 540
697 925
697 311
248 157
56 329
698 540
698 245
698 840
698 873
698 764
954 207
954 469
292 857
485 62
34 855
34 997
5 107
951 388
951 273
951 707
951 502
1003 707
1003 291
332 500
776 334
702 106
552 469
32 569
32 189
32 502
245 624
530 569
530 891
530 915
530 267
530 630
530 334
530 851
530 280
530 629
530 462
817 469
772 586
772 573
772 823
772 61
772 120
772 75
772 609
772 546
772 739
772 166
772 454
381 506
381 192
381 327
558 207
558 499
674 112
674 61
924 199
924 410
380 712
380 528
921 977
61 356
61 718
61 122
61 457
61 517
61 991
281 569
281 491
764 582
765 591
765 936
847 165
847 207
268 633
268 454
268 713
268 98
268 117
268 291
535 646
586 157
586 573
586 267
586 126
586 166
522 457
294 416
443 662
249 605
532 700
532 881
532 13
532 2
532 761
532 192
532 790
24 280
24 629
540 422
540 830
502 538
502 605
502 333
114 275
769 229
740 106
670 236
670 107
168 416
168 260
168 868
168 912
168 77
168 790
707 713
707 39
707 680
707 98
707 609
707 880
707 193
78 862
78 538
952 200
933 347
107 440
107 980
107 553
107 118
977 969
977 1004
977 153
977 1001
977 862
977 418
977 644
75 334
551 62
618 321
618 499
950 303
587 720
416 633
416 256
416 126
605 228
605 333
605 789
605 862
605 470
605 293
605 710
969 189
969 410
923 53
923 334
988 469
808 362
193 714
193 127
193 53
193 910
846 561
846 629
774 947
401 415
401 429
401 454
401 291
409 470
837 410
546 120
546 65
832 612
134 592
134 454
134 291
321 499
321 704
228 693
849 275
849 338
718 687
718 334
718 122
718 591
912 743
912 790
912 77
758 844
758 499
663 223
493 629
179 887
260 77
894 629
126 356
126 166
644 14
41 499
41 565
48 723
48 458
48 684
48 499
185 458
782 500
631 569
631 629
528 542
568 784
696 457
696 406
638 788
731 422
731 720
731 915
184 423
167 469
692 90
692 624
482 569
482 410
280 569
280 360
280 629
762 915
290 214
704 458
704 723
157 542
160 629
472 356
565 723
779 423
316 915
316 200
301 469
301 630
301 188
671 397
609 291
229 106
851 569
851 469
433 410
871 628
891 630
891 267
891 629
101 457
713 592
870 658
77 556
73 679
73 499
189 1004
189 90
189 569
189 716
784 742
716 457
716 118
716 423
397 975
410 16
410 122
410 777
410 251
410 1001
410 153
410 994
410 650
862 569
795 469
561 629
712 40
844 499
369 62
251 987
1001 685
1001 106
458 684
458 499
458 25
506 657
2 700
2 956
2 629
2 790
360 629
944 267
356 743
499 319
499 723
812 790
647 915
658 629
658 838
687 457
687 334
457 866
457 19
457 246
457 777
457 423
457 243
569 491
569 915
569 415
569 749
569 685
569 538
421 469
421 630
595 372
236 537
710 423
435 415
630 469
630 188
630 629
246 724
987 749
513 62
724 685
537 208
318 684
318 672
135 936
859 743
866 423
142 344
633 11
742 214
996 418
450 40
512 469
685 629
418 331
415 372
646 62
646 542
207 469
789 329
789 470
429 454
429 291
542 62
120 454
531 641
388 612
136 915
35 469
202 629
187 40
187 802
749 90
188 469
