617 214
541 506
541 16
541 410
737 440
737 537
971 344
971 990
854 586
0 249
0 432
0 605
0 118
0 333
175 410
175 275
175 849
175 5
990 952
990 165
990 915
990 17
990 136
990 408
990 543
990 92
990 142
990 428
990 31
990 633
990 344
990 647
990 953
990 857
990 302
990 316
990 200
313 356
313 416
313 90
313 74
313 256
313 294
313 232
313 112
313 472
143 144
780 514
780 106
95 987
695 951
695 450
557 168
102 139
231 987
767 333
978 614
377 506
671 586
191 415
191 692
191 90
191 334
233 692
388 742
388 591
388 718
388 189
388 502
388 61
388 280
388 851
388 832
388 638
388 178
920 550
920 188
920 190
648 294
648 762
648 74
648 104
6 506
6 333
355 147
413 196
413 935
159 334
311 987
575 912
581 855
581 936
581 135
48 499
879 534
879 223
324 139
324 589
194 901
194 229
194 769
194 74
194 863
622 559
686 147
686 715
428 316
428 857
428 200
607 696
364 987
547 280
972 147
306 742
306 771
833 257
833 61
456 527
885 294
885 74
133 74
900 742
900 546
96 2
312 333
509 299
509 735
509 638
509 893
30 356
30 765
30 602
30 52
30 472
30 868
30 232
30 730
697 855
697 170
697 925
248 506
56 987
698 987
514 950
514 103
514 378
91 674
91 147
91 97
881 506
125 534
125 139
5 506
5 228
5 553
5 118
951 979
951 638
951 552
226 506
332 232
332 416
332 759
332 74
332 586
776 157
776 356
776 915
776 586
776 450
776 517
776 530
776 214
776 684
776 542
230 147
220 75
32 197
32 791
857 200
222 1004
245 840
245 987
272 187
530 493
530 586
530 188
530 630
530 200
530 141
530 629
530 24
730 356
730 912
730 37
746 135
746 935
381 506
558 499
674 517
674 392
674 61
42 402
924 199
924 410
924 644
285 147
921 506
921 923
921 738
590 147
281 718
106 740
765 356
765 868
268 98
111 304
535 113
165 31
165 401
165 344
165 67
165 858
165 316
165 200
772 687
383 909
383 720
586 356
586 915
586 517
586 334
586 718
586 687
586 166
586 984
586 742
586 416
586 2
586 450
586 447
586 126
586 157
586 782
586 435
586 684
586 542
997 90
77 168
77 762
77 912
517 356
443 662
443 86
699 168
819 329
423 977
423 246
423 184
112 356
693 333
693 178
399 310
188 656
188 502
188 851
540 855
540 641
540 955
540 987
540 28
502 334
502 718
502 605
502 534
502 862
502 280
502 189
502 333
502 178
114 275
925 987
670 506
577 147
166 356
166 416
166 74
166 294
166 704
168 356
168 416
168 260
168 782
168 472
168 232
168 912
168 949
527 731
432 987
707 98
707 880
754 718
78 404
78 333
147 90
147 933
147 926
147 752
147 347
147 277
147 171
171 933
422 284
582 987
716 724
716 718
716 883
716 127
977 208
977 1004
977 410
977 950
977 1001
343 322
950 663
338 987
404 372
416 260
416 90
416 52
416 232
416 334
416 447
416 743
416 256
416 912
416 2
416 629
605 228
605 710
605 506
605 333
605 789
605 862
605 249
605 293
605 470
337 505
969 410
923 880
923 235
923 738
409 333
139 510
139 676
139 939
139 174
139 206
139 477
139 64
139 534
139 154
139 323
139 487
808 506
193 53
764 987
774 947
401 415
401 98
401 429
401 454
256 294
256 104
256 74
724 718
724 181
724 293
837 410
104 294
546 662
546 550
935 90
832 710
832 638
759 362
134 98
134 117
134 592
134 454
134 291
641 987
641 28
321 499
228 333
53 662
53 290
849 987
361 987
939 38
939 510
587 415
587 293
718 591
718 692
718 61
718 127
718 334
718 851
718 157
718 189
718 904
718 980
599 333
758 956
493 288
493 630
493 629
493 24
984 782
984 294
984 74
260 912
70 164
126 362
136 316
425 633
782 2
584 731
379 568
379 996
528 909
528 362
890 500
568 60
696 334
278 98
638 164
955 987
293 862
534 38
732 118
392 90
392 61
184 779
184 710
167 181
692 61
692 687
692 334
628 135
280 851
280 629
704 684
160 629
160 200
8 731
86 662
472 356
472 90
472 912
28 987
153 410
316 200
595 410
196 731
196 629
15 680
15 943
15 731
873 987
229 742
229 334
474 38
362 731
117 98
82 135
433 410
433 987
442 506
101 246
713 98
713 592
510 164
61 742
61 450
61 135
232 912
814 500
199 850
565 499
294 74
294 447
75 334
410 16
410 122
410 777
410 482
410 251
410 1001
410 994
410 650
283 1004
862 333
592 98
592 454
592 738
38 591
844 956
844 499
369 646
731 284
251 987
1001 506
947 466
506 208
506 1004
506 643
506 783
506 796
506 249
506 90
506 29
506 189
506 14
2 356
872 987
682 1004
356 52
356 743
356 912
356 209
356 90
499 318
499 684
812 700
812 119
141 512
842 329
335 119
647 24
687 334
170 855
170 720
249 333
249 181
569 333
421 90
236 107
236 189
710 333
24 629
435 500
291 98
291 429
291 454
630 685
926 931
987 531
987 482
987 809
987 994
987 840
987 789
987 68
513 646
940 214
883 200
29 118
956 684
549 135
537 440
537 107
537 181
863 742
135 720
135 936
662 40
662 214
602 743
288 629
333 470
333 538
98 107
98 454
98 429
304 4
742 771
742 214
996 418
187 700
187 60
187 40
52 912
52 868
720 680
720 936
200 915
200 629
208 1004
470 1004
74 447
74 266
418 105
62 646
169 372
942 936
189 90
189 181
646 542
181 274
700 4
700 277
553 118
454 429
214 107
912 949
912 266
466 40
609 334
107 118
