776 923
963 67
617 720
617 462
150 415
526 360
526 629
854 927
854 535
729 377
0 569
0 249
0 502
175 275
175 849
175 737
175 423
990 31
990 424
143 580
664 90
780 103
780 634
236 537
236 532
231 170
231 698
231 531
231 540
515 927
767 569
978 167
978 35
978 547
978 188
978 301
978 614
978 421
978 988
978 954
978 957
978 851
978 469
978 424
978 795
978 817
978 207
978 141
978 552
372 934
372 595
377 506
377 696
671 687
671 278
191 927
233 135
388 299
388 634
388 96
388 832
920 915
920 190
648 168
229 607
159 742
159 923
159 692
159 230
159 290
159 214
159 935
955 819
575 782
575 168
575 472
581 135
581 772
737 275
737 849
879 322
324 1
190 656
190 181
190 353
190 373
190 891
190 274
428 173
428 915
428 302
428 857
428 952
428 136
428 267
607 415
607 718
607 499
607 56
607 546
488 568
364 506
547 167
497 977
497 491
833 415
833 720
833 462
833 185
656 629
133 90
509 634
424 167
424 847
424 207
424 795
424 421
30 104
30 765
698 540
698 245
698 840
698 873
698 764
514 103
514 395
881 516
808 107
292 769
292 135
828 1001
828 106
95 251
5 107
5 898
5 483
951 369
951 552
1004 977
226 440
226 994
332 782
332 318
92 658
92 207
92 838
220 75
220 65
552 167
552 858
32 127
857 915
857 165
245 540
245 994
272 662
530 718
530 630
530 915
530 891
530 629
817 167
746 534
746 565
746 214
746 935
746 223
847 31
847 24
586 126
674 392
42 322
924 14
732 127
406 680
281 127
281 915
281 239
764 994
765 104
765 168
765 912
654 682
381 107
381 327
268 633
268 454
268 713
268 98
268 291
268 117
535 722
535 369
535 444
535 250
165 31
165 401
165 67
165 858
165 316
165 200
772 915
772 454
772 75
772 609
772 731
383 166
383 589
910 329
77 168
77 260
77 2
862 569
443 662
443 86
819 329
585 922
585 362
693 569
216 321
24 629
422 15
422 731
4 371
4 771
502 569
502 538
502 249
502 189
114 127
322 343
322 740
740 788
199 13
577 239
166 74
166 52
166 416
168 700
168 356
168 260
168 790
168 267
168 2
168 126
168 472
168 782
168 912
168 956
707 680
58 909
78 569
147 347
107 335
107 553
977 1001
977 423
977 996
977 153
977 418
343 223
250 886
250 927
918 758
918 458
950 103
338 687
338 994
338 433
416 927
416 517
416 305
605 569
923 197
923 550
923 214
988 167
139 477
954 167
193 633
193 53
846 561
846 629
846 67
774 947
401 415
401 429
401 454
401 98
401 291
563 696
256 356
724 127
546 550
832 319
832 423
759 232
759 984
134 592
134 454
754 127
321 90
228 569
849 506
849 858
849 275
106 1001
718 197
718 189
718 569
718 630
718 991
718 731
718 629
925 269
1002 319
493 629
260 2
260 790
260 912
67 561
67 344
67 207
160 915
160 629
126 790
126 74
644 506
185 762
782 472
584 731
379 568
379 662
631 629
528 542
568 198
568 771
568 495
568 947
696 915
278 633
722 927
731 15
731 720
731 595
731 284
534 334
184 423
167 35
167 795
167 207
167 851
251 873
280 915
280 851
280 629
290 214
921 719
704 684
704 25
157 462
86 662
86 152
472 356
472 743
316 915
595 915
301 647
15 680
6 569
851 915
672 844
197 687
891 629
101 423
61 991
61 135
232 356
232 74
189 506
189 29
132 842
716 127
75 633
592 927
592 98
592 454
795 207
561 207
561 629
844 458
844 25
127 122
127 325
127 293
127 883
369 513
858 991
14 13
14 516
506 29
506 461
506 670
2 790
360 629
103 164
103 423
550 940
499 25
812 790
335 670
335 810
647 214
658 629
956 790
249 569
249 333
838 629
264 329
569 409
569 599
569 470
569 538
569 710
569 333
569 976
927 90
927 62
761 783
761 516
761 738
435 500
540 855
630 915
630 629
246 423
284 680
880 680
12 680
12 720
429 454
164 420
356 743
739 915
788 634
723 41
52 743
720 855
720 680
208 783
591 420
643 685
685 629
418 105
790 700
790 267
646 62
700 267
516 738
542 62
136 915
136 344
136 267
454 291
