703 120
703 135
703 306
963 159
963 67
617 120
541 199
541 16
541 738
737 335
971 200
854 927
854 193
0 178
0 423
175 275
175 335
175 423
990 280
990 316
990 200
143 32
966 227
966 933
780 514
780 337
445 280
695 40
695 596
695 61
231 698
231 738
767 333
767 178
978 159
15 731
191 692
233 692
233 61
233 135
233 581
343 663
343 322
343 310
343 853
343 223
920 280
920 841
6 333
6 178
923 120
923 738
413 927
413 935
159 607
159 251
159 724
159 56
159 940
159 214
159 142
614 851
311 697
575 782
575 332
581 936
581 135
201 335
526 280
526 629
428 316
428 543
428 915
428 857
428 200
607 232
607 591
607 334
607 61
488 568
364 671
547 280
547 207
547 647
373 190
306 742
306 120
306 771
306 660
306 229
306 214
306 374
306 659
833 462
833 185
656 280
656 190
133 256
900 90
309 832
953 280
424 421
424 280
424 207
424 795
30 936
30 126
30 256
697 170
697 925
698 540
698 245
698 840
698 873
698 764
514 950
514 378
514 103
808 335
881 850
95 540
95 433
5 506
5 335
5 107
5 553
5 670
5 502
951 190
846 561
846 280
846 629
846 67
664 90
664 335
439 168
332 782
332 500
332 586
332 918
50 559
32 90
32 61
32 669
32 915
32 280
857 316
857 136
857 61
857 200
245 329
272 61
272 450
530 280
530 629
817 280
746 692
746 550
746 62
746 935
746 542
381 506
381 335
381 670
381 327
586 416
586 120
586 759
586 573
586 383
586 782
586 447
586 462
586 166
586 984
674 112
674 803
42 322
42 337
166 112
166 759
166 803
546 550
908 765
281 280
764 671
654 979
165 31
165 401
165 67
165 200
572 40
572 450
910 193
1004 335
862 178
443 662
699 294
295 178
819 329
585 4
573 782
573 120
112 74
112 803
112 294
112 267
249 605
249 178
532 516
24 280
24 891
24 629
24 267
540 994
540 161
540 955
540 135
540 641
502 122
502 628
502 75
502 915
502 178
137 936
393 843
213 374
769 671
670 553
670 335
577 926
462 718
462 915
462 75
462 980
462 739
462 566
168 782
168 260
168 472
168 294
168 232
168 912
168 126
432 153
432 641
432 809
907 843
78 178
147 196
147 171
952 316
952 200
107 980
716 718
977 153
977 1001
977 418
977 996
977 969
388 132
388 638
918 684
950 663
470 178
408 280
404 595
416 782
416 120
416 256
416 267
605 178
576 987
431 915
954 280
193 500
752 185
774 947
401 415
401 429
401 454
256 478
256 648
256 186
256 517
256 356
256 267
724 14
724 189
724 181
724 796
104 648
104 868
921 738
517 478
517 648
517 186
517 90
517 459
517 267
809 731
832 638
134 98
134 592
134 454
134 291
754 450
321 684
321 565
228 178
843 407
843 184
843 883
849 700
849 423
361 987
338 181
338 987
718 189
718 61
663 223
663 612
260 126
67 561
67 344
67 207
67 190
160 280
160 629
160 493
126 790
644 199
644 423
48 458
48 684
48 499
493 561
493 280
493 630
493 629
782 120
782 472
782 500
584 731
379 568
631 280
631 629
568 495
568 947
568 61
696 392
62 646
62 542
659 61
731 680
731 422
731 284
310 103
534 334
980 335
392 267
418 996
167 280
692 742
692 591
692 329
692 671
692 450
692 135
482 987
482 178
280 188
280 301
280 851
280 647
280 658
280 891
280 136
280 35
280 421
280 92
280 739
280 142
280 630
280 274
280 561
280 915
280 422
280 685
280 293
280 207
280 629
280 360
280 241
280 469
290 214
290 566
704 684
157 347
70 334
472 912
472 743
316 915
316 647
316 90
316 275
316 142
316 200
851 469
362 870
362 371
337 936
337 942
337 505
433 987
891 629
927 592
101 246
101 423
61 742
61 161
61 550
61 450
61 136
61 771
61 802
61 415
61 991
61 135
870 12
199 506
294 803
294 74
592 98
592 454
795 421
561 629
844 684
1001 553
1001 423
2 700
506 468
506 14
835 987
360 629
872 987
371 135
612 334
440 537
550 743
812 700
812 500
812 790
812 119
934 595
31 200
850 516
335 208
335 643
335 810
335 118
335 464
335 29
335 468
335 553
335 537
335 985
335 236
335 688
647 838
647 200
647 274
803 74
803 267
658 629
915 189
915 739
915 200
161 135
161 771
478 648
478 267
693 178
595 450
236 898
236 189
710 178
710 599
761 700
761 790
435 74
435 500
122 628
122 178
92 200
630 423
630 739
630 629
246 423
987 135
987 531
994 135
409 178
459 90
459 267
549 135
537 181
599 178
318 684
976 178
976 349
991 178
135 942
565 684
164 420
679 684
602 743
333 178
98 429
98 454
742 90
450 40
739 629
142 214
142 200
187 90
745 738
200 17
200 543
200 344
200 302
200 136
353 190
685 629
4 771
189 410
186 648
186 267
181 190
628 178
170 855
120 40
120 711
454 429
454 291
190 274
538 178
648 267
291 429
178 339
40 90
