541 738
971 543
971 316
971 200
854 823
854 362
854 542
729 377
0 228
0 693
0 502
0 991
0 605
0 862
0 6
0 409
0 295
0 599
0 470
0 538
0 767
0 710
0 78
0 333
0 976
0 249
990 165
990 316
124 823
143 410
576 738
780 977
445 288
695 362
231 987
231 28
231 698
231 329
231 863
231 738
978 167
978 512
978 851
978 629
377 866
377 149
377 423
377 883
347 147
233 61
388 534
388 638
920 530
920 668
920 746
920 739
920 731
920 851
229 742
437 738
159 334
159 214
159 239
159 746
311 987
575 168
581 742
581 936
581 135
526 360
428 173
428 189
428 647
428 953
428 857
428 316
428 200
364 987
547 851
948 416
948 592
151 253
373 391
306 742
306 374
306 890
397 738
885 586
885 447
885 648
885 74
885 256
885 416
885 232
885 294
885 571
885 313
885 984
133 984
900 571
96 638
509 299
509 638
424 421
424 207
424 795
863 742
866 718
56 987
698 540
698 245
698 840
698 873
698 764
698 987
514 977
514 1001
91 52
954 630
881 738
828 738
485 823
485 62
95 987
5 273
951 255
951 502
951 577
951 78
951 931
951 630
951 857
951 323
951 883
226 120
439 912
439 416
332 500
776 571
776 334
702 738
32 534
945 738
857 915
857 530
857 160
857 883
857 316
857 200
245 987
113 823
530 280
530 891
530 915
530 189
530 571
530 685
530 629
530 851
746 700
746 591
746 923
746 214
746 812
746 739
746 731
746 813
746 668
746 935
381 335
381 192
381 532
381 738
586 416
586 120
586 782
586 74
586 383
586 447
586 500
586 435
586 984
674 112
924 14
924 738
921 738
590 171
281 127
764 987
660 585
765 30
654 738
650 738
535 369
535 823
165 31
165 401
165 316
772 75
772 923
772 223
383 356
383 362
572 246
77 356
77 168
294 74
294 256
294 416
294 447
294 984
443 742
693 791
532 738
41 565
540 994
540 987
502 189
502 188
502 228
502 280
502 178
979 738
769 742
670 506
577 157
166 517
166 74
166 743
168 556
168 260
168 74
168 472
168 912
168 949
168 790
432 987
78 710
78 599
147 931
340 743
952 316
107 120
582 987
977 1004
977 1001
977 996
977 423
977 497
977 950
977 103
977 153
977 418
343 663
551 823
250 823
918 946
338 987
416 782
416 912
416 447
416 435
416 629
605 228
444 823
923 506
923 738
953 316
988 188
808 899
235 369
752 731
401 415
401 429
401 454
401 683
401 98
401 291
256 74
837 738
546 274
517 356
517 602
517 61
517 803
935 813
935 571
935 720
935 668
832 700
832 638
134 260
134 592
134 738
754 718
754 184
849 987
361 987
587 720
718 189
718 915
718 61
718 724
480 987
758 844
236 506
236 1004
236 189
663 571
493 288
984 74
391 288
597 738
160 571
83 742
83 374
126 648
126 790
277 571
425 232
795 421
795 207
782 232
782 500
890 127
568 60
568 802
568 450
696 483
975 738
955 987
722 823
659 742
883 189
883 595
534 591
534 571
418 996
692 742
628 211
628 135
280 90
280 851
290 253
70 638
823 821
823 556
823 369
823 513
823 62
823 927
823 646
823 394
823 542
86 742
472 52
28 987
624 329
316 543
316 92
316 142
316 647
316 302
316 136
316 200
196 120
671 738
346 638
851 915
851 724
337 135
813 571
433 987
891 629
644 90
644 738
668 720
61 591
656 838
232 356
566 253
189 915
189 200
189 595
189 731
189 24
784 742
862 724
75 120
75 850
410 994
285 571
592 454
592 98
592 609
592 738
561 288
38 309
127 724
731 571
251 987
1001 724
1001 738
2 812
2 335
2 790
2 500
506 738
835 742
872 987
371 4
103 423
173 738
270 738
571 742
571 870
571 450
571 161
571 62
571 684
571 394
571 542
956 684
356 120
356 52
356 743
499 120
499 679
812 700
812 119
812 465
812 790
141 469
850 738
335 790
335 516
288 629
264 329
447 74
421 188
595 372
595 169
710 246
761 738
24 629
719 738
199 738
987 531
987 482
987 809
987 994
987 641
987 925
987 873
987 840
987 789
987 68
724 14
724 685
993 742
135 942
135 855
135 936
299 638
602 743
349 976
742 152
742 400
742 901
996 738
142 915
634 638
187 60
745 738
52 868
52 912
52 209
682 738
200 915
200 136
74 912
819 329
169 372
646 62
516 738
516 743
684 915
684 120
542 62
120 190
775 329
855 936
214 283
912 949
327 738
14 738
448 329
783 738
657 738
178 188
13 738
