703 135
487 977
541 738
851 167
851 334
851 978
595 272
595 193
595 450
950 977
764 698
433 987
313 765
313 37
313 472
891 530
143 142
101 246
780 977
780 514
445 288
695 947
231 698
231 738
61 742
61 718
61 90
61 318
111 759
978 120
377 149
132 388
233 692
388 509
235 598
235 472
710 502
561 288
607 334
607 528
38 343
38 534
38 395
38 663
38 832
413 120
413 746
844 321
844 558
844 704
369 646
369 854
369 485
955 427
955 540
955 311
955 773
293 700
293 409
737 440
782 52
782 586
782 984
324 591
883 16
458 321
458 704
506 173
506 951
506 850
506 996
506 644
2 854
306 214
306 790
103 977
509 832
30 936
356 256
356 472
697 855
550 854
499 120
56 987
812 700
812 119
514 977
854 113
31 165
31 838
850 120
485 62
16 843
5 107
5 29
951 239
439 416
332 700
332 416
332 435
133 765
95 987
220 120
857 915
857 17
435 500
149 208
245 698
113 535
530 629
630 629
246 423
746 591
746 692
746 334
746 214
746 935
898 29
381 327
987 120
987 28
586 984
926 715
42 323
166 743
166 74
502 862
502 178
29 899
908 765
537 107
599 693
765 209
638 164
865 120
865 90
565 321
565 704
662 443
814 500
443 86
443 152
120 416
120 720
120 190
120 107
120 70
120 500
120 147
120 316
120 629
142 316
142 267
573 416
288 493
288 629
112 646
112 952
112 392
112 74
112 472
98 401
98 278
540 698
996 977
996 153
996 418
393 107
322 591
679 684
168 416
52 126
52 790
105 418
407 843
698 840
698 873
208 977
74 392
353 190
107 415
107 810
418 977
418 153
415 401
415 278
343 663
551 159
250 886
918 321
918 704
700 334
700 119
416 912
416 266
416 949
720 942
720 936
516 790
421 188
988 188
193 500
401 165
401 429
401 291
104 721
732 118
684 321
684 704
1004 977
321 704
228 605
605 178
214 159
310 70
423 977
936 278
136 915
136 316
67 344
126 790
528 389
915 316
334 692
392 316
977 153
165 344
165 316
