522 61
18 622
703 784
301 978
541 410
541 828
851 915
851 920
851 978
851 530
362 660
526 629
646 513
646 369
646 62
82 784
175 410
433 410
990 424
197 32
197 828
313 168
313 648
313 90
313 256
313 765
891 353
891 629
891 530
576 828
445 288
231 540
231 245
231 28
61 568
61 843
61 659
61 718
885 447
767 693
77 908
77 2
978 167
978 35
978 547
978 188
978 614
978 421
978 988
978 954
978 957
978 469
978 512
978 424
978 795
978 817
978 207
978 141
978 552
978 239
315 936
199 506
199 828
784 697
784 83
784 4
784 626
784 306
784 863
191 692
233 692
343 950
285 844
443 53
443 193
561 288
413 935
413 746
844 684
293 724
293 711
581 932
581 951
581 628
581 405
737 440
782 435
782 586
782 52
782 984
909 58
16 410
1001 506
1001 14
1001 410
1001 828
458 956
800 62
506 828
506 14
506 923
506 951
2 236
2 500
2 768
2 629
2 119
2 868
2 790
772 316
969 410
306 214
306 790
206 622
173 828
270 828
953 207
682 828
30 765
30 936
889 868
56 410
802 302
349 207
881 828
850 828
828 719
828 783
828 657
828 644
828 924
828 437
828 13
828 921
828 996
828 327
828 923
828 738
828 532
828 702
828 654
828 761
828 745
828 837
828 14
828 945
828 979
828 650
485 62
915 160
915 316
95 951
951 633
951 245
951 707
951 239
951 870
951 482
951 681
838 92
159 62
447 586
439 168
530 696
530 629
530 178
530 630
530 790
530 267
702 14
761 516
857 316
435 500
122 410
122 716
272 450
630 288
746 692
746 935
898 90
381 327
558 216
558 319
558 956
558 48
940 214
66 45
924 410
676 622
48 319
48 25
660 585
765 168
765 648
765 104
765 936
765 721
319 25
777 410
125 622
535 854
535 113
165 31
165 401
165 344
165 207
565 684
383 742
586 416
586 984
586 500
997 752
814 500
294 126
622 510
622 559
622 323
876 716
602 868
288 493
288 629
98 401
693 178
693 791
216 25
532 700
742 692
502 178
757 932
168 949
168 260
168 472
168 912
168 214
168 721
168 984
52 868
479 90
407 843
113 854
113 90
994 410
353 920
932 692
716 718
716 980
482 410
482 531
790 260
790 868
169 372
415 401
250 854
854 542
207 428
207 302
207 136
719 410
372 404
416 598
416 472
416 266
416 912
416 949
324 70
401 429
401 291
837 410
104 425
650 410
542 500
214 912
214 62
267 629
912 949
912 472
738 654
984 126
260 266
160 629
410 251
410 14
410 153
410 76
392 316
178 629
