703 120
794 743
963 134
963 67
541 1001
541 90
737 107
737 175
971 316
971 915
971 267
971 200
646 62
646 542
0 189
0 178
0 502
175 5
175 1004
175 107
175 275
175 532
990 316
313 356
313 294
313 256
313 416
664 107
780 950
95 987
102 125
231 511
231 245
231 987
231 923
231 698
231 693
231 338
767 178
767 599
978 167
978 35
978 547
978 188
978 301
978 614
978 421
978 988
978 954
978 957
978 851
978 469
978 512
978 424
978 795
978 90
978 817
978 207
978 141
978 552
978 629
647 915
647 316
524 125
377 457
377 866
377 530
671 245
671 531
191 120
191 692
233 692
388 742
388 534
388 334
388 132
923 633
923 783
923 921
923 214
923 592
923 193
923 890
355 686
413 692
159 742
159 356
159 718
159 56
159 334
159 290
159 315
614 817
311 697
311 582
311 987
575 77
581 855
581 936
581 720
581 733
581 135
150 415
605 789
605 228
605 189
605 693
605 178
201 107
201 189
622 559
686 609
428 31
428 915
428 207
428 802
428 857
428 302
428 316
428 200
607 61
607 890
488 40
364 987
547 817
547 538
151 253
306 659
306 374
656 190
133 416
133 602
133 166
900 662
922 383
787 692
30 356
30 868
697 855
697 925
697 720
248 415
248 692
56 531
56 410
56 987
698 540
698 245
698 840
698 987
698 873
698 764
514 103
514 950
514 832
514 337
91 415
91 885
954 817
292 942
587 415
587 720
587 890
16 410
125 206
125 324
125 477
125 487
125 510
125 534
125 939
125 154
243 718
5 107
5 189
951 83
951 214
951 771
752 40
332 782
332 232
332 416
332 318
332 500
50 559
220 75
220 692
220 90
220 334
552 901
552 817
857 915
857 316
245 733
245 987
272 40
272 662
530 90
530 178
530 280
530 891
530 629
530 267
368 322
368 310
817 167
817 35
817 188
817 301
817 421
817 988
817 851
817 957
817 469
817 512
817 795
817 207
817 141
817 424
730 356
746 692
746 733
381 107
381 506
381 189
381 327
586 885
586 573
586 267
586 111
586 447
586 294
586 762
586 166
586 984
166 782
166 112
61 517
61 991
61 591
908 765
764 733
764 987
765 356
765 648
765 104
765 214
765 48
765 362
268 98
535 356
165 31
165 401
165 316
772 75
772 120
772 609
772 454
383 909
383 362
383 112
383 720
383 528
572 40
572 538
558 458
558 684
558 499
510 534
522 334
862 178
443 742
443 662
443 214
443 86
443 152
295 178
112 782
112 517
112 232
836 733
249 208
249 6
249 178
216 321
216 25
532 553
532 804
188 988
422 680
422 696
540 987
502 718
502 693
502 511
502 178
502 851
137 936
994 987
994 641
322 343
322 943
322 1
670 107
577 157
577 936
304 720
168 356
168 416
168 260
168 472
168 77
168 782
168 966
527 720
527 406
432 987
707 98
939 612
78 178
254 40
952 915
952 316
952 200
107 208
107 1004
107 464
107 118
107 898
107 335
107 98
107 985
107 980
107 29
107 468
107 553
107 537
107 810
107 236
107 688
107 808
107 192
582 329
582 987
977 236
977 418
343 103
343 223
250 178
918 499
950 103
950 1001
543 316
416 356
416 334
324 534
324 362
324 591
576 506
953 915
953 316
988 167
193 230
846 67
774 947
401 683
401 429
256 104
409 178
104 356
104 648
517 356
517 267
935 692
832 612
134 98
134 454
321 684
228 178
53 542
849 987
361 987
338 987
718 866
718 716
718 708
493 685
67 207
885 782
885 790
654 991
588 733
48 25
48 499
596 40
596 187
379 40
528 138
528 890
890 415
890 850
890 987
890 499
890 465
568 40
955 987
798 692
883 127
804 516
534 591
534 90
534 334
534 178
184 710
167 469
167 851
692 72
692 329
692 448
692 415
692 733
692 624
782 472
782 435
628 720
628 135
251 987
251 531
762 648
290 253
290 214
704 499
472 356
28 987
316 90
316 92
316 142
316 31
316 344
316 915
316 214
316 302
316 136
316 200
301 362
15 680
6 189
6 178
6 716
851 858
851 178
851 141
362 135
117 98
82 720
82 135
433 189
433 987
733 855
733 68
733 769
733 482
733 995
733 135
733 329
891 360
101 246
101 423
870 720
870 135
77 356
77 912
566 253
73 499
189 68
189 178
189 236
189 716
189 410
189 783
716 866
716 237
75 633
840 987
283 90
592 98
712 40
844 684
844 672
844 499
369 513
369 407
731 720
559 634
458 956
458 684
458 25
947 40
506 783
872 987
371 720
371 135
956 684
356 90
356 74
356 214
356 52
356 209
310 943
310 334
310 1
310 46
499 723
499 41
812 700
812 465
812 790
812 119
141 630
141 90
31 915
850 682
850 90
335 464
454 429
25 319
25 684
170 720
170 135
693 178
693 599
634 788
838 136
771 742
236 537
710 599
710 178
761 738
865 90
435 267
183 688
719 410
4 720
4 187
4 90
4 135
246 423
482 987
987 531
987 809
987 641
987 925
987 873
987 789
987 68
500 120
239 214
724 407
537 423
599 178
783 738
12 720
318 684
976 178
991 178
135 334
135 337
135 942
135 720
565 684
662 40
602 743
333 178
98 713
98 429
106 612
742 90
996 90
996 418
405 936
142 915
92 915
7 810
187 40
682 90
720 855
720 936
485 542
200 344
200 915
200 136
208 410
353 190
62 542
90 469
90 629
90 542
429 291
17 915
531 809
470 178
136 915
538 178
410 14
274 469
915 178
915 334
119 790
334 612
40 802
