522 802
703 443
963 67
617 720
223 343
223 772
150 415
150 147
362 528
971 200
950 663
82 870
0 333
175 1004
175 275
175 849
175 423
433 120
433 994
433 738
990 165
575 168
575 472
572 695
891 629
891 414
891 631
891 353
891 267
927 444
927 770
927 250
927 722
927 369
927 513
927 854
927 551
927 823
927 485
927 646
927 535
927 542
927 113
101 377
101 246
101 423
702 14
702 924
102 324
102 477
102 510
102 524
102 534
102 125
102 323
102 939
102 154
997 34
61 591
61 692
61 900
61 662
61 272
61 443
61 991
61 306
61 718
232 369
458 25
77 912
77 260
978 752
524 323
377 866
377 754
303 343
189 236
189 281
189 214
191 415
191 752
191 65
716 158
716 31
75 687
75 65
75 772
596 450
920 280
920 851
920 772
862 333
6 333
6 772
293 724
293 605
220 90
561 846
313 765
313 30
712 40
712 942
159 742
159 915
159 590
159 334
159 214
159 731
159 798
159 765
159 62
159 500
159 912
159 283
159 136
684 499
684 318
684 772
614 141
614 185
537 107
537 737
369 168
369 62
369 535
955 427
955 540
955 925
955 311
955 773
731 422
581 135
851 280
851 915
851 772
879 334
879 322
879 420
605 333
605 693
1001 977
1001 924
491 497
686 157
686 577
428 165
428 838
428 647
428 857
428 136
428 543
947 774
947 450
565 679
506 14
506 921
506 924
641 633
364 540
2 700
2 126
2 628
2 516
2 956
2 532
2 790
2 335
360 629
360 24
948 160
373 344
435 782
435 500
749 569
516 837
516 761
737 849
141 241
141 280
141 120
141 188
833 415
833 720
173 924
900 450
96 420
192 381
58 158
682 924
65 687
65 120
65 772
30 356
30 936
30 762
30 912
356 718
356 168
356 120
356 528
356 472
356 868
356 256
356 912
356 743
356 126
866 754
230 147
550 546
248 692
248 772
405 135
802 546
91 415
91 850
306 272
854 535
31 165
31 847
850 783
850 738
335 381
647 142
1 309
658 629
658 493
658 92
678 696
34 855
5 381
5 772
1003 707
771 660
569 415
569 333
569 693
569 482
332 500
333 228
333 502
333 409
333 599
333 470
333 538
333 710
333 249
710 599
562 323
722 535
719 14
253 752
272 754
272 910
272 450
530 160
530 280
530 120
158 249
158 292
158 865
630 469
372 415
246 423
837 700
381 772
381 532
338 540
987 531
586 718
674 267
940 53
940 214
291 401
42 706
924 14
924 199
924 644
502 120
830 185
724 843
459 564
48 704
424 847
765 214
654 738
12 680
535 444
535 250
535 472
535 542
535 772
683 401
135 292
135 942
772 742
772 120
772 754
772 450
772 517
772 334
164 402
662 443
662 466
662 450
697 855
697 540
697 925
697 311
299 323
443 742
443 86
443 152
275 849
748 308
142 207
273 951
633 540
633 707
533 742
112 267
98 707
643 685
24 493
24 136
24 629
742 214
540 855
540 994
66 52
450 40
450 754
687 160
687 915
393 907
739 120
231 873
304 4
646 62
168 885
168 472
168 912
106 788
52 868
52 45
388 120
388 951
707 680
707 609
707 951
720 587
485 513
591 160
591 915
214 290
233 120
62 542
415 401
415 185
207 469
207 165
207 67
810 107
324 534
292 120
923 915
759 126
401 429
401 454
401 165
789 470
921 14
542 120
120 226
120 915
120 334
120 157
120 718
120 783
120 201
120 834
577 157
105 418
531 90
144 8
912 260
136 915
185 334
67 165
67 344
454 429
454 264
410 14
696 8
915 280
915 316
743 472
418 977
783 738
629 280
977 153
165 344
