78 599
992 935
126 104
301 658
963 67
447 294
447 573
447 74
447 586
685 630
685 530
851 607
851 718
851 547
851 920
851 978
851 629
526 658
646 513
646 369
646 250
646 62
0 5
175 275
175 849
175 473
175 737
990 857
990 92
990 953
990 142
990 428
990 31
990 647
990 349
990 658
990 165
990 302
990 136
197 120
313 356
313 294
313 472
313 112
891 629
143 410
668 935
668 746
664 702
780 950
780 977
780 509
780 103
780 514
445 288
702 381
61 607
61 724
61 718
61 122
61 883
885 294
232 472
111 586
227 66
227 45
978 469
978 988
647 658
647 200
73 956
473 275
473 849
189 410
189 178
784 533
784 771
745 644
565 41
862 178
343 70
343 950
343 663
343 223
920 607
920 718
920 915
920 530
920 181
920 629
648 765
648 294
592 98
592 609
592 134
592 454
662 443
662 86
561 658
561 288
506 236
541 738
712 450
159 147
159 334
159 214
614 858
762 586
762 984
924 14
924 516
369 535
369 823
293 549
305 765
305 425
305 946
737 275
737 849
1001 950
1001 103
1001 850
1001 977
1001 514
2 231
337 505
428 915
800 62
607 718
607 915
607 502
607 530
607 534
364 582
547 658
948 803
360 658
813 935
813 746
373 207
373 190
497 773
306 659
833 185
833 499
103 977
103 378
103 423
103 950
103 514
656 658
656 190
133 294
133 602
133 984
900 742
900 272
74 294
74 573
192 381
509 388
956 25
424 658
424 421
424 207
30 356
853 223
356 912
356 718
356 602
356 472
356 730
356 256
356 500
356 743
697 855
790 104
790 812
790 868
499 558
499 318
499 321
499 546
499 48
499 185
499 890
485 62
743 472
743 516
514 977
514 378
514 950
540 994
540 264
91 634
91 933
850 14
850 199
335 107
577 933
803 517
658 35
658 188
658 817
658 274
658 207
658 136
658 493
658 24
658 167
658 160
658 421
658 280
658 142
658 469
658 795
658 954
658 631
439 168
150 415
951 630
951 736
951 239
951 323
170 135
288 493
288 629
288 391
249 178
943 310
838 142
277 933
101 423
332 500
50 559
595 372
595 169
95 987
180 727
180 958
857 915
435 782
435 267
435 586
435 500
106 164
122 693
225 779
817 294
630 160
246 572
246 423
730 104
746 935
550 660
338 890
558 946
883 724
883 718
883 915
294 416
294 586
294 984
147 416
231 994
285 933
724 718
450 718
946 416
946 425
832 319
660 873
765 908
765 425
654 682
654 738
381 327
650 783
650 682
650 532
650 738
535 444
683 401
683 429
165 401
165 316
165 67
135 72
135 718
135 628
135 334
135 942
135 581
772 16
772 609
383 887
804 532
586 602
586 573
586 500
586 267
586 984
404 718
517 718
443 86
275 849
13 783
349 207
310 223
98 401
693 700
693 228
693 502
693 791
532 516
319 618
24 280
742 718
72 581
502 718
502 228
502 178
502 791
168 949
687 609
994 890
322 334
322 223
184 423
634 388
187 60
329 624
388 718
682 783
682 738
720 935
720 185
644 327
530 718
530 915
530 629
530 334
530 493
200 915
591 718
952 543
353 190
166 416
274 190
716 718
649 663
418 977
62 542
415 401
415 546
415 718
415 429
75 609
138 887
250 886
223 663
950 977
950 378
950 663
90 534
90 609
90 416
543 316
416 629
416 890
988 207
581 609
954 207
193 53
193 546
846 67
908 425
401 429
401 454
401 291
378 977
837 783
837 738
104 425
546 609
684 185
542 718
1004 977
120 764
120 190
188 178
190 181
228 178
718 915
718 534
718 692
423 977
136 207
136 316
35 207
67 344
67 207
70 534
795 421
795 207
609 334
609 528
454 291
454 429
782 500
890 534
915 160
915 316
915 629
334 534
783 738
575 472
178 628
178 280
629 280
629 160
167 469
