301 469
301 988
15 422
229 742
851 35
851 718
851 988
851 951
362 660
660 120
990 424
683 401
313 416
313 765
313 90
313 294
891 630
891 24
780 977
695 134
844 684
231 607
231 698
61 742
61 915
61 718
61 90
61 428
428 718
978 167
978 988
647 915
647 316
189 718
818 438
818 58
745 650
343 663
235 648
110 674
110 112
110 166
110 74
38 309
413 700
413 746
159 214
159 290
159 629
614 469
614 988
293 120
293 246
581 936
581 135
737 107
879 322
1001 506
1001 14
1001 977
1001 468
2 416
2 790
2 77
458 684
458 577
947 774
947 568
506 732
547 469
547 988
373 207
633 923
633 193
241 469
309 322
956 684
424 469
424 988
424 207
356 718
310 477
471 752
499 684
698 540
698 245
698 840
698 873
698 764
514 977
306 784
306 790
31 165
803 112
915 718
915 316
5 107
951 923
951 692
951 239
951 957
838 316
838 267
885 294
447 294
421 469
421 988
595 214
595 272
141 165
141 988
702 14
552 988
32 90
272 40
272 754
530 718
817 469
817 988
630 280
630 24
926 147
926 120
977 1004
977 423
977 950
586 166
674 112
674 166
940 90
940 214
746 935
994 582
166 416
166 74
166 112
166 392
502 718
908 721
281 167
764 582
765 214
765 721
765 104
83 784
319 48
509 634
535 120
976 178
976 349
165 401
165 344
165 160
165 316
135 718
135 628
772 923
772 120
164 832
662 443
558 207
510 125
299 634
294 416
294 759
294 256
294 104
294 648
294 126
294 74
294 984
443 86
257 416
585 742
585 980
585 563
573 90
112 416
112 74
112 392
532 468
532 418
24 629
742 718
996 738
450 718
450 214
512 988
323 139
184 90
184 883
784 4
477 139
147 120
200 952
591 718
952 344
74 392
107 553
790 126
169 372
415 401
415 617
415 883
388 718
207 35
207 469
207 795
207 988
207 954
700 126
416 752
923 120
923 738
923 53
923 193
953 316
988 167
988 35
988 188
988 954
988 957
988 469
988 795
954 469
401 429
401 291
104 721
517 718
684 25
542 120
120 274
188 469
320 90
214 40
214 712
214 290
214 629
957 469
718 692
718 90
718 534
718 980
35 469
67 344
680 422
795 469
379 568
783 738
392 316
178 629
167 469
704 25
