50 559
617 334
617 151
541 199
541 738
737 327
526 629
526 267
526 360
729 101
0 189
175 849
365 53
365 189
313 356
313 765
313 30
313 37
143 544
664 362
780 103
780 514
695 187
695 362
102 534
231 607
231 698
231 873
231 738
580 544
767 333
978 851
978 772
377 718
377 738
377 101
377 883
15 731
661 692
191 692
233 692
388 742
388 843
920 274
920 772
413 90
413 935
159 40
159 712
159 450
159 707
159 334
159 290
159 62
311 697
575 332
581 692
581 936
581 135
581 137
879 322
324 477
201 107
686 966
428 915
428 349
428 32
428 302
428 142
428 316
607 416
607 915
607 61
607 591
607 70
607 517
607 334
607 531
607 178
607 718
607 250
607 112
607 534
607 948
607 502
488 568
364 764
547 862
547 851
547 188
151 923
151 687
151 278
885 294
133 356
900 742
900 187
96 420
723 565
58 909
424 795
30 356
30 765
30 942
30 648
30 294
697 855
697 170
697 925
790 812
790 2
56 987
698 540
698 245
698 840
698 873
698 764
990 31
990 316
990 953
514 103
514 950
91 423
881 761
881 738
828 738
253 290
253 566
243 61
5 586
113 535
1003 912
277 157
332 782
332 500
776 193
702 738
220 772
32 534
945 738
857 915
857 316
272 187
530 189
530 915
530 629
530 630
530 891
530 493
817 167
817 851
730 356
746 692
746 90
746 935
381 107
381 192
586 416
586 517
586 447
586 294
586 281
586 762
586 166
674 356
42 323
166 356
166 765
166 759
166 573
166 648
166 762
590 171
908 765
281 905
48 956
765 356
765 942
765 648
765 214
654 650
654 738
268 98
535 517
165 31
165 401
165 344
165 316
165 67
772 356
772 506
772 120
772 61
772 127
772 629
772 566
383 720
572 862
572 187
558 618
558 565
862 534
862 293
862 502
443 86
443 152
559 420
819 329
736 692
112 267
693 605
693 178
216 321
532 437
532 738
532 516
188 534
188 502
682 738
600 956
502 189
502 724
502 280
502 178
393 907
199 738
924 644
924 738
168 356
707 98
707 214
707 880
707 193
707 951
907 843
907 184
907 883
53 193
952 316
952 200
933 347
933 966
713 98
582 832
582 994
977 423
977 410
977 418
977 796
343 322
343 223
250 886
918 844
950 69
950 103
950 206
791 544
416 126
605 789
605 228
923 334
923 921
923 738
953 90
953 316
139 206
808 107
193 940
193 890
846 629
774 947
401 415
401 429
401 454
401 98
401 291
563 544
256 356
576 738
837 738
104 356
423 103
423 710
423 101
423 246
423 779
423 184
921 738
517 157
517 743
517 356
517 267
517 684
517 542
935 692
134 98
134 738
754 718
321 684
843 440
843 591
843 718
843 16
843 687
843 534
843 407
843 711
939 206
939 534
587 720
718 915
718 61
718 724
718 334
718 883
718 189
718 904
718 716
718 122
718 127
718 114
663 410
493 658
493 629
597 738
160 267
160 629
308 418
126 356
126 37
644 738
795 421
795 207
795 851
782 472
379 568
631 629
890 70
890 11
568 198
568 187
568 495
696 595
278 98
278 334
798 90
534 206
534 120
534 70
392 369
392 267
692 742
692 90
692 775
692 671
692 334
692 448
692 415
692 135
482 251
482 178
280 595
280 629
762 356
762 294
762 178
290 214
704 743
704 25
472 232
472 356
472 214
565 956
565 684
316 915
316 142
316 17
316 302
316 543
316 92
316 214
316 120
316 971
316 31
316 344
316 647
316 90
316 136
316 200
595 189
595 687
595 372
595 738
671 738
6 716
362 909
362 371
117 98
82 870
322 223
891 414
891 267
891 629
101 246
37 232
742 784
742 863
107 98
61 356
61 334
77 266
315 90
566 120
189 410
189 716
189 135
189 883
132 842
716 149
716 883
561 629
712 40
712 550
712 591
712 334
712 450
844 25
844 956
844 684
844 672
731 422
731 680
731 284
1001 103
1001 14
1001 738
613 738
979 738
947 466
947 267
506 738
2 700
360 629
206 477
270 783
270 738
956 684
356 648
356 743
356 684
356 52
550 334
812 700
934 372
31 915
850 90
850 738
658 629
687 334
687 500
25 684
288 629
249 181
249 178
669 544
173 738
761 516
761 738
24 629
719 630
719 738
630 629
987 120
987 641
940 214
883 724
830 769
135 942
624 329
624 873
662 187
738 516
738 783
738 657
738 437
738 975
738 13
738 996
738 327
738 745
738 14
738 650
602 743
450 40
187 802
741 544
720 680
200 136
591 334
643 685
685 629
418 105
62 214
169 372
606 90
372 404
700 119
516 14
684 743
650 410
214 648
144 544
14 90
743 13
783 90
90 500
