963 454
963 67
617 752
617 334
541 738
150 752
526 160
729 377
0 228
0 693
0 502
0 605
0 862
0 6
0 409
0 295
0 599
0 470
0 519
0 538
0 767
0 710
0 78
0 249
0 333
0 976
0 991
0 178
175 849
175 423
365 118
313 294
576 738
780 977
445 288
557 326
231 540
231 698
231 245
231 2
231 338
111 782
647 493
810 7
810 335
377 866
377 457
377 724
377 630
377 101
377 5
191 692
191 90
233 692
233 245
343 388
343 90
343 310
343 399
920 656
648 356
648 765
648 133
648 602
648 868
648 782
648 240
648 946
648 790
229 742
437 738
159 735
159 707
159 32
159 940
159 693
159 214
614 469
807 53
955 540
955 773
955 454
955 427
955 873
955 925
955 311
955 987
575 168
575 472
737 440
737 849
622 559
428 915
428 316
428 454
428 142
607 248
364 994
547 469
547 851
948 586
948 454
497 977
373 190
435 332
435 500
306 626
306 784
306 790
306 771
833 752
656 953
656 190
900 742
900 813
900 53
58 586
424 469
424 207
424 630
863 454
866 423
866 716
248 591
248 692
248 185
479 275
479 586
698 540
698 245
698 840
698 873
698 764
514 977
91 752
91 415
91 843
292 135
828 804
828 738
485 854
485 62
951 809
951 502
951 996
951 669
951 56
951 189
951 957
951 482
951 538
951 605
951 707
951 857
951 433
951 907
951 738
951 663
846 561
846 67
668 720
332 500
332 250
332 318
50 559
702 738
220 75
220 334
552 858
552 454
945 738
857 316
857 142
961 2
245 540
245 264
245 329
245 764
245 624
530 658
530 724
530 630
817 469
730 356
746 813
746 720
746 935
381 192
381 921
381 670
381 502
586 120
586 310
586 837
586 257
586 602
586 454
586 868
586 161
586 294
586 947
586 416
586 264
586 160
586 267
586 885
586 735
586 500
586 782
586 165
674 112
116 454
924 506
924 14
924 173
924 738
924 516
546 120
908 765
908 721
48 319
48 684
765 104
765 721
654 991
654 682
654 738
721 104
721 425
650 738
535 472
535 62
165 31
165 401
165 344
165 207
165 67
165 838
165 454
772 75
772 120
772 82
772 502
772 454
772 923
772 609
383 657
383 887
997 90
404 372
404 595
862 909
443 86
443 152
819 692
585 135
585 771
471 752
112 267
532 761
532 804
532 516
532 783
532 738
188 469
188 851
188 454
422 15
422 731
502 2
502 228
502 724
502 976
502 214
502 178
502 185
137 936
979 512
979 738
670 185
577 230
577 53
166 356
166 633
166 602
166 782
166 517
166 267
690 724
645 362
707 416
707 633
707 680
707 98
707 214
707 880
707 193
907 454
326 782
147 416
147 90
147 926
565 321
713 592
713 566
582 764
716 149
977 1004
977 423
977 950
977 103
977 418
250 854
250 454
950 663
338 90
19 454
416 472
416 294
416 912
416 790
605 693
444 454
953 207
953 353
953 838
954 469
193 633
193 53
193 120
235 454
752 415
752 120
752 731
752 454
752 185
401 415
401 429
401 454
401 98
401 291
563 696
256 294
837 738
104 425
104 946
921 738
517 356
517 602
517 61
517 267
935 720
935 214
134 592
53 120
53 633
53 715
849 275
849 423
957 469
957 630
587 454
718 107
718 724
718 334
718 61
893 454
236 537
663 638
493 288
493 724
984 294
391 288
260 168
260 790
67 561
67 344
67 207
881 14
881 804
881 738
126 232
126 294
126 782
126 790
136 207
136 915
136 200
425 90
425 946
185 850
185 915
185 762
185 684
584 454
379 454
890 693
890 90
278 633
722 454
722 542
659 742
798 454
883 724
288 561
288 629
167 274
167 469
167 851
692 90
692 500
692 135
692 61
865 454
290 214
290 454
290 566
704 743
160 630
160 454
472 168
472 232
472 790
181 190
779 423
316 90
316 142
316 915
595 550
595 790
196 120
301 469
15 731
609 592
851 141
362 854
362 149
362 454
813 720
813 277
433 987
433 454
891 414
891 24
644 738
101 423
61 854
61 742
232 946
232 178
814 500
73 41
199 506
199 738
132 388
294 74
294 885
294 447
397 454
410 724
592 454
592 333
592 98
731 680
795 469
795 207
198 120
712 40
712 802
127 454
293 724
782 602
782 74
782 868
782 454
39 454
1001 738
506 14
506 173
506 738
241 469
527 720
371 454
103 310
103 423
173 90
173 454
173 738
270 738
682 738
317 304
356 602
356 790
356 209
310 477
573 447
405 135
812 790
812 119
141 421
141 469
850 90
850 987
850 738
454 120
454 35
454 264
454 562
454 284
454 854
454 629
454 641
454 738
454 680
454 999
454 802
454 905
454 624
687 334
943 164
447 74
421 469
421 630
95 239
761 738
719 738
253 98
630 629
246 724
246 423
987 56
987 531
987 482
940 214
994 418
29 724
724 915
724 118
724 538
783 738
30 936
976 349
135 742
164 420
164 638
697 855
633 120
602 743
349 142
333 178
996 738
996 418
168 949
168 790
388 638
142 267
142 200
745 738
723 41
720 680
200 344
353 190
274 190
418 105
418 178
62 542
771 90
854 542
90 915
700 638
700 790
516 738
868 790
35 469
35 207
327 738
14 738
790 267
657 738
13 738
207 469
