50 559
703 771
963 67
617 923
617 720
541 16
541 410
971 316
971 200
646 112
646 62
0 569
0 732
0 178
175 849
175 275
175 410
175 423
990 424
990 316
313 648
313 256
313 472
313 30
143 696
664 107
780 514
95 987
102 534
231 607
231 540
231 698
231 987
231 178
580 582
767 569
767 178
978 167
978 35
978 469
978 547
978 188
978 301
978 817
978 988
978 851
377 457
377 718
377 101
377 184
377 423
191 927
191 499
233 692
233 329
233 214
233 159
343 69
343 120
343 223
343 663
343 322
343 399
920 189
648 765
413 927
413 935
159 544
159 502
159 29
159 687
159 923
159 940
159 214
159 290
159 62
614 858
614 988
807 306
955 427
955 987
581 855
581 936
581 135
879 740
605 569
605 178
686 277
428 915
428 316
428 838
607 742
607 591
607 696
607 502
607 178
607 499
607 569
607 127
607 334
607 692
607 718
607 65
607 687
607 306
607 612
607 534
607 531
607 802
364 987
151 253
306 742
306 659
833 720
833 462
885 571
900 571
900 272
900 450
424 421
424 207
424 795
30 908
866 718
866 423
790 812
770 927
248 90
56 987
68 987
84 97
91 315
292 135
485 927
485 823
253 566
253 290
243 61
951 707
951 552
405 170
752 850
752 589
1003 609
439 260
332 782
332 435
776 571
220 90
220 483
32 214
32 337
857 160
857 915
857 316
245 698
245 987
113 927
530 360
530 61
530 160
530 891
530 24
530 280
530 629
530 526
368 164
746 692
746 935
381 192
558 758
558 844
674 112
674 582
66 45
66 2
42 510
924 850
924 410
45 2
908 765
908 743
764 698
764 987
765 90
765 868
654 682
654 738
535 369
165 31
165 401
165 316
165 67
987 872
987 582
987 311
987 531
987 482
987 251
987 809
987 433
987 361
987 338
987 994
987 641
987 540
987 873
987 432
987 840
987 28
987 789
987 849
383 720
572 731
572 450
586 416
586 573
586 447
586 294
586 435
586 166
586 984
814 500
862 569
862 178
622 559
295 569
295 178
257 316
585 371
471 483
112 267
693 569
693 178
399 663
24 647
24 629
540 698
502 591
502 569
502 228
502 178
137 936
114 189
199 90
199 644
166 743
168 782
168 260
168 77
168 472
168 868
707 98
707 193
78 569
78 178
952 316
952 200
713 98
713 592
582 994
716 718
977 423
250 927
918 758
950 663
470 569
470 178
416 927
416 260
416 472
272 443
272 161
272 595
272 450
285 571
444 927
969 189
969 410
969 178
923 290
139 323
592 927
592 98
592 134
592 454
846 561
846 629
846 67
774 947
401 415
401 683
401 429
409 569
409 178
837 410
104 126
935 571
134 850
134 178
754 687
754 718
321 499
228 569
228 178
843 90
849 275
849 329
849 423
939 38
718 16
718 90
718 61
718 724
718 595
718 189
718 101
718 19
758 723
758 956
758 499
236 208
236 1004
663 571
493 561
493 629
493 301
493 838
260 74
260 77
260 266
67 561
67 344
67 207
160 571
160 629
126 782
126 356
277 571
48 458
48 90
782 472
782 500
584 731
379 568
631 629
696 334
12 720
722 927
659 771
731 15
731 680
731 284
534 571
976 569
976 178
167 214
167 630
167 181
692 742
692 135
692 317
482 410
482 433
280 629
762 178
290 687
290 214
704 458
704 743
86 443
472 912
153 410
316 90
316 17
316 302
316 543
316 92
316 142
316 31
316 344
316 647
316 915
316 136
316 629
316 200
720 855
720 680
720 587
6 569
6 178
474 38
851 469
337 135
337 505
433 789
433 641
433 410
891 629
644 506
644 14
101 246
910 571
61 522
61 181
61 450
61 393
870 571
232 77
522 415
189 410
189 724
189 915
784 771
216 565
75 334
75 178
840 698
283 214
443 742
443 662
443 152
561 629
844 956
844 672
369 927
369 513
293 724
559 402
251 410
1001 685
1001 410
458 684
458 25
506 208
506 783
506 996
360 629
178 991
178 249
178 333
178 599
178 538
178 565
178 710
103 423
347 966
571 742
571 161
571 450
571 62
571 394
571 684
571 542
499 687
499 684
812 700
812 465
812 119
934 595
850 996
335 537
647 915
658 629
658 838
658 267
170 855
170 697
170 135
249 569
569 991
569 599
569 538
569 710
569 333
569 483
927 120
927 609
927 513
927 633
927 454
927 854
927 90
761 700
435 267
435 500
122 410
630 915
630 188
630 629
246 724
246 423
823 542
940 334
994 410
994 120
464 107
724 796
724 14
724 685
724 181
549 135
777 410
318 684
135 742
135 90
135 120
662 450
275 327
98 429
996 418
450 802
526 267
526 629
873 698
142 915
682 783
682 650
682 738
200 915
208 783
685 629
418 105
62 214
62 542
181 274
16 410
881 14
650 410
650 738
120 915
454 429
912 77
136 915
14 738
291 429
783 738
629 267
