963 67
617 720
541 657
541 850
541 921
541 738
748 933
526 629
646 927
646 513
646 551
646 823
646 485
646 854
646 369
646 62
0 569
0 32
853 638
131 738
365 32
365 189
143 658
143 739
143 159
966 347
966 933
966 935
780 788
927 416
927 444
927 770
927 250
927 609
927 722
927 369
927 513
927 551
927 823
927 485
927 854
927 535
927 542
927 592
927 113
695 568
695 450
695 40
231 698
231 624
978 167
978 35
978 547
978 188
978 301
978 614
978 421
978 988
978 954
978 957
978 851
978 469
978 424
978 795
978 817
978 207
978 141
978 552
377 457
377 718
493 630
493 629
493 530
233 692
388 832
791 32
235 609
159 40
159 712
159 450
159 214
159 334
159 609
159 290
159 595
159 62
159 142
159 987
159 193
311 697
477 788
581 170
605 569
605 921
201 189
190 415
190 353
180 217
686 147
428 915
428 122
428 543
607 197
607 334
607 243
607 250
607 135
488 568
488 40
364 987
364 185
948 592
497 977
497 773
406 422
406 15
406 731
406 12
141 165
141 188
833 462
456 832
456 720
456 97
133 602
900 568
900 272
900 40
96 420
922 383
424 207
424 421
424 795
863 771
866 290
248 692
652 189
698 540
698 245
698 840
698 873
698 764
990 915
514 103
514 395
881 921
881 738
828 804
485 62
253 290
253 566
34 855
34 997
951 324
951 707
951 569
951 769
951 609
951 482
951 638
951 306
1003 707
332 318
332 500
702 738
220 75
220 334
220 65
32 170
32 19
32 381
32 843
32 418
32 236
32 432
32 777
32 249
32 977
32 380
945 270
945 738
576 738
272 568
272 40
272 450
530 891
530 629
530 24
368 788
817 35
746 591
746 692
746 214
746 334
381 327
586 416
586 334
586 762
586 267
586 294
380 712
61 334
61 2
61 718
281 189
281 280
764 582
764 994
660 306
765 356
765 120
765 52
654 738
847 569
847 31
847 482
268 117
268 592
268 291
165 31
165 401
165 915
165 67
823 513
823 369
383 362
383 909
383 528
383 589
572 568
572 40
997 65
170 855
170 720
294 256
443 771
295 569
257 640
693 569
399 788
532 738
24 630
24 629
540 214
540 483
502 569
502 862
747 738
740 832
199 738
924 738
164 548
168 356
168 912
168 52
168 868
707 713
707 633
707 680
707 609
707 98
707 214
707 880
326 65
147 933
147 590
147 972
147 27
147 308
147 926
147 347
147 577
147 230
147 285
147 277
147 171
254 568
254 40
171 933
171 590
952 915
933 590
933 308
933 715
933 926
933 157
933 347
933 577
933 277
107 236
107 713
977 1004
977 1001
977 418
918 758
950 103
950 788
543 915
416 120
416 602
416 52
416 256
416 356
416 166
416 126
324 638
337 320
923 738
953 915
988 167
988 267
193 53
193 609
846 561
846 280
846 629
401 415
401 429
401 454
401 291
857 915
409 569
837 738
921 506
921 249
921 796
921 724
921 14
921 1004
921 738
517 65
706 239
832 103
832 38
832 106
832 638
134 592
134 454
134 291
228 569
53 609
868 52
38 460
48 684
718 157
718 189
718 450
718 724
718 127
718 293
925 697
185 987
185 338
984 447
260 232
67 344
67 207
160 629
277 157
596 568
596 450
596 187
596 239
596 40
795 421
795 207
584 731
379 568
631 629
890 609
890 629
568 40
568 198
568 450
568 495
568 802
568 712
568 60
568 662
568 187
568 947
696 915
731 422
731 15
731 92
731 680
731 870
731 284
676 788
475 782
534 692
534 223
167 716
692 334
280 90
280 915
280 739
280 65
280 629
290 454
290 915
290 214
290 595
157 590
157 577
157 926
894 629
460 788
482 569
472 356
472 52
979 738
316 915
316 142
595 189
595 450
595 214
595 372
15 680
15 422
6 569
6 189
117 291
904 189
197 738
891 629
644 738
713 592
713 454
713 291
232 166
303 103
303 788
189 1004
189 114
189 470
189 236
189 410
189 716
189 249
75 850
75 720
75 592
75 772
862 569
592 454
592 98
561 629
198 40
712 714
712 40
1001 685
1001 738
947 40
506 738
2 700
2 790
2 499
360 629
241 630
872 987
944 267
270 738
192 29
682 650
682 738
356 602
356 52
356 912
356 743
356 30
650 738
499 684
499 65
812 790
31 915
850 738
647 915
647 92
658 629
687 915
249 569
838 136
771 86
569 470
569 415
569 333
569 599
569 538
569 710
569 976
569 991
569 65
173 738
710 599
761 804
761 327
761 738
435 500
719 738
772 609
772 915
772 454
92 915
630 685
630 629
926 715
509 638
239 609
239 638
239 372
971 915
724 685
65 834
783 738
653 738
135 942
135 628
859 743
662 40
697 855
275 327
633 609
602 209
602 52
98 454
98 291
437 738
996 738
450 187
142 915
142 267
788 735
788 638
187 40
745 738
52 912
60 40
720 855
720 628
720 680
200 915
200 136
685 629
418 105
62 542
942 292
854 267
90 612
302 915
700 790
628 334
789 470
429 454
429 291
120 609
120 454
120 291
508 738
17 915
214 912
214 609
125 323
136 915
466 40
327 738
680 422
202 629
609 454
454 291
14 738
915 344
516 738
657 738
40 802
13 738
