963 214
963 67
617 607
617 923
617 334
541 506
541 1001
852 214
971 952
971 142
0 249
175 275
175 423
990 180
313 356
313 885
313 256
313 416
313 447
313 294
143 862
966 347
780 139
780 514
927 214
695 568
695 187
695 947
695 450
231 698
231 178
231 624
515 214
580 791
111 586
978 752
978 91
388 638
388 509
388 280
388 502
388 832
920 214
413 696
413 214
159 607
159 251
159 692
159 662
159 923
159 334
159 214
159 746
311 624
575 472
581 540
581 135
500 586
500 814
500 334
500 214
500 332
500 166
605 700
605 228
526 629
428 142
607 178
547 862
547 280
547 301
151 923
373 207
306 742
306 374
306 659
71 595
900 742
900 662
900 272
900 450
900 546
900 214
424 421
424 207
424 795
863 742
866 423
248 692
248 214
479 904
698 540
698 245
698 840
698 873
698 764
91 167
91 207
91 29
91 530
91 107
91 517
91 851
485 535
485 542
125 622
243 214
5 491
951 482
1004 977
226 107
439 260
439 90
776 334
776 214
702 14
702 1001
220 214
857 915
857 142
245 540
272 662
272 450
530 189
530 915
530 629
530 891
530 90
530 630
530 214
530 267
530 24
730 416
746 334
746 692
746 214
746 935
381 107
381 192
381 327
558 207
558 844
558 499
558 318
558 684
558 25
924 14
924 199
924 644
534 70
534 862
534 214
908 765
908 104
676 622
764 582
764 624
765 356
765 586
654 837
535 722
165 67
772 923
772 75
772 120
772 609
772 454
383 362
910 214
997 214
443 742
443 662
559 622
819 329
585 168
573 586
112 110
249 409
399 76
532 1001
532 516
41 723
586 356
586 416
586 759
586 334
586 762
586 214
586 267
586 912
586 687
586 435
586 166
502 189
502 188
502 724
502 862
502 280
502 214
502 178
18 622
769 742
189 977
189 718
189 915
189 24
189 883
166 356
168 356
168 260
168 472
168 912
168 790
432 987
907 407
147 715
843 407
843 883
952 142
713 278
713 566
582 173
582 994
716 718
977 208
977 1001
977 487
977 423
977 950
977 236
250 178
918 844
918 684
416 356
416 260
416 90
324 214
176 334
923 692
923 278
923 915
923 687
923 334
923 890
923 214
953 915
988 207
193 53
193 633
846 629
774 947
401 429
256 356
546 633
546 550
546 188
546 684
517 53
517 214
832 1
832 663
832 710
832 423
134 356
134 142
754 718
754 407
321 684
321 458
321 844
321 499
849 275
537 236
718 591
718 915
718 61
718 127
718 883
480 482
493 629
260 743
67 344
67 207
160 915
160 136
160 629
83 742
83 784
126 912
644 506
644 14
644 491
795 167
631 629
528 214
528 362
696 995
696 483
659 742
731 422
731 214
288 629
980 107
76 1001
76 74
167 851
692 742
692 775
692 334
692 834
692 214
865 214
188 469
188 301
188 851
188 142
280 214
280 629
704 743
704 684
704 25
157 334
482 531
472 356
472 232
472 90
565 684
779 407
779 883
316 214
595 214
595 372
229 742
229 483
851 214
362 538
362 613
337 135
337 505
891 414
891 629
101 246
101 423
37 356
107 214
199 506
784 742
862 293
75 170
75 850
561 629
844 499
844 214
844 956
844 684
127 687
127 423
293 724
251 987
1001 506
835 742
835 214
708 916
458 684
506 996
506 14
506 173
2 700
2 790
360 629
371 214
103 423
385 335
956 684
956 790
356 214
356 743
356 602
356 209
356 435
550 334
812 214
812 790
934 372
141 214
850 996
335 464
647 142
658 629
687 334
25 684
771 90
569 214
569 178
173 14
710 423
761 790
24 469
24 629
435 214
435 267
630 469
630 629
246 724
246 423
987 214
940 214
883 915
883 407
883 790
994 214
994 624
464 214
993 742
993 214
65 214
12 870
318 684
976 349
624 329
662 450
738 783
738 214
275 327
633 11
602 743
98 429
742 152
742 214
742 400
742 901
742 86
996 418
450 187
450 802
512 469
739 214
142 915
142 136
142 267
142 200
52 868
720 214
200 915
685 629
418 105
418 178
790 912
169 372
415 334
415 544
415 429
854 120
207 469
372 404
700 334
700 267
700 638
407 225
516 743
684 214
542 214
170 90
775 214
190 214
214 531
214 834
214 178
214 743
214 334
214 612
214 544
214 783
214 629
214 40
214 329
912 90
454 429
915 344
291 429
629 90
