703 626
963 159
963 67
617 923
971 952
0 178
175 275
175 246
175 670
175 423
365 118
313 356
313 416
313 77
143 862
576 506
231 540
231 698
231 502
767 178
978 851
377 718
671 746
191 332
191 90
230 239
230 951
229 696
229 784
229 334
229 106
229 832
229 306
159 607
159 416
159 572
159 500
159 214
159 712
159 900
159 127
159 56
159 147
159 742
159 951
614 469
955 540
955 925
955 311
581 170
581 53
581 594
581 936
879 164
879 420
879 223
879 368
879 322
879 740
879 548
324 415
324 706
201 107
686 435
428 122
428 160
428 953
428 857
428 915
428 136
428 316
607 696
364 248
547 469
151 253
373 207
885 416
885 332
885 586
885 256
885 111
133 908
133 602
900 742
900 450
523 104
240 126
509 388
509 832
509 90
424 469
424 630
424 207
424 795
30 765
904 718
866 239
866 423
248 923
248 546
56 214
56 987
56 482
698 540
698 245
698 840
698 873
698 764
990 469
990 482
113 542
91 220
91 52
386 319
485 542
124 722
125 206
125 622
125 534
5 107
5 491
951 167
951 957
951 742
332 294
332 500
776 450
220 75
220 546
32 977
857 915
857 136
272 450
530 414
530 891
530 591
530 630
530 542
530 685
530 267
530 629
530 24
817 294
817 469
730 356
381 107
381 643
381 327
558 207
558 684
558 499
674 110
674 112
674 267
66 52
924 199
924 1001
45 52
908 765
281 491
106 402
765 356
765 90
765 52
765 104
765 936
765 209
765 648
83 771
535 722
535 369
535 444
535 267
535 823
383 887
383 528
383 531
572 120
572 82
572 609
572 731
586 416
586 120
586 461
586 294
586 762
586 267
586 690
586 500
586 447
586 166
586 984
814 500
622 676
622 559
388 832
388 343
388 534
388 334
388 718
112 267
112 256
112 186
249 178
216 319
24 658
24 891
502 724
502 718
502 178
502 228
137 771
740 157
670 107
462 415
907 407
78 178
147 416
147 715
53 923
53 629
53 193
340 61
952 200
952 915
933 966
107 335
107 320
107 553
107 980
107 464
582 994
761 928
761 516
977 208
977 1004
977 1001
977 423
977 950
977 103
343 70
343 663
939 337
918 844
918 25
950 70
950 663
470 178
416 356
416 90
416 74
416 500
416 890
416 256
416 104
416 984
605 178
176 546
923 546
923 214
923 890
988 207
139 402
954 469
592 98
592 609
592 134
592 454
774 947
401 415
401 98
401 429
401 454
401 291
256 356
256 648
256 186
256 517
256 478
256 267
256 37
409 178
104 648
517 267
517 186
935 966
832 663
832 90
134 644
754 718
754 407
228 178
843 407
843 522
957 469
718 591
718 915
718 61
718 724
718 851
718 595
718 157
718 189
718 716
718 687
718 980
480 1001
260 232
260 168
260 472
67 561
67 344
67 207
70 90
70 534
267 648
267 630
267 478
267 186
267 316
267 662
126 232
126 356
126 790
644 1001
644 996
41 723
41 499
795 469
795 207
584 731
379 568
278 214
62 542
659 798
731 422
731 120
731 15
731 284
418 1001
418 178
418 996
167 469
167 851
407 16
407 779
407 225
407 883
280 561
290 214
157 61
157 577
8 414
472 356
472 232
472 52
472 168
153 1001
779 225
301 469
15 680
15 422
6 178
851 891
851 469
337 505
886 250
197 38
891 414
891 629
101 246
101 423
37 356
801 1001
61 522
61 915
61 450
61 356
61 991
61 565
232 912
232 168
73 723
199 850
716 724
862 909
862 178
443 662
443 152
38 2
844 956
844 672
127 293
293 246
295 178
858 991
1001 506
1001 996
1001 399
1001 76
458 319
458 684
506 173
506 16
506 333
506 850
2 790
241 469
356 90
356 77
356 168
356 912
356 790
356 52
356 209
550 500
499 723
812 700
812 790
812 119
335 29
687 214
693 178
771 742
569 178
421 469
347 966
710 178
630 685
246 423
338 415
823 542
599 178
318 319
318 684
519 178
976 178
991 178
991 543
915 136
333 178
742 450
450 802
512 469
788 402
7 810
52 912
200 136
643 685
790 700
186 648
188 469
207 35
207 469
700 538
516 13
542 120
120 500
454 429
209 168
35 469
538 178
119 979
966 168
949 168
178 339
