50 559
703 771
963 67
541 719
541 657
541 410
541 738
737 849
646 62
646 542
175 410
175 849
990 31
990 482
313 356
313 112
313 472
313 30
313 256
780 977
231 245
231 830
231 178
767 410
978 120
978 772
810 107
810 7
377 951
191 949
191 90
233 245
388 132
920 353
920 746
235 923
902 280
902 24
159 147
159 209
159 586
311 697
311 540
575 472
305 946
800 62
607 229
607 178
364 506
364 764
948 356
948 592
497 977
435 267
435 586
435 500
306 752
306 229
71 595
885 294
900 742
96 420
195 595
30 765
30 104
866 724
770 880
248 746
56 987
56 951
514 977
264 245
606 90
881 700
173 657
439 266
439 912
5 107
5 553
5 670
951 506
951 540
951 13
951 979
951 502
951 996
951 669
951 923
951 479
951 78
951 170
951 482
951 939
951 738
951 907
951 161
951 663
951 681
226 90
782 416
782 500
782 166
782 586
782 868
1003 90
668 935
668 746
332 61
332 500
776 923
776 687
776 278
776 746
702 506
220 383
220 334
220 120
552 165
552 424
245 624
245 830
272 53
272 662
272 193
272 450
530 629
530 493
530 746
730 356
746 522
746 591
746 550
746 775
746 214
746 731
746 851
746 813
746 718
746 223
746 687
746 679
746 834
746 994
746 841
746 742
746 534
746 980
746 502
746 450
746 739
746 684
746 157
746 692
746 189
746 720
746 135
746 935
746 542
381 327
558 216
558 684
558 499
454 147
454 401
454 592
674 112
674 166
924 506
924 14
924 410
924 516
590 157
764 582
684 157
684 318
684 25
654 783
654 738
650 783
650 410
650 738
111 762
535 369
535 823
165 31
165 401
165 344
165 67
165 316
165 136
772 40
772 70
772 127
772 544
772 178
572 293
910 334
1004 977
862 280
862 502
622 559
559 420
819 692
257 147
573 120
112 267
443 86
249 506
249 189
532 553
532 13
532 516
24 629
586 157
586 416
586 120
586 912
586 166
586 267
540 697
540 773
540 855
540 955
540 214
540 925
502 178
502 61
925 697
670 335
304 317
168 912
168 949
168 472
168 556
238 727
432 468
78 410
147 214
147 134
843 393
843 320
171 157
933 157
933 347
933 723
107 120
107 553
582 105
977 208
977 410
977 423
977 950
977 103
977 418
551 62
250 178
918 758
239 923
416 120
416 256
416 912
416 946
324 70
324 38
324 90
923 506
923 591
923 687
923 53
923 890
193 53
193 802
401 415
401 429
401 98
401 291
409 178
837 410
546 550
517 157
935 534
935 813
134 718
134 592
754 127
849 105
849 275
718 61
758 319
758 723
758 41
758 956
758 672
153 410
663 322
663 638
984 912
260 77
876 696
876 999
160 658
160 858
160 629
136 316
41 723
425 946
266 912
379 568
528 909
568 450
696 479
722 186
293 724
534 334
980 335
392 316
184 410
76 410
692 742
692 90
865 120
482 410
407 127
280 629
762 629
290 214
46 788
46 310
157 356
157 120
157 542
157 347
157 577
157 931
157 285
157 277
157 926
70 120
70 90
472 356
472 912
779 423
316 120
316 915
316 687
316 334
205 90
196 873
15 422
609 592
362 181
433 120
433 410
433 987
644 826
644 327
101 246
101 423
61 356
61 591
61 915
61 450
61 135
61 742
232 178
189 334
189 716
784 901
75 850
75 178
592 98
127 415
127 120
369 823
251 410
1001 410
872 987
374 400
374 317
103 90
103 310
624 329
356 602
356 209
356 743
356 721
310 943
499 319
812 790
934 595
850 804
850 120
850 783
850 90
335 553
333 19
333 599
333 178
693 178
236 537
10 657
118 553
122 410
544 120
630 629
246 423
823 120
994 410
994 987
464 178
491 553
724 711
724 738
537 327
783 120
783 738
777 410
976 349
697 855
550 743
996 418
142 214
187 40
74 166
307 90
169 372
415 223
809 90
854 120
16 410
628 170
628 178
516 14
516 743
542 120
542 743
170 855
120 190
120 40
120 178
120 629
214 915
214 178
987 90
868 790
912 949
915 334
400 771
901 771
657 90
90 500
