703 306
963 67
541 506
541 644
737 107
737 849
971 915
971 142
971 316
729 377
0 178
175 107
175 849
990 31
990 915
990 142
990 316
313 356
313 885
313 260
313 52
313 472
313 168
313 256
313 294
313 912
313 112
313 416
143 544
576 654
780 977
780 514
236 107
236 537
695 40
695 802
695 450
102 16
231 245
231 840
231 987
231 2
231 874
231 830
580 544
767 178
978 851
978 188
978 301
978 141
372 404
372 149
372 169
377 696
377 422
377 718
377 101
671 397
818 153
191 752
343 322
343 663
920 90
920 853
920 190
648 104
648 126
648 256
648 885
229 241
229 213
229 306
229 301
355 147
159 718
614 561
614 656
614 891
614 572
614 647
614 858
614 280
614 526
614 274
614 685
614 267
807 951
311 697
311 987
575 168
575 472
581 633
581 936
48 458
879 164
879 534
605 228
605 178
605 502
201 107
526 629
428 200
428 915
428 142
428 316
887 416
607 591
607 692
607 425
607 127
607 75
607 534
607 724
607 718
857 214
857 200
857 915
857 142
857 316
547 891
948 356
948 416
948 517
948 803
948 267
948 833
948 765
948 912
948 674
948 112
948 392
948 30
373 190
198 454
306 742
306 752
306 784
306 771
306 137
306 659
306 570
833 752
833 850
833 587
885 416
885 74
885 256
885 447
885 294
885 984
900 742
900 40
900 120
309 474
509 299
424 421
30 765
853 310
697 540
697 83
697 771
697 855
697 925
841 90
56 432
56 987
698 987
514 977
514 832
514 378
514 1001
514 950
514 103
264 329
264 193
91 93
881 810
828 745
485 646
253 290
253 566
5 107
5 808
951 273
951 707
951 502
951 78
951 214
951 663
951 883
752 93
752 587
439 912
332 782
332 232
332 294
776 90
776 61
388 132
388 638
702 14
702 924
220 90
180 958
85 844
664 107
245 540
245 550
245 987
245 874
245 329
113 513
530 493
530 838
530 630
530 891
530 267
530 629
530 200
979 654
674 112
674 166
746 157
746 813
746 692
746 214
746 720
746 668
746 684
746 935
381 107
381 192
381 532
381 362
381 327
586 782
586 416
586 435
586 166
41 723
924 14
924 199
924 1001
380 440
546 550
590 147
908 104
281 718
764 874
764 987
765 416
765 936
765 743
654 506
654 719
654 921
654 516
654 896
654 199
654 738
654 850
654 783
654 270
654 837
654 650
638 164
638 832
638 324
535 369
535 444
874 540
874 840
874 873
165 31
165 401
165 344
165 915
165 67
165 207
165 142
165 316
772 850
772 566
383 720
383 531
383 528
572 40
572 802
558 458
77 912
862 502
862 293
862 178
443 379
443 662
443 86
699 912
295 178
257 75
573 166
112 74
112 392
112 166
693 228
693 178
216 458
24 891
24 629
540 987
540 641
540 624
502 228
502 188
502 724
502 718
502 362
502 538
502 189
502 178
502 239
830 185
925 987
670 107
577 230
577 147
166 416
166 743
166 74
168 260
168 52
168 472
168 868
168 782
168 912
168 362
168 966
432 468
432 809
432 987
587 93
907 912
78 178
326 687
326 696
147 416
147 347
147 933
147 454
147 686
147 931
147 926
147 171
254 40
952 200
952 915
952 142
952 316
107 208
107 1004
107 464
107 320
107 118
107 898
107 335
107 985
107 980
107 29
107 468
107 393
107 553
107 537
107 810
107 688
107 808
107 192
582 105
582 849
582 987
716 718
977 1004
977 423
977 950
977 103
977 418
250 369
950 663
543 915
543 142
543 316
791 544
416 868
416 362
416 912
416 7
416 707
416 782
272 40
324 38
923 278
953 915
953 142
953 957
953 316
193 53
193 707
193 454
846 561
846 288
846 67
846 629
774 947
401 429
256 356
724 718
724 883
724 118
724 246
724 711
104 425
104 790
921 327
517 602
935 720
993 863
759 782
759 232
134 592
228 178
849 423
849 275
849 987
361 987
338 987
718 593
718 122
718 61
718 731
718 883
718 915
718 114
480 987
758 844
493 288
493 629
984 782
391 288
391 891
391 629
391 67
260 912
260 868
67 207
67 561
160 629
160 200
267 435
126 294
425 232
425 946
425 472
185 850
782 500
782 868
584 284
379 454
631 629
528 866
568 40
568 495
955 987
883 200
167 851
692 214
482 987
668 720
280 178
280 629
704 684
704 743
704 499
157 356
8 544
472 356
472 946
28 987
181 190
316 915
316 92
316 142
316 31
316 344
316 349
316 90
316 214
316 302
316 136
316 629
316 200
196 850
15 680
873 987
6 178
813 720
804 783
669 544
433 987
197 90
891 445
891 795
891 629
644 783
644 516
101 246
61 687
61 90
232 946
566 553
199 506
784 901
75 334
75 65
75 850
592 609
561 288
561 629
712 40
844 684
844 499
369 62
731 284
251 987
1001 506
1001 14
613 422
458 319
458 956
947 187
506 90
506 249
506 996
506 14
506 189
2 662
2 466
360 90
360 629
872 987
624 153
356 912
356 684
356 52
356 868
356 721
356 743
445 288
445 629
141 512
31 915
31 142
850 987
850 334
850 120
647 915
647 142
658 629
170 855
170 90
288 484
288 629
249 178
249 29
943 164
656 190
569 178
95 987
710 178
435 868
122 178
92 915
92 142
949 912
630 469
630 239
630 629
246 423
284 680
987 531
987 994
987 641
987 809
987 840
987 789
987 68
940 90
994 809
29 189
409 178
880 707
537 440
599 178
484 629
976 178
976 349
991 178
429 415
429 98
429 454
429 291
662 40
633 789
633 707
333 178
98 707
742 120
742 90
248 49
996 418
450 40
450 802
512 469
142 915
142 344
142 302
142 136
142 200
187 40
187 802
52 868
200 915
200 136
200 629
643 685
353 190
685 629
418 105
189 178
189 629
90 809
90 190
90 609
707 680
707 214
302 915
628 178
516 13
542 120
120 629
188 178
190 274
214 13
214 912
214 629
470 178
912 266
136 207
136 915
975 397
266 790
538 178
915 344
178 339
40 802
