963 67
617 830
541 506
541 657
541 199
541 738
737 440
737 175
526 280
526 360
526 790
854 120
854 722
175 423
990 280
990 142
313 416
313 648
313 256
143 696
576 761
445 288
557 77
231 698
231 245
231 764
231 738
515 147
978 512
978 120
377 696
233 692
233 329
343 103
343 310
343 264
343 139
343 223
343 663
558 565
413 935
413 746
159 135
159 707
159 32
159 940
159 865
159 243
159 316
159 595
614 274
136 341
136 120
136 316
136 200
311 540
575 912
581 692
581 135
581 936
581 890
879 69
194 951
686 926
428 857
428 316
607 696
547 280
497 773
373 190
306 742
306 120
306 771
833 752
656 280
656 190
424 795
863 742
841 274
841 120
56 540
698 540
698 245
698 840
698 873
698 764
514 103
91 723
292 135
173 506
173 657
173 890
485 513
485 120
5 29
951 832
951 707
951 239
951 453
951 738
951 595
226 440
782 912
646 823
646 62
439 232
439 260
332 586
702 506
702 78
702 738
702 14
702 644
220 120
552 858
32 718
32 280
32 791
272 700
272 754
530 120
530 935
730 912
746 550
746 684
746 935
381 440
381 192
381 537
381 506
586 416
586 120
586 885
586 74
586 500
586 447
586 912
674 166
66 227
924 14
924 199
924 761
924 644
534 70
534 388
534 120
534 939
45 227
61 718
61 135
281 905
48 321
48 499
48 565
765 648
654 837
654 991
654 543
654 738
865 120
772 135
383 362
383 589
572 120
910 923
510 264
77 168
77 648
77 232
77 912
77 762
77 37
77 890
294 447
294 416
294 984
294 74
294 885
443 742
443 662
443 152
832 299
832 582
832 638
556 912
764 582
764 264
585 528
24 280
24 278
422 280
4 120
4 135
502 118
502 710
994 540
994 120
994 582
925 540
577 157
577 936
166 74
168 416
168 260
168 74
168 232
168 912
707 633
707 680
707 98
707 214
707 193
147 416
147 347
147 90
843 120
843 407
171 347
171 590
107 415
107 688
977 423
388 264
918 25
416 260
416 196
416 256
416 232
416 267
416 120
605 228
605 178
605 599
953 280
193 53
846 67
401 165
401 429
401 454
256 356
837 719
837 516
546 850
748 926
759 912
754 120
754 450
754 595
320 537
321 844
361 440
993 742
718 724
718 696
718 120
758 956
663 264
663 337
185 742
984 885
260 912
67 344
67 561
67 165
70 120
715 926
126 232
644 14
644 1001
644 506
41 723
596 264
493 288
266 912
631 280
890 625
890 850
890 649
696 8
696 851
696 483
955 540
659 742
659 771
293 280
305 946
535 120
288 561
288 629
392 316
692 742
692 329
165 344
628 135
280 561
280 35
280 120
280 188
280 360
280 241
280 421
280 142
280 647
280 658
280 629
921 738
160 360
86 742
472 912
181 190
316 120
316 90
301 142
301 647
15 731
609 239
609 592
229 742
851 120
337 505
82 135
433 120
101 423
341 915
232 790
199 506
199 996
784 742
517 120
517 267
285 277
862 118
592 454
795 421
795 207
844 458
127 120
858 991
1001 14
506 327
506 996
506 657
506 14
506 790
835 742
374 105
371 135
103 423
440 657
440 537
310 120
812 790
850 14
850 120
915 120
264 450
264 738
595 790
10 657
122 479
540 987
540 855
540 873
630 971
246 423
987 120
29 899
971 200
549 120
537 775
30 602
976 349
135 742
135 170
135 120
135 870
483 283
483 190
356 912
769 742
662 267
602 743
98 429
742 152
742 400
742 901
742 120
72 120
248 120
996 120
450 120
450 802
142 344
142 267
142 200
788 634
720 120
74 912
353 190
274 190
790 783
790 516
790 680
790 14
415 429
660 873
700 14
516 14
429 454
429 291
542 120
120 775
120 40
120 783
120 834
120 629
120 469
329 775
912 949
327 657
14 783
783 738
