703 443
703 86
703 306
703 771
794 854
963 67
526 160
646 927
646 551
646 485
646 513
646 369
646 62
175 275
175 423
143 159
966 347
966 933
966 935
780 603
95 987
695 40
695 712
695 159
695 450
695 596
695 802
231 819
231 698
515 927
377 866
191 927
191 749
233 105
233 692
233 61
388 132
920 280
920 159
648 356
648 112
648 602
648 586
648 765
229 607
159 416
159 940
159 923
159 517
159 214
159 142
159 209
343 303
575 168
305 356
879 322
194 951
686 157
686 933
428 915
607 696
607 890
488 712
488 802
547 469
948 592
373 344
306 272
306 61
306 450
833 462
456 936
456 97
900 712
900 802
900 61
900 450
96 420
424 469
424 795
30 356
30 765
866 718
866 708
866 681
770 927
56 987
698 540
698 245
698 840
698 873
698 764
514 603
91 103
954 469
881 850
881 650
485 927
485 62
122 724
5 107
5 724
5 553
5 491
5 246
548 164
548 638
664 2
439 416
332 782
332 435
220 749
552 951
32 197
857 951
272 742
272 712
272 61
272 450
272 802
530 280
817 469
746 692
381 532
381 327
558 48
454 401
454 609
454 429
454 193
454 134
924 506
924 199
924 738
380 712
590 147
979 951
764 582
765 356
765 52
765 104
765 135
654 991
654 738
268 291
125 139
535 927
865 415
772 75
772 609
572 712
572 802
572 450
586 168
586 166
586 267
586 416
1004 977
1004 335
862 495
443 742
443 61
273 951
736 692
112 356
249 569
249 6
216 48
532 650
41 723
41 565
422 731
502 718
137 771
114 236
114 724
322 534
322 939
670 107
670 553
577 171
166 356
166 416
166 762
166 500
168 356
168 416
168 260
168 472
168 912
707 609
907 687
952 543
107 898
107 335
107 808
107 553
716 149
716 16
398 61
977 149
977 153
977 418
977 969
230 193
551 927
250 927
950 303
470 789
470 569
416 356
324 38
444 927
337 505
923 197
923 609
923 135
923 193
953 915
409 710
808 553
193 720
193 592
846 561
774 947
401 415
401 165
401 429
401 291
256 356
256 472
724 777
724 14
724 916
724 246
724 184
837 783
837 738
546 550
134 592
134 291
843 90
957 353
48 458
48 319
48 844
48 956
48 672
48 25
718 591
718 692
718 61
236 537
663 303
663 410
185 830
391 274
260 912
260 77
308 418
126 356
113 927
596 568
596 712
596 802
795 421
795 469
795 207
782 500
379 712
379 802
631 561
528 356
528 867
528 135
528 743
890 915
890 609
568 450
568 712
568 495
568 802
568 947
278 687
278 291
722 927
659 771
293 61
735 603
184 650
184 423
167 469
369 927
165 31
628 135
280 915
280 851
280 629
762 356
290 253
290 566
704 684
823 927
505 603
482 531
822 603
15 680
15 731
609 633
609 239
609 951
6 569
117 291
59 423
82 135
433 789
639 192
891 267
891 24
101 423
801 633
61 742
61 700
61 692
61 662
61 450
61 602
61 991
61 802
870 135
566 253
199 738
784 771
132 842
517 356
517 692
517 803
75 749
592 927
26 712
26 802
198 712
198 802
712 40
712 466
712 450
712 947
712 942
712 60
712 662
712 187
712 802
844 956
844 684
149 16
731 284
251 506
458 684
947 802
506 90
506 996
2 700
2 790
241 469
371 720
371 135
682 719
682 738
356 52
356 602
356 868
356 912
356 684
812 700
812 465
812 790
812 119
934 595
31 915
850 761
335 440
335 643
335 553
647 274
161 239
161 771
838 629
569 976
569 749
421 469
595 404
595 372
927 513
927 854
927 542
927 65
710 599
719 738
4 135
630 915
630 142
246 423
284 680
898 553
987 809
987 994
987 789
987 873
987 531
513 62
29 553
65 334
65 120
692 742
692 591
692 90
692 307
692 749
135 292
135 581
135 942
135 720
565 679
164 420
925 429
662 802
662 450
142 915
142 274
602 743
98 429
98 291
996 738
450 187
450 802
187 802
52 868
60 802
720 581
418 105
790 119
90 749
372 404
553 118
581 936
429 291
542 62
188 274
188 469
214 951
936 626
35 274
35 469
466 40
466 802
713 291
274 469
783 738
657 738
40 802
207 469
