703 135
541 850
541 199
737 440
526 160
526 629
854 416
854 542
0 732
0 178
175 275
175 849
990 165
990 428
990 424
990 629
313 256
927 416
927 592
557 356
557 168
557 912
557 232
231 607
231 540
231 245
231 502
231 698
231 994
231 462
111 416
377 189
818 438
818 58
233 105
233 692
233 450
388 534
388 832
920 167
920 120
920 546
920 450
648 912
648 765
648 104
355 347
355 277
159 107
159 951
159 214
159 171
614 656
311 697
575 782
575 168
581 855
581 4
581 135
879 740
201 107
686 147
428 915
428 122
428 857
428 316
428 17
428 200
607 356
607 591
607 692
607 502
607 499
607 157
607 168
607 189
607 586
607 500
607 75
607 316
488 568
547 469
497 977
306 450
306 659
306 771
885 416
133 356
133 168
900 450
424 469
424 207
424 795
424 421
424 629
30 765
30 126
697 855
697 540
697 925
697 170
770 356
248 506
479 904
698 540
698 245
698 840
698 873
698 764
91 950
91 499
881 761
253 566
253 290
253 151
5 491
951 502
1004 977
1004 335
752 471
782 168
782 166
782 472
782 416
1003 416
439 168
332 500
702 14
857 165
857 136
857 838
857 17
245 329
272 450
530 891
530 629
817 469
746 923
746 591
746 692
746 935
847 31
847 165
847 207
558 458
558 48
343 69
343 534
343 185
343 223
674 416
166 232
166 416
166 586
590 147
908 765
281 280
764 582
660 329
765 356
765 912
765 104
654 783
654 738
381 327
638 4
767 178
767 599
399 622
865 471
383 720
383 589
572 40
586 356
586 416
586 334
586 762
586 126
586 168
586 573
586 500
586 687
586 435
586 984
510 622
522 550
294 232
622 125
622 323
622 676
295 178
112 416
112 267
443 86
443 450
693 178
693 599
216 458
216 48
188 167
188 421
188 469
188 988
422 731
422 78
540 925
540 955
600 956
502 167
502 462
502 591
502 862
502 78
502 178
137 936
830 633
925 955
670 107
670 491
577 147
168 356
168 416
168 232
168 472
168 77
168 305
168 52
168 266
168 912
168 984
707 98
707 880
78 178
326 416
147 933
147 972
147 27
147 926
147 347
147 230
147 285
147 277
147 171
171 347
952 344
107 98
107 553
582 994
398 712
398 450
977 1001
977 996
977 410
977 153
977 418
918 758
416 356
416 573
416 743
416 912
416 602
416 868
416 232
416 762
416 256
416 52
605 700
605 789
605 178
605 228
923 214
953 629
954 469
193 189
193 65
846 561
846 629
774 947
401 415
401 429
401 454
401 98
401 165
401 196
401 291
409 178
423 996
517 356
832 38
832 779
134 98
134 592
134 454
321 684
228 178
53 850
53 83
849 275
849 327
957 469
338 415
338 994
758 723
663 410
493 629
984 356
260 762
67 207
160 858
160 891
160 629
126 356
126 2
277 347
48 458
48 319
48 956
48 25
379 568
631 629
528 499
268 98
568 40
568 495
568 947
278 214
955 773
534 223
534 334
534 322
534 591
184 779
167 469
167 862
167 280
167 851
692 415
692 450
165 31
165 344
165 207
165 316
165 136
280 629
762 447
472 356
472 912
779 630
316 838
316 92
301 469
6 178
117 98
117 454
891 483
891 629
644 996
61 991
61 450
232 356
199 506
199 996
132 612
862 495
862 178
862 482
410 719
410 189
410 14
410 650
592 713
592 98
592 454
795 469
795 207
561 629
38 90
712 450
458 319
458 956
506 783
2 334
2 812
2 790
360 629
241 469
374 105
356 52
356 305
356 602
356 912
356 209
812 790
31 207
335 867
335 118
335 464
454 429
454 713
454 98
454 291
658 629
687 214
687 531
249 178
838 685
771 742
771 4
421 469
236 208
710 178
761 516
24 629
435 267
435 500
630 629
305 912
291 98
291 429
994 531
724 14
724 189
724 246
724 796
599 178
976 178
991 178
135 450
565 723
565 41
565 684
662 450
602 912
602 450
333 178
98 713
98 429
742 105
742 450
996 418
450 40
450 802
142 915
142 629
200 915
200 344
200 136
643 685
685 629
790 119
790 516
646 62
207 35
207 469
787 90
470 178
136 629
35 469
466 40
538 178
783 90
62 90
90 612
