963 67
617 334
541 850
541 921
787 214
787 159
971 952
971 935
971 543
646 927
646 62
646 542
0 569
0 732
853 343
853 548
131 850
990 424
124 62
143 32
576 850
780 106
236 208
695 187
102 322
102 510
231 607
231 245
231 994
580 791
767 569
978 167
978 35
978 547
978 188
978 301
978 614
978 421
978 988
978 954
978 957
978 851
978 469
978 512
978 424
978 795
978 817
978 207
978 141
978 552
377 700
377 630
377 423
818 592
191 752
191 75
191 415
233 746
343 310
343 322
343 663
343 223
648 765
6 569
159 214
159 923
159 127
159 334
159 290
159 62
159 316
159 157
159 569
159 783
159 359
159 891
614 546
955 540
955 773
955 427
955 582
955 925
955 311
955 987
581 936
581 720
879 164
879 740
879 663
879 399
201 107
201 553
526 629
428 302
428 915
607 696
607 546
607 528
364 482
151 278
151 253
427 738
306 383
306 229
306 214
306 531
833 462
456 720
656 301
900 40
309 1
509 788
424 421
424 207
424 795
175 670
175 423
175 5
697 855
790 812
790 2
770 927
248 462
248 185
56 987
514 103
91 421
91 149
91 301
808 29
881 850
485 927
485 62
313 500
95 531
5 107
5 553
5 491
272 40
272 662
272 595
1004 977
226 506
277 571
332 318
702 850
220 75
552 851
32 127
857 17
245 951
113 927
113 62
530 700
530 891
530 493
530 160
530 280
530 267
530 629
368 164
746 334
746 692
746 935
381 192
381 327
586 356
586 416
586 157
586 500
586 782
586 984
586 166
586 126
586 267
674 267
66 227
42 38
462 742
462 591
462 450
462 517
462 670
462 851
462 157
462 718
462 783
462 223
462 542
380 712
921 850
106 788
106 1
638 164
638 299
535 927
535 62
165 401
772 546
772 454
772 566
383 40
383 922
383 528
572 40
558 319
558 207
558 499
558 321
558 216
558 956
558 25
510 534
522 718
862 569
862 519
443 550
443 214
443 86
443 152
443 450
295 569
764 994
585 168
585 126
249 506
249 569
216 321
24 891
24 629
422 15
502 569
502 185
740 788
740 164
670 107
670 185
304 720
432 468
587 720
587 907
147 214
843 591
843 718
843 16
843 687
843 388
843 534
843 407
843 711
254 40
933 347
977 1001
977 418
977 423
977 791
388 299
45 227
250 927
250 62
918 758
918 458
950 103
416 927
416 256
605 569
605 228
605 693
605 470
444 927
444 62
923 11
923 687
923 53
923 334
923 193
923 239
139 534
193 569
193 880
193 90
774 947
401 415
401 429
401 454
401 98
401 291
724 718
724 1001
724 685
837 850
104 126
546 550
832 103
134 454
754 718
321 704
228 569
48 704
718 189
718 61
718 883
493 561
493 630
493 629
984 90
67 344
160 571
160 915
160 629
644 138
644 850
644 1001
596 40
596 187
631 629
528 909
528 880
528 362
890 880
568 40
696 678
696 915
149 423
722 927
722 62
731 680
731 15
731 720
731 915
534 591
732 90
184 82
692 334
692 239
628 720
280 629
762 185
290 253
290 214
704 844
704 565
704 318
704 25
704 458
704 684
157 214
157 915
482 531
472 743
565 679
316 915
15 680
851 135
82 720
197 850
891 629
891 353
101 423
686 966
61 278
566 253
199 506
199 850
199 90
716 423
75 334
75 612
285 571
592 454
561 629
844 672
127 687
127 883
369 927
369 62
293 569
251 987
1001 850
1001 685
947 40
506 850
2 119
360 629
371 720
173 850
173 90
571 885
571 62
571 684
571 394
682 850
356 743
850 719
850 783
850 657
850 738
850 13
850 90
850 996
850 327
850 516
850 745
850 761
850 14
850 650
454 429
454 609
658 629
687 334
687 65
161 239
693 569
693 599
569 470
569 415
569 599
569 333
569 409
569 538
569 710
569 976
569 991
595 915
927 513
927 62
927 551
927 823
927 854
927 542
761 700
761 783
761 516
435 500
4 720
630 469
630 629
246 423
823 62
513 62
239 742
846 629
12 720
135 942
135 720
624 738
164 420
164 223
164 322
164 548
662 40
866 423
996 90
450 40
187 40
720 170
720 870
720 936
200 915
643 685
74 166
685 267
685 629
418 105
62 551
62 854
62 542
415 612
942 936
207 469
185 915
185 684
789 470
152 86
214 629
136 915
40 802
