794 356
794 341
794 915
794 910
794 841
794 591
794 517
794 868
794 731
794 62
794 660
794 803
794 854
794 912
794 161
794 663
794 412
794 742
794 61
794 168
794 160
794 111
794 762
794 704
794 712
794 870
794 900
794 571
794 285
794 200
963 67
617 923
617 334
617 609
115 843
150 415
526 629
0 228
0 693
0 502
0 991
0 605
0 862
0 6
0 409
0 295
0 599
0 470
0 538
0 767
0 710
0 78
0 333
0 976
0 249
0 178
175 275
175 849
990 31
990 428
990 316
143 580
143 32
143 669
966 347
966 45
780 950
445 629
231 540
231 698
767 178
978 301
377 2
377 293
191 120
233 692
233 159
388 742
388 90
388 534
388 70
388 915
388 322
388 91
920 190
229 742
541 979
541 16
413 935
413 746
159 40
159 712
159 586
159 32
159 334
159 499
159 214
159 807
286 891
807 193
955 540
575 472
581 91
737 335
879 69
324 534
686 577
428 647
428 915
428 316
428 362
607 696
364 582
364 994
364 248
547 862
547 424
547 293
151 609
151 290
373 190
306 742
306 374
306 771
833 415
833 720
656 190
133 104
900 742
900 662
309 1
58 909
424 421
424 795
30 908
30 936
866 423
866 91
248 718
248 746
479 114
698 540
698 245
698 840
698 873
698 764
365 14
514 103
514 950
91 742
91 38
91 70
91 127
91 307
91 740
91 595
91 316
91 613
91 939
91 343
91 534
91 184
485 823
485 250
485 542
243 61
951 936
951 239
951 996
951 552
1004 977
752 253
439 232
439 912
32 862
32 872
32 915
857 915
857 214
857 316
245 540
272 700
530 915
530 629
530 630
530 685
530 493
530 502
368 322
817 851
983 531
730 356
746 591
746 692
746 550
746 687
746 718
746 935
746 763
586 356
586 416
586 168
586 447
586 294
586 762
586 517
586 765
586 111
586 74
586 112
586 782
586 912
586 542
586 435
586 166
586 984
674 110
674 112
166 356
166 416
166 232
166 602
166 90
166 74
166 52
166 782
166 126
546 923
546 542
908 936
908 648
764 582
765 356
765 416
765 648
765 256
765 104
83 784
935 700
535 722
165 858
165 401
165 344
165 67
165 31
165 316
772 923
772 454
77 912
294 984
443 662
559 299
423 977
423 101
423 246
423 184
112 416
112 782
693 605
693 178
399 1001
399 76
532 516
24 647
24 629
540 311
540 427
540 873
600 956
502 189
502 915
502 188
502 862
502 280
502 724
502 178
502 851
137 771
213 185
769 742
670 599
168 912
168 74
168 984
78 178
147 157
147 715
147 577
422 731
582 994
716 718
977 208
977 1001
977 996
977 497
977 950
977 796
977 153
977 418
343 70
343 322
343 663
250 886
950 69
950 832
950 1001
950 103
950 663
470 178
416 356
416 90
416 256
416 912
416 61
416 435
416 126
511 915
605 789
605 333
605 178
605 599
923 120
923 90
923 609
923 738
139 832
235 454
846 629
774 947
401 415
401 429
401 454
401 98
401 291
256 356
256 232
724 14
724 246
724 293
724 796
104 425
104 126
921 719
297 454
706 454
134 98
134 592
134 454
134 291
320 843
228 178
939 38
718 157
718 915
718 61
718 293
663 322
493 629
984 885
984 762
984 74
984 912
984 782
984 447
260 949
67 344
67 207
885 74
160 915
160 629
126 790
644 506
644 199
266 912
584 731
631 629
528 854
278 609
278 454
62 542
659 790
731 15
731 680
731 915
731 739
731 284
589 290
288 630
288 629
167 362
692 624
692 329
482 987
280 178
280 629
290 253
290 454
70 38
70 90
823 542
8 120
86 662
316 915
316 17
316 142
316 543
316 31
316 344
316 629
316 647
316 302
316 136
316 483
6 178
474 38
362 356
362 637
362 854
362 371
337 505
82 628
82 771
891 629
61 450
61 534
232 356
232 912
862 178
592 713
592 98
592 609
592 454
795 421
795 207
561 90
561 629
712 40
712 450
844 318
844 956
844 499
293 613
293 246
295 178
782 447
782 435
2 790
360 629
497 773
956 25
956 684
356 90
356 52
356 435
310 477
499 454
499 565
850 609
850 996
335 810
647 915
647 136
658 629
687 334
687 609
249 14
249 16
249 178
771 742
447 74
710 178
681 454
630 685
630 971
630 629
940 214
883 915
509 299
409 178
880 454
916 454
599 178
318 319
318 684
519 178
976 538
976 178
991 178
915 742
915 739
915 534
915 200
633 11
602 743
534 591
333 178
450 40
450 334
450 802
187 267
52 912
723 319
720 628
74 912
353 190
274 190
418 105
189 178
223 90
854 542
207 469
181 190
16 14
170 855
120 629
120 454
912 949
454 40
454 713
538 178
685 629
648 90
178 188
178 339
178 569
629 267
