703 239
963 607
963 692
963 245
963 835
963 67
963 855
963 443
963 329
963 764
963 581
963 746
963 712
963 588
963 68
963 995
963 769
963 836
963 135
617 415
617 462
617 193
541 506
541 850
541 16
541 1001
541 582
541 682
971 316
971 200
646 823
0 249
0 178
853 343
990 316
313 30
95 987
695 40
102 139
231 540
231 698
231 245
231 987
231 338
767 178
978 469
978 547
978 851
978 614
524 139
377 457
191 752
191 415
233 692
343 310
343 534
343 53
343 663
920 190
229 607
413 935
413 746
159 923
159 53
159 810
159 502
955 540
955 987
575 168
581 720
879 322
324 139
324 612
526 2
526 629
428 915
428 316
607 356
607 591
607 692
607 188
607 549
607 462
607 189
607 1001
607 75
607 147
607 316
607 502
488 568
364 582
364 987
364 764
547 469
497 977
373 190
306 742
306 659
306 450
656 190
900 742
900 90
309 1
509 510
424 469
424 795
30 765
30 868
175 275
697 855
697 540
697 925
697 311
697 170
248 506
248 687
56 987
68 987
91 189
91 609
386 319
587 720
125 139
125 939
5 724
951 273
951 772
846 561
846 629
846 67
1003 609
332 435
332 500
776 687
702 506
702 644
702 78
220 415
220 75
220 334
857 316
857 17
245 698
245 546
245 987
272 568
272 2
445 891
368 310
817 469
746 214
746 692
746 935
847 658
670 335
586 356
586 416
586 310
586 472
586 591
586 762
586 166
586 912
586 765
586 573
586 500
586 687
586 435
586 462
586 542
166 356
166 416
166 74
908 765
281 280
764 698
764 987
765 356
765 648
654 783
654 991
654 738
381 506
381 192
381 810
381 327
268 98
268 592
535 462
165 31
165 401
165 142
165 67
165 316
772 742
772 633
772 809
772 454
772 75
772 147
772 609
772 120
383 597
558 90
558 918
510 534
510 139
77 356
77 168
294 447
294 416
294 232
443 835
443 662
443 86
443 152
736 692
573 416
112 517
693 178
216 319
216 90
24 160
24 891
24 629
540 987
540 774
540 698
540 329
502 356
502 538
502 61
502 862
502 178
502 718
502 851
740 157
740 788
740 322
189 410
189 239
189 462
462 591
462 692
462 278
462 923
462 334
462 223
462 687
168 356
168 416
168 260
168 472
168 782
168 912
168 232
168 984
432 987
707 880
707 609
707 98
78 422
78 178
147 157
147 232
147 277
147 715
147 926
53 923
53 927
53 193
530 891
530 629
171 700
952 316
933 347
107 643
107 98
107 810
582 311
582 832
582 987
582 105
582 849
977 1004
977 418
977 423
551 823
939 139
918 319
918 844
918 499
918 758
918 956
543 316
19 127
416 356
416 256
416 762
416 193
511 987
605 178
923 609
923 65
953 316
409 249
409 178
139 174
139 206
139 477
139 487
139 534
139 154
954 469
193 784
193 771
193 940
774 947
401 415
401 98
401 429
401 454
563 546
724 716
837 506
837 719
837 199
546 629
546 293
517 356
517 61
832 38
832 90
134 592
321 499
228 178
843 779
849 987
361 987
957 469
338 278
338 987
718 356
718 591
718 980
718 61
758 844
663 410
185 762
67 207
67 561
160 658
160 214
160 629
160 838
48 704
48 499
493 629
782 435
968 854
379 568
631 629
568 662
568 495
568 947
311 987
310 103
310 1
310 46
534 477
980 122
184 686
167 469
692 742
692 239
692 75
188 469
188 851
188 141
858 35
858 891
858 991
280 629
762 356
704 565
704 25
704 844
704 499
472 356
28 987
181 190
316 915
316 17
316 92
316 142
316 415
316 31
316 344
316 647
316 302
316 136
316 483
316 200
301 469
671 334
609 633
609 239
6 178
117 98
886 250
433 987
197 850
891 483
891 239
891 353
891 630
891 267
891 629
101 423
713 98
713 592
61 356
61 176
199 506
199 996
862 178
592 927
592 454
592 98
795 421
795 469
795 207
561 629
844 499
731 422
251 987
1001 506
458 319
506 414
506 996
506 90
2 469
2 680
2 334
2 812
2 790
360 629
241 469
872 987
103 423
356 591
356 743
356 927
356 687
356 912
356 209
356 542
550 812
550 500
499 684
499 565
499 318
499 679
812 700
812 415
812 790
850 783
647 915
647 142
658 629
658 92
687 65
249 178
838 267
421 469
595 450
710 178
435 500
719 13
719 783
719 738
630 629
246 423
898 688
994 987
239 742
956 319
549 135
599 178
783 738
783 516
603 634
976 178
991 178
915 200
135 334
135 450
322 334
633 629
333 178
98 429
742 90
742 450
742 105
996 418
996 423
450 40
142 90
788 634
788 106
720 936
698 840
698 873
353 190
685 629
169 688
660 329
207 469
789 987
120 334
454 429
190 274
214 629
531 987
470 178
987 482
987 809
987 641
987 873
987 840
868 90
35 469
538 178
25 90
