963 67
617 607
617 334
617 720
541 738
526 383
526 280
526 629
854 239
729 377
0 249
0 189
0 6
0 178
0 118
175 246
990 31
990 280
990 316
313 232
313 416
313 30
143 32
966 347
780 950
95 987
695 568
695 90
695 450
557 356
557 912
557 168
231 607
231 170
231 245
231 987
231 264
231 764
231 738
767 178
978 988
978 851
978 188
377 101
818 438
818 58
233 607
233 540
233 692
233 245
233 159
233 329
343 706
343 223
920 517
920 280
648 586
229 241
159 742
159 850
159 381
159 502
159 160
159 290
159 865
159 214
159 316
159 783
614 851
614 190
311 540
311 955
311 987
575 782
575 168
575 77
575 472
575 912
581 855
581 692
971 316
428 915
428 200
428 207
428 647
428 951
607 415
607 696
607 388
607 500
607 692
607 629
488 568
364 987
547 280
547 851
547 647
948 586
497 977
427 955
306 61
306 771
833 720
833 462
833 185
656 280
656 838
133 602
900 61
900 450
58 586
424 207
30 908
30 936
30 765
697 170
697 925
697 771
697 540
248 506
56 987
698 540
514 950
881 804
485 646
5 208
951 245
951 707
951 188
951 371
951 142
951 939
951 338
782 168
782 586
782 472
782 500
782 77
439 912
979 738
32 718
32 281
32 433
32 61
32 114
32 197
32 862
32 280
32 891
32 502
857 316
149 127
245 987
272 450
530 891
530 160
530 517
530 280
530 630
530 629
530 24
746 550
746 935
381 107
381 14
381 643
381 270
586 120
586 278
586 310
586 479
586 307
586 731
586 449
586 759
586 161
586 947
586 984
586 264
586 160
586 267
586 126
586 837
586 165
586 435
586 334
674 392
66 227
42 322
166 74
166 500
45 227
908 765
908 602
908 104
908 443
908 762
908 743
701 90
764 994
764 987
765 356
765 416
765 214
765 305
654 738
535 823
823 551
383 720
383 362
383 528
268 98
572 862
572 450
997 90
77 168
77 260
77 369
862 118
862 178
862 502
443 742
443 662
443 152
443 61
443 517
295 178
112 422
112 517
112 803
693 178
693 502
24 280
24 647
24 629
422 280
422 731
422 12
540 214
540 987
540 855
540 955
540 925
540 641
502 538
502 249
502 710
502 969
502 118
502 178
502 718
830 633
322 388
322 223
462 687
168 356
168 416
168 260
168 949
168 305
168 790
168 472
168 266
168 912
432 987
707 98
78 178
53 633
171 347
952 316
933 347
713 98
582 987
398 712
977 969
977 418
388 299
388 337
388 612
918 684
918 362
950 1001
950 103
950 402
338 987
416 742
416 912
416 868
416 305
416 415
605 178
337 310
923 687
923 890
923 214
923 591
923 738
988 851
139 513
846 561
846 629
846 67
401 415
401 98
401 165
401 429
256 356
724 127
724 293
921 738
517 915
517 61
517 450
517 459
517 267
517 731
517 718
517 851
517 135
134 98
134 592
134 738
321 684
228 178
843 127
843 779
849 987
361 987
48 458
48 684
48 499
718 356
718 189
718 61
718 851
236 29
493 629
984 126
984 74
67 561
67 344
67 207
67 165
597 738
160 658
160 630
160 629
308 418
126 500
644 738
596 450
64 534
587 720
584 731
379 568
631 280
631 629
528 763
890 90
568 450
568 60
568 495
568 947
278 98
278 290
278 454
955 987
955 925
955 773
731 680
731 15
731 630
731 284
305 912
305 356
167 851
692 450
692 135
165 31
165 344
165 316
482 987
482 178
280 561
280 915
280 188
280 851
280 633
280 647
280 658
280 629
280 35
280 360
280 241
280 421
280 142
280 293
290 214
704 458
704 684
86 662
472 356
472 61
28 987
772 120
316 543
316 17
316 92
316 142
316 31
316 647
316 302
316 136
316 200
609 720
6 178
851 188
362 812
117 98
433 987
891 629
101 423
107 98
61 356
61 591
61 450
61 135
61 716
61 178
232 912
592 927
592 98
592 454
795 207
561 629
712 450
844 458
844 684
844 499
251 987
1001 738
458 319
458 499
458 956
947 450
506 996
2 700
360 629
872 987
374 105
356 52
356 743
356 912
356 209
310 223
310 863
405 135
812 790
141 469
31 838
31 647
647 207
333 178
658 249
658 629
687 334
249 178
595 450
710 178
435 267
544 214
630 469
630 638
630 629
246 423
987 214
987 531
987 809
987 994
987 641
987 873
987 840
987 789
987 68
994 863
409 178
599 178
318 684
976 178
991 178
135 628
135 855
135 936
565 684
164 638
662 90
662 450
98 429
742 915
742 771
742 214
996 418
450 40
450 802
450 187
499 679
739 214
679 684
720 680
720 855
200 915
685 629
418 105
62 646
62 542
646 542
646 178
207 469
700 423
628 855
628 638
429 454
429 291
638 334
214 531
470 178
870 771
538 178
14 738
13 738
