703 771
963 67
541 506
737 107
646 607
646 62
646 542
0 228
0 693
0 502
0 991
0 605
0 862
0 6
0 409
0 295
0 599
0 470
0 538
0 767
0 710
0 78
0 333
0 976
0 249
0 732
175 107
175 275
175 849
175 710
990 424
313 232
313 416
664 107
445 891
231 698
231 624
767 333
767 178
767 599
978 851
978 301
377 866
191 927
191 90
233 105
233 692
233 329
233 214
343 322
343 663
343 706
343 223
648 765
229 607
355 277
355 577
413 746
159 607
159 40
159 214
159 290
614 274
614 280
136 200
807 784
807 306
807 659
955 427
955 540
955 987
575 782
575 332
581 855
581 135
879 322
201 107
117 98
428 857
428 207
428 316
428 838
607 696
607 335
607 232
607 75
607 334
607 483
547 469
969 189
141 188
656 772
133 602
96 388
365 2
424 469
424 207
424 795
424 421
424 953
863 161
866 724
866 718
770 927
248 696
248 185
652 107
56 994
698 540
698 245
698 840
698 873
698 764
84 97
514 603
514 612
954 469
386 319
173 506
485 927
485 542
95 251
243 61
5 107
951 506
951 214
951 638
951 552
752 220
332 782
332 250
702 14
220 772
32 862
857 915
857 838
245 994
272 443
272 572
530 629
817 469
746 923
746 591
746 692
746 935
381 107
381 327
644 506
644 14
644 199
558 844
558 565
42 337
42 322
42 402
166 743
166 565
921 796
590 277
590 577
908 765
908 2
979 783
660 306
765 30
654 738
268 98
453 595
165 31
165 401
165 67
772 83
772 190
772 612
772 127
772 544
772 178
383 720
383 528
383 586
572 40
572 161
572 862
586 294
586 500
814 500
862 495
862 78
443 72
443 120
443 86
832 103
832 638
832 337
112 517
532 107
532 700
532 502
24 629
540 994
540 925
540 311
502 687
502 178
502 185
18 896
830 90
670 107
670 185
495 568
462 687
168 782
168 912
168 30
432 153
432 915
707 98
939 38
78 605
147 277
147 577
171 277
171 577
952 200
933 723
933 277
933 577
713 98
713 592
531 214
977 236
977 1001
977 418
977 423
388 322
388 638
250 927
918 758
950 663
239 161
416 927
416 256
416 415
605 538
605 178
972 277
972 577
988 207
808 107
846 67
774 947
401 415
401 98
401 429
401 291
861 934
104 30
732 118
517 459
748 277
748 577
134 98
134 291
134 592
134 316
754 184
320 107
321 214
843 90
849 275
957 469
338 120
338 994
718 189
718 61
236 107
236 189
236 537
236 1004
185 915
185 762
185 684
260 472
67 561
67 344
67 207
160 629
308 277
308 577
126 232
985 107
48 319
48 684
596 450
493 207
493 301
782 472
528 867
528 685
528 537
696 181
696 61
278 98
722 854
659 306
535 854
980 107
167 469
692 546
692 90
692 135
628 720
628 135
280 658
280 630
762 178
290 214
704 565
704 743
704 499
157 277
157 577
624 329
316 915
301 469
301 795
15 680
15 731
6 189
337 1
337 936
433 994
433 738
230 277
230 577
891 630
891 414
101 423
686 277
686 577
61 591
784 306
716 127
75 633
75 178
75 334
410 719
285 277
285 577
592 927
592 98
592 454
795 421
795 469
795 207
127 595
369 927
369 407
458 565
947 450
506 1004
506 199
2 700
2 790
2 812
2 638
241 469
103 423
347 277
347 577
612 310
192 107
812 700
812 465
812 790
812 119
31 915
850 90
335 107
577 715
577 926
577 931
577 277
658 630
658 838
161 90
867 700
693 122
771 4
771 83
421 469
927 113
927 854
927 513
761 783
761 90
435 500
92 207
630 915
246 423
926 277
898 107
940 214
940 90
931 277
994 789
464 107
19 333
29 107
537 107
135 942
135 936
322 420
322 223
662 72
602 743
98 291
98 107
98 454
98 429
996 418
450 40
450 187
450 466
450 802
468 107
187 40
720 936
208 107
113 854
685 643
418 105
790 700
415 107
207 469
810 107
553 107
651 90
542 62
542 500
1004 107
188 469
190 267
144 90
868 743
277 715
35 469
327 738
107 118
107 688
