703 135
847 207
847 92
963 67
541 951
737 275
737 175
971 915
854 823
0 32
0 732
0 605
175 246
175 275
175 849
175 423
365 32
124 823
143 872
143 796
966 168
966 347
966 577
927 823
927 191
927 592
102 548
231 607
231 789
231 698
231 2
231 502
111 602
978 469
978 207
978 795
978 817
978 421
978 851
978 424
978 141
191 75
191 334
388 534
920 274
920 546
920 159
920 450
235 923
159 251
159 915
159 923
159 147
159 274
159 214
159 62
614 141
955 540
955 789
955 987
955 427
955 925
955 311
575 168
575 472
581 936
324 534
324 509
324 239
180 215
526 629
428 31
428 469
428 915
428 383
428 136
428 165
428 316
428 543
607 157
607 692
607 900
607 915
607 127
607 229
607 696
607 833
607 184
364 789
547 988
497 977
306 660
306 742
306 659
833 462
885 168
133 602
900 272
58 585
424 207
424 421
424 795
30 104
697 855
697 540
697 925
697 311
790 516
242 769
652 410
56 789
56 482
698 540
698 245
698 840
698 873
698 764
990 165
91 415
881 921
485 823
313 472
95 789
272 754
272 450
226 440
439 77
332 500
702 506
702 14
702 670
220 75
552 951
32 170
32 19
32 381
32 862
32 843
32 418
32 236
32 977
32 432
32 777
32 502
32 249
32 380
857 915
245 789
113 823
113 542
530 160
530 633
530 891
530 629
530 631
817 469
746 692
381 327
586 782
586 157
454 401
454 429
454 291
454 147
454 772
454 592
454 120
454 134
41 723
66 227
166 782
166 416
380 712
45 227
764 789
765 104
765 942
765 209
765 648
83 784
83 771
911 1004
638 700
638 337
535 823
165 31
165 401
165 67
165 838
165 683
165 267
165 316
772 75
772 923
772 334
772 915
572 450
510 174
77 168
77 912
517 459
556 823
423 977
423 246
423 101
423 184
423 710
693 538
693 122
216 321
532 335
532 516
188 469
540 789
540 840
502 538
502 605
502 228
502 214
137 771
994 789
740 106
924 199
168 356
168 416
168 260
168 912
432 789
907 127
326 146
147 334
147 214
147 577
53 193
952 915
952 200
107 713
107 127
107 553
107 98
107 898
582 789
977 1004
977 1001
977 153
977 418
977 650
977 644
343 534
551 823
250 886
250 823
918 499
338 789
19 127
416 859
416 648
416 256
416 912
416 290
416 305
511 789
605 228
605 249
605 862
605 333
605 470
605 293
605 710
444 823
969 410
923 591
923 120
923 687
923 214
923 193
923 890
193 714
193 784
193 290
846 561
846 629
774 947
401 415
401 429
401 291
256 472
861 896
921 506
748 577
134 592
134 291
321 499
849 789
849 275
361 789
587 415
758 723
493 629
984 648
67 207
67 344
894 629
951 506
951 214
654 991
644 506
644 199
644 1001
588 789
185 830
782 435
782 500
631 561
631 629
528 549
528 629
568 742
568 784
568 712
568 771
568 450
568 495
568 947
369 823
777 127
311 789
722 823
293 724
305 356
534 692
534 591
534 334
534 223
184 393
184 599
167 630
167 469
167 851
482 569
482 789
482 531
858 991
280 629
762 356
704 565
157 334
160 629
823 821
823 513
823 62
823 646
823 394
823 542
472 356
472 602
472 743
28 789
15 680
15 731
851 469
337 646
337 505
82 870
82 628
433 789
197 789
891 353
891 629
546 40
101 866
101 246
61 334
61 991
870 628
870 12
73 499
862 569
862 538
862 495
75 120
75 334
75 850
840 789
592 713
592 98
561 629
6 410
712 450
712 214
712 40
844 672
127 410
127 569
127 334
149 866
251 789
1001 103
458 25
506 249
506 682
2 17
360 629
872 789
371 135
956 499
440 537
550 356
550 743
550 500
812 700
141 469
647 915
658 629
838 142
838 200
771 742
569 415
569 214
569 749
569 599
421 469
236 208
236 410
710 599
761 516
24 629
435 500
719 738
122 275
92 207
92 142
630 469
630 629
987 789
915 200
915 17
915 142
915 136
135 942
135 628
135 936
135 469
565 723
565 679
164 420
356 912
356 743
142 469
602 743
52 868
60 187
720 628
68 789
208 410
274 469
418 105
62 542
789 470
789 531
789 809
789 641
789 873
577 214
202 629
685 629
334 612
