321 684
15 406
963 67
6 249
541 977
541 16
541 951
685 724
685 643
685 1001
851 978
748 308
337 870
646 369
646 542
764 698
126 232
126 356
126 586
126 52
449 278
313 294
313 416
313 256
313 472
313 885
891 629
891 353
891 530
143 796
101 377
926 157
780 303
927 416
927 120
927 250
927 948
927 515
927 854
927 722
927 592
927 485
231 698
231 245
231 873
231 462
61 718
61 991
61 915
61 159
61 716
61 388
61 517
61 843
61 522
61 428
580 582
978 493
746 692
377 605
377 423
303 103
189 249
189 652
239 923
239 706
191 415
191 75
191 120
191 65
294 416
294 648
294 256
294 885
294 817
343 663
596 450
440 380
648 416
648 602
648 765
648 885
592 134
592 948
592 454
731 680
731 284
64 322
561 846
506 881
506 14
506 173
506 491
506 951
38 460
38 638
712 380
844 684
844 679
844 672
844 565
614 858
537 236
127 75
127 843
369 168
311 698
293 700
293 724
581 135
581 798
150 415
879 164
879 510
879 223
879 368
879 322
879 740
879 548
605 470
1001 14
1001 924
190 75
190 120
2 272
686 147
428 31
428 122
428 32
428 915
428 857
947 568
947 774
607 75
607 220
607 184
607 483
607 233
364 582
364 624
835 233
873 698
873 34
873 987
516 837
141 188
833 415
833 462
702 14
103 950
103 514
103 164
885 416
885 586
885 256
885 984
714 617
714 193
96 420
922 135
956 700
956 758
956 41
65 75
65 334
65 135
65 120
863 161
863 771
356 157
356 209
356 472
356 586
356 602
356 762
356 743
356 256
356 166
837 738
775 157
775 692
550 200
248 49
248 157
248 692
248 90
232 168
232 77
56 987
812 700
540 698
540 987
881 783
881 921
306 159
854 517
292 135
850 75
245 698
245 987
335 532
454 401
454 147
454 291
454 120
454 772
687 334
687 772
678 696
161 692
34 855
951 569
951 772
1004 977
693 32
838 200
569 415
569 120
569 502
569 862
569 749
569 482
569 599
332 435
332 500
595 404
595 991
595 372
595 453
236 208
896 861
220 75
220 90
220 483
32 862
435 415
435 500
719 14
719 738
772 923
772 120
772 940
772 75
772 334
772 398
772 609
122 718
272 40
272 214
530 160
530 630
530 629
630 415
630 421
630 493
284 680
743 704
743 256
743 472
199 90
199 644
166 586
987 95
987 531
558 207
940 90
291 401
42 402
924 14
69 638
406 680
971 200
971 543
724 159
880 707
698 840
106 788
660 692
660 783
765 383
765 602
847 207
706 663
318 684
535 444
165 31
165 401
165 207
165 67
135 628
483 798
565 684
164 638
164 548
383 388
662 40
662 443
662 802
662 450
586 168
586 762
586 416
77 168
77 260
77 912
862 791
443 700
443 86
275 849
360 629
142 24
633 923
633 53
602 256
602 472
317 692
112 267
98 107
98 707
72 159
66 52
502 157
502 40
996 418
450 40
393 184
323 139
322 534
322 223
740 157
679 684
184 779
168 416
168 260
168 472
168 912
52 45
147 40
720 628
720 587
843 718
200 915
591 542
40 214
40 159
40 890
214 629
307 659
233 692
62 542
415 401
75 120
75 334
75 749
950 420
207 469
207 795
207 953
700 119
700 638
700 277
416 912
416 305
923 890
923 542
787 159
193 53
752 120
774 105
401 429
256 472
789 470
921 14
684 918
684 499
684 48
684 704
542 157
542 334
120 53
118 732
331 418
105 418
423 779
758 918
912 260
912 90
912 305
159 334
631 280
278 290
915 157
334 692
334 612
334 749
418 977
783 738
305 290
749 692
629 267
977 153
