963 67
617 334
617 471
541 506
541 14
541 702
541 1001
541 644
526 280
526 629
0 178
175 275
175 849
175 423
131 14
990 31
990 280
990 915
990 424
990 316
313 168
313 30
313 126
576 14
780 514
445 629
695 40
557 166
231 624
231 540
231 245
231 987
231 233
767 178
978 630
978 159
978 629
377 159
377 393
377 101
377 630
377 246
377 731
191 927
233 245
343 38
343 663
343 159
343 223
920 656
920 274
229 306
159 167
159 4
159 692
159 915
159 188
159 107
159 517
159 659
159 746
159 220
159 433
159 209
159 663
614 53
955 540
955 832
955 987
955 427
955 925
955 311
955 773
575 77
305 416
305 743
879 322
605 178
971 952
971 915
971 316
971 200
428 915
428 316
428 647
428 838
607 334
607 193
488 40
364 506
364 987
547 167
547 280
151 471
373 656
516 14
516 790
141 241
141 302
656 353
656 838
656 190
656 274
656 181
656 280
900 546
424 421
424 280
424 207
424 795
866 549
248 506
56 280
56 987
68 987
514 950
514 378
514 103
606 482
292 769
828 745
951 538
951 572
951 239
951 502
332 166
702 14
702 924
702 783
220 90
32 280
32 572
664 335
245 540
245 987
272 40
272 568
272 450
530 891
530 629
530 24
817 280
746 935
381 327
586 573
586 500
586 782
586 294
586 772
586 166
586 126
586 267
454 401
454 429
454 713
454 98
454 772
454 592
454 291
674 112
674 392
674 537
674 166
66 227
42 323
924 506
924 173
924 1001
924 14
924 199
924 644
45 227
281 90
701 90
764 987
765 214
654 991
654 738
638 164
638 628
865 629
772 573
772 75
772 334
772 609
383 720
383 732
572 450
572 40
558 956
558 319
558 207
558 499
558 321
558 216
558 458
558 48
997 90
77 266
77 369
862 178
862 502
443 86
295 178
736 692
471 53
471 185
112 267
112 166
249 178
532 553
532 790
24 280
24 629
24 838
422 731
540 987
540 641
540 994
502 228
502 178
189 236
166 157
166 74
166 294
166 743
168 52
168 912
168 782
168 949
168 966
432 987
707 98
78 178
53 416
254 40
952 543
952 915
952 316
952 200
933 966
713 98
713 592
582 987
977 1001
977 418
977 969
388 299
250 700
618 319
950 103
543 915
543 316
408 280
791 609
416 927
416 415
416 912
416 294
324 534
324 239
953 280
953 915
953 316
988 838
139 832
954 280
193 290
846 280
846 629
846 67
774 947
401 165
401 429
857 165
857 915
857 316
857 838
256 356
724 718
724 293
837 14
921 506
921 14
935 966
832 423
134 98
134 592
754 16
754 450
321 684
228 333
228 178
843 407
843 711
849 275
849 987
361 987
338 987
758 362
493 280
493 629
984 126
67 561
67 344
67 207
67 165
160 280
160 629
48 565
596 40
795 421
795 207
587 720
379 568
379 40
631 280
631 629
268 98
568 40
278 290
62 646
311 987
659 306
581 72
581 135
589 290
534 510
418 996
167 280
167 630
167 851
692 910
782 472
482 987
858 991
280 561
280 35
280 188
280 301
280 92
280 274
280 293
280 241
280 647
280 658
280 207
280 136
280 629
280 360
280 421
280 267
280 142
280 469
762 74
290 253
704 41
704 565
472 912
28 987
316 165
316 915
316 17
316 92
316 142
316 349
316 31
316 344
316 647
316 302
316 136
316 629
316 200
15 680
609 720
6 178
362 192
362 464
362 306
117 98
481 565
433 987
433 738
466 662
891 629
891 353
927 90
927 592
910 329
61 991
341 915
341 739
341 200
232 912
232 966
199 506
199 14
294 74
840 987
592 98
561 629
38 591
712 40
844 956
844 672
127 334
127 629
293 711
251 987
1001 783
947 40
506 996
506 173
506 670
506 783
506 14
506 333
506 16
2 991
2 178
2 790
2 499
360 629
872 987
173 14
270 14
270 783
956 790
356 912
812 790
31 915
335 810
647 915
658 629
687 742
25 319
693 178
569 629
569 599
546 450
347 966
95 987
626 873
710 178
761 14
719 14
719 410
92 915
630 469
630 629
898 107
987 531
987 809
987 994
987 641
987 873
987 789
239 629
409 178
599 178
783 13
783 650
783 738
976 178
991 178
135 72
135 936
135 942
135 628
565 41
662 40
662 267
738 14
738 682
738 650
333 178
98 107
742 214
742 915
72 90
996 14
142 915
178 470
178 538
178 90
187 40
165 344
165 915
60 40
720 680
720 628
200 915
505 612
790 700
790 119
646 542
207 469
302 915
881 14
650 14
190 629
17 915
912 949
136 915
14 13
685 629
915 344
40 802
