703 863
703 771
617 609
541 996
737 107
737 849
971 316
0 249
0 333
0 149
0 178
0 716
175 107
175 849
175 423
990 633
990 469
313 356
313 168
313 90
313 256
313 885
313 416
143 580
664 107
780 103
780 514
780 106
95 987
695 450
231 698
231 245
231 840
231 987
767 333
767 178
978 167
978 35
978 547
978 188
978 301
978 614
978 421
978 988
978 851
978 957
978 954
978 469
978 512
978 795
978 552
978 817
978 207
978 141
978 424
978 493
372 572
377 718
377 609
377 61
191 692
233 415
233 540
233 692
233 364
233 245
233 769
233 329
388 742
388 61
388 771
388 534
388 280
388 214
388 638
920 188
920 67
648 885
648 256
6 333
6 178
413 935
159 742
159 940
614 469
614 188
614 851
614 552
136 952
807 120
807 546
955 540
955 987
581 855
581 936
581 609
581 135
879 164
879 322
879 420
879 487
324 415
324 38
324 586
324 638
201 107
194 901
194 229
194 769
194 863
428 915
428 883
428 530
428 160
428 953
428 857
428 200
607 334
607 687
607 696
607 692
607 528
364 987
547 862
547 469
547 280
547 851
497 977
373 190
306 742
306 771
306 769
306 374
306 790
306 659
456 527
656 188
656 190
133 602
900 742
900 40
900 771
900 272
900 450
312 333
424 469
424 188
863 742
863 784
697 855
697 170
652 107
56 987
698 540
698 245
698 840
698 987
698 873
698 764
514 103
514 395
514 378
514 603
514 505
514 822
514 735
91 674
91 4
91 720
91 392
954 469
125 103
125 622
5 107
5 228
5 553
5 670
951 299
951 552
439 168
848 4
32 197
32 791
857 200
245 840
245 987
245 764
113 535
530 891
530 915
530 188
530 281
530 630
530 24
530 141
530 629
530 200
368 322
817 469
730 356
730 30
730 868
381 107
381 192
381 643
381 810
381 29
586 700
586 126
586 573
586 500
586 326
586 240
586 762
586 267
586 528
586 984
454 401
454 772
454 134
454 291
454 713
454 98
454 587
454 592
454 120
454 429
674 110
674 112
66 45
924 506
924 14
924 199
61 356
61 591
61 915
61 754
61 517
61 851
61 718
61 904
61 980
61 692
61 16
61 90
61 502
61 450
61 281
61 670
61 189
61 716
61 343
61 135
61 542
404 595
404 883
764 987
765 356
535 369
535 444
165 401
165 707
165 316
165 67
165 267
772 75
772 609
383 720
383 362
572 724
558 319
558 458
558 565
522 843
522 546
862 502
862 188
862 333
862 495
862 178
862 293
622 676
622 559
699 168
112 356
112 110
112 392
112 803
443 662
249 333
249 178
399 322
399 46
399 76
532 107
188 35
188 502
188 280
188 988
188 851
188 469
4 371
502 696
502 189
502 724
502 923
502 280
502 333
502 178
137 771
114 275
769 1002
740 157
199 996
166 110
166 574
166 602
166 743
168 356
168 416
168 260
168 266
168 912
168 232
168 77
168 984
432 987
587 720
907 184
78 333
78 178
147 590
147 171
254 947
171 590
952 200
952 344
952 316
422 410
582 987
977 1004
977 1001
977 996
977 423
977 950
977 153
977 418
343 663
343 322
343 214
250 886
918 25
918 499
950 103
950 69
338 987
791 693
110 803
416 356
416 260
416 90
416 52
416 885
416 334
416 790
416 256
416 912
416 984
272 700
272 187
272 450
605 228
605 693
605 178
605 333
923 120
923 738
923 197
923 546
923 609
923 633
923 910
808 107
808 898
193 40
193 90
193 65
752 720
774 947
401 415
256 885
256 37
409 333
409 178
104 549
546 550
546 197
546 629
517 356
517 267
935 214
935 277
832 103
134 592
754 184
321 458
321 499
228 333
228 178
843 393
843 184
849 327
849 275
849 987
361 987
957 469
106 103
106 402
718 356
718 423
718 450
718 724
718 980
718 731
718 293
663 322
493 561
493 288
493 630
493 301
984 885
984 90
260 356
260 912
209 356
142 316
885 294
70 334
715 577
985 107
48 319
48 499
795 469
379 568
528 120
568 40
568 495
568 947
696 742
696 591
696 410
696 534
696 483
311 987
225 184
293 883
288 629
980 236
980 107
392 90
184 407
184 711
184 779
184 883
76 1001
76 733
167 469
167 630
692 687
628 135
280 658
290 566
46 103
46 1
157 743
160 629
160 200
472 356
472 90
28 987
181 724
181 189
181 190
779 423
316 200
316 629
196 190
301 469
609 120
609 278
609 151
609 687
851 469
851 267
362 909
337 1
804 761
433 987
197 550
322 591
891 24
644 506
644 996
101 246
101 423
37 356
107 1004
107 464
107 810
107 118
107 670
107 898
107 335
107 29
107 468
107 553
107 537
107 236
870 135
77 912
566 98
189 491
189 410
189 724
189 731
189 629
189 883
784 742
565 458
565 499
216 319
716 883
75 687
410 595
592 713
592 98
418 996
844 458
844 25
844 956
844 672
844 499
815 1004
731 680
295 178
251 987
1001 724
1001 685
1001 14
458 319
458 956
458 684
458 577
947 40
947 60
506 14
506 996
641 540
641 987
2 335
241 469
872 987
374 317
732 118
103 206
103 423
103 788
103 402
956 319
956 723
956 41
956 684
356 90
356 912
550 743
471 389
499 684
499 679
499 318
499 704
349 976
934 595
335 119
687 120
687 739
170 855
693 333
693 178
771 742
569 333
569 178
421 469
595 883
236 1004
236 743
710 333
710 178
710 423
24 630
24 629
435 500
122 200
540 987
540 855
246 423
987 531
987 482
987 809
987 994
987 925
987 873
987 840
987 789
987 68
883 423
883 724
883 200
464 214
491 976
29 1004
724 685
599 333
599 178
519 178
976 178
991 178
135 720
624 329
662 450
602 743
333 470
333 538
333 178
98 713
742 214
450 40
450 802
788 634
723 41
200 915
200 629
353 190
274 190
62 646
646 542
207 469
700 267
789 531
684 743
684 704
470 178
704 13
704 743
912 949
35 469
538 178
705 733
178 339
