50 788
963 67
617 714
617 720
617 776
617 193
541 173
541 199
541 951
737 440
737 849
971 344
971 428
971 267
971 838
971 200
646 513
646 369
646 551
646 485
646 62
0 569
175 849
175 650
175 423
990 428
990 424
313 765
143 580
966 347
966 933
966 935
780 303
95 987
95 193
695 187
557 168
231 607
231 540
231 987
515 927
515 356
978 167
978 851
377 866
377 423
191 927
233 692
233 749
343 388
343 368
343 663
648 885
648 765
6 506
6 569
159 866
159 324
159 853
159 72
159 940
159 923
159 724
159 776
159 136
159 542
881 700
955 427
955 925
955 311
955 987
955 773
575 168
575 472
581 720
581 135
581 264
879 322
605 789
605 569
605 693
605 470
201 335
117 98
428 952
428 915
428 17
428 142
428 31
428 647
428 32
428 857
428 136
428 200
607 927
607 168
607 248
607 229
607 65
607 483
607 220
364 506
364 987
364 863
547 631
948 927
948 592
497 977
516 700
306 229
306 659
306 863
833 462
833 185
885 586
885 984
133 168
96 420
58 909
65 687
65 83
65 120
65 220
30 356
30 765
30 52
30 168
866 718
790 812
790 2
248 591
248 692
248 835
248 90
248 329
56 987
68 987
264 329
91 308
292 135
485 513
485 823
253 151
34 855
34 997
5 107
548 164
548 322
846 561
846 629
277 147
439 168
332 435
332 500
776 193
702 842
702 14
220 483
32 700
32 572
32 433
857 951
245 830
245 987
245 764
272 147
272 214
272 40
530 630
530 891
530 629
817 167
847 207
847 482
847 838
558 319
558 207
454 401
454 592
454 429
454 134
454 713
454 98
454 120
454 772
66 52
166 356
166 168
166 52
166 586
166 416
166 762
166 743
45 52
590 147
48 319
765 356
765 168
765 214
83 863
381 506
381 335
268 98
268 592
535 444
535 499
165 31
165 401
165 67
987 361
987 531
987 872
987 582
987 311
987 482
987 338
987 251
987 809
987 433
987 197
987 994
987 641
987 540
987 511
987 873
987 764
987 193
987 588
987 432
987 840
987 28
987 789
987 849
383 867
383 589
572 569
572 40
586 168
586 416
586 762
586 267
586 126
586 984
77 168
77 260
862 569
443 742
443 662
443 86
443 152
295 569
764 994
832 38
112 392
693 569
216 319
532 1001
532 335
24 629
540 855
190 120
190 353
769 863
740 106
740 612
670 506
462 223
168 356
168 260
168 472
168 232
168 369
168 416
168 52
168 868
168 912
707 98
147 40
147 285
147 214
147 171
171 347
952 838
107 75
107 553
107 98
107 335
619 11
582 624
716 457
716 718
398 712
977 409
977 1001
977 418
977 1004
950 103
950 303
950 663
587 720
416 356
416 633
416 2
416 927
324 634
923 197
923 193
139 323
808 688
193 714
752 927
752 120
774 947
401 415
401 429
401 291
256 356
724 718
816 333
546 550
546 200
935 568
748 308
134 98
134 592
321 25
321 499
228 569
849 275
849 650
718 122
718 904
718 457
718 293
925 429
663 223
493 629
260 912
67 344
67 207
160 629
308 418
126 52
644 506
644 199
644 996
596 450
185 830
379 568
631 561
631 629
568 495
568 947
278 98
278 566
311 196
659 362
466 662
167 851
692 835
692 775
692 90
692 329
692 830
692 624
782 435
782 500
482 569
280 561
280 687
280 189
280 629
280 449
157 542
157 499
894 629
505 337
86 662
86 152
472 356
472 743
772 120
196 429
229 469
337 854
337 870
337 223
82 135
891 353
891 629
101 423
61 522
870 135
303 103
784 863
517 499
75 120
75 334
592 927
592 713
592 98
795 207
795 424
561 629
844 672
1001 650
2 700
506 29
506 996
506 409
506 599
506 199
506 783
506 173
506 14
506 951
360 629
241 421
371 135
173 14
385 898
682 783
550 200
499 356
499 25
499 684
499 542
812 700
335 1004
335 464
658 629
161 863
25 386
249 569
249 409
771 700
771 863
569 599
569 470
569 415
569 538
569 710
569 409
569 333
569 976
569 991
569 749
421 630
421 424
927 120
927 90
435 500
4 135
630 469
630 142
630 629
246 423
993 863
424 207
467 650
863 626
135 628
135 720
164 420
356 52
356 574
356 743
356 602
356 868
356 912
64 322
662 11
98 713
98 291
72 214
526 629
749 90
52 868
200 915
685 629
789 470
650 423
650 144
120 743
912 915
136 915
202 629
743 13
291 429
629 267
207 469
