595 127
595 189
595 934
301 978
963 67
617 609
541 506
541 199
541 1001
685 643
851 724
851 978
362 189
362 191
117 98
660 568
764 698
0 189
672 844
990 280
575 912
313 416
313 885
891 445
891 630
891 153
891 24
985 664
101 921
966 168
966 935
231 698
231 245
231 178
61 718
61 991
377 423
580 383
111 602
111 935
978 167
978 35
978 547
978 188
978 614
978 421
978 988
978 954
978 957
978 469
978 512
978 424
978 795
978 817
978 207
978 141
978 552
647 280
647 915
810 664
73 41
73 499
199 14
199 644
808 5
808 29
661 700
191 332
216 321
216 319
216 499
716 127
716 189
716 149
388 334
840 698
648 885
592 98
592 134
592 454
53 540
53 193
561 280
561 67
607 700
607 696
6 189
413 935
844 558
844 321
844 956
844 684
844 565
537 107
537 664
127 114
127 16
127 122
127 159
127 754
127 724
127 281
127 189
127 883
127 718
127 843
127 293
605 228
311 540
293 280
581 135
737 440
737 849
737 664
879 740
266 912
909 383
909 58
324 638
1001 977
1001 14
1001 644
858 991
2 700
2 517
2 790
971 952
458 684
458 956
458 48
458 499
947 774
947 466
506 14
506 644
137 306
547 964
547 280
547 159
547 724
873 698
360 280
151 609
373 207
373 190
241 280
142 280
142 915
141 188
656 280
656 190
347 935
900 662
900 450
953 280
192 664
956 684
424 207
863 534
863 771
904 189
440 664
499 319
499 723
499 41
499 558
499 618
499 321
499 679
56 159
812 790
365 189
91 189
91 915
306 742
306 374
881 924
881 761
881 516
850 924
335 664
565 723
565 41
565 684
803 112
803 517
652 189
5 491
5 29
25 684
25 558
1003 454
838 160
838 349
447 416
447 586
447 885
439 912
439 949
439 168
332 52
332 500
332 782
332 166
332 250
173 14
173 644
702 14
702 644
664 643
664 381
422 280
78 409
32 977
32 724
32 280
849 275
849 175
24 280
24 630
24 530
435 586
722 517
245 698
964 954
530 692
530 915
530 630
530 718
530 746
530 267
291 454
630 512
630 746
630 493
730 30
746 700
746 692
746 502
746 935
687 609
381 643
381 532
935 214
586 885
586 260
586 159
586 77
586 294
586 762
586 517
586 267
586 126
343 663
343 399
931 577
116 772
294 885
924 761
924 516
924 14
924 644
502 724
322 950
491 724
830 159
590 171
724 228
724 189
724 915
823 62
823 542
599 976
765 126
654 991
654 738
319 386
30 936
30 52
114 189
165 344
135 517
135 628
772 692
268 98
558 159
558 321
558 684
77 168
77 260
77 912
862 178
622 559
910 923
993 534
633 923
633 554
633 495
602 168
602 443
602 743
602 52
66 45
98 713
98 707
98 134
98 107
98 278
249 189
249 470
532 790
188 280
188 178
742 692
540 698
540 193
980 718
754 718
996 418
450 692
450 991
526 280
769 159
740 106
189 201
189 1004
189 159
189 470
189 236
189 718
189 410
189 178
304 441
646 62
168 912
168 260
168 232
168 334
168 209
168 949
52 126
232 949
485 62
485 542
208 783
591 696
443 152
994 752
74 885
353 190
514 950
274 181
274 190
233 692
233 159
418 105
418 178
790 868
761 516
977 950
75 178
618 321
950 663
207 795
207 67
207 988
543 991
454 401
454 429
700 538
416 885
416 260
416 868
416 256
416 104
416 500
516 14
516 743
923 609
923 159
421 280
318 684
166 267
166 718
256 885
789 470
104 743
356 743
356 126
517 718
517 267
684 918
684 321
684 267
638 334
1004 423
1004 320
120 915
190 181
190 267
190 890
843 779
609 278
214 159
718 692
718 534
42 70
42 402
912 260
912 90
912 159
912 472
136 915
185 762
159 167
159 251
159 802
35 280
67 344
885 984
126 782
644 14
631 280
890 90
696 915
334 534
743 472
783 738
316 267
178 692
167 181
