776 214
703 272
963 67
617 415
617 923
617 191
617 586
617 416
541 506
541 924
852 214
971 316
646 927
646 75
646 607
646 62
729 377
0 178
175 849
175 275
175 246
990 31
990 280
990 165
990 428
990 316
313 447
313 232
966 347
966 933
966 935
236 114
236 532
231 170
231 540
231 245
231 2
231 987
231 264
231 329
231 873
231 624
767 745
767 178
978 988
978 851
978 188
978 141
191 415
191 684
191 692
191 499
233 239
230 157
230 147
204 586
920 280
920 214
648 232
648 765
355 147
159 742
159 214
159 715
955 540
955 987
575 232
575 782
575 260
575 949
575 912
581 443
879 740
879 612
324 214
686 147
428 31
428 915
428 838
428 61
428 450
428 316
607 356
607 591
607 696
607 762
607 196
607 299
607 843
607 333
607 415
607 250
607 534
607 687
607 692
607 61
607 969
607 232
607 329
607 168
607 612
607 75
607 147
607 720
607 135
607 890
364 987
547 167
547 469
547 280
547 362
151 253
972 147
306 591
306 334
306 784
306 214
306 771
656 280
133 908
133 765
900 742
900 450
58 891
424 469
30 912
697 855
697 170
697 771
790 812
790 2
770 927
56 987
68 987
540 692
540 245
540 840
540 264
540 329
540 764
540 987
881 761
881 516
485 927
485 854
485 75
253 290
253 566
95 987
5 383
951 866
951 630
277 147
439 260
439 949
332 435
332 250
50 559
702 506
702 14
702 924
220 75
220 214
32 249
32 280
32 693
32 891
664 335
563 362
245 987
245 873
245 264
272 692
530 280
530 24
530 214
530 891
530 629
530 267
368 322
817 469
381 327
670 980
558 216
558 207
454 401
454 592
674 392
674 537
924 506
924 173
924 1001
924 996
924 14
924 682
924 199
924 644
61 40
61 718
61 356
61 591
61 517
61 53
61 851
61 193
908 765
908 936
281 915
281 497
48 73
48 956
765 472
765 450
765 126
83 771
268 98
268 592
535 927
535 113
535 823
535 542
865 383
865 214
823 927
823 513
383 356
383 477
383 922
383 532
572 40
572 693
572 605
586 782
586 573
586 500
586 447
586 984
586 435
586 166
586 267
510 622
522 38
517 356
517 112
517 718
517 803
622 676
622 125
622 139
622 323
622 559
699 260
764 987
573 416
573 74
112 700
112 392
443 742
443 86
443 152
443 936
443 135
249 178
532 118
188 421
188 469
188 280
4 371
502 569
502 862
502 538
502 118
502 178
322 343
740 788
740 612
189 1004
189 718
189 410
166 356
168 260
168 472
168 232
168 912
168 949
432 987
707 98
707 880
78 178
147 933
147 590
147 27
147 926
147 157
147 347
147 577
147 285
147 171
171 931
952 344
952 316
933 347
933 590
107 98
107 214
582 987
977 497
343 223
551 927
250 927
470 178
416 415
416 602
416 294
416 912
511 987
605 228
605 693
605 178
444 927
923 53
923 278
923 193
954 469
193 633
193 53
846 280
846 629
846 24
774 947
401 415
401 429
401 98
401 165
401 291
857 915
857 122
857 316
256 356
409 178
837 850
104 912
104 602
104 126
935 684
748 926
993 742
134 98
134 592
228 178
53 612
849 275
849 987
361 987
957 469
338 692
338 609
338 987
718 356
718 692
718 16
718 915
718 127
718 293
758 844
493 629
493 24
984 299
984 447
391 629
391 24
260 77
260 232
260 266
260 912
260 949
160 629
160 24
126 232
644 506
644 14
644 199
644 996
795 469
266 912
266 949
631 280
631 629
278 290
311 987
722 927
731 680
731 214
167 469
167 851
692 591
692 687
692 214
692 135
165 31
165 344
165 316
482 531
482 987
251 987
280 561
280 915
280 422
280 293
280 851
280 647
280 526
280 629
280 24
280 35
280 445
280 360
280 241
280 421
280 142
290 214
290 566
86 662
472 356
472 782
472 318
472 232
472 912
28 987
772 75
772 120
316 915
316 17
316 302
316 543
316 92
316 142
316 31
316 344
316 647
316 90
316 136
316 200
301 469
671 995
873 987
873 624
6 178
851 469
362 538
117 98
82 771
481 565
433 789
433 987
433 815
197 987
891 353
891 629
891 24
232 52
232 782
232 912
77 912
77 949
199 506
199 14
75 628
862 178
592 98
561 629
561 24
844 214
844 672
127 293
369 927
293 724
295 178
782 500
1001 506
1001 14
835 214
458 956
506 996
506 333
506 173
506 688
506 14
506 745
506 682
506 783
2 680
2 866
2 693
360 629
360 24
241 469
872 987
371 214
682 650
356 74
356 214
356 318
356 912
310 477
499 684
812 700
587 720
31 915
647 915
647 142
658 629
658 24
693 700
693 178
669 739
569 214
421 469
173 14
927 513
927 854
927 542
927 113
710 178
761 516
24 630
24 685
24 629
435 500
122 716
949 912
630 469
630 142
630 629
987 214
987 531
987 809
987 994
987 641
987 840
987 789
940 214
956 679
771 901
771 65
599 178
976 178
991 178
138 397
138 264
333 783
333 178
742 214
996 418
450 40
450 187
526 629
739 915
142 915
178 538
187 40
720 855
720 214
685 629
700 423
16 423
684 214
329 264
214 334
214 544
214 743
214 738
214 629
214 40
136 915
35 469
783 738
207 469
