992 935
301 188
711 883
15 680
15 731
963 67
617 830
617 883
541 657
541 410
851 817
851 978
117 98
950 977
82 135
0 249
904 479
433 410
990 424
662 443
668 935
668 746
664 192
780 977
445 288
695 187
102 239
510 103
510 164
61 356
61 243
232 168
978 656
199 996
304 936
716 249
388 832
388 90
592 98
561 846
561 288
561 67
607 329
38 334
38 322
38 309
38 939
418 977
418 996
413 935
159 742
159 214
159 595
955 540
731 720
581 936
581 135
251 410
251 482
1001 506
1001 14
1001 410
547 988
428 207
428 857
428 915
428 316
947 774
947 568
506 702
506 657
506 996
506 881
404 372
2 700
2 854
2 812
2 225
2 790
948 500
497 739
497 773
373 391
373 207
373 353
178 502
306 742
306 790
371 135
103 977
103 310
103 423
885 256
347 933
96 420
509 700
509 164
509 42
509 790
424 207
30 356
175 410
175 532
175 423
356 90
356 256
356 168
356 517
356 574
356 868
356 721
356 730
356 743
356 765
356 133
356 602
356 472
356 313
356 912
356 209
356 112
697 540
550 546
550 500
471 105
248 157
479 700
479 790
349 976
514 977
540 994
540 987
540 193
141 857
141 188
850 90
335 537
454 609
454 429
454 291
648 294
648 90
713 98
1004 977
752 120
752 720
838 92
101 423
332 782
595 372
702 14
220 278
32 791
857 90
857 530
857 915
857 883
10 657
173 657
122 410
122 790
530 134
134 98
630 288
630 280
246 572
246 423
746 692
746 135
746 935
381 643
586 573
586 500
586 782
586 687
586 762
586 166
586 126
586 984
291 429
994 410
924 14
924 410
70 90
537 236
908 765
946 425
946 966
764 105
599 78
650 410
650 423
777 410
393 107
535 542
135 870
135 942
135 790
135 628
135 170
135 4
772 147
772 120
164 299
383 720
268 98
910 546
997 90
77 168
77 126
740 322
443 742
443 765
443 86
832 638
556 168
633 107
573 260
534 334
31 316
112 392
112 267
112 74
98 278
98 707
98 107
98 429
693 791
532 236
532 13
532 688
532 899
24 280
742 214
502 280
996 410
464 980
168 260
168 266
168 439
168 472
168 912
168 949
168 416
723 41
147 120
558 207
720 680
591 718
353 67
107 236
849 423
274 181
721 104
721 743
721 765
482 410
790 260
169 372
415 718
415 429
75 334
491 644
250 886
660 873
207 35
207 469
207 795
207 67
207 988
207 493
16 410
969 410
923 500
923 214
923 883
193 338
846 67
401 429
256 126
837 410
104 765
214 531
718 980
423 977
687 500
912 782
912 472
493 288
391 288
391 67
209 765
466 802
67 344
765 425
765 90
211 628
126 782
870 90
410 153
410 76
14 90
379 568
890 883
915 160
915 316
288 629
392 316
90 316
762 157
