823 927
464 980
776 692
776 214
301 469
301 978
321 565
447 168
447 984
851 167
851 547
851 280
851 978
851 188
362 383
526 280
854 927
126 790
433 987
990 280
990 349
662 742
662 272
662 61
662 450
662 443
662 161
927 416
927 444
927 770
927 250
927 722
927 369
927 513
927 646
927 551
927 485
927 535
927 542
927 113
101 377
101 724
101 718
926 147
664 702
664 192
664 810
107 553
107 214
107 810
95 987
695 187
695 596
695 466
686 147
231 698
231 987
61 591
61 696
61 991
61 718
61 30
870 572
870 731
580 143
580 791
428 857
428 915
428 316
428 838
428 349
227 66
77 912
77 260
978 167
978 35
978 547
978 188
978 614
978 421
978 988
978 957
978 954
978 469
978 512
978 424
978 795
978 817
978 207
978 141
978 552
978 629
377 246
377 423
377 530
199 924
199 996
818 438
818 58
951 707
716 236
716 718
716 980
343 322
343 663
440 737
920 280
920 214
592 713
592 268
592 454
64 139
64 890
355 147
38 324
52 356
52 912
52 557
52 472
52 168
159 607
159 692
159 783
159 493
159 923
159 912
159 214
159 290
159 704
127 916
369 535
955 540
955 987
731 680
731 572
731 78
731 422
731 214
581 170
581 161
852 214
251 987
251 482
909 383
324 214
324 638
1001 977
2 953
812 790
337 936
337 42
337 505
458 319
458 577
40 214
607 232
364 987
547 280
547 469
241 469
178 214
972 147
872 987
141 188
371 214
371 135
656 280
347 147
347 933
900 161
922 383
956 684
424 280
424 469
863 540
863 310
356 912
356 586
866 724
866 718
866 549
499 684
56 987
56 482
68 987
939 323
306 214
386 319
550 743
647 280
803 112
803 267
658 280
648 133
648 602
161 540
161 572
161 443
161 994
161 135
333 693
5 553
1004 977
714 578
838 953
264 454
569 214
421 469
332 782
530 280
530 214
595 754
171 147
220 214
761 516
24 280
435 500
334 809
334 214
706 322
245 540
245 698
245 987
92 280
531 987
817 280
817 469
746 692
746 935
746 542
837 719
898 236
166 765
987 214
987 582
987 311
987 482
987 809
987 361
987 338
987 994
987 641
987 540
987 925
987 873
987 764
987 432
987 840
987 698
987 28
987 789
987 849
586 762
586 267
940 90
940 214
75 772
66 986
42 612
285 147
534 591
534 322
18 896
317 374
908 765
724 718
549 135
764 582
764 698
575 912
575 472
575 168
500 485
232 168
232 313
232 472
232 416
232 912
654 991
191 692
165 401
135 170
135 628
135 214
565 481
228 502
383 528
383 589
925 697
572 414
558 319
558 216
402 323
697 855
697 311
862 218
294 416
633 858
633 53
633 772
602 743
471 415
98 713
775 398
540 840
540 698
540 338
540 873
540 641
506 996
502 605
996 977
996 423
450 935
835 214
142 846
142 280
577 147
323 139
168 782
168 260
168 472
168 912
865 90
865 214
698 840
698 873
485 542
200 952
200 136
933 147
418 977
62 646
62 935
415 401
230 147
147 590
147 277
90 890
408 280
416 765
416 260
416 256
416 104
720 214
516 881
923 53
954 280
954 469
401 429
732 718
517 267
684 214
935 214
120 772
188 469
868 214
214 844
214 544
214 743
214 738
214 629
214 692
214 290
957 469
718 980
423 977
423 184
912 260
912 472
912 209
912 743
35 280
35 469
67 207
765 30
765 890
160 280
48 319
795 469
782 472
30 790
274 469
915 280
991 858
482 809
629 280
167 280
167 469
977 236
207 469
280 267
280 469
