50 402
963 67
617 586
541 850
541 199
526 280
854 250
854 586
854 256
854 535
854 722
854 542
729 377
175 832
175 275
175 849
175 553
990 180
990 280
990 428
990 482
966 168
445 280
695 40
695 450
557 168
231 416
231 698
231 987
231 540
580 91
111 885
978 167
978 35
978 547
978 188
978 301
978 614
978 421
978 988
978 609
978 851
978 957
978 954
978 469
978 512
978 424
978 795
978 817
978 207
978 141
978 552
978 629
377 866
377 101
377 423
377 716
191 935
388 70
388 718
388 900
920 280
920 188
648 765
648 416
648 104
413 935
159 707
159 334
159 290
159 251
807 771
955 540
955 773
955 427
955 925
955 311
955 987
575 912
581 855
581 540
201 107
428 857
428 647
607 696
364 987
547 862
547 280
547 851
547 647
373 207
141 421
141 469
656 280
656 188
133 765
900 742
900 40
900 771
509 299
424 421
424 795
56 987
698 540
698 245
698 840
698 987
698 873
698 764
91 356
91 850
91 915
91 647
91 52
91 535
91 280
91 939
91 542
292 769
485 823
485 62
485 542
125 832
125 676
243 61
5 506
5 553
5 670
951 850
951 707
951 996
951 923
951 724
951 976
951 934
951 711
439 232
439 168
439 266
439 912
332 500
776 923
776 53
776 193
32 280
857 165
857 214
245 540
245 987
272 40
530 280
368 322
817 294
817 274
586 356
586 416
586 113
586 885
586 447
586 517
586 267
586 126
586 684
586 765
586 984
586 294
586 542
586 166
586 74
674 392
166 743
166 267
732 118
764 987
765 425
765 472
765 602
765 104
765 743
654 991
268 633
268 454
268 713
268 98
268 117
268 291
535 722
535 542
165 31
165 401
165 344
165 67
165 316
987 872
987 582
987 311
987 531
987 482
987 251
987 809
987 433
987 361
987 338
987 994
987 641
987 540
987 925
987 873
987 95
987 432
987 840
987 28
987 789
987 849
987 68
572 40
572 862
558 499
558 918
558 318
558 956
558 684
558 565
77 912
77 762
517 447
517 267
517 61
517 542
622 832
622 676
699 168
423 246
443 662
249 538
399 223
24 280
24 891
540 697
540 193
540 427
540 925
540 311
540 855
540 624
502 718
502 90
502 178
502 120
393 843
189 718
168 416
168 260
168 74
168 232
168 912
707 98
707 214
78 29
53 714
53 940
53 280
53 193
254 40
340 743
422 280
422 731
582 832
582 329
582 994
716 724
716 718
977 418
343 322
343 223
250 886
918 844
416 912
416 256
416 868
416 294
923 633
953 280
193 823
846 280
774 947
401 415
401 454
256 104
256 90
256 294
837 745
104 742
104 425
546 550
546 188
546 704
546 684
935 696
832 319
832 410
832 487
134 592
754 718
321 565
843 407
939 38
718 742
718 356
718 915
718 61
718 522
718 724
718 591
718 851
718 157
718 783
718 904
718 687
718 980
236 537
1002 319
493 561
493 280
493 267
493 301
984 294
260 912
67 561
67 207
67 344
885 294
160 280
126 232
126 912
126 790
126 294
644 506
644 199
41 73
41 723
795 421
795 207
379 568
631 280
528 909
568 40
568 802
568 947
278 316
659 790
731 362
731 284
534 70
534 90
441 371
692 671
692 329
482 531
858 991
280 561
280 35
280 915
280 188
280 630
280 851
280 241
280 687
280 647
280 658
280 288
280 891
280 293
280 360
280 421
280 142
280 629
280 685
290 214
704 743
157 277
70 322
70 90
86 662
565 743
316 915
316 120
316 214
720 628
851 188
851 630
362 870
322 591
322 223
891 629
101 246
713 592
61 356
61 522
61 991
232 912
73 723
199 506
199 850
199 996
862 293
75 633
283 1004
592 98
592 609
592 454
561 629
712 40
844 319
844 956
1001 506
1001 685
458 684
947 40
506 850
506 29
506 996
2 790
374 306
173 743
956 684
624 994
356 743
550 700
550 684
405 628
812 790
850 719
294 74
294 447
25 684
170 697
838 915
421 188
761 90
630 629
246 711
823 267
823 542
724 14
319 318
318 684
318 499
976 178
991 178
991 450
135 628
662 40
662 214
662 267
662 466
670 688
602 743
996 418
788 634
682 1004
200 915
418 105
790 700
790 516
415 334
646 62
646 542
207 35
207 469
16 90
516 743
542 62
1004 470
188 469
214 629
796 14
912 90
912 472
454 291
62 500
62 90
178 90
40 802
