617 573
541 738
541 951
971 344
729 377
0 189
0 249
0 178
175 275
175 849
990 561
990 207
990 165
990 428
990 493
313 416
313 74
313 256
313 447
313 294
313 37
664 381
780 337
236 189
236 90
236 532
236 537
695 362
695 450
231 987
231 738
515 435
767 178
978 988
978 851
810 381
671 245
191 752
191 692
343 388
343 159
343 223
343 950
343 534
343 322
343 663
920 891
920 188
920 647
229 306
558 684
355 147
159 290
159 443
159 214
159 802
159 629
614 630
614 552
614 141
614 851
955 987
955 28
581 692
581 936
581 609
581 135
324 38
324 638
526 867
526 280
526 629
428 915
428 61
428 17
428 136
428 349
428 142
428 802
428 647
428 207
428 302
428 316
607 517
607 334
607 531
607 61
364 582
364 987
364 764
547 862
972 366
972 147
141 61
833 720
833 987
885 294
885 74
885 586
885 984
133 356
900 742
900 272
900 61
96 420
58 769
195 410
30 356
30 126
790 2
790 595
790 126
248 90
56 987
56 423
68 987
84 534
514 950
514 337
954 851
881 928
881 761
881 516
173 924
485 62
243 61
5 724
5 586
752 120
752 220
277 157
277 147
439 232
439 260
332 435
332 500
50 559
50 402
702 644
32 388
32 862
32 534
32 61
32 791
857 915
857 136
857 17
245 987
245 193
272 61
530 280
530 189
530 891
530 629
730 356
730 912
730 126
730 61
746 923
746 692
746 550
746 935
586 542
586 447
586 294
586 356
586 762
586 435
586 267
586 984
674 356
674 517
674 61
42 337
166 356
590 157
590 147
908 765
281 491
764 987
765 356
765 214
765 104
654 991
654 650
847 207
847 493
638 164
535 356
535 369
535 250
535 542
165 31
165 401
165 316
823 646
910 923
510 534
510 692
814 500
862 502
862 534
862 178
862 293
443 662
295 178
573 447
573 294
112 168
693 178
693 599
216 704
532 516
24 280
24 629
540 987
600 48
502 538
502 915
502 189
502 178
830 692
670 553
924 199
168 356
168 472
168 912
432 987
707 98
78 404
78 178
78 710
147 686
147 90
147 933
147 196
147 454
147 926
147 347
147 890
147 577
147 230
147 285
147 171
171 157
713 98
582 987
398 61
250 890
416 294
416 74
605 228
605 178
969 333
923 591
923 987
923 738
923 890
923 214
923 193
953 207
953 136
988 167
808 107
193 633
193 338
846 280
846 629
774 947
401 415
401 429
401 454
256 356
256 294
256 74
724 14
724 796
724 883
104 294
104 74
921 738
517 356
517 61
517 472
517 459
517 542
759 447
759 294
759 74
134 178
321 771
228 178
849 275
849 987
361 987
338 415
338 120
338 987
718 356
718 189
718 101
718 120
718 61
493 630
493 280
493 629
984 447
984 294
984 74
67 207
160 280
160 629
126 648
644 491
644 738
48 319
596 802
782 472
782 500
631 280
631 629
890 627
890 40
890 454
890 544
696 595
311 987
731 422
731 15
731 189
534 322
692 591
692 90
692 135
188 35
188 280
188 851
280 561
280 445
280 360
280 685
280 658
280 189
280 388
280 891
280 249
280 630
280 629
762 334
290 214
46 399
157 356
157 542
157 577
157 931
157 285
157 61
157 926
86 662
472 356
472 232
472 61
472 318
472 743
28 987
624 873
316 120
316 915
316 142
196 40
15 680
15 422
873 987
6 178
851 61
851 241
362 371
337 634
337 97
337 1
337 942
433 987
891 90
891 267
891 629
101 246
101 423
107 98
61 356
61 306
61 591
61 802
232 294
232 52
232 74
566 120
189 915
189 127
189 595
132 842
716 595
75 334
840 987
561 629
561 838
38 309
844 956
844 684
559 420
251 987
251 482
360 629
872 987
956 565
956 684
356 684
356 743
356 52
356 868
356 912
356 542
812 119
306 771
31 915
658 629
648 294
648 74
25 684
25 704
249 178
838 267
838 629
771 742
447 74
447 294
95 987
710 178
710 599
761 700
761 516
435 267
772 415
772 120
772 609
772 454
291 429
291 454
630 294
630 629
199 996
987 120
987 531
987 482
987 809
987 994
987 641
987 925
987 698
987 789
883 915
409 178
599 178
783 738
12 680
318 684
976 178
991 178
135 942
135 531
565 684
294 74
602 743
796 14
349 207
333 178
98 429
98 454
153 482
742 388
996 418
450 40
142 207
788 634
720 680
200 915
685 629
418 105
415 223
415 462
90 500
372 404
684 542
542 743
120 609
577 936
214 609
214 629
470 178
704 319
868 912
136 915
136 207
35 207
680 422
454 429
538 178
