703 771
963 633
963 67
617 714
541 506
541 410
541 90
150 75
150 415
971 952
971 838
971 200
729 377
0 249
175 410
175 849
990 31
313 416
313 256
313 168
966 347
966 935
780 509
236 208
236 537
557 168
557 912
231 2
231 987
231 338
515 356
111 935
978 167
978 469
978 547
978 795
978 301
978 90
978 988
377 422
191 927
191 415
191 692
233 835
233 462
343 663
558 458
558 207
159 742
159 40
159 712
159 923
159 724
159 787
159 290
159 944
614 858
614 851
807 626
955 540
955 773
955 427
955 925
955 311
955 987
575 782
575 912
575 232
575 472
575 168
305 765
180 727
526 629
428 160
428 173
428 847
428 915
428 136
607 75
607 912
607 184
607 91
607 499
364 987
547 469
141 241
833 415
833 499
656 267
900 40
96 634
96 638
58 909
424 421
424 469
424 207
424 795
30 356
30 104
30 168
697 540
697 925
697 311
790 812
790 2
790 229
790 260
248 830
248 135
56 994
56 987
56 935
68 987
292 942
292 135
292 581
125 622
95 987
1004 506
439 168
332 416
776 923
776 278
702 14
702 173
552 858
552 165
552 851
32 862
857 160
857 122
857 915
245 987
272 40
530 838
530 630
530 280
530 891
530 629
530 24
817 294
817 469
746 214
746 915
746 935
586 356
586 885
586 74
586 573
586 168
586 782
586 912
586 447
586 126
586 984
42 663
462 356
462 830
462 531
106 788
106 622
684 356
684 458
684 844
765 356
765 648
654 783
654 682
654 650
654 738
381 335
381 327
638 164
638 832
767 599
535 444
165 31
165 401
165 344
165 67
165 858
823 927
383 362
572 40
910 329
997 609
77 168
77 260
77 912
622 139
622 676
622 510
832 710
819 329
573 166
112 517
112 267
112 803
443 742
216 321
24 629
422 680
422 731
4 362
502 724
502 362
199 90
166 356
166 74
166 52
168 356
168 416
168 260
168 472
168 52
168 782
168 912
432 987
587 720
147 927
147 347
171 347
171 933
933 347
713 592
582 764
582 987
398 712
250 886
918 758
338 773
338 987
404 372
416 927
416 52
416 629
416 256
416 126
511 987
605 506
444 927
969 410
923 278
923 214
923 193
988 469
988 188
954 469
193 714
193 53
193 940
846 561
846 629
846 67
774 947
401 415
401 429
401 454
401 98
401 291
409 178
837 719
837 410
546 669
748 926
993 742
134 592
134 454
134 291
53 633
53 609
53 311
53 120
53 772
849 987
361 987
957 469
764 987
718 61
758 318
493 630
493 629
493 301
984 447
984 126
984 74
260 762
67 561
67 344
67 207
881 506
881 90
1002 319
48 704
795 207
795 421
795 469
782 2
782 472
631 629
268 592
568 187
278 290
278 214
278 454
311 987
722 927
184 393
418 105
418 996
167 469
692 214
188 469
188 362
280 629
290 739
290 214
157 347
157 686
160 136
160 629
472 356
472 912
28 987
772 789
772 75
772 120
316 915
316 592
595 934
196 927
196 429
301 469
15 680
15 731
609 927
229 421
337 936
433 410
433 987
924 410
891 629
107 393
107 335
189 410
784 742
132 842
132 46
294 868
75 927
75 633
840 987
592 927
592 454
592 98
561 629
712 40
127 415
594 135
731 630
731 90
251 410
251 987
1001 506
1001 14
1001 410
835 742
506 996
506 796
506 14
2 838
360 629
241 469
872 987
103 310
270 90
192 14
356 52
356 912
356 209
310 1
310 477
405 170
812 700
306 742
306 771
31 838
647 214
658 629
915 122
915 200
25 672
569 178
421 469
927 120
927 90
927 454
710 178
761 90
122 410
540 987
630 629
987 531
987 482
987 809
987 994
987 641
987 873
987 789
994 410
599 178
777 410
135 942
135 628
135 334
135 581
769 742
602 743
98 429
153 410
742 901
742 214
841 90
996 90
187 40
479 90
685 629
482 410
482 178
62 646
942 341
16 410
516 14
650 410
120 178
120 454
454 429
454 291
190 629
35 469
14 13
291 429
40 802
207 469
