963 67
617 923
541 14
541 16
971 200
854 927
0 569
0 470
175 423
131 14
990 165
990 424
990 585
124 551
143 544
966 347
966 746
780 950
780 548
236 383
236 1004
695 187
695 362
231 540
231 698
231 245
231 863
231 170
580 544
767 569
767 599
978 795
377 422
377 423
191 927
191 90
230 193
920 280
920 851
159 607
159 783
159 61
159 534
159 912
159 334
159 209
159 214
159 278
136 200
311 697
581 855
581 936
581 135
879 322
526 280
526 629
526 530
428 857
428 915
428 316
607 75
607 591
607 91
364 764
364 482
547 280
151 923
151 253
151 290
427 388
427 955
427 596
427 510
516 14
306 742
885 416
885 571
133 648
900 571
900 187
96 420
523 104
509 64
424 207
424 421
424 709
424 795
30 256
853 322
853 548
697 855
697 540
697 925
790 458
790 2
790 52
770 927
248 185
479 90
698 540
698 245
698 840
698 873
698 764
514 950
514 103
264 454
881 14
881 850
828 106
173 506
173 14
173 924
485 927
253 566
95 531
5 107
548 164
332 318
776 571
702 14
702 924
552 165
32 977
32 280
32 791
857 17
245 540
113 927
530 280
530 891
530 629
368 950
368 310
746 692
746 935
847 31
558 319
558 207
558 499
558 321
558 216
558 48
343 322
343 663
42 663
924 506
924 199
924 1001
924 14
924 682
924 644
380 712
921 14
281 127
48 25
660 951
765 104
765 648
654 650
654 738
381 327
268 98
535 927
165 31
165 401
165 344
165 207
165 67
987 955
987 193
383 40
383 887
383 644
572 187
572 246
910 571
510 955
522 718
862 569
862 470
443 662
443 152
295 569
585 469
423 866
423 779
423 149
423 246
423 977
423 710
423 716
423 103
423 101
423 184
693 569
693 502
693 470
216 25
24 656
24 280
24 647
24 891
24 629
422 680
422 731
422 15
4 135
502 569
502 538
502 90
502 951
740 157
740 322
189 1004
189 951
462 762
690 849
707 680
707 98
78 569
53 56
53 90
53 193
952 200
933 347
713 98
977 1004
977 969
977 1001
977 497
977 153
977 418
388 299
551 927
250 927
618 319
950 103
950 832
791 544
416 927
416 2
416 256
416 759
416 435
416 984
272 187
272 662
605 569
605 951
444 927
337 322
923 278
923 2
923 687
923 214
923 135
193 782
193 540
846 561
774 947
401 415
401 98
401 429
401 454
563 544
256 356
409 569
837 14
546 662
935 571
341 942
759 74
759 573
134 592
228 569
228 470
843 718
843 61
718 61
663 571
493 630
493 795
493 629
984 586
67 344
67 207
160 571
160 629
1002 319
644 996
644 14
596 187
631 280
631 629
568 187
568 61
955 773
722 927
659 742
659 531
293 569
305 472
453 595
534 322
534 90
392 267
167 469
369 927
628 720
628 135
280 561
280 188
280 360
280 851
280 647
280 891
280 915
280 629
704 565
157 686
157 542
8 544
86 662
86 152
822 735
772 454
15 680
15 731
609 850
609 454
6 569
6 470
851 656
117 98
82 135
904 90
891 414
891 353
891 630
891 629
101 246
107 98
107 90
107 880
107 553
686 347
61 214
199 14
75 633
285 571
561 629
38 410
149 246
731 680
731 571
731 739
1001 506
1001 14
1001 724
1001 685
1001 106
458 565
458 499
458 684
458 25
506 14
506 783
2 500
360 629
371 135
270 14
571 450
571 742
571 161
571 870
571 62
571 277
571 394
571 684
571 542
682 14
405 12
850 783
647 915
658 629
161 214
25 319
249 569
249 470
838 685
669 544
569 470
569 482
569 415
569 333
569 90
569 599
569 538
569 710
569 976
569 991
927 513
927 646
927 823
927 542
761 14
435 586
719 158
719 14
122 90
540 329
158 576
630 685
630 629
284 680
586 267
239 742
29 90
724 14
724 685
12 870
135 870
135 720
135 292
565 679
322 223
322 323
322 106
662 187
402 634
633 40
602 743
657 14
333 470
98 454
98 429
98 291
742 591
996 14
739 544
92 207
788 106
629 685
720 680
208 1004
643 685
62 646
62 542
942 936
646 542
207 469
185 684
789 470
650 14
144 544
470 538
796 14
454 429
14 783
14 738
14 576
14 13
951 809
951 738
544 741
187 802
641 809
90 612
