617 714
617 607
617 776
617 193
617 483
618 321
618 499
748 926
971 838
646 927
646 62
0 569
990 424
990 24
313 416
313 743
313 30
313 765
966 347
966 686
966 933
966 935
927 356
927 113
927 40
927 722
927 369
927 854
927 551
927 250
927 485
927 147
927 513
927 196
927 277
927 629
927 770
927 416
927 686
927 444
927 515
927 609
927 454
927 592
927 191
927 193
927 535
927 542
927 65
927 823
695 450
557 912
231 607
231 245
231 987
111 416
978 988
978 851
377 422
377 866
377 718
377 716
191 752
191 75
233 450
233 746
343 368
343 740
920 746
6 569
159 923
159 912
159 290
159 500
807 609
311 697
311 987
575 232
575 912
575 472
575 168
305 912
305 765
305 104
879 740
180 215
180 727
180 958
526 629
526 360
526 24
428 24
607 591
607 592
607 75
607 160
607 334
607 530
607 502
364 764
364 987
547 24
427 955
306 229
306 771
306 214
306 659
306 450
656 190
656 24
133 602
900 272
900 450
96 832
58 909
65 771
30 743
904 718
697 855
697 540
697 925
697 771
775 746
248 746
56 987
56 746
68 506
68 987
68 176
91 75
292 769
485 62
5 381
951 727
951 603
332 500
776 550
776 53
776 746
511 987
32 977
32 197
32 24
664 107
664 335
245 329
245 987
245 176
113 551
530 746
530 629
530 24
817 294
817 24
746 591
746 550
746 221
746 517
746 334
746 214
746 851
746 731
746 718
746 783
746 743
746 534
746 687
746 834
746 742
746 692
746 980
746 502
746 450
746 923
746 157
746 915
746 135
746 935
746 542
381 90
381 327
586 294
586 435
674 112
66 782
66 227
66 45
924 199
380 440
380 712
45 782
45 227
590 171
134 454
281 24
764 987
764 176
765 602
765 648
765 868
765 762
308 147
767 569
535 444
535 823
165 31
165 401
165 344
165 67
165 190
772 75
772 454
383 912
572 862
572 450
572 293
572 40
558 499
997 75
997 90
1004 977
862 569
862 495
862 470
443 152
443 86
443 193
295 569
585 168
471 483
112 267
836 176
249 569
216 321
216 499
41 499
41 723
41 565
540 955
540 696
540 840
540 987
502 538
502 605
502 569
502 228
502 334
502 24
393 907
769 90
769 176
740 788
189 24
166 609
168 416
168 868
168 912
168 126
432 987
707 880
78 569
147 416
147 686
147 454
843 718
171 347
171 715
952 630
952 200
933 347
582 987
716 700
716 149
398 450
977 1001
977 796
977 90
977 423
977 153
977 418
397 671
397 975
250 886
250 782
918 499
338 987
338 433
408 24
416 90
416 868
416 193
416 126
416 256
416 912
416 294
272 187
272 595
272 754
272 450
605 569
605 693
444 369
444 823
29 90
29 335
923 95
923 197
923 782
923 912
923 334
923 214
953 24
988 167
139 534
193 633
193 454
193 850
193 40
193 75
193 609
193 53
846 561
846 629
846 24
774 947
401 415
401 429
401 454
401 98
401 291
732 127
706 638
832 634
832 710
832 423
832 299
832 509
832 638
759 74
759 126
321 499
228 569
228 470
228 24
849 987
361 987
48 458
48 956
718 591
718 90
718 61
718 522
718 197
718 334
718 980
758 499
758 723
758 318
663 501
493 629
493 24
160 629
160 24
126 356
126 74
126 2
126 700
126 790
136 200
136 915
136 24
588 987
588 176
596 239
596 450
795 207
795 424
782 74
631 629
568 495
568 450
955 773
955 987
293 569
310 103
581 720
581 135
581 176
534 591
980 107
980 90
167 24
692 176
692 450
434 672
188 301
188 24
280 629
762 447
290 253
290 214
823 513
472 912
472 743
28 987
624 329
624 738
316 214
196 75
301 24
671 334
609 454
229 784
229 771
362 946
82 135
672 25
433 987
433 738
197 987
891 700
891 629
891 24
101 866
101 423
61 127
61 450
341 942
341 135
566 253
199 506
75 190
75 107
75 127
75 334
75 415
75 987
75 612
410 719
592 454
561 629
561 24
712 187
844 458
844 956
844 318
731 24
251 987
458 956
458 499
947 450
506 850
506 996
2 790
2 868
360 24
360 629
872 987
374 317
371 135
270 90
995 176
956 499
550 595
499 318
499 319
499 723
812 700
812 790
31 24
850 738
335 867
647 24
658 629
658 838
658 24
687 569
678 450
693 569
693 710
693 470
838 267
771 83
569 470
569 334
569 482
569 333
569 409
569 599
569 538
569 976
569 991
569 710
421 424
95 994
95 987
710 423
761 657
24 35
24 274
24 207
24 629
24 450
24 142
24 469
435 267
435 500
4 135
630 629
246 423
987 531
987 873
987 482
987 809
987 994
987 641
987 789
987 840
291 454
176 855
176 482
176 329
176 135
176 641
880 209
880 629
424 207
783 90
318 684
135 170
135 628
135 870
565 723
565 481
356 912
356 743
662 187
662 450
866 423
679 684
602 648
602 868
602 450
602 743
742 450
450 40
450 187
450 802
187 40
52 868
720 170
643 685
353 190
274 190
418 105
810 107
181 190
789 470
454 429
214 912
470 538
912 77
685 267
685 629
629 414
329 738
