963 67
617 714
617 720
541 173
541 90
737 537
526 629
526 360
646 62
0 569
853 388
990 31
313 885
313 2
143 796
966 347
780 103
780 337
236 107
236 189
236 537
231 607
231 698
231 2
515 356
515 927
580 862
111 845
111 586
978 53
978 795
377 866
377 423
377 716
377 457
377 101
377 246
191 415
233 692
388 324
920 462
920 190
920 851
229 483
229 771
558 48
159 713
159 72
159 324
159 940
159 923
159 724
159 443
159 136
311 697
305 356
305 416
305 53
150 415
324 534
201 107
201 189
117 98
117 268
428 173
428 915
428 136
607 356
607 718
607 546
607 910
948 165
948 592
497 977
373 190
306 374
306 771
71 595
885 416
885 648
885 586
885 256
885 294
885 126
885 984
96 420
58 951
65 326
65 687
65 120
65 220
30 356
30 845
175 1001
175 849
175 423
175 446
175 246
866 122
866 423
790 680
790 2
770 927
652 189
479 122
698 540
698 245
698 840
698 873
698 764
365 189
514 103
514 395
828 106
34 855
34 997
5 246
5 532
951 341
951 865
951 707
951 338
951 78
951 569
951 500
951 435
951 552
951 772
1003 609
332 318
332 500
401 415
401 165
401 429
401 454
401 291
702 924
220 75
220 334
32 977
32 862
32 891
32 293
32 791
245 764
272 214
272 2
530 462
530 629
772 75
772 120
772 609
772 454
381 921
381 532
586 602
586 416
586 782
586 294
586 762
586 267
586 126
586 166
41 723
66 2
166 356
166 845
166 602
380 712
48 956
48 565
660 692
660 783
660 771
765 356
765 845
765 648
765 104
765 762
765 743
654 682
654 738
847 207
268 633
268 454
268 713
268 98
268 592
268 291
535 53
165 31
987 433
910 591
910 692
910 835
910 923
910 329
522 457
522 114
522 436
522 145
862 569
443 152
295 569
257 421
736 692
249 569
249 189
532 437
532 1001
532 650
24 629
422 731
540 697
502 569
502 550
502 538
502 915
502 239
114 189
322 64
322 223
670 553
670 643
670 335
462 915
462 280
462 851
462 833
168 416
168 845
168 77
707 680
707 98
707 609
147 157
147 40
147 214
147 277
171 686
952 838
952 200
476 609
713 98
713 592
977 1004
977 969
977 418
977 791
343 663
250 927
250 886
918 684
950 103
587 720
587 318
404 595
416 633
416 2
605 789
605 569
605 693
969 189
923 633
923 550
923 609
923 193
193 714
193 633
193 95
193 290
846 631
846 629
774 947
924 837
924 199
724 685
724 246
724 293
837 719
837 122
104 743
706 638
748 926
134 98
134 592
134 291
754 718
228 569
53 120
53 542
849 446
849 1001
849 423
106 103
718 569
718 189
718 904
718 107
718 61
493 629
260 356
260 77
67 344
67 207
160 629
308 926
911 1004
795 424
782 435
631 561
631 629
890 609
696 450
278 98
955 427
581 720
581 135
692 90
692 830
692 731
482 569
280 629
762 845
704 723
704 684
894 629
8 731
86 152
472 743
196 429
15 680
15 731
609 880
6 569
6 189
851 915
337 505
82 870
904 189
433 338
891 629
891 353
891 190
891 267
927 854
927 592
927 483
927 823
101 423
107 440
107 75
107 98
656 190
77 356
303 103
716 189
75 334
840 994
845 356
845 602
845 912
592 98
592 454
561 629
712 214
844 672
127 189
731 870
731 739
1001 685
1001 423
2 787
458 577
506 14
506 409
360 629
944 267
103 164
385 335
356 743
356 500
356 912
356 209
550 743
850 90
833 415
454 429
454 98
454 120
454 291
658 267
658 629
693 569
264 469
569 415
569 991
569 599
569 470
569 538
569 710
569 409
569 333
569 976
421 424
595 189
761 738
435 633
435 500
309 1
719 14
719 783
719 410
719 738
630 415
630 685
630 629
246 423
284 680
898 335
940 90
830 873
464 335
325 863
424 207
915 90
915 136
915 200
135 942
925 697
697 855
602 743
98 291
446 423
996 418
255 214
187 700
745 650
682 738
720 680
200 136
685 629
418 105
771 873
189 1004
189 470
189 410
789 470
120 743
190 353
190 274
214 40
214 629
202 629
334 612
291 429
749 90
