703 771
617 714
617 135
617 159
541 586
541 516
737 849
737 175
595 754
595 272
595 362
595 450
175 275
175 849
175 423
175 5
131 516
313 416
313 256
143 580
576 654
576 516
95 540
95 994
95 987
695 40
695 187
695 947
695 450
231 540
231 245
231 994
231 987
515 214
978 167
978 630
978 851
377 457
377 866
15 680
15 422
15 731
15 584
191 185
745 516
343 663
343 53
343 310
159 742
159 713
159 214
159 912
159 671
159 940
159 334
159 290
159 915
614 546
311 697
311 53
311 987
311 540
581 855
581 135
879 322
879 420
190 656
190 274
190 181
190 353
971 136
428 915
428 838
428 160
428 408
428 316
428 142
607 157
607 700
607 550
607 56
607 229
607 802
364 540
364 987
948 586
151 165
461 540
306 742
306 214
306 790
456 720
656 274
656 165
133 984
900 187
900 746
309 832
58 586
30 416
30 209
30 743
697 855
697 873
697 925
841 684
56 540
56 987
698 540
514 103
606 482
881 516
253 290
253 566
951 214
1004 977
1004 107
226 540
1003 454
332 782
332 318
401 415
401 165
401 429
401 454
401 291
702 516
220 75
552 858
32 840
32 90
857 136
245 540
245 987
272 742
272 40
272 754
272 450
530 280
368 46
817 35
746 692
746 935
586 356
586 416
586 120
586 161
586 310
586 264
586 160
586 479
586 126
586 762
586 157
586 294
586 912
586 165
586 947
586 984
674 517
674 166
66 782
42 402
462 762
45 782
406 731
764 540
764 582
764 994
764 987
765 602
765 648
765 104
765 294
765 209
765 305
654 650
654 516
268 633
268 454
268 713
268 98
268 291
268 592
268 117
535 823
165 344
165 67
772 75
772 609
772 454
572 40
572 696
572 450
910 591
910 692
910 329
522 718
862 693
443 742
443 662
443 86
585 25
471 416
471 483
112 517
112 166
836 540
693 538
532 516
41 723
4 135
502 538
747 516
740 788
189 977
166 743
168 912
168 966
432 540
432 987
707 98
326 687
326 692
147 416
147 334
147 454
147 926
53 193
254 187
171 157
171 347
107 98
107 214
582 540
582 987
977 1001
977 796
977 423
977 969
977 418
551 62
250 782
918 758
950 103
950 303
950 663
338 540
338 840
338 987
416 256
416 472
416 214
416 126
416 927
416 573
416 517
416 984
416 74
511 540
511 987
324 534
923 2
923 516
923 782
923 912
923 994
923 193
923 890
431 988
988 188
954 167
193 290
846 561
846 67
774 568
774 947
924 506
924 516
924 122
924 644
563 731
256 648
256 294
837 516
921 516
517 803
517 392
517 267
935 568
759 782
759 984
134 592
134 454
754 718
754 450
843 718
849 540
849 275
849 987
361 540
361 987
106 788
106 229
106 634
718 866
718 149
718 61
718 980
663 223
984 74
984 782
984 912
67 344
126 52
126 912
644 516
588 987
782 74
782 500
890 880
696 450
278 454
278 61
638 700
638 410
955 540
955 987
293 716
980 335
692 540
692 135
482 569
482 540
482 987
858 812
280 629
290 214
157 590
823 542
472 743
472 912
28 540
28 987
979 516
779 90
708 866
196 840
196 454
671 397
873 987
873 540
229 469
229 790
362 870
117 454
82 135
433 540
433 815
433 987
433 738
197 540
197 516
101 246
101 423
742 450
742 771
713 98
713 454
870 135
303 103
199 506
199 516
397 975
840 540
840 987
840 318
840 749
592 927
592 98
592 454
38 334
712 802
844 684
844 672
731 422
251 540
251 2
251 987
1001 506
1001 516
947 450
506 173
506 516
641 540
641 987
2 700
2 335
2 500
2 790
872 987
371 135
103 423
565 723
270 516
682 783
682 650
682 516
812 790
850 516
454 264
454 429
454 98
454 291
915 316
457 16
838 629
569 415
173 516
927 542
761 516
435 267
435 500
719 516
540 855
540 809
540 987
540 796
540 925
540 994
540 329
540 789
540 68
246 423
369 62
987 531
987 809
987 994
987 789
987 68
239 538
239 214
29 90
653 516
135 170
624 329
164 420
550 542
98 429
437 516
996 516
450 40
450 187
450 60
450 802
187 802
200 136
418 105
62 646
62 542
415 612
646 542
700 790
516 508
516 743
516 790
516 783
516 657
516 13
516 327
516 738
516 14
516 650
650 783
214 316
912 209
136 344
466 802
901 90
40 802
