963 67
541 16
150 415
526 160
526 530
854 113
854 444
854 239
854 821
854 722
854 369
854 556
854 62
854 513
854 551
854 823
854 485
854 535
854 646
854 124
854 542
854 332
854 394
854 250
0 512
0 228
0 6
0 78
0 295
0 470
0 732
0 249
0 333
0 693
0 178
0 605
0 502
0 409
0 599
0 538
0 432
0 767
0 862
0 976
0 991
0 710
175 670
175 335
990 24
313 232
313 104
143 422
143 32
664 335
780 977
231 540
231 698
231 61
231 772
767 333
767 599
810 468
810 7
810 335
343 607
920 656
159 687
159 741
614 274
614 188
614 190
575 232
575 168
737 335
879 69
605 502
605 333
605 228
605 693
605 178
201 506
180 727
971 915
428 173
428 857
428 915
428 189
607 742
607 591
607 189
607 127
607 232
607 687
607 499
607 718
364 764
948 356
948 61
948 586
948 803
948 674
948 517
948 214
151 253
373 207
516 881
516 532
306 771
306 122
306 272
306 374
885 586
900 742
900 662
900 746
312 333
424 421
424 207
424 795
30 356
30 765
988 207
56 951
698 540
698 245
698 840
698 873
698 764
84 534
514 977
292 890
122 862
122 61
243 61
5 335
951 506
951 245
951 482
439 168
439 77
332 318
220 53
32 214
32 791
857 915
530 891
530 24
817 851
746 591
746 692
746 801
746 687
746 812
746 731
746 62
746 813
746 223
746 534
746 720
746 668
746 135
746 935
746 542
381 761
381 29
381 327
381 192
381 532
381 335
586 324
586 176
586 416
586 447
586 197
586 267
586 74
586 326
674 112
674 166
166 112
166 602
166 609
166 74
921 719
921 738
48 458
48 319
48 558
48 956
48 216
48 684
48 25
765 356
765 104
765 868
535 513
165 31
165 401
165 344
165 915
165 67
165 647
772 75
772 738
383 720
572 40
558 499
522 38
522 61
862 178
862 333
443 602
443 662
443 743
443 152
559 164
984 168
984 759
573 416
112 344
112 267
693 333
693 710
693 178
532 700
532 881
532 13
532 804
532 761
24 656
24 891
24 189
540 873
540 193
502 976
502 228
502 333
502 334
502 178
502 790
502 538
322 534
199 996
168 356
168 416
168 74
168 472
168 232
168 912
168 77
168 949
527 422
527 720
432 468
707 680
78 333
171 277
952 915
952 838
422 680
422 731
582 764
716 239
977 208
977 189
977 410
977 423
977 796
977 1004
977 950
977 103
977 418
250 886
587 720
404 372
404 169
416 356
416 868
416 294
416 435
324 310
324 832
324 474
324 38
29 335
923 214
889 356
808 335
193 214
846 561
846 67
774 947
401 415
401 429
401 454
401 98
401 291
409 333
104 425
104 721
546 550
546 135
321 499
228 333
228 178
849 423
198 187
764 840
718 915
663 337
941 335
260 762
260 790
67 561
67 344
67 207
70 890
267 790
267 891
267 142
267 629
126 782
136 915
136 316
425 232
795 207
782 447
782 232
782 472
584 731
379 568
890 294
890 280
890 915
568 40
568 495
568 947
883 61
534 477
628 135
407 369
290 253
704 743
160 629
160 360
86 152
472 232
472 356
822 223
196 40
15 680
6 333
337 505
82 135
433 738
442 506
891 629
891 360
985 335
107 468
107 192
107 464
61 591
61 724
61 771
61 517
232 52
232 946
232 790
77 790
566 253
189 236
784 771
517 356
517 542
410 994
844 684
127 724
369 646
731 680
731 739
731 284
1001 724
1001 685
947 187
947 450
506 173
506 783
2 52
371 135
356 52
356 868
310 477
850 996
335 208
335 1004
335 643
335 118
335 670
335 464
335 468
335 553
335 537
335 236
335 688
335 980
647 915
333 249
333 569
333 599
333 470
333 538
333 710
25 684
170 135
838 630
838 773
656 190
735 223
236 537
710 599
4 135
630 629
284 680
898 468
513 646
931 214
239 609
549 135
777 16
976 349
135 870
135 855
135 936
565 743
164 638
804 881
602 743
742 771
996 418
142 915
187 40
629 415
52 868
720 680
200 915
643 685
74 912
353 190
790 700
790 868
169 372
646 62
207 35
207 469
542 62
542 500
105 418
214 500
870 771
915 90
