963 67
617 833
737 192
737 849
737 335
526 160
526 360
854 517
854 214
854 113
854 250
175 849
175 335
990 31
313 885
313 256
313 416
313 447
313 294
313 765
313 30
143 214
664 335
95 819
95 987
231 698
231 987
231 338
767 333
978 188
372 595
233 692
230 577
920 656
920 274
159 940
159 633
159 214
159 915
614 469
614 188
614 552
311 773
311 987
575 168
575 77
305 946
879 69
879 534
879 223
605 228
605 693
605 502
201 335
117 268
428 302
428 173
428 857
428 915
428 349
607 591
607 189
607 127
607 343
607 687
607 229
607 499
607 214
607 718
607 75
488 198
364 987
547 167
547 469
547 188
547 552
948 356
948 416
948 592
151 923
427 540
141 512
141 188
141 552
833 415
833 499
833 75
833 720
833 185
133 602
133 74
900 742
96 299
96 420
424 469
424 207
424 795
424 552
424 421
424 188
30 908
697 855
770 250
56 987
698 540
698 245
698 840
698 987
698 873
698 764
91 499
954 469
954 188
954 552
881 804
881 761
881 516
485 250
125 622
5 335
951 416
951 245
951 168
951 552
846 67
439 168
332 318
332 435
332 500
401 415
401 429
401 454
401 98
401 165
401 683
401 291
220 752
220 75
552 167
552 35
552 188
552 301
552 421
552 988
552 957
552 851
552 469
552 512
552 795
552 817
552 207
32 534
32 791
857 915
857 17
245 987
113 250
113 62
530 891
817 469
817 188
746 668
381 468
381 192
381 532
381 107
558 844
558 684
343 534
343 334
343 950
343 663
674 112
674 166
42 402
166 602
166 61
166 112
166 517
166 743
908 425
764 994
764 987
765 591
765 425
765 52
765 104
765 334
765 721
654 650
654 738
268 598
268 633
268 134
268 454
268 713
268 98
268 291
268 196
268 683
535 444
535 250
165 31
165 344
165 915
165 67
772 742
772 75
383 205
383 720
586 356
586 416
586 176
510 622
522 38
294 74
622 676
622 559
559 420
112 803
112 267
443 86
443 152
216 321
216 48
532 13
532 761
532 516
24 891
24 647
422 680
422 731
540 987
502 178
137 135
925 987
670 553
670 335
304 441
168 416
168 472
168 232
168 912
168 77
168 949
168 790
168 984
432 987
587 752
147 347
147 196
147 454
952 915
952 971
952 543
952 838
952 200
582 987
716 724
716 595
361 987
977 796
388 634
551 250
250 444
250 722
250 369
250 513
250 646
250 823
250 542
950 663
338 987
416 356
416 260
416 648
416 61
416 517
416 718
416 602
416 472
416 782
416 435
416 74
416 984
324 38
444 528
953 647
988 188
808 335
193 528
752 40
752 544
774 947
924 506
924 14
924 173
924 199
724 293
921 327
598 633
598 425
134 454
134 592
641 987
321 499
843 883
849 275
849 987
849 327
198 568
198 120
957 469
957 188
48 319
48 956
48 25
718 356
718 692
718 851
480 987
984 762
984 126
391 67
260 790
67 344
67 207
67 561
160 267
160 629
83 771
126 356
126 648
126 790
985 335
425 946
795 188
795 469
782 435
528 867
890 468
568 947
278 214
955 987
731 680
731 915
534 591
534 334
534 214
980 335
976 349
167 469
167 851
167 188
188 35
188 301
188 241
188 512
188 421
188 851
188 469
188 658
188 207
157 347
157 577
472 356
28 987
181 274
316 136
595 169
196 40
196 120
196 429
196 454
196 850
196 291
301 469
873 987
851 415
851 61
337 135
433 987
433 738
322 334
891 630
891 353
891 629
644 506
644 173
713 592
61 356
61 915
61 771
232 946
232 790
784 742
517 356
517 542
75 120
75 334
75 850
410 719
410 189
862 909
592 454
592 98
592 609
844 956
844 684
293 16
293 246
251 987
506 173
241 469
872 987
374 742
374 306
374 790
173 14
682 650
356 648
356 447
356 209
550 834
550 684
499 318
499 684
306 742
306 771
335 208
335 1004
335 643
335 810
335 118
335 790
335 464
335 29
335 468
335 553
335 537
335 236
335 688
647 915
25 684
771 742
421 469
236 1004
236 537
761 804
435 500
719 14
630 685
482 987
987 531
987 809
987 994
987 840
987 789
987 68
464 178
971 915
956 684
946 214
915 739
915 142
915 341
915 136
915 200
135 742
135 942
135 628
135 936
624 329
633 809
333 178
763 214
742 120
742 581
742 334
742 591
512 469
255 577
679 684
184 1004
788 402
187 40
720 680
353 190
418 105
790 700
415 429
646 62
429 454
429 291
650 783
650 738
542 62
214 609
35 469
454 291
334 500
207 469
