205 546
992 935
301 469
301 978
301 142
383 909
383 362
383 589
671 935
873 698
6 333
541 506
541 657
526 629
950 514
0 333
904 479
433 432
990 316
197 530
662 443
891 414
891 809
891 267
891 530
668 935
780 514
236 1004
102 514
231 698
61 935
111 935
978 493
978 316
978 629
647 316
15 731
189 502
132 842
132 139
294 885
294 126
75 923
75 334
920 696
592 713
592 609
592 454
731 422
561 846
413 935
159 214
199 644
136 316
369 535
955 427
955 819
955 925
955 540
293 880
430 935
1001 506
1001 14
1001 514
547 469
686 147
686 748
428 165
428 316
947 774
800 62
506 996
506 657
506 14
506 644
168 949
168 575
168 790
168 77
2 790
948 586
373 207
241 469
178 333
306 83
306 214
306 659
103 514
885 126
133 951
571 935
956 679
956 499
424 469
424 207
30 790
356 912
356 104
697 855
550 546
471 752
248 935
499 321
698 540
698 245
698 840
698 764
349 316
514 977
514 378
91 83
141 469
31 165
31 316
335 440
335 657
454 401
333 228
333 693
333 502
333 767
333 78
333 599
333 470
333 538
333 605
333 710
333 409
333 976
333 249
333 862
658 92
687 586
249 181
421 469
421 795
530 629
595 184
595 193
702 14
710 693
710 78
32 880
857 316
435 90
435 267
435 500
113 880
92 316
817 469
246 724
246 572
746 271
746 935
381 14
381 327
586 74
586 923
586 334
586 762
586 267
586 126
586 573
586 500
586 782
586 166
586 984
924 14
924 644
19 407
971 316
880 209
880 573
757 936
764 582
935 517
935 223
935 854
935 534
935 834
935 841
935 502
935 450
935 923
935 739
935 157
935 789
935 501
935 200
935 135
935 542
165 344
165 207
165 67
165 316
915 316
558 207
862 502
443 86
773 311
573 260
112 392
112 74
112 267
98 401
693 502
41 723
540 427
980 718
502 605
502 188
502 228
502 280
502 538
142 316
788 106
788 638
723 758
147 277
720 587
812 790
200 316
952 316
74 392
716 718
716 423
790 416
790 912
790 126
543 316
302 316
953 316
988 207
954 469
954 207
846 67
401 291
104 648
104 721
614 469
542 62
188 469
17 316
214 62
957 469
912 949
912 472
984 782
35 469
35 207
267 392
126 782
644 14
795 469
795 207
782 500
274 181
696 181
392 316
167 469
207 469
762 500
344 316
