963 67
617 720
541 850
541 16
541 951
541 199
541 738
737 849
526 267
526 629
854 927
0 569
175 849
175 1001
175 423
175 246
131 738
990 482
990 424
313 416
313 256
143 796
576 738
927 120
927 444
927 770
927 250
927 515
927 609
927 722
927 369
927 513
927 646
927 551
927 823
927 485
927 535
927 542
927 948
927 113
695 362
557 193
231 698
231 749
580 862
978 167
978 35
978 547
978 188
978 301
978 614
978 421
978 988
978 954
978 957
978 851
978 469
978 795
978 552
978 207
978 817
978 141
978 424
978 629
377 246
377 605
377 101
191 75
191 415
191 65
191 948
233 769
388 324
920 915
920 851
920 190
920 530
648 416
648 30
229 830
229 790
159 72
159 324
159 712
159 590
159 724
159 214
159 62
159 798
159 940
159 135
159 629
159 951
581 720
581 135
150 415
324 534
324 638
324 591
190 656
190 67
190 353
190 373
190 891
190 274
190 629
686 147
428 915
428 239
428 267
428 17
428 122
428 857
428 136
428 200
607 75
607 591
607 692
607 546
364 809
547 658
547 167
948 416
497 977
969 977
969 189
306 830
306 659
833 415
833 462
456 936
133 765
133 602
900 742
96 638
922 383
195 595
698 540
698 245
698 840
698 873
698 764
514 103
881 738
485 823
253 65
34 997
5 246
951 506
951 200
951 239
951 552
951 569
951 267
951 214
951 595
332 782
332 500
332 435
332 318
702 850
702 761
702 738
32 789
32 127
945 738
857 122
245 736
245 994
530 160
530 630
530 851
530 629
817 167
381 107
381 192
381 532
381 327
558 458
558 319
558 956
558 207
343 950
343 303
343 399
370 15
42 548
42 402
924 199
924 738
380 440
285 147
546 540
546 189
546 550
590 147
590 214
48 684
48 704
65 135
660 659
765 168
765 214
308 147
308 418
308 926
847 31
847 482
268 633
535 444
535 823
165 31
165 401
165 67
772 75
772 609
772 454
383 236
383 909
383 528
383 362
383 589
572 372
77 260
77 2
862 569
443 742
443 692
443 830
295 569
585 280
423 246
423 650
249 569
216 684
532 898
532 335
532 738
24 629
422 15
422 731
502 569
502 749
502 362
502 78
747 738
769 830
670 553
577 147
464 335
168 912
168 472
707 609
907 393
907 883
147 416
147 933
147 972
147 27
147 926
147 347
147 230
147 931
147 277
147 171
171 347
952 200
933 966
713 566
582 764
694 845
977 208
977 1004
977 410
977 1001
977 153
977 418
250 886
918 758
918 684
950 103
543 200
416 356
416 885
416 454
416 193
272 214
605 569
605 789
923 197
923 687
923 334
923 609
923 738
193 633
193 40
846 561
846 631
846 629
774 947
401 415
401 429
401 454
256 356
724 246
837 738
921 738
935 966
347 966
759 126
134 291
134 592
134 454
134 763
754 184
320 337
321 458
321 684
228 569
849 275
764 840
718 749
493 731
493 629
984 356
67 344
67 207
894 629
654 783
654 738
126 356
136 915
136 200
795 424
782 435
782 500
584 15
584 731
631 891
631 629
149 239
722 823
659 830
589 290
482 569
482 531
280 658
280 629
290 687
704 684
704 743
157 731
160 629
86 830
86 662
472 356
472 912
979 738
15 406
15 680
15 731
15 284
609 633
609 239
609 454
609 166
6 569
851 915
851 141
337 788
337 505
82 135
433 738
197 135
891 353
891 629
644 506
644 738
101 246
406 680
232 912
61 926
292 135
73 458
303 103
199 506
199 738
75 334
561 629
712 40
712 450
844 672
127 749
909 58
1001 506
1001 738
835 830
458 684
458 25
506 996
506 738
360 629
371 135
173 738
270 738
956 319
956 499
440 537
440 335
650 738
31 838
850 987
850 738
454 429
454 98
454 120
454 291
658 629
25 684
693 569
264 329
569 470
569 991
569 599
569 415
569 538
569 710
569 409
569 333
569 976
569 749
421 424
595 372
761 738
435 415
435 500
719 738
400 830
4 135
630 685
630 629
830 152
830 771
830 901
830 83
830 863
239 13
971 200
409 599
424 207
653 738
135 628
135 870
135 942
135 720
565 723
565 684
565 41
164 548
356 209
602 743
437 738
996 738
679 684
788 634
745 738
682 738
200 344
418 105
62 646
189 629
516 738
789 470
508 738
214 629
531 641
327 738
202 629
14 738
685 629
334 612
291 429
783 738
657 738
13 738
