50 559
50 402
963 214
963 67
617 923
617 586
737 335
971 952
0 189
0 178
175 335
175 532
990 136
990 280
990 178
990 482
313 356
313 294
313 37
313 416
143 862
664 335
780 622
780 603
695 40
231 698
515 214
767 178
978 167
978 35
978 547
978 188
978 301
978 614
978 421
978 988
978 954
978 957
978 851
978 469
978 512
978 424
978 795
978 267
978 817
978 207
978 141
978 552
978 629
810 335
191 332
191 692
388 280
388 832
388 509
920 280
920 214
648 52
229 334
413 196
413 746
159 334
159 214
159 629
159 171
581 53
581 135
605 228
605 178
201 189
201 335
526 280
526 629
428 189
428 857
428 122
428 629
428 838
607 696
488 568
547 280
547 469
948 586
151 923
141 214
656 280
900 742
900 662
900 272
509 337
424 630
697 170
248 185
652 189
56 90
698 540
698 245
698 840
698 873
698 764
365 189
91 416
91 915
91 301
91 647
91 70
91 280
91 693
91 629
485 542
125 622
125 139
125 402
243 61
5 335
5 670
951 167
951 742
951 239
951 957
951 771
1004 189
1004 335
846 629
439 90
439 77
332 586
332 765
332 782
332 573
332 500
332 447
332 984
776 214
702 14
702 1001
32 280
857 122
857 838
857 530
857 160
857 915
272 40
530 280
530 915
530 334
530 214
530 267
530 189
530 685
530 891
530 630
530 629
530 24
730 356
746 214
746 692
381 107
381 643
381 1001
381 335
558 216
558 684
674 267
66 227
66 52
42 402
924 14
924 199
924 644
45 227
45 52
281 127
765 356
765 586
765 126
654 991
535 513
535 722
535 267
165 586
772 609
772 629
383 362
572 40
586 416
586 120
586 310
586 264
586 160
586 479
586 214
586 947
586 334
586 447
586 294
586 837
586 58
586 161
586 984
510 139
510 402
814 500
294 885
294 74
294 416
294 447
294 500
622 676
622 18
622 139
622 559
622 402
559 299
573 868
112 356
112 517
693 13
693 122
693 178
693 502
532 335
24 629
24 891
24 280
24 493
24 267
540 546
540 582
502 189
502 78
502 280
502 178
502 185
502 538
114 189
114 275
213 185
199 850
168 356
168 260
168 472
432 987
78 178
340 61
952 2
422 680
422 280
422 731
716 189
977 236
977 189
977 418
939 139
587 415
416 260
416 90
416 256
416 120
324 214
324 402
923 742
923 278
923 915
923 90
923 687
923 53
923 214
923 890
953 280
953 136
988 423
139 832
139 477
139 676
139 402
808 335
193 53
592 609
592 134
592 454
752 850
752 178
752 629
774 947
401 415
401 98
401 429
401 454
401 291
256 356
409 178
104 126
546 517
546 684
517 356
517 267
517 61
832 663
832 936
832 402
134 454
321 458
228 178
53 633
53 609
53 629
338 987
718 591
718 189
718 915
718 61
493 630
493 629
260 912
260 949
260 743
260 790
67 561
67 344
67 207
126 356
985 335
185 915
185 762
185 684
185 670
379 568
631 280
631 629
890 629
568 660
568 40
696 61
278 214
278 454
798 784
731 870
731 196
676 402
534 862
534 477
534 591
534 402
980 107
980 335
980 464
167 207
167 851
692 742
692 214
692 61
188 280
188 469
188 301
858 991
280 561
280 915
280 862
280 851
280 647
280 629
280 35
280 360
280 241
280 421
280 142
280 293
762 356
762 912
290 214
704 499
704 25
160 629
472 356
28 809
153 891
316 915
316 214
316 267
316 629
196 629
609 454
609 880
609 629
6 189
6 178
362 356
362 802
904 479
904 189
891 207
891 90
891 629
644 14
644 996
101 246
107 192
107 29
61 700
61 591
61 991
672 844
189 236
189 862
189 595
189 470
189 410
189 249
189 181
862 724
862 178
75 629
443 742
443 662
443 267
443 152
443 86
795 421
561 658
561 629
712 40
712 214
844 458
844 956
844 565
127 595
127 423
295 178
251 987
1001 506
1001 850
1001 14
613 90
458 684
506 14
506 173
2 872
2 790
360 629
241 469
497 773
371 214
206 402
356 214
356 52
356 500
356 602
356 912
356 209
356 542
550 742
471 629
499 684
812 790
850 996
335 208
335 643
335 118
335 670
335 464
335 29
335 468
335 553
335 537
335 236
335 688
658 629
687 214
979 119
288 629
249 178
838 700
838 662
838 92
569 214
569 178
421 469
595 169
236 208
710 178
761 790
630 629
246 724
246 423
987 633
883 915
994 214
464 214
724 181
880 629
599 178
319 423
519 178
976 178
976 349
991 178
135 628
662 40
662 450
670 688
602 743
333 178
98 429
742 591
742 771
742 90
742 214
742 334
996 418
142 915
187 40
477 402
52 868
720 214
200 136
591 334
353 267
685 629
169 372
415 429
90 178
90 629
302 629
372 404
700 638
120 629
775 214
190 267
190 629
214 544
214 531
214 783
214 738
214 629
214 40
214 178
470 178
35 469
454 429
538 178
334 629
291 429
178 339
629 267
40 802
