662 443
77 168
862 693
443 86
971 200
0 693
433 269
433 482
433 641
333 693
891 353
891 629
891 530
693 228
693 13
693 605
693 122
693 502
693 569
693 6
693 293
693 599
693 470
693 538
693 710
693 32
693 249
24 530
557 168
502 538
996 418
996 924
450 712
450 61
232 782
232 168
168 356
168 607
168 260
168 575
168 266
168 133
168 52
168 782
168 912
168 984
199 506
199 14
199 924
52 356
648 416
200 952
200 344
200 630
200 136
200 543
561 846
561 67
952 630
712 352
74 356
790 700
977 418
201 911
416 356
416 586
416 782
416 104
416 30
416 984
923 550
256 356
546 550
682 783
542 356
356 586
356 472
356 912
356 743
356 126
912 472
260 575
782 586
782 472
782 575
746 692
575 472
