595 184
301 469
229 343
223 343
223 663
223 746
851 469
851 614
851 552
362 82
337 42
337 505
295 178
175 107
990 482
197 923
197 32
313 447
313 885
313 416
891 32
891 267
891 353
891 24
926 415
664 107
702 14
439 168
439 77
231 698
61 718
515 500
428 316
227 66
978 167
978 795
978 614
315 936
189 178
716 32
716 149
716 293
343 663
920 647
617 338
710 178
710 599
561 846
355 577
6 178
413 746
844 85
844 499
844 956
844 48
844 684
662 40
614 469
127 718
127 193
149 293
405 581
731 422
731 284
581 936
581 267
581 135
737 107
782 52
909 58
324 322
1001 506
883 184
526 360
458 684
458 577
458 499
947 774
506 890
857 915
547 469
241 469
306 742
306 659
373 207
192 107
58 577
956 499
956 684
424 469
424 207
424 795
550 746
248 746
499 319
499 216
499 48
812 700
812 790
812 746
808 107
31 165
245 698
335 107
335 980
647 274
647 24
16 777
687 980
687 178
161 35
5 107
25 684
249 181
249 178
838 267
569 120
569 178
421 469
421 795
776 746
776 890
401 165
141 302
236 107
767 178
37 416
32 862
24 630
24 629
772 923
272 40
530 629
817 469
246 724
746 591
746 692
746 542
746 502
746 157
746 718
746 586
746 388
746 534
746 834
746 684
746 935
746 775
898 107
381 107
381 980
558 684
102 322
464 107
537 107
537 980
802 40
29 107
29 980
29 201
29 599
724 293
281 280
48 684
599 178
65 178
765 209
654 738
783 738
638 164
638 832
318 684
519 178
976 178
976 349
165 344
135 942
135 720
135 193
483 444
483 316
565 684
322 206
322 477
322 510
322 534
322 125
322 139
322 939
572 40
299 585
862 118
862 178
443 86
275 487
670 107
670 980
633 120
333 178
693 605
693 178
216 321
216 684
188 469
188 178
742 528
540 698
502 118
502 178
502 629
159 607
159 696
450 568
468 107
468 432
393 107
652 107
679 684
178 228
178 470
178 0
178 629
178 605
178 409
178 280
178 538
178 78
178 339
178 991
432 531
707 416
52 416
52 126
187 40
698 840
698 873
698 764
200 952
208 107
643 685
364 418
74 166
74 126
353 274
107 1004
107 320
107 118
107 201
107 985
107 980
107 553
107 810
107 688
214 951
790 700
790 416
790 868
415 70
942 936
918 684
810 980
700 293
416 120
416 759
416 949
416 984
923 120
923 738
923 193
923 890
953 957
553 980
954 469
193 120
732 118
684 321
684 704
684 319
120 190
190 316
320 980
952 344
957 469
718 980
712 40
136 344
35 469
260 266
142 267
70 890
996 418
795 469
795 207
568 40
167 469
207 469
