196 120
321 844
15 422
15 584
15 680
229 607
447 313
685 630
685 528
150 415
150 147
150 311
150 191
812 790
812 119
971 200
646 334
566 713
82 784
0 178
175 423
433 712
433 987
117 98
313 356
313 885
313 74
313 256
313 416
313 294
891 530
143 32
101 246
266 168
266 260
713 98
445 288
439 912
231 698
231 987
231 738
61 517
61 718
61 30
61 746
232 94
767 333
767 178
724 246
724 293
978 334
978 547
978 851
647 428
647 915
647 316
372 595
377 696
671 251
199 506
784 742
784 901
784 83
784 306
784 863
559 299
191 415
191 120
191 413
191 190
191 70
991 178
991 614
233 692
233 329
233 617
343 950
343 310
343 322
343 663
920 334
920 190
920 530
592 98
592 278
561 288
561 67
607 127
607 617
902 280
413 935
159 40
159 712
159 662
159 32
159 935
159 746
537 320
127 120
127 754
702 14
955 540
955 987
955 427
955 925
955 311
955 773
731 584
731 527
731 334
731 284
731 530
305 425
305 946
48 890
879 69
251 987
6 249
6 178
1001 506
362 866
362 168
337 38
337 649
337 505
428 857
428 207
428 316
428 136
364 987
1003 334
360 530
556 912
556 168
872 987
306 742
306 161
103 977
103 423
373 207
373 190
900 161
192 381
956 844
956 684
424 421
424 207
424 795
30 908
30 765
356 602
356 743
356 472
356 912
697 855
310 534
310 477
754 718
700 881
56 987
698 540
698 245
698 840
698 987
698 873
698 764
374 105
31 165
850 120
485 513
485 542
112 855
112 267
112 803
915 530
915 687
915 334
915 316
915 136
161 572
161 994
161 581
161 135
782 332
782 472
693 178
838 952
656 630
656 190
569 178
421 795
332 126
95 987
710 178
761 516
552 817
857 136
435 267
435 586
765 912
765 743
160 136
719 837
719 783
719 738
245 987
530 630
530 851
530 334
530 629
630 142
630 493
246 423
284 422
746 718
746 214
746 692
746 935
746 542
837 783
837 738
550 742
550 743
987 582
987 311
987 531
987 482
987 809
987 361
987 480
987 338
987 994
987 641
987 540
987 925
987 873
987 764
987 432
987 840
987 28
987 789
987 849
987 68
586 416
586 120
586 712
586 573
586 294
586 687
586 334
586 166
586 126
513 62
940 53
66 45
682 654
281 280
599 178
654 543
654 783
654 650
654 738
479 718
638 334
519 178
976 178
165 401
165 344
165 316
165 67
135 334
565 41
268 98
558 41
866 423
299 634
862 178
295 178
674 110
602 416
602 743
573 74
333 178
333 228
98 278
98 134
98 107
98 291
98 401
98 707
98 429
98 454
249 178
775 329
540 855
540 311
980 591
502 228
502 538
502 605
502 178
502 718
77 260
142 316
142 267
166 743
166 74
168 260
168 912
168 949
723 758
723 41
78 178
720 334
720 120
720 587
200 344
200 952
200 543
200 136
591 324
952 344
470 178
74 110
74 648
74 256
74 104
74 392
353 190
422 584
977 950
977 1004
977 423
38 324
851 334
851 469
223 663
950 663
458 844
458 918
810 107
110 803
516 743
953 207
193 120
846 67
401 415
401 429
401 454
401 291
256 648
409 178
789 587
546 844
517 267
684 844
684 743
120 190
120 53
120 743
120 454
120 291
329 264
190 274
190 181
190 334
340 743
228 178
53 11
605 178
912 472
16 732
493 288
35 207
67 207
67 344
538 178
795 207
890 415
890 280
890 334
334 316
334 629
743 13
743 704
743 157
783 13
392 316
178 339
886 250
207 469
