703 771
963 53
963 67
617 334
541 657
541 199
526 414
526 891
854 62
175 5
313 356
313 885
313 256
313 416
313 447
313 294
664 700
445 288
695 466
695 450
102 622
231 698
111 885
111 133
978 167
978 35
978 547
978 188
978 301
978 614
978 421
978 53
978 988
978 267
978 957
978 851
978 469
978 512
978 424
978 795
978 954
978 207
978 817
978 141
978 552
377 422
377 866
377 718
377 423
671 692
191 752
191 692
233 692
233 159
343 534
343 322
343 310
343 638
343 223
920 656
920 190
229 742
355 590
115 912
413 53
413 935
159 776
159 662
159 940
159 443
159 369
159 214
159 493
159 746
614 53
955 540
955 773
575 782
575 912
575 332
581 692
581 135
605 228
686 267
428 165
428 857
428 954
428 349
607 700
607 687
607 891
547 647
373 190
71 595
656 190
133 416
723 73
723 758
723 25
723 844
723 565
509 337
424 421
30 936
30 256
697 855
479 337
698 540
698 245
698 840
698 873
698 764
514 103
386 758
485 823
485 62
125 534
125 622
5 107
5 29
5 808
951 630
951 771
951 42
951 239
951 552
226 440
439 168
332 416
332 648
332 586
332 119
332 782
332 126
776 334
702 14
220 53
552 858
32 791
857 165
113 62
530 630
730 37
746 915
746 502
746 812
746 739
746 801
746 935
746 200
381 506
558 844
558 918
558 458
558 48
558 704
558 25
66 52
42 534
924 14
924 644
45 52
61 718
61 692
908 104
281 127
764 582
765 890
654 837
654 543
654 738
268 633
268 117
535 369
535 250
535 62
165 31
165 207
165 838
165 316
823 444
823 62
823 542
586 356
586 416
586 712
586 74
586 447
586 294
586 762
586 267
586 126
586 687
586 912
586 648
586 542
586 984
510 534
510 622
522 293
294 885
294 256
294 416
294 447
294 790
294 74
622 206
622 477
622 676
622 534
622 139
622 323
622 939
819 53
585 528
112 267
112 803
216 458
532 236
532 516
540 855
540 994
540 633
502 228
502 718
393 843
670 506
577 458
168 790
168 74
168 232
168 912
168 214
168 37
707 680
907 843
147 347
147 53
147 590
843 407
843 711
171 933
713 592
721 743
977 423
388 534
388 638
551 62
250 62
918 758
918 25
950 103
950 663
416 648
416 74
416 447
416 912
416 885
416 256
416 782
416 104
416 984
324 38
324 460
324 638
444 62
337 663
923 334
953 142
953 316
139 513
808 898
193 53
193 65
592 98
592 609
592 134
592 454
401 196
401 429
256 648
256 104
104 52
732 127
517 267
517 317
759 232
320 107
321 458
321 844
53 120
53 190
53 499
53 107
53 544
53 850
53 987
53 662
53 940
53 209
53 178
53 629
53 40
53 865
53 946
53 70
53 83
53 127
53 720
53 435
53 316
53 542
849 858
939 70
939 38
993 742
718 157
718 716
718 356
758 844
758 318
758 458
758 565
758 956
758 25
663 334
663 890
663 223
493 288
493 630
984 74
984 912
885 912
885 74
885 447
126 790
644 14
644 199
48 458
795 421
782 648
782 472
782 912
584 731
890 742
890 105
890 926
696 812
696 2
149 716
62 722
62 369
62 513
62 646
62 542
659 742
731 680
731 15
534 591
392 316
692 742
692 550
692 329
692 415
692 830
692 135
692 624
762 912
704 743
704 516
160 24
86 742
86 443
181 190
316 31
316 90
316 92
316 142
6 506
891 700
891 414
891 267
891 24
546 595
101 423
107 236
814 500
73 499
199 506
784 742
716 724
75 850
443 742
443 662
443 516
561 288
844 318
844 565
844 458
844 25
127 410
382 516
1001 506
1001 14
1001 745
1001 516
2 630
458 319
458 956
458 25
458 565
947 450
506 440
506 783
506 14
835 742
371 135
103 423
356 516
550 334
550 516
650 783
812 700
812 119
812 465
812 790
306 742
306 771
31 267
850 14
658 24
687 334
687 65
25 565
838 136
771 700
771 4
447 912
447 74
595 372
710 599
761 783
24 629
435 267
435 500
92 142
246 423
926 931
926 715
830 769
724 14
537 440
65 629
863 742
976 349
164 402
769 742
662 466
602 790
235 105
742 152
742 400
742 901
450 40
450 187
450 802
142 543
200 136
74 912
353 190
274 190
700 638
516 13
516 743
638 420
454 429
912 77
912 472
266 77
