963 67
618 558
646 250
729 377
0 178
175 275
175 849
966 168
780 514
445 288
445 24
695 568
695 187
231 874
231 624
767 333
411 418
978 167
978 207
978 851
377 718
191 107
191 120
230 577
791 32
159 940
343 663
614 167
807 400
955 427
955 773
955 987
575 168
581 855
581 936
581 951
879 69
879 164
879 322
605 685
201 107
201 189
622 125
622 559
622 510
622 676
337 870
337 323
607 742
607 356
607 75
607 91
607 724
364 189
948 356
948 416
948 120
948 648
948 517
948 500
948 267
948 126
948 415
948 765
948 52
948 803
948 674
948 112
948 392
948 592
948 30
306 771
656 267
133 104
96 420
58 909
195 595
30 416
30 765
697 540
770 250
56 587
56 951
68 120
68 189
514 977
514 832
514 378
514 1001
514 950
514 103
485 513
485 250
125 206
5 189
951 273
951 189
951 410
951 239
951 214
951 663
752 120
277 746
439 266
439 912
332 782
332 435
332 250
332 500
50 559
702 850
220 75
220 383
220 334
32 214
857 915
857 316
245 874
245 546
245 329
113 250
113 62
530 915
530 493
530 288
530 630
530 629
530 24
817 294
730 868
746 157
746 813
746 534
746 517
746 668
746 223
746 214
746 684
746 935
746 542
381 107
381 192
381 120
381 189
381 532
586 356
586 416
586 310
586 383
586 160
586 294
586 762
586 267
586 157
586 517
586 782
586 542
586 984
454 401
454 429
454 264
454 592
454 120
454 291
674 782
674 112
166 782
166 112
166 74
764 874
764 840
765 356
765 120
765 721
654 783
654 738
721 104
268 946
268 291
535 250
535 62
874 540
874 840
874 873
165 31
165 401
165 344
165 316
165 67
823 120
823 250
383 138
383 362
558 319
814 500
294 126
294 984
443 662
559 420
257 609
112 416
112 803
112 517
112 392
112 267
249 178
532 804
532 13
532 761
532 516
24 891
24 267
540 641
502 356
502 189
502 188
502 724
502 280
502 118
502 178
114 122
322 38
199 924
924 1001
924 516
924 837
924 14
924 122
690 189
527 720
326 587
147 120
147 214
147 715
147 577
147 239
775 329
952 267
933 347
348 984
713 291
582 994
716 718
977 410
977 418
977 442
388 120
551 250
250 444
250 722
250 369
250 513
250 62
250 854
250 542
918 854
918 946
918 672
950 69
950 663
587 936
19 333
416 356
416 832
416 648
416 168
416 854
416 868
416 782
416 912
272 379
324 90
193 714
193 167
193 335
846 561
846 288
846 67
774 947
401 429
256 267
104 984
356 517
356 157
356 168
356 718
356 472
356 912
356 209
356 684
356 591
356 542
517 157
517 90
517 267
517 542
935 696
935 720
832 164
832 782
832 509
832 402
134 316
134 291
321 684
228 693
53 120
849 275
198 120
939 509
48 956
48 684
718 189
718 915
718 61
663 310
493 288
984 885
984 782
984 648
984 74
984 447
391 288
260 168
67 561
67 344
67 207
885 168
70 90
126 782
644 14
644 90
425 232
425 168
425 472
185 157
379 568
379 662
528 909
318 684
731 739
920 915
534 120
184 393
184 407
167 274
692 742
692 329
434 704
188 469
188 120
188 178
280 178
704 25
157 684
157 542
160 915
482 531
472 168
624 329
316 90
316 724
316 915
316 629
196 120
15 680
117 291
442 189
197 987
891 414
891 190
107 120
107 335
232 168
77 912
566 120
73 723
73 41
189 506
189 440
189 670
189 178
189 783
189 181
862 909
862 118
862 178
561 288
38 782
712 214
712 450
844 946
844 684
844 565
293 724
782 153
782 435
1001 685
947 187
769 153
506 14
2 118
2 790
371 120
956 946
956 684
934 595
850 90
335 289
648 267
25 946
478 267
288 484
288 629
288 630
838 136
264 329
447 74
236 537
118 790
4 771
246 101
246 423
987 994
883 724
883 915
883 200
509 299
724 629
946 319
946 854
946 633
946 672
537 181
402 788
565 684
804 783
349 267
333 743
98 429
98 291
742 591
996 418
450 40
512 469
142 915
788 634
187 60
187 40
200 915
649 90
418 105
62 542
415 429
186 267
810 289
516 743
429 291
684 542
101 423
542 120
120 190
214 912
868 168
912 168
341 915
949 168
207 469
