356 602
356 790
356 472
356 313
356 232
356 912
356 209
356 743
356 126
700 532
404 372
299 509
228 502
743 135
214 742
939 534
939 337
718 742
718 281
718 530
868 790
868 52
868 30
125 534
693 502
101 921
532 790
532 516
742 900
742 306
742 159
260 168
502 538
996 418
232 168
232 575
439 266
439 168
439 912
199 924
372 169
702 14
168 416
168 472
168 266
168 334
168 949
14 506
14 1001
14 924
506 1001
643 381
62 542
118 732
418 977
581 135
942 135
790 516
558 318
783 654
654 738
167 547
692 135
823 542
