595 372
595 790
765 648
765 30
15 731
609 592
6 178
541 506
541 199
541 979
685 630
851 280
851 978
851 741
362 189
362 491
362 318
117 268
854 120
854 542
82 135
0 178
175 246
175 423
433 120
433 987
990 207
990 136
990 349
313 74
891 530
780 164
780 509
231 698
231 738
61 718
870 135
232 168
767 178
978 167
978 469
978 988
647 280
647 920
377 580
784 742
784 306
191 692
233 329
343 950
343 310
343 663
343 223
920 280
920 190
592 278
592 268
592 454
592 713
592 98
592 134
53 819
53 633
53 11
53 193
561 846
561 280
561 493
561 67
607 415
607 692
413 746
844 558
614 141
127 281
924 837
369 646
311 540
293 724
581 135
559 420
324 591
324 534
1001 506
1001 14
883 225
634 788
634 388
428 173
428 207
428 136
428 165
428 142
428 316
506 14
488 568
547 280
360 280
360 530
516 761
762 908
762 586
371 135
103 977
103 310
103 943
347 933
900 40
900 746
526 280
956 684
956 565
30 908
30 416
30 104
30 890
624 692
624 329
138 674
697 855
310 120
754 120
754 272
754 718
56 432
812 790
514 977
540 855
540 955
540 698
540 987
881 761
374 105
31 165
278 98
828 719
454 713
454 268
454 429
112 674
112 646
112 392
112 74
950 977
950 663
272 40
272 662
272 193
170 135
693 178
693 710
569 178
683 268
92 142
141 280
702 14
710 178
32 280
32 159
32 791
857 915
435 949
435 267
120 572
120 775
120 841
120 4
120 517
120 843
120 994
120 136
120 742
120 72
120 996
120 280
120 549
120 267
120 586
120 469
120 535
120 485
719 738
245 698
964 167
113 542
530 502
530 630
530 280
530 184
291 268
630 142
630 493
926 748
926 715
789 987
847 207
987 1003
558 684
558 458
558 41
513 646
256 104
746 692
746 534
746 135
746 935
166 74
971 316
971 200
946 235
946 472
764 698
764 582
599 409
599 178
159 290
159 62
783 837
268 633
268 1003
268 134
268 713
268 98
114 718
519 178
535 444
976 178
991 178
135 628
135 292
135 720
135 4
662 40
662 466
662 193
586 447
586 416
586 126
77 908
77 912
862 178
443 908
295 178
670 553
556 912
556 168
602 908
585 528
573 74
349 207
333 178
98 429
249 178
532 743
319 458
319 918
502 538
502 178
468 810
142 915
142 267
142 316
178 228
178 78
178 470
178 339
178 605
178 409
178 538
178 890
168 912
168 260
168 266
7 810
432 809
432 531
723 41
629 280
52 201
52 126
720 587
485 542
200 952
200 344
200 915
200 543
200 136
200 316
952 316
74 392
575 912
716 149
62 646
62 542
977 1004
977 423
977 153
388 638
250 646
646 542
700 790
416 447
908 104
908 743
401 165
401 429
698 840
698 873
935 214
415 429
843 407
843 718
214 290
381 327
912 472
136 207
260 790
260 439
67 344
67 207
16 407
16 732
126 790
24 280
422 731
790 119
631 280
890 280
915 280
915 316
731 741
392 316
167 469
40 572
165 207
165 316
188 280
