963 67
617 609
541 506
541 199
541 410
737 440
526 383
526 267
526 530
646 62
0 189
0 249
0 410
0 178
175 410
365 189
313 885
313 256
313 416
313 447
313 294
313 984
664 107
664 537
664 810
445 891
695 187
695 947
231 698
767 178
233 692
233 214
233 159
343 69
343 950
343 663
920 190
920 530
6 189
6 249
6 178
355 277
413 700
413 935
413 746
159 506
159 157
159 147
159 334
159 243
159 62
159 742
575 232
581 936
581 135
581 53
201 189
201 249
686 147
686 926
428 915
428 207
607 696
607 229
364 582
547 851
948 120
151 609
373 207
373 190
969 410
306 229
656 190
133 416
133 602
133 648
58 909
424 207
30 912
30 416
30 168
866 506
652 189
698 540
698 245
698 840
698 873
698 764
881 761
485 691
485 62
5 29
951 534
951 663
951 595
951 957
951 552
1004 977
1004 189
1004 249
332 782
332 447
332 416
332 586
332 500
776 752
702 14
702 688
702 599
272 700
530 561
530 915
530 360
530 160
530 280
530 141
530 685
530 851
530 746
530 630
530 658
530 288
530 891
530 631
530 493
530 24
746 935
381 107
381 192
381 643
381 670
586 447
586 294
586 166
586 416
66 782
66 260
66 2
66 126
66 52
42 70
924 1001
924 14
924 410
924 516
45 52
106 740
268 98
111 885
111 602
383 528
558 723
558 844
558 318
558 918
558 565
558 458
558 684
558 25
510 534
170 855
170 135
443 718
443 602
443 86
443 152
559 634
832 634
832 139
832 423
471 415
112 478
112 517
112 267
693 178
399 322
532 790
532 516
24 630
24 891
502 178
114 189
114 249
740 788
189 404
189 181
189 409
189 595
189 724
189 470
189 236
189 718
189 904
189 716
189 149
189 410
189 249
577 936
304 4
168 416
168 260
168 232
168 266
168 912
168 334
168 949
168 37
707 700
707 692
707 98
707 880
78 178
147 926
171 926
933 926
713 98
582 338
582 28
977 950
977 249
977 410
230 239
230 926
250 178
250 500
918 499
950 663
416 573
416 447
416 517
416 334
416 912
416 868
416 266
511 506
605 789
605 178
972 926
923 591
923 334
923 609
923 534
774 947
401 415
401 98
401 429
401 454
256 478
256 267
256 517
724 181
837 410
837 738
517 478
517 648
517 186
517 267
748 926
134 98
321 216
321 844
228 178
957 630
338 415
718 16
718 410
718 127
718 595
718 711
493 630
493 685
260 912
260 762
715 926
126 232
126 52
126 362
277 285
277 926
795 561
795 207
379 568
890 62
696 334
696 915
278 98
278 609
293 522
487 534
534 649
980 107
184 779
184 423
76 410
692 880
692 329
692 830
692 334
692 135
628 135
157 926
160 838
153 410
779 407
779 225
595 169
595 127
595 249
595 934
609 687
609 592
229 374
802 450
851 188
362 35
362 450
362 812
362 318
362 135
117 98
82 135
433 410
891 414
891 207
644 506
644 14
107 415
107 236
107 537
107 98
107 553
590 926
232 178
73 499
199 506
199 14
199 996
132 842
716 249
716 149
716 410
75 178
410 719
410 122
410 482
410 251
410 14
410 249
410 994
410 16
410 777
410 1001
410 650
285 926
862 178
592 98
592 454
38 2
844 458
844 672
844 499
149 249
731 284
295 178
1001 506
1001 14
458 684
458 565
506 996
506 657
506 14
2 790
374 317
371 135
478 648
478 267
347 926
956 499
440 657
573 74
405 135
812 700
812 790
349 976
335 119
647 267
658 136
249 236
249 409
249 178
838 915
569 178
173 14
710 178
710 423
435 267
719 745
4 135
630 188
630 288
926 931
369 62
987 789
291 98
291 429
291 454
409 178
599 178
519 178
976 178
991 178
915 136
915 142
135 743
135 870
135 936
565 499
670 688
633 495
633 500
602 743
333 178
98 454
98 429
996 418
450 40
468 643
499 684
142 267
788 634
634 402
407 16
643 685
74 447
353 190
415 429
186 267
188 469
429 454
650 783
542 62
190 274
190 181
105 418
470 178
912 77
738 783
35 207
873 840
538 178
648 267
178 339
447 500
