617 191
541 923
541 996
737 849
526 629
646 62
646 542
0 249
175 275
175 849
175 423
365 732
313 232
664 537
780 977
445 288
445 629
695 568
102 293
231 607
231 874
231 2
231 987
262 289
111 935
978 167
978 629
647 280
647 316
647 142
377 393
377 951
377 246
377 362
377 866
191 692
233 692
230 147
920 517
920 280
920 851
920 188
920 159
235 609
235 849
355 147
918 946
159 713
159 334
159 214
614 167
311 987
311 773
879 164
879 322
605 789
605 538
605 314
686 147
428 302
428 915
428 316
428 838
607 415
607 416
607 696
607 586
607 232
607 782
364 292
547 862
547 280
948 120
948 517
948 267
948 75
948 52
948 803
948 674
948 112
948 392
948 592
948 30
948 890
151 923
373 280
373 190
306 771
833 720
885 294
133 602
900 742
900 772
309 38
509 299
424 421
424 207
424 795
697 170
697 771
56 994
56 987
698 987
990 207
990 316
514 977
91 740
91 207
173 506
95 987
5 491
951 278
951 239
951 923
951 53
951 609
951 502
752 443
101 866
101 423
332 782
332 232
332 500
776 334
220 214
32 293
857 915
857 316
245 540
245 874
245 987
272 662
530 120
530 915
530 493
530 517
530 630
530 280
530 629
530 24
817 294
817 274
730 790
746 813
746 334
746 720
746 668
746 935
381 14
381 537
381 532
381 192
586 416
586 197
586 687
586 782
586 534
586 334
586 435
586 267
586 984
921 923
921 657
921 327
590 147
908 765
281 280
281 905
764 874
764 582
764 840
764 987
765 721
847 207
874 540
874 840
874 873
165 31
165 344
165 316
772 742
772 70
772 120
772 388
772 75
772 40
772 923
383 720
383 887
558 214
558 844
558 565
510 622
522 546
522 460
862 534
862 293
862 502
622 676
622 559
112 517
112 267
216 618
24 718
24 493
24 280
24 891
24 629
540 987
540 855
540 873
540 955
540 890
502 189
502 188
502 923
502 228
502 280
502 178
769 153
740 322
670 688
577 147
577 214
168 356
168 260
168 425
168 472
168 232
168 912
527 720
432 987
388 70
388 334
388 132
147 933
147 972
147 499
147 926
147 347
147 931
147 285
147 277
147 171
775 692
952 915
952 316
713 592
582 987
531 994
531 987
531 482
977 1004
977 189
977 491
977 423
977 950
977 103
977 153
977 418
343 70
343 310
343 322
343 399
343 534
551 250
250 886
618 319
543 316
416 912
416 782
511 31
511 849
324 38
324 638
923 506
923 120
923 915
923 609
923 880
923 214
923 193
923 738
923 890
923 53
923 239
953 316
808 29
193 633
193 53
193 454
592 134
592 98
592 609
592 454
846 561
846 288
846 280
846 67
846 629
774 947
401 454
256 517
256 267
104 294
517 648
517 450
517 443
517 267
517 851
517 478
517 186
517 915
517 135
517 731
517 565
935 813
935 739
935 214
935 720
935 668
832 38
53 633
53 239
53 890
868 52
849 275
849 987
849 338
849 890
361 987
338 987
718 724
718 334
718 994
718 61
480 987
925 955
925 987
493 288
493 629
984 782
391 288
391 629
391 353
391 67
260 762
260 90
67 344
160 630
160 915
160 629
126 782
126 52
48 73
48 956
48 684
795 421
795 207
266 790
584 15
584 731
631 629
890 609
955 427
955 987
659 742
883 724
883 120
883 915
534 334
534 214
534 638
980 464
188 167
188 656
188 280
251 987
280 35
280 561
280 142
280 851
280 658
280 915
280 629
704 743
157 499
70 103
70 334
86 443
472 232
472 912
28 987
624 90
316 915
316 92
316 302
316 142
316 971
316 31
316 344
316 17
316 349
316 136
316 629
316 200
595 450
15 422
15 731
873 987
6 189
6 178
474 38
813 720
433 199
433 987
891 700
891 414
891 267
891 629
668 720
668 271
107 468
61 334
232 782
232 447
232 946
315 855
189 236
189 693
425 912
294 447
75 334
75 190
443 602
443 662
731 284
561 288
561 629
127 334
127 994
293 16
782 700
782 500
782 435
1001 506
1001 14
2 700
2 790
947 187
506 14
360 629
872 987
103 310
735 310
956 318
356 912
356 721
335 516
454 253
454 429
658 629
648 267
648 52
170 855
478 267
288 484
288 629
693 178
943 164
656 181
656 267
656 190
570 90
435 500
630 167
630 685
630 629
246 423
987 482
987 994
987 641
987 334
987 809
987 840
987 789
987 68
994 809
994 687
994 334
830 185
239 609
946 214
946 629
65 334
484 629
976 349
804 516
866 423
602 743
602 721
153 418
996 418
468 643
142 207
142 915
142 200
142 267
7 810
723 41
200 915
113 854
353 190
685 643
685 629
418 105
790 700
186 267
787 214
542 120
120 190
120 274
120 629
190 90
190 274
190 181
190 334
190 629
855 771
214 334
267 344
687 334
743 721
657 178
