703 135
963 159
963 67
541 16
541 418
526 629
729 377
0 228
0 693
0 502
0 991
0 605
0 862
0 6
0 409
0 295
0 599
0 470
0 538
0 767
0 710
0 78
0 333
0 976
0 249
0 732
175 275
175 849
175 5
313 356
313 416
313 30
313 472
313 232
143 24
664 468
780 103
445 891
102 139
231 698
767 333
978 421
978 988
978 188
978 141
524 139
377 423
377 716
377 457
377 246
377 718
191 607
191 752
191 90
233 540
233 692
233 245
233 90
233 329
233 214
388 96
920 190
6 772
413 746
159 707
159 251
159 607
159 40
159 844
159 940
159 923
159 56
159 776
614 53
614 280
614 891
807 772
955 540
955 773
575 332
581 855
581 936
581 161
581 135
324 139
201 184
194 951
634 337
428 302
428 915
428 207
607 692
607 696
607 334
607 229
607 91
488 568
364 582
547 851
373 190
306 742
833 940
833 462
833 185
656 274
656 190
900 571
900 161
900 443
424 421
424 207
424 795
697 170
697 540
790 812
790 126
68 383
84 97
84 337
514 103
514 337
540 987
540 698
540 338
292 135
828 738
485 823
125 139
243 61
951 923
752 416
332 700
332 250
332 586
332 782
332 539
776 571
702 14
220 90
32 118
32 791
966 232
245 698
272 568
272 120
272 443
272 450
530 891
530 629
817 294
817 274
746 591
746 692
746 935
847 207
586 416
586 294
586 868
586 383
586 267
586 435
586 166
586 984
66 45
42 337
924 199
908 765
764 582
764 698
765 104
654 991
654 650
654 738
381 192
535 369
535 90
165 31
165 401
165 316
165 67
772 72
772 16
772 122
772 923
772 595
772 883
772 203
772 8
772 716
772 534
772 566
383 720
383 362
558 684
510 139
522 415
522 61
443 742
443 550
443 86
443 152
443 662
443 546
443 161
832 337
736 692
585 4
585 954
585 362
585 568
573 166
112 517
216 321
216 956
216 48
41 723
41 565
4 304
4 371
502 710
502 724
502 333
502 118
502 178
502 185
137 936
137 692
322 740
189 977
189 236
189 718
189 410
495 568
168 782
168 416
168 260
432 433
707 923
707 120
78 731
53 923
53 987
933 723
476 923
107 192
107 850
107 464
107 335
107 320
582 994
343 950
918 758
950 103
950 663
950 402
404 372
416 927
416 260
416 90
416 472
416 77
416 602
416 256
416 166
605 228
969 178
923 120
923 90
923 239
923 880
923 214
923 39
923 193
923 235
923 633
923 890
923 875
953 207
953 374
139 939
139 174
139 206
139 477
139 487
139 534
139 402
139 154
846 561
846 67
774 947
401 415
401 429
401 454
401 98
401 291
256 478
256 648
256 186
256 517
256 267
724 718
724 538
837 783
356 232
921 796
517 478
517 648
517 186
517 803
517 166
517 267
935 684
44 499
134 592
754 718
754 450
321 499
843 61
849 275
849 987
939 69
587 720
718 866
718 90
718 61
718 595
718 883
758 723
758 956
663 1
260 77
67 561
67 344
67 207
160 838
715 926
126 232
126 885
126 648
136 200
596 187
493 561
493 207
493 629
782 472
782 868
379 568
528 685
568 450
568 947
696 334
696 181
696 61
278 713
278 214
676 46
441 628
167 274
167 214
167 851
692 329
692 624
692 550
692 90
692 448
280 630
704 458
86 662
86 152
472 232
822 337
181 61
181 537
181 190
316 415
316 90
316 629
316 647
196 318
15 680
15 731
851 188
362 152
337 1
337 936
433 987
891 360
891 629
891 24
546 550
101 246
101 423
910 329
61 334
61 450
814 500
862 909
862 118
75 178
840 698
840 318
285 571
592 713
592 927
592 98
592 454
795 207
844 956
369 513
1001 327
947 450
835 161
872 987
103 423
192 335
571 277
571 450
682 650
440 537
550 743
499 138
499 318
499 956
499 684
812 700
812 119
934 595
934 372
934 169
141 469
31 915
335 537
647 274
647 838
915 630
915 90
161 662
161 771
161 994
161 135
478 648
478 267
867 138
595 450
927 90
24 629
435 633
435 500
92 207
630 629
246 423
823 62
823 542
956 700
549 135
599 178
318 684
135 742
135 170
135 942
135 72
135 462
662 466
602 743
98 454
996 418
450 187
450 802
142 207
698 873
353 190
274 190
274 188
418 105
62 646
62 542
169 372
415 178
186 648
186 267
90 283
90 178
700 119
650 783
650 738
542 500
170 855
454 713
454 429
648 869
648 267
207 469
