703 443
703 135
963 67
541 850
541 199
150 415
150 147
971 142
660 692
175 275
175 849
175 670
175 423
175 737
990 142
361 540
313 52
143 159
966 168
95 540
695 662
102 534
231 607
231 540
231 840
231 987
231 698
231 955
111 362
978 167
978 35
978 469
978 547
978 188
978 614
978 607
978 141
978 851
978 629
978 954
377 607
191 415
191 65
191 948
233 692
233 53
233 450
343 950
343 303
343 402
920 280
648 765
648 885
159 356
159 40
159 278
159 712
159 923
159 214
159 142
159 659
159 612
159 912
159 531
159 316
159 731
955 427
955 540
575 77
581 72
581 135
581 951
737 327
180 727
180 958
526 280
526 629
428 214
428 90
428 142
428 915
607 591
607 75
607 483
488 662
364 540
364 582
364 764
547 280
373 344
306 659
306 374
833 415
833 462
885 256
885 984
133 765
900 662
309 1
58 909
424 421
424 207
424 795
866 718
56 540
68 540
881 850
125 337
5 553
5 670
951 569
951 692
951 769
951 865
226 440
1003 291
702 850
702 327
220 278
220 701
32 280
576 850
245 540
245 698
245 840
272 116
272 662
530 334
530 891
530 160
530 280
530 630
530 629
746 692
746 90
847 207
558 458
558 956
558 684
558 844
558 318
674 112
116 769
924 199
924 850
546 890
546 550
546 844
546 193
546 565
281 189
764 698
765 356
765 214
654 783
654 738
381 643
381 532
268 592
268 291
535 462
165 31
165 401
165 207
165 67
772 923
772 454
383 362
572 662
586 984
77 168
294 256
443 742
443 137
423 101
423 246
112 267
836 540
249 189
249 716
216 956
216 362
532 335
24 160
24 280
24 360
24 629
24 631
422 731
540 697
540 135
540 849
540 433
540 698
540 338
540 311
540 987
540 796
540 789
540 994
114 275
740 612
670 107
577 458
166 500
168 912
168 868
907 883
326 146
171 933
952 142
713 291
398 450
977 1004
977 418
397 671
397 975
950 303
950 663
338 329
416 633
416 762
416 126
416 984
466 187
466 662
605 362
444 369
337 505
923 197
923 120
923 193
953 207
988 267
193 120
193 161
193 609
193 65
846 561
846 838
846 629
401 415
401 429
401 454
401 291
921 850
517 362
517 61
134 592
134 291
321 704
228 569
53 311
849 275
849 327
198 662
48 718
48 29
48 669
48 458
48 956
48 704
718 904
718 61
718 980
718 362
236 90
236 185
493 629
984 762
67 207
67 344
894 629
644 199
644 850
596 662
596 450
795 207
379 662
631 280
631 629
528 469
890 280
568 662
696 595
278 798
659 374
731 915
534 692
534 174
184 407
76 185
167 630
167 362
692 749
188 280
430 662
280 561
280 360
280 851
280 647
280 915
280 629
290 566
704 458
704 270
704 684
157 356
160 685
160 629
979 850
671 334
609 291
229 75
362 870
362 421
362 141
117 291
433 90
871 628
891 543
891 353
891 629
101 724
199 850
75 334
592 927
592 454
561 629
561 360
26 662
38 334
712 662
844 672
293 724
251 987
1001 850
1001 738
458 319
458 956
458 25
947 662
947 450
506 850
506 491
360 629
173 657
173 850
270 850
956 319
624 329
440 537
850 719
850 783
850 657
850 738
850 13
850 996
850 327
850 516
850 761
850 14
850 682
454 429
454 291
454 120
658 629
687 334
170 697
693 599
838 662
771 4
569 415
569 749
569 482
595 372
719 738
291 429
291 98
630 469
630 629
987 531
987 482
509 299
724 1004
65 629
65 334
65 135
135 942
135 628
135 72
164 420
356 912
356 462
356 743
662 40
662 450
662 802
662 60
662 187
697 855
299 402
275 327
602 912
996 418
142 915
142 214
142 200
142 302
106 185
720 628
698 840
698 873
200 90
200 915
685 629
62 646
190 629
214 915
214 629
327 897
202 629
334 629
783 738
187 40
