776 746
196 850
671 397
963 67
617 416
617 462
541 738
737 849
362 415
362 528
117 268
854 185
764 698
175 275
175 849
131 738
990 428
197 738
313 256
891 160
891 629
891 530
927 416
927 250
927 65
101 377
101 866
101 718
101 423
576 738
780 832
702 924
702 738
969 977
969 189
231 698
231 245
590 171
515 500
232 416
767 333
227 66
61 718
61 278
61 428
61 980
746 568
746 550
746 775
746 248
746 530
746 221
746 517
746 743
746 851
746 731
746 415
746 718
746 783
746 534
746 836
746 834
746 591
746 742
746 692
746 980
746 502
746 450
746 157
746 56
746 920
746 915
746 135
746 935
746 542
223 462
377 422
377 718
377 630
199 924
199 738
784 863
191 75
233 692
233 835
233 993
233 890
75 850
75 127
75 334
75 629
75 772
920 718
920 915
920 502
920 530
920 32
920 280
920 851
920 731
862 569
229 863
293 700
561 846
607 356
38 309
712 40
712 53
712 568
712 450
159 506
159 40
159 783
159 220
159 923
159 214
159 443
159 290
159 802
614 141
614 552
369 535
311 697
731 32
731 56
581 936
851 167
851 915
851 188
851 530
851 32
851 280
851 462
879 164
251 95
1001 685
1001 644
1001 924
1001 738
858 552
491 977
491 5
971 31
971 428
971 200
428 952
428 160
428 915
428 92
428 136
428 142
428 31
428 647
428 857
428 802
428 200
769 798
769 863
506 14
506 924
506 738
379 568
2 236
2 112
2 983
2 77
572 32
151 290
151 566
241 207
406 680
306 863
306 771
833 720
833 462
371 4
885 168
173 582
173 924
173 738
900 568
900 90
900 272
900 40
270 738
309 1
509 788
509 239
509 893
682 924
682 738
65 692
65 90
65 193
65 687
65 462
65 629
65 220
863 692
863 83
863 626
863 993
624 329
440 582
440 335
866 718
866 761
609 951
987 809
987 531
248 90
248 462
499 318
499 558
499 565
812 700
514 832
91 416
881 761
881 738
850 738
454 401
454 429
454 268
454 291
112 803
658 280
658 24
687 462
5 732
951 715
405 135
956 758
277 700
421 424
332 782
332 318
332 435
332 500
92 207
170 855
170 697
133 256
236 1004
236 537
29 732
220 749
220 290
220 890
761 738
552 188
32 915
32 502
32 530
32 280
435 500
722 444
437 738
578 214
245 698
122 980
272 568
530 630
530 915
530 160
530 280
530 629
530 24
246 423
630 415
630 629
77 868
977 153
789 470
898 688
381 643
381 90
381 327
940 214
883 189
924 14
924 738
924 644
921 738
239 538
176 887
724 685
724 189
424 207
424 795
765 356
765 209
654 738
638 832
318 758
318 684
318 704
535 444
165 31
165 401
165 344
165 316
165 67
383 586
268 633
268 713
268 98
268 291
662 568
662 466
586 356
586 157
586 500
586 294
586 912
586 168
586 984
697 855
697 540
697 925
294 356
294 416
294 256
294 126
443 742
275 849
142 207
633 923
633 53
633 193
732 118
736 540
657 738
31 718
532 13
532 738
24 647
742 462
540 698
540 955
841 90
996 738
450 568
450 462
468 432
747 738
189 718
189 280
189 716
462 591
462 692
462 278
462 923
462 517
462 334
462 670
462 157
462 718
462 783
462 542
168 602
168 868
168 912
168 575
168 984
634 337
745 738
980 718
698 840
698 873
485 62
200 136
868 356
868 416
868 260
868 912
591 97
643 685
505 337
166 500
214 844
214 923
214 283
214 290
13 738
62 542
415 401
343 534
343 663
343 993
97 334
918 758
207 67
719 738
708 718
602 743
602 912
416 356
416 752
416 193
416 256
416 984
516 790
516 738
923 738
988 167
193 53
193 544
193 629
401 429
401 291
256 356
256 30
837 738
356 912
356 743
356 30
650 738
542 157
134 291
508 738
495 568
952 344
993 692
758 844
912 472
912 984
738 783
738 14
738 644
738 653
738 327
738 979
975 397
260 126
67 344
126 790
644 90
782 500
984 90
890 534
915 647
915 280
291 429
575 472
629 280
40 90
90 500
188 469
407 779
