963 67
541 850
787 90
971 316
854 416
854 250
854 918
729 377
0 228
0 6
0 118
0 295
0 470
0 249
0 333
0 693
0 178
0 78
0 605
0 502
0 409
0 599
0 5
0 538
0 767
0 862
0 519
0 976
0 991
0 710
853 310
990 953
990 316
313 168
143 544
576 850
780 509
780 514
445 288
445 629
445 24
695 40
695 585
695 802
231 607
231 540
231 874
231 830
767 333
978 988
978 301
372 404
372 149
372 169
377 422
377 866
377 696
377 423
377 393
377 457
377 724
377 718
377 101
377 731
191 692
191 90
191 220
6 881
6 502
614 988
614 190
575 168
305 425
150 890
605 228
605 693
180 958
526 629
428 316
607 75
607 91
607 184
547 988
948 356
948 416
948 120
948 90
948 30
948 52
948 765
948 592
948 126
151 253
373 190
306 720
833 720
456 720
656 190
133 104
723 73
509 299
509 634
424 988
424 795
863 83
863 679
863 790
697 855
697 540
697 720
988 167
988 35
988 188
988 301
988 241
988 421
988 141
988 954
988 957
988 851
988 469
988 512
988 795
988 817
988 207
988 552
770 250
248 609
56 482
365 732
514 832
264 329
264 454
91 147
808 898
881 850
881 810
485 646
485 250
485 62
439 266
439 168
243 265
5 921
5 491
951 273
951 633
951 663
951 239
951 552
101 246
332 294
332 542
332 586
332 500
50 559
702 850
220 90
220 609
552 167
32 214
857 214
857 316
245 540
245 874
245 546
113 250
530 846
530 630
530 214
530 629
530 746
817 851
730 356
730 868
746 813
746 214
746 720
746 668
746 935
746 542
381 192
381 643
381 921
381 532
586 416
586 38
586 517
586 762
586 267
586 674
586 868
586 294
586 782
586 166
586 326
674 416
674 392
674 166
66 45
166 356
166 416
166 168
166 74
166 340
166 743
166 704
166 883
166 782
166 112
166 392
764 874
764 840
765 120
765 946
638 700
638 38
638 324
111 416
535 472
535 62
535 250
874 540
874 840
874 873
165 401
165 344
165 207
165 838
165 67
165 316
383 362
383 720
383 531
383 528
572 450
510 324
814 500
294 416
294 885
294 762
294 126
622 559
273 581
257 147
585 188
573 416
112 416
112 74
112 186
112 316
112 267
443 379
443 662
443 86
443 152
693 228
693 502
216 321
532 700
532 13
532 804
532 761
532 553
24 846
24 891
24 629
540 855
540 624
540 641
600 672
502 700
502 790
502 228
502 333
502 118
502 178
502 362
393 249
393 61
769 153
769 771
189 977
189 921
189 178
924 506
924 14
924 850
924 199
168 416
168 260
168 868
168 949
168 790
168 782
168 425
168 704
168 472
168 912
168 197
168 435
527 870
527 720
707 680
707 880
326 197
326 416
326 696
326 324
147 416
147 577
147 120
147 214
147 277
171 277
952 517
952 316
422 680
422 724
422 731
721 197
977 418
977 178
551 646
551 250
250 444
250 722
250 369
250 513
250 646
250 823
250 542
918 319
918 946
918 684
543 316
791 544
416 120
416 782
416 885
416 214
416 743
416 602
416 868
416 912
324 70
324 38
953 92
953 207
953 316
889 885
193 714
193 873
193 454
193 338
846 561
846 67
846 288
846 629
774 947
401 415
401 429
401 454
401 98
401 291
256 267
256 186
837 850
104 648
921 1004
921 850
921 783
517 356
517 90
517 186
517 267
935 720
832 164
832 38
832 402
134 592
321 499
53 633
957 795
718 356
718 915
718 61
718 724
718 595
718 883
185 830
391 288
391 207
391 629
260 782
67 344
67 190
885 126
715 120
126 602
126 52
136 207
136 316
136 838
425 415
425 648
425 472
425 232
425 946
493 288
493 630
493 629
782 38
782 868
782 435
379 568
631 629
568 495
696 229
696 483
798 214
293 246
293 883
581 936
288 484
288 561
288 629
732 118
167 274
692 90
280 629
290 253
704 232
157 356
157 687
157 684
157 277
160 629
8 544
472 356
472 912
181 190
316 915
316 92
316 630
316 349
316 142
316 31
316 344
316 214
316 302
316 200
301 795
15 680
15 731
609 592
362 771
337 135
337 505
433 199
197 850
891 915
891 207
891 629
891 190
644 850
107 898
107 335
61 356
232 946
566 253
73 41
199 850
199 996
862 538
592 454
795 207
795 421
561 629
712 40
712 214
712 450
844 319
369 646
731 680
731 284
559 402
1001 506
1001 14
1001 850
947 187
506 690
506 850
506 996
506 249
2 118
2 790
360 90
360 629
819 329
241 141
478 267
173 850
270 850
682 850
317 304
356 415
356 915
356 499
356 946
356 684
356 602
356 687
356 209
356 591
310 103
310 477
499 684
850 719
850 804
850 783
850 14
850 657
850 738
850 13
850 996
850 327
850 516
850 761
850 745
850 650
577 214
577 239
658 629
678 802
170 90
867 29
669 544
595 450
630 629
630 685
246 724
246 423
284 680
926 120
823 542
513 646
491 899
724 629
468 643
484 629
976 349
804 783
804 516
662 267
866 90
142 207
349 207
98 454
319 684
742 771
841 90
996 418
745 738
720 771
720 855
720 680
720 4
353 190
274 120
274 190
186 648
186 267
646 62
646 542
90 629
810 7
553 118
429 454
542 120
542 500
542 62
120 190
214 629
680 896
685 629
648 267
657 178
