301 469
301 978
15 422
15 731
6 178
541 738
150 306
362 891
337 505
0 178
197 923
313 765
313 416
313 232
313 294
313 575
313 37
891 414
891 353
891 629
891 24
780 977
445 288
695 450
439 232
439 168
61 356
61 718
61 915
61 534
61 530
61 388
61 517
61 851
232 700
232 416
232 74
232 43
767 178
227 66
227 45
677 443
978 167
978 35
978 547
978 188
978 614
978 421
978 988
978 851
978 957
978 141
978 469
978 512
978 795
978 954
978 207
978 817
978 424
978 552
315 936
199 996
784 83
784 306
294 416
294 74
294 256
294 885
294 447
294 817
294 762
294 126
294 984
343 663
343 223
920 923
920 746
235 105
235 746
561 846
561 288
38 832
413 746
844 684
458 956
614 469
369 535
369 823
731 680
731 268
731 422
731 284
731 746
581 936
851 167
851 923
851 141
851 746
324 415
324 591
180 727
2 700
2 812
2 790
428 316
947 774
506 996
547 469
373 190
241 469
306 742
71 595
103 977
885 90
347 577
424 469
310 477
926 120
248 746
56 432
812 700
812 790
812 119
349 976
514 977
333 178
687 923
687 746
5 29
25 684
693 178
133 416
838 316
656 190
569 178
734 120
595 934
595 184
595 372
710 178
761 516
32 862
857 136
857 316
272 193
530 923
530 746
817 469
630 288
630 629
630 24
983 120
746 684
746 775
746 214
746 718
746 223
746 834
746 994
746 591
746 742
746 692
746 980
746 502
746 450
746 923
746 739
746 157
746 534
746 135
746 935
746 542
586 648
102 323
931 147
291 609
994 540
166 416
166 74
239 609
239 951
134 422
409 178
946 416
48 216
599 178
519 178
535 120
976 178
991 178
915 923
915 136
135 942
772 120
383 147
383 528
662 443
997 90
814 500
862 178
443 86
295 178
602 721
112 392
112 267
112 74
249 178
742 528
502 178
679 684
178 228
178 78
178 470
178 339
178 605
178 538
527 422
432 809
432 531
52 126
147 416
407 779
200 952
353 274
353 190
422 680
274 120
274 190
977 423
977 1004
977 950
942 936
207 469
19 16
416 472
416 868
416 126
923 120
923 609
953 136
954 469
684 120
684 704
542 120
1004 320
120 190
120 544
120 280
120 629
188 469
190 181
190 316
214 951
214 159
957 469
718 883
718 159
136 647
493 288
159 951
35 469
267 392
795 469
648 447
648 472
288 629
647 316
167 469
469 421
