963 67
541 977
541 199
541 783
541 16
737 849
737 175
971 200
854 927
854 362
0 569
175 1001
175 446
175 423
175 650
175 849
175 144
175 246
365 716
313 765
313 256
313 30
313 416
695 511
695 187
695 585
231 698
231 873
231 987
231 749
231 624
978 167
978 35
978 547
978 159
978 301
978 614
978 421
978 988
978 954
978 957
978 851
978 469
978 512
978 424
978 795
978 817
978 207
978 141
978 552
978 188
377 866
671 687
233 692
233 769
388 324
920 633
920 181
920 65
159 40
159 809
159 915
159 324
159 940
159 334
159 951
159 851
159 136
311 540
311 955
575 77
581 292
581 135
879 322
605 569
605 470
686 577
428 658
607 157
607 147
607 517
607 546
607 749
607 738
488 568
497 977
373 344
456 936
656 190
58 909
424 421
424 847
424 207
424 795
30 356
30 765
866 101
770 927
248 157
56 987
698 540
698 245
698 840
698 873
698 764
514 103
91 499
292 135
485 927
485 823
34 997
5 246
5 670
113 927
226 440
332 500
776 65
702 197
552 858
552 851
857 239
149 239
272 712
272 595
530 891
530 685
530 629
530 65
746 692
381 506
586 356
586 984
586 602
586 2
586 762
586 267
586 126
586 166
924 14
924 199
380 440
380 712
61 718
61 926
61 522
48 918
48 319
48 956
48 704
48 499
654 738
268 291
535 927
165 683
772 454
383 589
572 372
558 216
558 499
77 356
77 260
862 569
443 742
443 662
443 86
295 569
257 823
832 788
573 126
249 569
216 319
532 670
24 142
24 629
422 15
422 731
540 925
540 955
502 569
502 718
502 65
502 749
670 506
670 553
168 416
147 157
147 308
147 933
147 214
147 347
565 41
565 723
565 679
565 318
952 200
713 98
713 291
582 764
694 845
977 1004
977 1001
977 969
977 418
343 950
343 303
343 322
551 927
250 886
250 927
918 318
950 103
543 200
416 356
416 305
324 591
324 534
324 334
324 638
444 927
988 207
193 633
846 561
846 631
846 629
774 947
401 415
401 429
401 454
724 14
724 718
724 246
724 184
921 783
748 926
134 291
754 595
321 704
321 499
228 569
228 693
764 840
718 749
718 293
925 955
663 223
493 629
67 344
67 207
894 629
126 2
64 322
584 731
379 568
631 629
568 198
568 495
568 947
278 120
278 291
62 646
62 743
62 542
955 773
955 427
955 987
722 927
798 90
731 680
731 915
731 157
731 406
731 15
731 284
731 951
392 316
976 569
692 749
482 569
280 629
704 723
704 743
704 956
704 684
157 356
157 775
157 542
160 629
472 356
15 680
15 406
6 506
6 569
851 65
117 291
82 135
672 844
197 135
891 214
891 629
891 190
101 246
101 423
107 98
406 680
406 12
303 103
199 506
132 842
716 118
561 629
26 40
844 499
369 646
369 927
1001 506
506 783
506 189
2 790
360 629
360 526
944 267
371 135
103 164
103 310
956 684
956 790
956 499
440 537
812 790
658 629
687 742
687 783
687 65
693 569
569 470
569 991
569 599
569 538
569 710
569 409
569 333
595 372
595 450
927 513
927 646
927 823
927 542
710 423
761 738
4 135
630 629
246 423
548 164
65 742
65 915
65 450
65 135
783 738
318 684
318 679
135 628
135 214
135 870
135 942
135 720
624 873
356 209
356 743
275 327
602 743
333 743
98 454
446 423
72 214
996 738
450 40
526 629
200 344
200 136
643 685
274 190
415 612
189 629
789 987
789 470
120 454
531 987
531 641
202 629
454 429
454 291
951 738
685 629
749 629
