703 90
703 771
963 67
541 516
150 235
526 2
646 927
729 377
0 249
0 732
0 118
723 758
723 41
723 565
313 416
313 648
313 186
313 256
313 517
313 294
313 267
143 422
143 731
966 933
780 509
780 514
445 891
445 267
557 912
231 698
231 987
580 669
978 469
978 851
978 188
810 107
377 422
377 457
377 149
377 718
671 159
191 927
343 879
343 663
343 223
920 550
413 927
413 935
159 742
159 802
614 190
807 626
955 540
955 987
575 782
575 168
575 260
575 77
581 170
581 135
581 176
737 335
190 589
428 857
428 915
428 142
428 17
607 502
488 568
364 987
364 764
151 253
151 290
141 188
833 462
833 499
133 52
900 742
309 1
523 104
509 822
509 638
30 356
30 90
697 855
697 540
697 925
697 311
697 170
131 516
242 193
56 987
56 482
68 987
68 176
514 950
514 832
514 103
91 415
881 506
881 516
485 927
485 551
125 622
951 538
1004 977
776 687
776 591
702 516
220 692
220 749
857 915
857 17
245 540
245 698
245 987
245 176
113 927
530 629
368 740
746 935
746 176
381 192
381 327
670 335
586 416
586 120
586 573
586 687
586 334
586 762
586 166
674 517
921 516
61 718
61 522
764 840
764 987
764 176
764 698
764 994
684 25
684 679
684 844
684 918
765 356
765 168
654 738
654 516
268 98
268 633
535 927
535 823
165 401
165 344
772 416
772 120
772 640
772 147
383 854
383 887
383 589
910 329
997 609
517 478
517 648
517 186
517 256
517 803
517 112
517 267
622 510
640 546
736 540
471 718
112 648
112 267
112 256
112 186
836 176
249 178
532 118
532 516
41 565
4 771
502 178
502 565
747 516
769 176
189 208
189 718
577 147
924 516
168 356
168 52
168 472
168 232
168 912
168 743
168 62
168 984
432 987
707 98
907 393
78 178
326 318
147 972
147 715
952 200
713 98
713 592
582 540
582 849
582 987
716 718
398 712
977 208
977 1001
977 418
977 423
551 927
250 886
250 927
404 595
416 90
416 74
416 294
511 987
444 927
923 197
923 53
923 516
923 738
953 374
193 633
193 830
193 53
846 561
774 947
401 98
401 429
401 454
563 731
256 356
256 478
256 648
256 186
256 267
576 516
837 516
546 550
832 423
134 98
134 592
134 454
134 291
849 987
361 987
338 415
338 540
338 987
338 773
718 866
718 325
718 724
718 149
718 595
718 711
718 708
758 844
758 499
984 126
260 912
67 561
83 771
126 573
644 506
644 516
588 176
48 458
64 477
379 568
568 495
568 229
369 927
311 987
311 540
722 927
659 307
659 306
883 779
692 176
782 880
782 472
280 915
280 24
290 253
704 743
823 927
482 987
482 176
472 356
472 52
472 912
472 743
472 62
28 987
979 516
15 680
15 422
15 943
15 731
15 406
873 698
873 987
229 421
117 98
433 987
197 516
891 629
891 700
891 267
891 360
927 770
927 513
927 854
927 542
927 592
101 423
742 835
742 306
107 98
566 253
73 499
199 506
199 516
75 334
592 98
592 454
844 458
149 372
731 422
251 987
1001 516
613 90
458 499
506 783
506 90
506 996
506 516
872 789
872 987
103 310
103 423
173 516
270 516
995 176
956 565
356 912
356 574
356 743
356 62
499 25
306 450
31 915
850 516
278 98
278 915
335 553
335 537
647 915
915 142
915 200
478 648
478 267
595 169
595 450
95 987
761 90
761 516
719 516
540 855
540 329
540 987
540 925
540 698
630 167
246 724
246 423
284 422
987 531
987 809
987 994
987 641
987 840
987 789
176 855
176 329
176 135
176 641
724 16
653 516
135 942
135 628
662 214
275 327
602 443
602 743
98 291
98 454
98 429
437 516
996 418
996 516
745 516
682 516
698 840
74 912
62 743
62 542
186 648
186 267
854 267
516 508
516 783
516 657
516 13
516 327
516 738
516 14
516 650
650 783
454 429
443 152
738 783
136 629
648 267
40 90
