703 86
711 718
671 334
963 67
6 0
541 506
541 199
541 979
541 996
851 167
851 280
851 469
851 61
851 188
362 661
362 528
362 152
526 160
526 891
526 629
526 530
854 927
854 120
854 267
764 698
0 228
0 693
0 502
0 991
0 605
0 862
0 409
0 295
0 599
0 470
0 538
0 767
0 710
0 78
0 333
0 976
0 249
175 275
175 849
175 5
433 32
574 356
117 268
313 232
313 416
313 30
891 561
891 445
891 353
891 360
891 391
891 160
891 630
891 530
891 685
891 846
891 493
891 280
891 658
891 631
891 629
891 24
927 607
927 416
927 444
927 113
927 722
927 513
927 191
927 485
927 535
927 592
927 250
101 246
780 103
780 514
695 802
695 907
557 416
439 912
439 949
801 592
61 356
61 2
61 502
61 450
61 517
61 724
61 718
61 377
61 189
61 32
61 388
61 534
61 915
61 135
870 82
232 607
428 214
428 857
428 915
428 316
428 90
77 266
978 280
978 469
377 457
377 866
377 246
303 103
189 607
189 214
784 742
517 356
75 607
75 633
75 91
75 190
75 499
75 629
75 740
75 850
75 833
75 772
410 658
920 280
920 135
862 32
862 118
592 713
592 134
293 32
561 629
561 67
506 440
506 199
506 644
506 996
506 333
506 775
506 14
506 850
506 924
918 758
413 90
159 40
159 617
159 712
159 450
159 56
159 719
159 940
159 214
159 802
159 787
127 934
305 168
305 790
955 540
955 773
955 427
955 925
955 311
955 987
731 422
731 720
731 531
731 284
581 443
581 135
879 164
879 368
879 322
879 740
879 223
266 912
266 949
605 228
835 742
337 32
458 48
607 696
607 915
607 190
607 299
607 334
607 329
607 802
607 250
607 147
607 534
607 135
607 629
641 540
364 414
364 582
2 866
2 231
360 160
360 629
497 977
62 472
969 231
142 857
141 188
833 617
103 423
103 950
103 514
103 164
656 988
656 267
347 147
900 450
956 321
956 758
956 48
956 844
956 565
30 104
30 765
356 586
356 718
356 602
356 648
356 472
356 209
356 743
697 855
697 771
550 546
770 472
754 16
698 540
698 245
698 840
698 231
698 873
934 595
264 540
91 850
91 629
306 742
306 659
31 165
31 24
850 90
828 702
173 14
173 90
454 401
454 268
658 35
658 92
658 160
658 530
658 629
687 742
687 718
687 214
687 595
95 329
572 32
25 214
25 48
25 684
782 168
782 575
782 472
197 32
421 188
332 500
595 372
595 453
702 14
702 644
710 78
32 718
32 724
857 165
435 586
435 500
334 692
334 310
334 987
334 994
706 638
149 372
485 823
272 135
272 450
530 846
530 160
530 630
530 280
530 629
368 322
630 779
630 629
630 493
246 724
246 423
482 606
746 923
746 591
746 692
746 90
746 935
812 790
987 789
987 531
987 28
558 48
940 90
994 540
994 231
231 540
231 646
239 596
29 670
971 316
724 718
880 707
48 319
48 216
575 168
575 949
575 472
765 602
765 472
765 450
765 936
765 209
783 90
603 514
268 633
268 291
535 722
535 542
165 401
165 344
165 67
165 316
135 942
135 628
135 450
135 936
565 321
565 481
322 420
322 343
662 443
662 450
586 416
586 573
586 868
586 294
586 762
294 416
294 256
443 742
443 86
443 152
443 936
736 319
333 178
532 13
532 516
24 493
24 629
742 214
742 528
540 329
502 718
502 118
502 178
996 418
996 644
450 40
450 712
450 802
42 214
199 644
462 762
712 40
712 802
712 187
187 802
147 134
720 936
720 628
720 587
254 802
200 952
200 915
952 120
52 168
514 378
685 629
790 700
415 401
700 267
700 516
416 256
416 912
416 949
407 718
516 13
923 53
923 214
923 134
553 808
988 167
988 188
193 11
235 896
846 629
846 67
401 429
401 291
542 823
404 718
120 772
843 718
214 278
214 290
214 531
718 225
912 949
912 472
136 629
493 795
493 629
984 168
391 629
260 168
260 949
67 344
67 207
160 629
795 207
631 629
568 802
915 280
915 316
949 168
316 344
629 280
168 472
