703 443
963 67
617 714
617 573
541 738
737 440
526 383
526 629
646 927
646 62
0 569
0 732
175 670
175 423
966 347
95 769
695 90
231 910
767 569
978 167
978 35
978 547
978 188
978 301
978 614
978 569
978 421
978 988
978 954
978 957
978 851
978 469
978 424
978 795
978 817
978 207
978 141
978 552
377 866
377 605
377 423
377 61
377 457
377 630
377 246
671 397
233 835
343 322
343 663
920 160
6 569
6 249
558 48
159 290
575 168
581 855
581 135
581 30
581 951
150 415
605 700
605 693
605 840
605 569
201 90
686 147
686 184
686 650
428 122
428 630
428 915
607 167
607 75
364 105
547 469
547 301
151 253
306 742
306 784
306 214
306 659
833 720
833 462
656 988
900 272
900 450
922 135
424 469
863 742
863 592
866 423
770 927
56 987
514 395
954 469
881 257
828 106
485 927
485 542
253 566
253 290
5 275
951 171
951 707
951 369
951 595
951 338
1003 707
332 250
776 502
220 90
220 214
32 569
32 840
857 838
149 275
113 927
530 160
530 891
530 629
817 294
817 469
772 927
772 107
772 120
772 454
772 75
772 769
772 609
381 90
586 356
586 782
586 500
586 447
586 294
586 65
586 185
586 984
674 112
66 227
66 45
42 323
166 30
45 227
590 147
106 1001
765 104
765 214
765 30
765 868
308 147
111 602
535 927
535 444
987 789
987 531
510 534
510 323
77 912
77 260
77 369
77 168
77 104
862 569
862 495
443 53
443 86
443 193
295 569
736 540
585 4
585 909
112 803
249 569
532 670
775 158
540 840
502 569
502 356
502 538
502 599
137 771
740 788
168 356
168 885
168 260
168 790
168 472
168 868
168 232
168 912
168 30
707 713
707 633
707 680
707 609
707 98
707 214
58 769
58 338
78 569
326 334
326 135
326 120
147 933
147 972
147 134
147 27
147 926
147 347
147 577
147 230
147 285
147 277
147 171
952 344
952 838
716 1004
716 724
977 423
977 153
977 1001
977 418
977 921
230 633
230 193
551 927
250 927
250 886
250 662
918 758
950 303
587 720
587 629
416 120
416 256
416 454
416 868
272 40
272 835
272 450
324 534
324 591
444 927
444 722
808 693
193 633
193 65
193 500
846 561
846 629
401 98
401 429
256 356
256 30
409 569
134 592
228 569
993 742
718 591
718 980
718 593
718 61
718 681
758 956
236 537
1002 319
493 629
984 294
260 356
260 912
885 294
160 629
663 303
663 534
126 30
782 435
631 629
528 205
890 629
568 495
278 98
722 927
722 267
534 591
534 334
732 118
184 779
167 469
167 2
167 630
167 851
692 855
188 469
188 851
280 915
280 629
290 214
704 743
157 542
8 731
472 356
472 743
472 30
316 915
205 90
196 40
15 731
229 319
851 469
337 870
337 509
337 649
337 135
337 505
891 629
891 24
644 738
101 246
101 423
61 854
61 991
61 840
73 499
592 927
592 98
795 469
561 629
844 956
844 684
127 569
369 927
1001 685
593 724
593 591
593 687
360 629
241 630
241 469
956 790
405 135
850 90
647 658
658 629
658 915
658 142
658 92
693 569
693 538
771 742
569 356
569 107
569 482
569 470
569 415
569 333
569 629
569 40
569 599
569 538
569 710
569 339
569 976
569 991
421 469
595 372
927 513
927 62
927 65
927 823
927 854
927 542
763 214
92 915
158 414
630 629
246 724
246 423
338 65
464 980
464 90
724 685
65 742
65 90
65 542
509 788
318 840
915 142
915 136
915 200
135 628
135 720
135 531
429 98
429 454
356 743
356 602
356 868
356 912
356 30
769 292
769 531
662 450
275 327
602 912
602 30
98 107
742 90
742 450
578 214
450 40
450 802
499 684
788 634
720 680
200 344
643 1004
40 90
40 214
685 629
418 105
790 700
415 372
90 107
90 14
912 743
936 30
35 469
975 397
454 264
24 629
648 30
323 402
207 469
