305 232
305 946
356 586
99 0
776 214
776 159
703 784
703 771
586 126
997 890
862 0
443 742
541 923
541 738
737 440
362 870
362 371
362 168
813 746
0 228
0 929
0 6
0 78
0 470
0 314
0 249
0 333
0 693
0 178
0 605
0 502
0 409
0 599
0 538
0 710
0 767
0 519
0 976
0 991
720 746
924 14
891 414
668 746
742 135
742 581
236 107
231 867
231 738
231 772
996 418
670 107
810 107
810 881
810 381
168 912
168 949
168 111
56 540
56 994
56 987
56 482
147 347
641 540
641 482
6 881
899 808
899 29
171 347
886 250
107 381
127 32
274 841
369 646
369 485
418 105
62 214
62 823
942 135
1001 702
1001 14
32 762
646 513
646 542
947 774
416 854
416 949
416 868
444 535
948 674
948 751
923 823
808 118
347 933
96 420
192 381
58 909
517 915
935 746
542 823
120 660
120 823
790 126
214 940
881 850
881 761
335 381
335 118
112 648
687 823
687 746
663 410
50 69
173 10
126 66
702 14
782 111
772 823
648 721
113 823
260 762
746 692
