703 135
963 67
617 587
541 506
526 561
526 280
526 629
646 513
646 369
646 163
646 62
365 866
313 104
313 256
966 168
780 832
780 603
445 391
445 629
102 293
231 540
231 874
231 245
231 987
231 338
580 544
111 586
978 241
978 188
671 746
818 438
818 478
818 58
233 692
233 835
233 159
233 329
233 135
233 746
388 280
388 61
388 638
920 550
920 746
648 356
648 168
648 790
648 256
648 765
355 926
159 416
614 469
311 955
311 987
581 135
879 343
879 322
879 740
879 223
686 267
686 926
607 499
547 167
547 469
547 280
547 424
948 356
948 416
948 120
948 133
948 52
948 75
948 854
948 949
948 592
948 126
151 253
373 391
373 207
141 630
141 188
885 586
133 765
133 602
900 742
240 126
58 909
424 469
424 207
424 795
424 421
424 644
697 855
697 925
790 356
790 516
790 232
790 812
790 126
790 984
841 506
56 987
56 772
698 987
84 534
514 832
514 603
91 499
292 506
292 135
828 516
173 702
485 823
439 912
439 260
439 168
5 491
951 273
951 13
951 543
277 715
277 926
668 813
668 746
332 250
332 500
776 70
776 629
776 746
702 14
220 75
220 383
220 334
220 471
220 506
552 988
32 921
336 715
857 915
857 136
857 160
857 165
857 316
857 200
245 540
245 874
245 840
245 987
272 40
272 662
272 595
530 280
530 891
530 629
530 746
817 294
817 469
730 356
730 912
730 868
746 742
746 591
746 692
746 720
746 775
746 248
746 214
746 731
746 834
746 531
746 813
746 687
746 161
746 684
746 935
381 670
381 335
586 416
586 762
586 782
586 447
586 294
586 435
586 267
586 126
586 984
41 73
41 723
924 14
924 644
921 657
590 926
281 484
281 349
48 723
765 602
765 868
765 232
765 90
765 721
654 783
654 682
638 950
638 832
874 540
874 840
874 873
874 764
165 31
165 401
165 344
165 67
165 890
772 278
772 870
772 783
772 613
772 997
772 812
772 993
772 528
383 891
383 362
572 422
558 319
170 135
862 909
862 293
443 662
443 86
748 926
556 168
585 167
585 771
585 371
471 76
112 870
112 267
112 74
112 1000
399 343
532 516
24 561
24 280
24 909
24 891
24 629
4 441
4 135
503 458
502 718
502 61
830 692
830 185
323 139
322 740
322 223
670 553
166 356
166 392
166 2
166 74
166 61
168 356
168 260
168 232
168 949
168 425
168 472
168 266
168 912
527 870
432 480
432 987
147 609
147 926
171 926
952 543
952 838
952 971
933 926
422 680
422 731
582 987
716 718
716 293
343 223
250 886
250 854
618 644
239 416
239 214
239 868
416 356
416 425
416 74
416 256
416 472
416 946
416 126
972 926
576 657
953 316
988 207
139 487
139 510
954 469
954 207
846 561
846 288
846 280
846 629
846 67
774 947
401 415
401 429
401 454
401 98
401 683
401 291
256 478
724 718
724 293
837 745
104 425
732 118
517 751
517 61
935 720
832 319
134 592
321 565
321 458
321 499
228 178
849 987
849 599
361 987
939 38
764 987
718 356
718 591
718 61
718 711
718 851
718 883
718 423
718 980
718 101
718 184
480 987
663 943
493 288
493 280
493 629
391 67
391 353
391 288
391 629
260 912
67 561
67 344
67 207
715 347
715 926
126 356
126 52
126 869
126 542
644 73
425 232
425 946
795 421
795 469
795 207
631 280
631 629
696 595
149 293
149 372
955 427
955 540
955 925
955 987
224 349
731 15
731 284
976 349
692 742
692 61
482 987
280 561
280 360
280 160
280 685
280 630
280 658
280 288
280 891
280 629
704 743
157 61
157 926
160 629
823 62
8 544
86 662
86 152
957 469
28 987
822 603
153 418
316 136
1000 458
595 404
595 550
595 450
301 469
873 789
873 987
851 61
362 189
337 870
82 267
82 135
433 789
433 540
433 987
230 926
891 267
891 629
101 246
61 742
61 591
61 915
61 450
61 393
61 602
61 356
61 135
232 356
232 52
232 472
232 946
73 926
73 723
216 458
75 550
285 926
592 98
592 609
592 454
561 288
561 267
561 629
712 450
844 499
127 687
293 866
293 16
293 19
293 246
251 987
506 248
360 629
241 469
872 987
55 404
371 135
103 164
103 943
735 603
682 783
682 650
682 738
356 74
356 743
356 90
356 912
550 812
499 565
812 465
934 372
31 838
658 629
288 484
288 773
288 629
943 69
669 544
421 469
347 926
95 987
540 840
540 987
540 994
949 912
630 629
246 423
926 129
926 931
926 565
338 987
987 531
987 994
987 641
987 809
987 925
987 840
987 789
987 68
940 214
956 700
956 565
599 178
484 629
603 378
603 505
135 628
135 855
135 870
565 481
662 802
750 629
996 418
450 187
142 274
629 685
200 915
200 136
167 469
418 105
62 542
207 35
207 469
372 404
516 783
188 469
855 609
214 334
738 783
136 915
35 469
472 743
544 741
