99 502
99 207
99 178
99 599
99 929
703 120
617 587
541 410
150 191
150 997
150 178
971 316
971 543
854 416
0 732
0 178
175 107
175 410
175 423
990 207
990 888
990 316
990 424
664 107
236 107
695 40
231 789
231 2
231 987
767 410
767 178
767 929
978 469
978 547
978 851
978 301
962 517
962 316
962 91
962 890
647 316
810 107
810 881
377 214
377 423
671 75
671 362
974 573
974 868
191 415
191 752
191 120
191 90
191 997
191 948
191 75
191 633
343 879
343 399
343 663
920 167
920 988
920 662
920 190
920 450
920 630
920 443
920 530
920 851
920 135
920 656
920 915
920 857
920 274
920 731
6 178
355 147
355 577
159 923
614 772
955 987
575 912
581 135
737 107
879 69
605 1001
605 789
605 685
605 178
605 599
605 951
201 107
314 178
314 929
686 147
686 926
428 122
428 349
428 915
428 224
428 857
428 316
428 142
85 277
607 687
607 229
607 696
607 248
488 40
364 582
373 391
373 190
306 400
306 771
71 595
885 439
133 232
133 168
900 40
509 299
424 421
424 207
424 795
863 659
697 170
697 83
697 771
697 855
697 873
697 925
697 311
697 293
697 540
248 229
248 696
56 987
68 987
84 323
888 349
888 316
91 514
91 997
881 850
881 790
485 369
485 2
485 62
5 107
951 742
951 13
951 809
951 502
951 190
951 669
951 923
951 189
951 214
951 538
951 738
951 718
951 857
951 926
951 883
951 997
951 225
951 120
951 239
1004 107
846 288
846 67
439 912
439 168
332 435
332 500
776 687
776 316
776 587
848 4
220 75
220 90
220 609
32 921
336 926
857 165
857 122
857 838
857 530
857 142
857 915
857 772
857 316
857 200
245 987
245 624
113 646
530 662
530 630
530 685
530 851
530 731
530 658
530 915
530 891
530 526
530 24
530 167
530 838
530 360
530 450
530 160
530 280
530 988
530 135
530 656
530 75
530 316
530 443
730 912
746 813
746 720
746 935
381 107
381 29
558 48
558 207
558 372
558 349
674 112
674 392
66 782
66 316
924 506
924 14
924 410
61 356
61 135
61 502
61 450
61 517
61 334
61 601
61 765
61 718
61 602
61 388
61 991
61 663
61 166
61 542
134 997
281 280
106 229
106 402
765 416
367 923
535 62
865 75
823 120
383 205
383 720
383 362
572 40
586 126
997 120
997 53
997 214
997 415
997 633
997 193
997 471
997 196
997 334
997 90
997 880
997 257
997 833
997 752
997 75
997 683
997 772
997 235
997 890
814 500
517 112
517 915
517 267
443 915
443 662
443 86
295 178
819 438
819 329
112 392
112 267
693 90
693 178
693 599
693 502
399 70
438 627
540 855
540 987
540 433
540 75
540 873
540 994
540 338
502 228
502 669
502 862
502 976
502 333
502 178
114 718
925 987
740 788
199 644
166 75
166 500
168 912
168 648
168 984
432 987
707 680
707 923
76 410
78 506
78 976
78 178
147 285
147 748
147 278
147 90
147 933
147 972
147 590
147 609
147 715
147 926
147 347
147 235
147 577
147 931
147 890
147 277
147 171
843 779
254 40
171 347
952 915
952 316
952 200
929 410
929 710
929 178
929 599
476 923
713 98
582 923
582 987
977 120
977 418
977 423
977 200
388 70
388 534
543 891
543 316
416 356
416 52
416 75
416 912
416 790
272 40
324 633
444 369
972 366
923 591
923 120
923 915
923 39
923 214
923 633
923 890
923 912
923 687
923 316
923 90
923 239
923 880
923 609
923 718
923 193
923 235
923 542
923 875
923 53
923 772
953 316
988 915
988 188
193 53
193 890
235 890
774 947
401 165
401 454
563 544
256 356
256 294
256 648
724 189
724 181
837 410
546 844
546 704
935 720
935 668
796 987
641 987
228 178
53 75
53 844
849 987
849 423
361 987
939 474
764 987
764 624
718 189
718 127
718 883
718 595
480 987
289 107
668 720
984 912
984 762
984 126
391 288
391 891
391 484
391 353
67 165
160 658
160 120
654 682
126 356
126 52
126 790
136 316
136 838
425 232
425 912
425 946
795 421
379 40
528 685
890 273
890 190
890 107
890 229
568 40
568 293
568 947
696 742
696 334
696 410
696 229
696 851
696 316
62 646
62 542
311 987
224 316
293 410
735 603
534 70
441 304
980 107
980 333
392 316
184 393
184 410
589 720
167 915
167 851
165 31
165 344
165 316
482 410
482 987
482 531
858 991
280 915
290 214
290 178
704 550
704 684
157 347
472 232
472 356
472 347
472 912
28 987
772 120
772 915
772 883
772 609
772 316
772 200
779 127
316 915
316 17
316 214
316 31
316 349
316 11
316 302
316 787
316 92
316 142
316 344
316 200
205 90
15 422
15 680
15 731
873 987
229 374
474 323
851 915
362 771
362 267
362 868
715 926
813 720
82 135
433 120
433 410
433 987
891 630
644 506
101 127
101 423
107 208
107 464
107 118
107 670
107 898
107 335
107 985
107 29
107 553
107 537
107 688
107 192
107 899
656 915
656 190
232 912
189 181
189 120
862 178
75 915
75 190
75 609
410 777
410 16
410 122
410 127
410 251
410 1001
410 153
410 994
410 650
198 40
712 40
712 142
127 896
369 913
731 422
731 680
731 915
731 739
251 987
1001 685
458 499
947 40
947 466
506 29
2 335
872 987
371 135
103 943
103 423
427 329
317 771
356 912
405 628
812 700
812 465
812 790
934 595
934 169
850 783
850 90
335 464
577 267
687 915
687 500
478 267
288 484
288 773
288 629
249 178
943 164
838 685
669 739
669 544
569 178
595 915
595 450
95 987
710 178
435 500
122 915
949 912
246 423
338 987
987 531
987 994
987 809
987 840
987 698
987 789
239 120
29 670
409 178
880 680
771 742
771 155
771 214
771 390
599 178
603 323
976 349
976 178
991 178
915 742
915 135
915 662
915 591
915 450
915 684
135 170
135 628
135 855
135 334
135 609
135 4
135 870
135 942
921 657
624 329
662 40
294 74
333 178
996 657
996 90
996 418
450 40
450 609
178 470
178 415
178 90
178 538
178 339
788 402
187 40
52 868
60 40
60 466
353 190
207 469
181 190
516 13
429 454
190 274
105 418
609 334
648 267
751 267
40 802
