744 356
744 168
744 472
744 232
744 912
744 946
744 30
99 786
99 249
99 178
703 784
703 306
963 67
617 923
617 811
617 471
541 850
150 752
150 833
150 471
150 191
971 316
971 200
646 163
0 249
0 178
0 502
990 316
313 356
313 168
313 790
313 948
313 472
313 232
313 912
313 730
143 410
966 575
780 977
780 514
231 540
231 736
231 987
231 433
231 874
231 994
231 749
767 333
767 249
767 178
978 167
978 35
978 40
978 547
978 188
978 301
978 614
978 421
978 988
978 851
978 957
978 954
978 469
978 387
978 424
978 795
978 512
978 207
978 817
978 141
978 552
962 107
962 890
647 316
377 457
377 718
15 680
347 926
233 692
343 950
343 663
343 310
343 399
920 274
920 188
6 249
6 178
902 280
614 991
614 141
955 540
955 987
955 264
955 427
955 925
955 311
575 168
575 472
581 170
581 337
879 164
879 322
879 88
201 107
314 73
314 605
314 249
314 929
314 178
526 629
428 207
428 857
428 915
428 316
428 953
800 62
364 670
948 356
948 120
948 134
948 214
948 743
948 790
948 257
948 602
948 250
948 868
948 912
948 74
948 416
948 260
948 90
948 946
948 126
948 65
948 425
948 191
948 500
948 435
948 235
948 890
151 923
151 278
151 566
427 329
306 742
306 784
306 659
306 863
833 752
133 356
96 388
96 638
58 909
65 435
65 220
65 193
30 356
30 765
30 790
30 472
30 868
30 704
30 416
866 127
248 550
56 987
698 987
84 474
514 977
514 832
514 378
514 1001
514 950
540 633
540 245
540 987
540 855
540 994
540 874
540 482
540 624
808 107
808 29
881 778
828 506
828 738
828 516
485 542
439 232
439 472
243 995
5 107
951 832
951 500
951 435
951 332
951 78
951 214
951 166
951 772
846 288
846 629
846 67
190 40
668 746
332 168
332 500
332 912
776 214
895 542
220 75
552 858
32 923
32 134
32 791
336 926
857 915
857 316
245 874
245 987
530 629
368 943
730 356
730 168
730 586
730 472
730 912
746 813
746 935
746 414
381 107
381 532
644 1001
644 924
644 996
586 500
586 782
586 294
586 214
586 435
586 166
586 267
674 112
674 392
674 74
674 166
66 126
42 534
42 832
45 126
590 933
590 171
281 491
281 497
48 458
48 319
48 723
48 1000
48 558
48 41
48 956
48 216
48 25
765 425
765 721
765 704
654 199
654 738
638 591
638 38
638 322
638 334
535 854
535 369
535 444
535 472
535 542
874 840
874 873
874 764
165 31
165 401
165 344
165 207
165 67
165 316
772 923
772 633
772 454
772 75
772 334
772 609
772 120
383 70
383 147
383 720
383 433
383 629
572 40
572 696
572 749
558 321
558 1000
558 565
522 61
862 786
862 249
862 178
443 742
443 662
443 152
832 977
832 423
832 388
832 369
819 329
471 329
471 587
112 392
112 74
112 166
249 228
249 929
249 78
249 470
249 333
249 693
249 178
249 605
249 502
249 409
249 599
249 538
249 710
249 519
249 976
249 991
24 630
24 891
24 629
4 371
502 61
502 118
502 538
502 749
502 786
502 605
502 854
502 693
502 178
502 528
114 479
322 38
199 90
166 74
166 782
168 356
168 260
168 232
168 868
168 425
168 126
168 472
168 912
527 870
707 680
707 923
907 843
907 754
78 178
147 416
147 546
147 454
147 277
147 931
147 255
147 715
147 926
147 171
171 926
952 316
952 200
422 731
582 994
582 987
88 950
88 106
977 1004
977 378
977 1001
977 996
977 969
977 950
977 153
977 418
388 70
250 425
618 321
950 663
470 789
470 178
404 372
416 425
605 178
969 153
923 278
923 214
923 687
923 890
923 609
953 90
953 316
953 349
193 40
193 850
193 935
193 454
193 500
193 75
193 53
193 546
193 629
752 786
752 120
752 518
774 947
401 429
256 356
724 1004
837 738
732 127
732 407
935 720
748 926
759 77
134 738
754 718
320 107
320 1004
320 337
321 216
321 684
321 499
228 178
53 120
53 633
849 987
361 90
361 987
338 987
718 189
718 904
718 127
718 595
718 711
480 987
758 499
493 629
984 762
391 373
391 288
391 610
391 353
391 67
67 344
67 207
70 415
267 435
715 546
715 926
126 435
136 316
136 200
878 929
425 232
425 946
425 721
425 602
425 472
425 868
425 912
782 466
782 662
782 74
782 294
782 435
782 743
379 568
379 813
631 629
568 293
62 120
62 542
311 987
224 316
731 40
731 284
518 513
518 854
518 369
288 610
288 773
288 484
288 630
288 629
980 107
980 189
980 90
980 464
392 74
692 135
280 629
160 629
823 542
472 356
472 232
472 721
472 912
472 602
28 987
624 329
316 351
316 915
316 92
316 888
316 349
316 214
316 31
316 543
316 302
316 90
316 17
316 142
316 344
316 200
613 738
155 784
873 987
229 293
851 469
362 178
813 662
764 987
433 994
433 987
433 482
891 414
891 629
891 995
546 189
101 246
910 329
107 1004
107 90
107 553
107 670
107 335
61 178
672 946
77 912
292 135
73 926
189 410
189 994
189 595
784 390
294 74
75 415
561 629
844 684
844 499
127 595
369 263
293 550
293 538
295 178
251 987
1000 458
458 503
458 956
506 850
506 173
2 700
2 465
2 500
360 629
872 987
103 943
373 207
682 650
356 90
356 721
356 602
356 109
356 912
310 943
499 319
499 723
499 684
141 469
850 761
917 915
335 643
335 90
577 926
658 629
648 790
170 135
693 599
693 178
569 40
569 178
95 987
710 178
719 738
92 915
92 349
630 207
630 512
630 629
246 423
926 565
926 129
987 796
987 531
987 482
987 994
987 641
987 809
987 840
987 789
987 68
940 90
464 90
29 670
409 178
880 946
599 178
484 629
318 684
976 178
991 700
991 178
565 684
670 553
602 721
349 207
333 178
98 429
153 1004
153 418
153 996
750 629
996 418
178 130
178 929
178 415
178 749
178 90
178 538
178 359
178 339
187 40
745 738
52 790
200 351
200 344
200 915
200 543
643 1004
643 685
74 214
40 629
685 629
418 105
418 308
790 700
790 868
415 429
854 749
90 651
372 700
407 538
17 915
214 609
454 429
743 721
783 738
13 738
207 469
