99 178
776 135
776 746
963 67
541 506
541 738
737 175
971 165
971 316
971 200
854 250
0 605
0 178
0 732
175 977
175 423
990 165
990 316
313 356
313 416
313 602
313 765
313 232
143 142
966 168
966 575
780 514
780 603
780 423
445 288
102 638
231 607
231 540
231 874
231 987
231 738
386 319
767 178
978 629
810 107
377 101
377 951
191 415
191 752
191 692
233 692
343 607
343 310
343 853
343 368
343 943
343 399
920 891
920 746
648 356
648 416
648 90
648 586
648 168
648 912
648 294
229 742
229 421
437 738
355 147
159 416
159 868
159 290
159 214
159 62
159 746
71 595
955 987
575 168
581 135
150 415
879 322
314 178
4 135
686 147
428 165
428 207
428 316
800 62
607 742
607 414
607 696
607 334
607 891
547 280
948 356
948 416
948 803
948 949
948 765
373 391
373 207
306 742
833 415
885 416
885 586
885 30
133 602
900 742
900 662
900 746
58 909
424 421
424 207
30 356
30 912
697 855
697 925
770 250
248 746
56 491
56 987
56 482
698 987
514 977
514 832
514 378
514 1001
514 103
514 950
514 603
881 700
881 804
881 738
828 506
828 738
173 506
173 738
485 799
485 250
439 912
439 168
5 553
5 491
548 943
846 561
846 288
846 280
846 67
846 629
1003 454
101 246
101 423
332 250
332 500
50 559
702 996
702 738
895 163
220 362
220 471
32 977
945 738
857 165
857 915
857 316
857 200
245 591
245 692
245 994
245 987
245 874
650 738
530 630
530 746
530 629
530 24
979 783
979 738
730 356
730 912
746 591
746 214
746 851
746 731
746 718
746 813
746 223
746 687
746 834
746 994
746 775
746 742
746 534
746 980
746 502
746 450
746 668
746 739
746 684
746 157
746 692
746 720
746 135
746 935
746 542
847 207
586 356
586 416
586 383
586 447
586 111
586 267
586 126
586 573
586 294
586 782
586 435
586 166
454 401
454 268
454 196
454 592
454 429
42 943
924 738
924 327
924 644
534 591
534 609
534 90
534 939
921 783
921 738
61 356
61 718
643 685
281 160
281 491
281 24
281 526
764 874
764 987
765 742
765 356
765 318
765 912
765 868
765 542
83 742
381 658
381 14
381 29
381 738
268 633
268 196
268 713
268 98
268 592
268 117
125 622
125 510
535 444
535 250
874 540
874 840
874 873
165 35
165 280
165 952
165 915
165 67
165 92
165 543
165 349
165 953
165 142
165 31
165 344
165 647
165 316
165 302
165 136
165 200
484 288
383 891
383 595
383 362
572 422
572 40
558 458
558 319
558 207
558 499
558 321
558 216
558 956
558 48
558 565
510 622
814 500
517 356
517 267
622 676
622 323
622 46
622 559
295 178
556 168
832 388
585 371
573 74
112 267
249 178
216 319
216 458
532 516
532 738
41 73
41 723
540 987
540 855
540 994
540 338
502 742
502 591
502 605
502 915
502 188
502 923
502 862
502 280
502 189
502 337
502 538
502 687
502 976
502 178
114 122
769 742
740 788
740 106
577 147
577 458
577 178
304 441
168 356
168 416
168 232
168 949
168 266
168 472
168 782
168 912
527 696
432 987
432 482
587 415
587 720
907 754
78 506
78 178
147 416
147 748
147 196
147 972
147 590
147 926
147 171
147 347
147 931
147 285
147 277
147 933
952 316
422 680
422 731
422 284
214 629
582 987
721 104
761 738
977 410
977 423
977 950
388 299
551 250
939 38
939 474
939 323
918 684
950 943
950 423
470 178
408 207
416 356
416 294
416 425
416 256
272 40
605 1001
605 228
605 693
605 178
444 369
444 250
337 603
337 135
337 638
923 278
923 738
923 239
923 951
953 316
988 2
988 207
954 207
592 98
752 415
401 429
256 478
724 718
724 362
837 738
104 425
732 118
732 595
935 813
935 720
935 668
759 984
134 738
321 684
228 178
849 987
849 423
361 987
957 851
338 994
338 987
718 356
718 197
718 980
480 506
480 987
925 987
936 135
493 561
493 288
493 629
391 288
391 353
67 344
67 207
160 167
160 658
160 280
160 629
614 188
654 738
126 356
126 2
126 52
126 868
126 782
126 790
126 542
136 316
136 200
425 232
425 946
425 472
795 31
795 207
782 500
782 294
631 280
631 629
149 372
311 987
224 316
659 742
883 779
288 773
288 561
288 630
288 629
441 371
392 74
167 630
167 469
167 24
692 742
482 987
280 561
280 658
280 629
280 24
762 356
704 684
704 499
157 347
894 630
823 250
8 544
86 742
86 443
472 356
472 232
28 987
886 250
822 603
624 329
316 915
316 17
316 302
316 142
316 92
316 543
316 31
316 344
316 647
316 349
316 200
196 120
196 850
196 291
301 207
15 680
15 731
873 550
873 987
6 178
474 38
362 909
362 662
362 335
813 720
82 135
481 565
433 987
322 638
891 656
891 267
891 629
644 506
644 14
644 199
644 738
668 720
801 872
232 356
232 602
77 912
199 506
199 738
199 996
784 742
716 122
285 277
862 909
862 178
443 742
443 662
561 207
561 267
561 629
561 24
712 450
844 684
844 672
844 499
537 506
369 913
369 250
251 987
1001 14
1001 685
1001 738
2 404
2 119
2 479
2 166
2 638
2 715
458 684
458 25
506 404
506 996
506 738
506 745
506 192
506 289
506 688
506 899
506 576
835 742
360 629
872 987
371 135
103 423
270 738
682 738
356 743
356 912
356 602
356 790
356 868
356 209
356 166
356 90
310 943
372 404
372 934
372 595
499 319
499 684
499 565
812 700
812 465
812 790
812 119
934 595
934 239
31 915
850 738
803 415
658 629
687 742
25 684
693 178
943 69
943 399
838 353
838 92
669 544
569 178
421 188
95 987
710 178
24 267
24 629
435 267
722 250
719 738
949 912
630 415
630 700
630 685
630 629
246 423
987 531
987 994
987 641
987 809
987 840
987 789
987 68
513 250
509 603
491 29
409 178
993 742
599 178
319 48
319 684
603 735
603 378
603 505
863 742
976 349
976 178
991 178
135 628
135 405
135 855
135 870
565 684
565 723
164 638
804 516
679 684
550 629
772 629
153 418
742 591
742 152
742 400
742 901
742 771
750 629
996 105
996 418
996 738
526 629
142 207
142 267
788 634
634 638
187 40
745 738
200 915
113 250
576 738
685 629
418 105
62 163
646 542
646 163
646 250
163 799
516 738
684 48
542 250
329 775
333 178
912 266
929 178
327 738
538 178
14 738
783 13
783 738
657 738
178 339
40 802
13 738
207 469
188 469
