744 946
744 30
99 862
99 178
963 67
617 923
150 940
150 178
150 318
526 280
526 629
646 513
646 163
0 178
853 638
990 280
990 207
990 316
313 356
313 294
313 730
313 472
313 912
143 669
966 575
95 540
231 923
231 540
231 2
231 749
231 185
580 229
767 178
767 314
978 167
978 35
978 547
978 188
978 301
978 614
978 421
978 280
978 988
978 851
978 957
978 954
978 469
978 512
978 424
978 795
978 817
978 207
978 141
978 552
377 422
377 718
377 530
377 246
377 738
671 397
974 435
974 984
233 692
233 935
233 746
343 322
343 663
343 749
343 624
920 280
920 274
920 851
920 67
648 586
229 397
229 306
229 421
955 819
955 987
955 540
955 427
955 925
955 311
581 855
581 540
581 135
879 591
201 208
314 538
314 605
314 929
314 228
314 178
314 599
180 958
376 634
376 832
971 316
428 207
428 189
428 915
428 316
428 200
800 62
547 280
948 356
948 416
948 752
948 425
948 782
948 75
948 112
948 332
948 699
948 260
948 30
151 923
306 742
306 374
656 280
133 294
133 602
133 765
900 40
900 662
900 272
96 624
509 634
611 14
424 795
30 908
30 425
175 5
697 855
697 925
988 167
56 540
68 540
365 118
888 207
888 316
521 77
881 810
485 542
125 676
951 31
951 707
951 239
951 147
951 367
951 474
951 715
951 706
951 926
1004 724
1004 275
1004 153
1003 454
668 158
668 746
332 356
332 586
332 425
332 472
332 517
776 334
776 214
895 518
220 75
220 65
32 280
32 669
857 165
857 915
857 316
245 994
245 540
245 873
245 736
245 591
272 75
272 40
530 630
530 891
530 280
530 629
730 356
730 912
746 813
746 692
746 591
746 720
746 214
746 935
381 107
586 383
586 74
586 885
586 294
586 214
586 168
586 782
586 912
586 166
586 984
674 112
674 74
166 74
166 126
546 715
281 280
281 905
764 540
764 994
765 356
765 602
654 991
654 783
268 633
268 98
535 913
535 369
535 444
535 542
165 31
165 401
165 207
165 67
165 316
165 136
772 923
772 454
383 321
383 720
383 918
572 293
910 193
997 90
77 168
77 425
77 759
77 439
77 266
77 912
77 699
77 949
77 556
862 178
862 470
443 662
443 86
295 178
736 540
423 977
423 849
423 246
112 74
112 1000
249 178
399 943
399 46
532 700
24 630
24 750
24 280
24 891
24 629
422 613
422 680
422 280
422 731
422 563
540 796
540 872
540 582
540 311
540 531
540 482
540 251
540 480
540 433
540 361
540 925
540 338
540 994
540 641
540 809
540 329
540 873
540 789
540 840
540 698
540 28
540 849
502 470
502 61
502 854
502 749
502 130
502 178
502 731
925 873
925 311
670 107
670 553
670 29
924 199
168 912
168 260
168 425
707 416
707 633
707 923
707 680
707 609
707 98
707 214
707 120
707 193
78 178
147 157
147 290
147 454
952 316
929 878
929 599
929 178
107 98
977 796
977 410
977 418
388 832
388 634
244 90
939 706
918 758
918 25
470 538
470 333
470 789
470 178
19 333
416 356
416 425
416 472
605 333
605 178
337 919
337 663
75 742
75 718
75 662
75 70
75 334
75 749
75 65
923 120
923 278
923 214
923 290
923 193
923 738
923 890
923 687
923 921
923 367
923 53
953 280
953 207
953 316
953 92
806 782
806 915
806 316
806 838
954 301
846 629
401 415
401 98
401 429
401 454
256 294
837 719
104 294
104 425
104 790
921 738
517 157
517 61
832 38
832 329
832 638
759 294
134 98
321 704
228 693
228 178
53 90
53 186
849 338
957 374
338 994
338 624
718 157
718 980
718 61
718 777
718 716
718 149
493 629
984 294
984 762
260 912
260 425
260 90
67 344
885 294
70 103
70 649
83 855
644 506
425 356
425 946
425 790
425 472
795 207
782 351
782 915
782 838
782 435
782 250
584 731
584 284
631 280
631 629
568 662
696 334
696 739
696 692
696 935
278 98
224 316
390 784
288 629
980 479
392 74
184 333
692 742
692 749
692 935
482 531
251 987
280 561
280 915
280 188
280 301
280 851
280 142
280 647
280 687
280 629
280 35
280 360
280 241
280 421
280 141
280 469
280 65
280 293
157 61
160 629
823 518
823 542
8 739
86 662
472 356
472 232
28 264
316 351
316 915
316 17
316 31
316 647
316 349
316 543
316 302
316 136
316 142
316 92
316 344
316 200
15 680
15 731
609 90
609 429
6 178
117 98
813 935
886 250
891 629
101 246
61 742
61 122
61 522
61 991
870 135
232 700
189 915
189 410
784 742
784 855
784 300
784 4
132 46
716 127
716 149
397 975
731 284
561 629
38 322
712 40
712 214
844 499
127 866
858 991
458 499
458 790
458 25
506 333
2 700
2 768
360 629
374 400
732 118
356 52
356 912
356 790
650 850
499 684
934 318
31 214
850 13
850 90
335 29
454 415
454 120
454 98
658 629
658 92
693 178
569 178
595 237
236 537
710 178
109 790
630 629
369 913
940 214
29 899
409 178
946 633
599 178
484 629
976 178
991 178
518 90
518 799
662 40
662 214
294 74
294 447
294 868
602 721
333 178
98 713
98 429
742 120
750 629
996 418
739 144
142 915
178 415
178 538
178 339
720 935
200 351
200 915
200 136
113 90
113 62
74 214
685 629
62 90
700 790
170 855
214 90
214 500
136 915
544 669
657 90
