99 228
99 249
99 502
99 605
99 569
99 862
99 409
99 599
99 470
99 538
99 767
99 0
99 710
99 314
99 78
99 333
99 976
99 693
99 178
99 929
703 692
963 67
541 1001
541 924
541 738
737 440
737 335
526 280
526 360
526 629
854 250
0 228
0 929
0 862
0 6
0 78
0 470
0 314
0 249
0 333
0 693
0 178
0 605
0 502
0 409
0 599
0 538
0 710
0 767
0 519
0 976
0 991
175 849
175 423
723 565
990 31
990 280
990 316
313 356
313 472
143 580
143 410
591 502
591 61
576 738
780 977
780 832
780 514
780 423
445 288
557 447
102 139
231 607
231 245
231 987
231 923
231 329
231 830
767 333
767 929
767 178
978 167
978 35
978 547
978 188
978 301
978 614
978 421
978 988
978 851
978 957
978 954
978 469
978 512
978 424
978 795
978 817
978 207
978 141
978 552
978 493
377 423
191 416
191 692
191 90
233 692
233 90
343 950
343 399
343 322
343 310
920 280
229 742
229 523
53 120
355 147
159 746
614 547
614 190
614 862
614 280
614 629
136 316
369 250
955 987
575 500
581 742
581 135
48 758
879 742
324 38
324 586
201 107
314 929
314 538
314 277
314 178
622 139
686 147
686 650
428 31
428 952
428 915
428 349
428 857
428 214
428 316
607 718
607 61
607 746
364 506
364 692
547 280
948 356
948 416
948 120
948 425
948 803
948 232
948 517
948 75
948 168
948 592
373 207
373 190
198 120
141 188
833 415
833 662
656 280
656 190
900 742
96 832
240 586
195 916
195 595
863 742
866 718
889 126
790 782
790 868
790 318
770 250
56 987
68 987
514 977
514 832
514 950
514 582
808 29
881 14
881 13
881 810
881 738
828 738
485 646
485 823
485 250
125 139
5 335
951 273
951 898
951 707
951 880
951 857
951 609
951 306
951 939
951 543
226 440
487 139
101 423
332 586
332 250
332 573
332 500
332 782
332 542
50 559
388 502
388 61
702 738
32 197
32 280
32 921
32 718
32 791
945 738
664 335
245 692
245 840
245 987
245 329
245 764
272 595
272 754
530 280
530 24
530 629
530 746
730 356
730 912
730 168
746 692
746 915
746 197
746 687
746 214
746 720
746 668
746 935
381 506
381 335
381 29
381 980
381 670
381 178
586 38
586 197
586 447
586 294
586 762
586 743
586 126
586 168
586 573
586 868
586 326
586 435
586 166
454 401
454 429
454 609
454 592
454 120
454 291
674 112
66 45
166 356
166 168
166 573
166 61
166 447
166 912
166 743
166 126
534 334
534 139
534 502
534 939
546 662
590 147
281 127
281 280
764 987
765 356
765 742
765 416
765 168
765 104
765 912
765 936
765 868
765 214
765 721
765 542
654 738
638 700
638 164
638 832
638 334
535 250
165 31
165 401
165 316
165 67
772 923
772 75
772 334
772 120
772 566
383 251
383 531
383 362
572 802
572 450
558 956
558 684
558 704
510 139
814 517
814 500
862 929
862 178
862 909
862 293
443 742
443 692
443 662
443 86
585 167
573 294
262 810
112 700
112 267
693 605
693 929
693 178
693 599
693 502
216 321
216 618
532 761
532 738
41 758
540 840
540 994
540 987
502 915
502 929
502 228
502 118
502 214
502 851
502 718
502 333
502 464
502 188
502 605
502 61
502 280
502 189
502 178
502 538
502 710
830 692
769 742
769 135
740 106
670 335
670 29
924 850
924 738
924 644
168 356
168 260
168 472
168 232
168 949
168 447
168 425
168 362
168 266
168 912
168 30
432 987
707 923
707 633
707 416
707 680
707 98
707 214
707 880
707 193
78 929
78 178
147 933
147 972
147 214
147 926
147 347
147 577
147 230
147 931
147 285
147 277
147 171
775 692
952 316
952 362
952 200
929 228
929 409
929 599
929 538
929 605
929 710
929 333
929 249
929 178
107 236
107 718
107 90
107 980
107 810
582 994
582 832
582 987
716 718
716 149
977 103
977 189
977 423
977 950
977 418
250 886
250 444
250 113
250 513
250 646
250 551
250 823
250 542
250 722
950 832
338 987
404 934
416 912
416 447
416 90
416 868
416 782
416 356
511 849
605 228
605 178
923 120
923 921
923 450
923 214
923 135
923 738
953 280
953 316
139 676
139 939
139 601
139 206
139 477
139 64
139 154
139 323
193 712
193 120
193 500
846 288
846 629
774 947
401 415
401 429
401 98
401 291
857 316
724 1004
724 718
837 783
837 738
104 425
921 738
517 356
517 602
517 61
935 720
935 668
832 634
832 299
832 103
134 592
228 178
843 718
843 184
849 987
849 423
849 327
849 275
361 987
939 474
993 742
718 692
718 915
718 61
718 127
718 280
718 883
718 687
718 356
718 178
480 987
236 537
493 288
493 629
391 288
260 266
160 629
83 742
126 294
126 912
644 738
425 472
425 912
425 946
425 305
782 700
782 61
782 500
379 568
631 280
631 629
528 335
568 947
696 692
278 214
311 987
225 883
659 742
731 680
731 422
731 491
305 232
288 484
288 629
288 561
288 630
288 773
980 335
392 267
184 127
184 883
692 742
692 90
692 61
692 135
482 987
280 561
280 35
280 915
280 188
280 422
280 851
280 647
280 629
280 24
280 167
280 360
280 241
280 421
280 142
280 293
762 447
290 214
290 253
704 743
704 684
704 844
157 277
86 742
472 356
472 232
472 912
28 987
979 738
779 127
779 423
779 883
316 915
316 17
316 349
316 142
316 92
316 971
316 31
316 344
316 647
316 200
595 169
196 120
15 680
15 422
609 120
609 592
6 178
474 38
851 61
362 909
362 189
362 647
362 293
362 464
337 135
82 700
82 135
433 987
891 629
742 400
742 835
742 152
742 61
742 135
742 901
742 784
742 306
713 592
61 356
61 915
61 450
870 135
232 356
232 912
232 946
566 120
566 253
73 499
75 334
410 249
592 98
561 629
712 40
712 450
844 684
844 672
844 565
127 423
127 246
295 178
251 987
251 928
909 887
1001 506
1001 199
1001 738
506 738
2 700
360 629
872 987
872 599
371 135
103 423
173 738
270 738
682 738
356 447
356 946
356 743
356 868
356 912
356 30
471 483
499 684
499 565
812 465
31 915
31 92
850 738
335 208
335 1004
335 464
335 537
335 700
335 468
335 553
335 810
335 643
658 629
687 214
170 135
249 178
885 90
569 178
347 577
95 987
710 423
710 178
761 738
24 630
24 267
24 629
435 267
435 500
719 738
630 423
630 629
246 423
284 422
898 29
199 996
199 738
987 531
987 994
987 641
987 809
987 925
987 873
987 840
987 698
987 789
239 577
971 915
971 200
409 178
537 440
599 178
976 178
976 349
991 178
135 628
135 405
135 4
483 153
662 40
662 267
633 120
602 743
333 178
98 429
437 738
996 418
996 423
996 738
450 40
450 802
512 469
142 274
142 188
745 738
52 868
200 915
167 469
643 657
353 190
40 802
685 629
62 646
62 542
415 429
646 542
207 469
810 7
181 190
700 119
700 178
516 13
516 743
516 738
650 738
190 274
190 629
214 334
214 531
214 912
470 178
912 949
912 447
327 414
327 738
680 422
538 178
14 783
14 738
291 429
783 738
657 738
178 339
13 738
