744 168
744 912
963 65
963 67
617 923
617 135
541 702
541 199
150 415
748 926
971 915
971 200
646 823
646 485
646 518
646 542
646 62
646 113
853 223
990 165
990 915
990 838
990 92
990 428
990 888
990 142
990 31
990 647
990 349
990 857
990 302
990 136
990 953
143 739
143 669
576 850
780 977
236 335
231 540
231 736
231 170
231 789
231 28
231 873
824 547
978 35
978 188
978 301
978 614
978 817
978 851
978 957
978 954
978 415
978 90
978 207
978 167
978 547
978 421
978 988
978 962
978 141
978 469
978 512
978 795
978 552
978 424
962 850
962 987
163 518
163 800
377 630
233 214
343 663
343 749
343 223
920 167
920 851
648 765
648 425
648 885
648 416
648 267
648 721
229 607
229 334
229 696
437 702
159 214
614 988
614 547
957 547
807 400
311 789
311 955
581 942
737 335
879 322
879 740
324 337
201 843
201 335
314 929
180 958
376 731
337 378
428 31
428 952
428 915
428 136
428 857
428 302
428 316
428 200
800 854
800 62
607 696
483 95
857 31
857 915
857 165
857 200
547 167
547 35
547 207
547 188
547 301
547 421
547 280
547 141
547 851
547 954
547 241
547 469
547 512
547 795
547 552
547 424
547 293
948 416
948 260
948 168
948 946
948 334
948 214
948 752
948 765
948 425
948 586
948 868
948 912
948 65
427 955
306 742
833 415
885 439
885 586
885 294
900 742
900 40
900 272
953 316
58 586
611 702
611 14
611 644
424 795
30 356
30 765
30 790
175 849
175 335
175 423
697 855
697 540
697 293
790 416
790 2
790 439
790 765
790 881
790 104
790 126
248 506
248 157
248 891
248 740
652 843
56 789
698 789
514 977
514 950
91 819
881 700
881 850
881 810
828 702
485 518
5 506
5 335
951 630
951 707
951 367
951 225
752 70
782 232
782 586
439 266
439 168
439 232
439 912
439 77
439 949
702 506
702 921
702 996
702 745
702 327
702 644
702 199
702 381
702 1001
702 761
702 14
702 837
702 192
702 924
702 650
895 518
220 65
32 280
32 921
32 915
664 335
245 789
245 540
245 53
245 214
113 535
113 518
530 891
530 629
817 294
746 813
746 668
746 935
381 335
558 48
66 260
66 45
924 516
924 644
490 586
45 260
908 765
48 344
48 956
48 684
48 319
48 565
660 450
765 425
765 104
765 721
83 784
83 400
268 98
535 518
535 250
535 913
165 207
165 67
165 838
165 31
165 401
165 344
165 586
165 915
165 316
165 200
823 518
383 586
383 293
383 362
572 662
572 372
586 310
586 160
586 479
586 609
586 267
586 257
586 573
586 294
586 837
586 940
586 161
586 915
586 947
997 65
522 546
862 909
862 90
862 78
443 13
443 662
443 86
906 740
906 88
736 540
736 214
736 239
203 784
693 178
775 506
4 441
502 118
502 90
502 178
502 749
137 134
994 789
994 540
925 789
925 955
740 157
670 506
670 335
166 743
168 260
168 602
168 472
168 232
168 912
168 334
168 425
527 710
432 789
707 416
707 633
707 880
707 680
707 609
707 98
707 214
707 120
811 415
907 843
326 587
147 416
147 171
53 923
53 107
53 518
952 915
952 200
929 878
929 599
713 98
582 789
716 718
88 663
977 1004
977 832
977 423
977 969
977 950
388 742
551 518
250 518
918 758
404 595
416 425
416 629
416 65
272 742
272 595
272 450
605 1001
605 178
444 518
923 687
923 214
923 367
431 188
988 167
988 301
954 167
846 288
846 280
846 67
401 415
401 98
401 429
104 425
517 267
935 813
935 720
935 668
832 400
832 410
832 487
832 184
134 98
754 843
33 692
33 364
33 891
33 764
843 320
843 393
843 407
843 883
849 789
849 644
361 789
939 534
939 638
338 789
718 915
718 135
718 61
480 789
758 723
758 956
663 649
913 722
913 369
913 518
493 838
391 288
260 912
260 425
351 915
70 415
715 926
126 232
126 721
126 868
985 335
425 232
425 946
425 334
425 214
425 912
795 421
795 207
584 731
631 280
528 362
528 589
696 334
696 595
696 731
278 540
278 98
638 700
955 540
955 987
955 789
955 873
722 518
659 742
883 184
883 225
518 369
518 214
518 62
518 513
518 854
518 542
518 799
980 335
980 464
184 936
184 38
167 630
692 334
865 65
668 813
668 630
668 720
280 561
280 658
280 595
280 629
280 24
762 185
704 743
704 684
157 347
157 362
472 232
472 912
28 789
28 738
316 915
316 214
316 75
316 367
316 200
196 65
15 680
15 731
873 789
873 540
6 506
851 90
117 98
813 400
813 720
764 789
764 540
764 624
433 789
197 850
891 414
891 830
644 506
644 199
644 1001
644 14
101 246
101 423
61 991
61 915
232 912
315 658
199 850
784 742
784 901
784 400
784 390
784 863
132 634
294 868
294 74
75 742
75 633
75 65
75 629
293 207
561 629
127 595
731 284
251 789
251 987
506 850
506 29
506 921
872 789
374 742
374 105
374 400
55 169
371 135
478 267
347 933
347 454
654 991
192 335
310 223
499 684
367 214
367 868
850 719
850 13
850 90
850 516
850 738
850 783
850 14
335 208
335 1004
335 464
335 810
335 118
335 643
335 29
335 468
335 553
335 537
335 688
335 899
751 267
170 855
288 484
288 773
288 630
288 629
838 302
838 267
595 169
95 789
710 599
24 35
24 90
435 214
435 267
224 349
540 840
540 789
540 863
630 484
630 207
630 739
630 629
246 423
987 65
940 214
239 142
65 720
65 609
863 742
976 90
991 450
135 915
135 628
135 942
921 796
662 214
299 634
602 334
796 789
98 454
98 107
98 429
153 418
153 996
996 418
142 915
142 267
178 90
788 106
634 106
68 789
200 915
200 302
200 136
482 789
415 429
415 334
942 936
189 214
189 749
516 90
789 531
789 641
789 809
789 840
120 609
454 429
190 629
17 915
105 418
214 609
136 915
13 90
