99 178
703 935
963 67
541 644
737 327
748 577
526 280
854 185
854 890
0 432
0 178
175 275
175 849
175 5
175 423
175 532
990 280
990 207
990 424
313 416
313 472
313 256
313 104
313 294
313 30
143 739
143 362
780 977
780 603
445 288
445 280
445 891
969 977
969 189
231 540
231 874
231 245
231 987
231 338
580 544
767 178
978 53
372 404
372 149
377 506
377 159
233 692
343 534
343 310
343 943
343 399
920 280
920 841
920 746
355 715
355 577
159 866
159 416
159 724
159 214
159 316
159 746
807 951
311 697
311 987
581 135
879 663
324 586
314 178
314 929
180 727
337 135
337 505
607 700
607 75
607 334
607 782
607 577
547 280
547 851
373 190
972 577
141 469
885 294
133 168
900 742
900 662
900 450
922 528
424 795
863 742
863 306
863 769
863 771
863 626
863 83
863 720
863 659
863 993
697 855
697 540
697 925
248 746
56 987
68 987
365 718
365 522
514 977
587 326
125 534
5 506
951 663
226 90
277 147
277 577
439 266
439 912
439 168
332 782
332 586
332 500
776 746
702 327
220 75
220 334
552 167
552 851
32 977
32 280
32 921
32 214
32 433
857 952
245 874
245 890
245 987
272 742
272 662
272 450
530 280
530 746
530 630
530 629
530 891
368 310
746 522
746 591
746 550
746 517
746 812
746 214
746 851
746 731
746 415
746 718
746 813
746 223
746 687
746 834
746 994
746 775
746 742
746 692
746 980
746 502
746 450
746 923
746 668
746 739
746 684
746 157
746 534
746 720
746 135
746 935
746 542
381 107
381 192
381 335
586 356
586 416
586 38
586 74
586 197
586 782
586 294
454 401
454 98
454 429
454 772
42 510
924 14
534 939
921 657
590 577
281 280
48 319
48 684
48 499
765 362
83 855
721 104
721 602
268 98
268 633
268 117
111 935
874 540
874 840
874 873
874 764
165 31
165 401
165 344
165 316
165 67
772 120
772 75
772 334
772 609
772 566
383 891
383 528
383 362
558 458
558 216
558 319
558 956
558 207
510 474
510 832
510 943
510 139
510 46
510 649
510 323
510 939
522 38
517 478
517 648
517 186
517 256
517 450
517 112
517 53
517 267
443 662
443 86
295 178
764 994
764 987
112 267
112 52
693 228
693 178
693 862
24 280
24 891
24 629
540 994
540 873
540 955
540 987
502 915
502 929
502 61
502 862
502 118
502 718
502 538
502 228
502 976
502 851
502 178
502 185
114 716
925 987
670 506
577 686
577 933
577 255
577 214
577 715
577 926
577 157
577 347
577 147
577 931
577 285
577 171
462 415
462 11
168 416
168 425
168 935
168 472
168 232
168 912
168 949
168 790
527 870
432 987
707 98
78 178
147 53
147 214
147 931
952 344
952 543
952 136
952 200
929 599
929 178
713 98
582 994
582 987
716 718
977 1004
977 423
977 275
977 1001
977 418
977 103
977 410
977 433
977 950
977 153
977 779
388 742
388 634
388 550
388 280
388 638
250 369
918 499
470 178
791 862
416 74
416 782
416 294
605 178
75 334
75 178
953 280
954 630
193 53
193 731
846 561
846 288
846 280
846 67
774 947
401 98
401 429
396 761
256 267
256 294
724 883
837 783
104 425
104 74
104 294
104 126
104 984
546 433
935 841
935 813
935 720
935 214
935 668
832 299
832 410
832 638
759 984
134 232
134 98
754 16
321 499
228 178
228 599
53 499
53 70
53 542
849 987
849 275
849 327
361 987
338 987
718 61
718 883
718 980
480 987
758 844
663 103
984 782
984 294
391 288
391 67
67 344
67 207
67 190
160 280
160 629
715 926
126 52
644 738
644 650
644 996
644 327
425 356
425 648
493 288
493 280
782 868
782 435
782 483
631 280
528 909
528 362
528 589
696 915
696 595
278 98
638 334
638 2
955 987
224 349
293 280
288 561
288 484
288 773
288 629
288 280
288 630
441 304
980 127
392 74
167 851
369 646
369 913
628 82
628 135
668 813
668 630
280 561
280 915
280 188
280 422
280 685
280 851
280 647
280 658
280 891
280 750
280 35
280 360
280 421
280 142
280 241
280 656
280 630
280 484
280 629
46 310
894 630
823 485
482 987
472 356
472 52
472 232
472 912
28 987
153 410
153 418
779 101
316 915
316 142
316 838
15 680
609 855
6 506
6 178
474 38
474 603
362 371
117 98
672 844
672 499
433 987
433 738
891 414
891 90
891 630
891 629
101 246
101 16
101 423
107 468
107 98
61 742
870 135
232 949
814 500
73 41
189 506
784 742
862 909
862 118
862 178
410 976
592 98
795 421
795 207
561 629
38 334
844 684
844 704
844 499
127 595
149 327
251 987
1001 327
1000 458
2 998
2 306
506 996
506 29
835 450
872 987
371 135
103 423
347 926
192 327
356 602
405 135
812 700
812 119
812 790
306 771
850 90
687 742
294 447
294 74
478 267
249 178
943 164
838 915
656 190
569 178
595 450
95 987
710 178
435 500
630 685
630 629
246 423
284 422
987 873
987 531
987 994
987 641
987 809
987 789
987 840
987 698
995 742
513 646
940 214
19 333
409 178
946 415
599 178
692 769
318 499
976 178
991 178
915 136
915 142
915 178
135 855
565 723
565 41
565 481
565 499
164 402
662 214
662 450
275 327
333 178
98 291
98 429
319 684
742 90
742 771
750 629
841 274
996 418
996 738
450 802
499 679
499 704
745 327
723 41
200 136
74 912
74 166
353 190
418 105
62 646
62 163
62 542
415 429
415 178
186 267
90 657
90 178
90 629
181 190
516 783
429 291
684 704
650 327
190 274
704 743
423 790
327 897
538 178
648 267
178 339
