383 362
703 951
814 500
963 67
541 923
541 134
700 532
362 166
813 746
633 11
0 214
0 184
433 32
365 118
112 674
112 751
891 414
532 381
532 516
996 506
996 199
111 885
189 1004
646 513
646 369
646 62
168 912
168 260
168 949
745 837
517 546
388 746
440 537
720 746
899 808
591 542
591 746
643 685
275 1004
163 62
650 1001
107 553
685 605
685 1001
685 484
955 624
418 105
62 823
62 542
977 419
1001 14
250 886
250 444
854 535
854 542
2 823
810 289
506 923
416 648
605 178
819 329
923 542
306 317
718 980
774 947
96 638
192 381
393 843
542 915
356 912
120 823
841 245
841 828
950 663
868 30
868 790
531 987
91 220
335 381
796 14
687 746
663 638
260 90
439 949
332 500
870 746
840 624
14 724
14 90
890 865
823 722
648 790
462 135
746 692
746 534
746 223
746 935
329 624
