383 362
464 107
814 500
111 762
963 67
737 107
646 513
646 62
646 485
764 624
82 135
736 540
570 765
153 418
985 107
532 107
532 381
591 248
664 107
201 107
4 135
306 742
900 742
231 657
231 738
996 14
996 199
996 418
996 644
468 107
393 107
411 418
652 107
670 107
670 688
166 517
168 126
199 14
199 644
974 868
745 506
517 356
517 765
517 602
517 157
517 586
517 854
517 542
517 674
517 565
75 135
720 135
235 854
899 107
208 107
506 828
506 480
506 688
506 192
506 14
506 289
506 173
506 644
643 107
712 942
107 1004
107 810
107 320
107 118
107 898
107 381
107 335
107 289
107 980
107 29
107 327
107 553
107 537
107 5
107 236
107 688
107 808
107 192
107 175
257 865
369 535
418 105
790 126
398 602
942 135
551 62
1001 702
1001 14
1001 924
1001 644
250 854
180 897
854 90
854 542
947 774
700 126
628 135
292 90
10 173
581 135
193 500
371 135
751 267
173 14
173 657
602 743
602 765
837 850
192 381
58 586
611 644
542 62
170 135
248 607
248 687
248 696
248 692
855 135
868 730
531 528
537 236
881 850
850 90
850 644
828 644
485 62
912 126
984 762
327 381
327 358
332 500
267 648
126 782
644 702
644 14
644 924
702 14
702 924
870 135
425 765
122 924
14 924
890 135
983 90
648 765
746 414
586 762
994 56
841 90
546 500
908 765
721 765
