744 232
744 912
744 168
703 784
703 306
703 951
669 580
669 772
963 367
617 776
617 987
115 536
150 471
971 200
646 62
175 107
313 912
313 133
313 721
313 730
313 948
143 739
966 168
236 107
236 537
236 320
557 367
102 534
231 415
231 245
231 840
231 987
231 874
231 873
580 686
111 790
8 772
978 469
978 795
978 630
978 367
978 920
978 851
978 120
978 951
962 147
163 62
377 718
377 149
671 397
671 772
974 362
974 74
974 586
347 171
233 692
233 367
343 534
343 322
343 663
920 181
920 188
920 190
235 923
235 161
235 772
902 280
902 360
902 526
159 220
614 469
614 188
614 190
21 782
21 353
807 772
955 427
955 540
955 840
955 987
581 855
581 942
581 135
879 534
605 502
605 670
605 333
605 228
605 685
605 5
605 178
201 107
376 832
337 904
337 505
428 351
428 31
428 952
428 915
428 349
428 224
428 316
857 122
857 275
857 915
857 136
857 316
547 167
547 469
547 988
547 280
948 416
948 120
948 52
948 74
948 517
948 126
948 425
948 250
948 454
948 218
948 912
948 435
948 90
151 253
151 196
373 391
373 344
562 534
141 469
141 188
71 595
885 74
133 648
133 521
133 90
133 765
900 187
900 272
900 450
309 534
384 790
509 638
611 14
424 469
424 207
424 795
30 765
697 855
697 170
697 925
697 293
806 316
248 75
248 915
248 530
248 214
248 772
652 107
56 987
68 987
84 534
919 534
264 193
954 469
386 319
386 25
125 206
125 622
125 676
125 534
5 107
5 670
272 75
272 40
272 187
272 742
782 700
782 66
782 790
782 45
1003 454
277 214
439 266
439 949
439 730
439 52
332 435
776 367
743 721
895 518
220 334
220 120
220 75
220 367
220 214
220 65
220 749
32 189
32 2
32 923
32 90
32 214
32 178
32 791
664 107
664 362
245 874
245 736
245 987
113 518
530 915
530 586
530 61
530 450
530 891
530 772
530 24
817 469
983 214
730 356
730 912
746 157
746 813
746 90
746 720
746 668
746 684
746 935
381 107
381 532
381 670
706 951
586 383
586 915
586 74
586 294
586 267
586 517
586 984
586 435
586 166
586 772
674 517
66 52
42 534
166 74
166 517
166 294
166 435
166 984
534 591
534 120
534 638
534 510
534 622
534 649
534 906
534 939
534 247
534 38
534 676
534 477
534 323
534 154
534 489
534 322
534 139
534 106
534 893
534 601
534 788
534 206
534 460
534 740
534 388
534 822
534 772
534 474
534 64
45 52
590 147
590 772
281 189
281 280
281 772
764 874
764 987
765 356
765 425
765 648
765 52
765 517
765 721
765 772
654 783
654 991
654 738
268 98
767 333
535 185
874 540
874 840
874 873
865 120
865 367
823 369
823 551
823 890
383 107
383 138
383 873
572 246
558 216
558 48
997 367
814 294
294 759
294 74
273 951
736 540
573 149
573 74
112 74
249 643
249 491
249 470
216 319
216 48
532 107
532 1001
24 750
24 891
24 630
24 280
24 629
422 15
422 731
422 284
540 987
540 338
540 994
540 641
502 506
502 61
502 333
502 228
502 367
502 78
502 214
502 178
137 306
393 107
393 754
323 139
323 951
322 164
670 506
670 688
670 335
670 29
670 107
670 553
670 980
924 14
924 199
168 425
168 648
168 521
168 472
168 104
168 912
168 984
168 949
527 720
527 710
707 98
907 184
907 883
101 246
147 120
147 90
147 75
147 367
147 926
147 171
53 321
53 274
53 738
340 772
952 351
952 915
952 200
107 208
107 1004
107 464
107 810
107 320
107 367
107 118
107 643
107 289
107 898
107 335
107 98
107 985
107 980
107 29
107 327
107 468
107 553
107 537
107 688
107 808
107 192
107 138
107 772
107 899
970 772
582 364
582 994
582 987
716 718
716 362
716 61
716 772
977 1004
977 189
977 149
977 418
977 153
388 61
388 772
918 362
950 663
587 789
587 833
416 946
416 790
324 367
969 718
969 772
923 90
923 915
923 334
923 890
923 595
808 29
808 899
193 316
193 338
846 280
401 415
401 98
401 165
401 429
401 454
256 721
837 738
104 425
104 74
546 738
517 356
517 61
517 267
517 157
517 602
517 854
517 565
517 542
935 813
935 720
935 668
832 423
134 98
754 718
754 184
754 883
321 290
228 464
228 178
843 184
843 883
849 149
849 987
849 338
361 987
957 469
48 458
718 742
718 866
718 122
718 61
718 724
718 595
718 684
718 415
718 904
718 293
718 915
718 127
718 114
718 841
480 987
912 356
912 425
912 813
912 472
912 762
912 946
758 844
758 41
663 410
185 915
984 267
984 74
391 750
391 484
391 353
391 288
518 90
518 799
67 165
351 200
160 280
160 507
267 478
267 392
267 648
267 751
267 891
267 435
83 784
83 152
425 232
425 949
425 790
795 469
266 949
584 731
631 280
528 138
890 633
890 772
696 624
278 98
278 712
62 500
311 987
883 772
883 407
883 779
883 225
883 184
980 122
980 772
184 407
184 779
184 225
184 711
167 469
369 275
369 132
165 31
165 344
165 316
280 561
280 739
280 526
280 658
280 891
280 772
280 629
157 367
70 367
70 38
70 772
472 232
472 367
472 52
28 987
779 149
316 120
316 915
316 190
316 367
316 543
316 136
316 200
205 772
301 469
15 731
6 772
802 187
802 362
362 565
362 771
362 306
117 98
813 214
813 90
804 881
433 789
433 987
433 796
891 414
891 658
891 995
927 367
61 742
61 591
61 90
61 169
656 181
232 648
232 52
232 946
292 772
189 410
189 772
784 306
784 155
784 300
784 214
784 390
784 772
565 772
862 178
75 40
75 662
75 940
75 334
75 772
75 306
410 650
283 772
443 662
293 229
293 772
561 629
38 90
712 40
712 591
712 687
712 450
712 214
844 499
844 25
127 367
127 149
127 772
149 643
149 327
149 866
149 275
149 246
731 284
251 239
251 987
1001 506
1001 14
1001 685
458 319
506 1004
506 173
506 199
506 14
2 700
2 812
2 790
2 119
360 526
241 469
872 987
374 742
374 105
787 772
526 772
682 772
499 367
499 684
812 700
812 790
934 595
939 951
306 742
306 570
850 13
850 367
850 772
335 643
335 118
335 810
335 772
454 98
687 915
170 855
693 470
569 367
569 470
421 469
595 772
95 329
95 239
95 987
435 367
109 721
772 120
772 763
772 742
772 114
772 199
772 122
772 630
772 544
772 898
772 657
772 931
772 834
772 178
772 629
772 414
772 13
772 881
772 724
772 135
772 553
772 542
92 349
246 423
284 680
550 629
338 987
338 329
338 624
987 531
987 367
987 482
987 796
987 994
987 641
987 809
987 873
987 840
987 698
987 789
940 367
940 214
724 1004
880 946
946 367
537 208
65 367
976 178
915 591
915 450
915 120
915 136
915 17
915 200
624 789
624 840
356 721
925 951
662 40
662 187
662 214
402 788
402 634
633 120
602 648
602 721
602 52
602 90
333 749
333 178
333 470
98 713
996 418
451 469
142 200
178 367
178 470
187 60
745 738
52 868
720 367
367 684
367 334
367 544
367 190
367 629
367 40
200 344
470 789
353 181
274 181
274 951
790 700
790 868
207 469
810 289
789 951
120 190
188 469
188 951
190 90
35 469
975 397
14 783
648 90
648 721
90 721
