99 178
776 752
776 214
703 120
963 67
617 415
617 316
617 586
541 506
150 229
150 749
150 471
150 191
748 926
971 915
971 316
878 178
0 605
990 915
990 316
313 912
313 946
313 30
313 730
966 168
966 66
966 575
780 514
95 239
231 415
231 540
231 874
231 245
231 873
580 686
767 333
767 605
411 320
978 167
978 35
978 547
978 188
978 301
978 614
978 421
978 988
978 954
978 957
978 851
978 469
978 512
978 424
978 795
978 817
978 207
978 141
978 552
962 890
377 718
377 423
974 885
974 984
974 74
974 586
974 294
191 120
191 749
233 835
233 245
233 90
343 534
343 663
343 399
920 772
648 765
648 721
235 923
902 280
807 214
955 641
511 428
581 855
581 942
581 245
879 740
605 228
605 6
605 249
605 502
605 569
605 862
605 685
605 409
605 670
605 599
605 470
605 538
605 1001
605 710
605 78
605 333
605 976
605 693
605 178
201 320
376 70
428 952
428 857
428 915
428 522
428 888
428 316
800 62
547 851
948 120
948 425
948 90
948 74
948 52
948 803
948 239
948 772
948 435
948 126
948 790
151 923
151 253
151 278
151 290
151 749
373 344
306 75
306 742
306 214
71 595
885 573
885 74
885 586
885 104
885 294
885 435
885 166
885 984
133 294
133 602
133 90
133 521
900 187
309 70
309 534
309 38
195 595
30 946
30 730
30 416
697 540
697 83
697 771
697 855
697 925
697 873
697 293
790 2
790 716
790 812
790 458
790 595
248 415
248 772
56 994
365 866
919 70
919 883
888 316
253 454
951 789
951 273
229 421
229 891
229 293
229 24
439 912
439 949
332 782
332 435
332 250
332 318
50 559
702 14
895 823
895 551
895 799
895 518
220 75
220 772
32 189
32 214
32 718
32 53
336 147
857 915
857 316
857 838
245 170
245 540
245 264
245 874
245 329
245 873
245 764
245 624
113 646
113 62
530 24
730 356
730 387
730 676
730 912
730 946
730 751
746 813
746 935
586 356
586 696
586 74
586 294
586 762
586 267
586 126
586 573
586 984
586 435
586 166
586 772
66 52
42 534
42 649
42 323
166 294
45 52
61 718
281 280
281 189
281 905
48 458
48 319
48 723
48 1000
48 558
48 41
48 956
48 216
48 684
48 25
765 356
765 90
654 682
654 543
706 239
706 939
535 415
874 540
874 840
874 873
874 764
165 31
165 401
165 344
165 915
165 67
165 316
772 120
772 915
772 272
772 40
772 107
772 127
772 784
772 987
772 518
772 640
772 912
772 72
772 190
772 590
772 669
772 65
772 656
772 425
772 517
772 435
772 316
772 542
383 163
558 1000
997 367
294 759
294 74
294 256
294 104
294 573
294 984
622 125
622 634
622 323
622 676
622 559
699 912
771 90
556 912
573 435
573 126
693 178
216 1000
601 70
24 891
540 338
540 873
540 329
540 641
502 724
502 718
323 534
323 369
323 139
322 310
322 139
740 157
740 788
670 415
670 688
577 147
924 506
924 199
168 356
168 425
168 521
168 472
168 912
168 949
168 126
707 633
811 833
811 471
907 883
147 715
147 926
53 40
53 120
53 687
53 443
53 193
565 178
565 715
565 684
952 915
952 316
952 200
929 178
107 899
716 127
716 718
716 595
716 866
88 950
88 106
977 1004
977 153
977 418
977 969
388 178
918 758
918 684
950 514
338 329
338 849
338 624
404 595
416 803
272 568
272 40
272 187
324 70
337 663
969 178
923 415
923 595
923 120
923 890
923 738
953 915
953 90
953 316
806 316
806 200
139 369
193 633
193 120
193 443
193 264
752 120
752 136
401 415
401 98
401 429
401 454
724 506
724 1004
724 718
724 591
724 687
104 425
104 74
935 813
935 668
598 946
832 70
832 369
423 718
423 16
754 843
754 883
320 208
320 236
320 1004
321 684
321 499
843 16
843 779
843 883
843 597
868 52
38 90
38 939
939 534
587 789
718 866
718 127
718 595
718 684
718 415
718 189
718 883
718 178
758 723
758 41
984 912
984 267
518 799
70 943
70 534
70 299
70 310
126 356
126 912
644 506
644 199
644 783
425 912
425 232
425 946
266 912
584 731
379 568
890 731
568 40
568 187
568 662
568 60
568 947
568 293
696 435
696 595
278 415
484 207
224 915
224 316
676 751
534 510
534 367
534 474
534 106
534 788
534 125
980 122
692 415
610 280
188 141
280 687
280 739
762 178
704 684
157 415
157 590
460 638
472 356
472 949
472 912
316 351
316 915
316 17
316 31
316 647
316 349
316 543
316 302
316 136
316 92
316 142
316 344
316 367
316 200
1000 723
1000 41
1000 503
1000 458
196 120
15 680
15 731
346 634
6 333
851 415
715 926
813 90
813 668
433 994
433 796
891 414
232 52
77 912
199 506
784 90
784 390
132 369
517 415
517 356
75 870
75 334
75 443
410 189
443 72
443 662
731 284
198 120
712 40
712 214
712 450
844 318
844 684
844 499
369 513
369 936
369 275
369 46
909 841
1001 506
1001 14
521 912
458 319
458 956
458 684
506 1004
506 173
506 996
2 700
2 812
2 119
374 105
173 90
356 602
356 178
310 415
310 46
499 684
31 915
850 90
335 118
647 915
647 136
687 415
687 483
687 65
25 684
249 643
249 178
595 169
595 700
595 189
532 118
236 537
710 178
465 119
435 500
722 542
122 275
122 178
92 915
92 349
503 41
994 840
783 415
783 738
863 720
318 684
402 788
624 299
624 789
624 840
164 638
662 187
662 72
866 90
679 684
633 120
602 90
602 721
349 915
742 415
742 214
996 418
450 415
142 915
142 200
178 628
178 646
178 657
788 634
812 700
200 915
591 415
643 685
470 789
40 749
40 802
62 542
415 334
415 189
415 223
415 542
302 915
684 319
120 454
17 915
543 915
912 949
136 915
915 344
187 802
90 721
