99 599
99 314
776 334
703 120
963 367
963 67
150 471
748 147
748 933
526 530
175 275
175 849
175 335
990 428
990 178
990 24
313 232
313 472
143 544
664 335
445 414
445 891
445 530
695 40
231 540
231 874
231 873
262 335
767 314
978 207
962 316
810 107
810 881
810 335
377 422
974 885
22 663
493 530
233 835
388 742
388 534
235 948
355 147
614 469
614 214
575 232
575 168
581 540
581 942
581 135
581 367
581 170
737 849
737 335
879 322
324 84
324 676
201 107
201 236
201 335
314 710
314 599
314 78
376 559
686 147
428 207
428 915
428 857
428 888
428 316
800 62
364 764
547 469
547 851
948 356
948 120
948 134
948 868
948 743
948 790
948 721
948 415
948 257
948 803
948 912
948 90
948 765
948 946
948 267
948 752
948 168
948 133
948 425
948 191
948 472
948 165
948 435
151 90
373 391
373 207
141 469
71 595
885 166
885 586
900 742
900 40
509 638
509 893
424 207
30 104
30 743
697 855
697 925
697 293
56 105
919 1000
919 337
808 688
808 335
808 29
173 506
485 62
485 542
5 236
5 214
5 335
951 273
951 214
951 338
951 101
951 851
951 638
951 954
846 288
846 530
277 147
439 266
439 912
439 949
439 168
332 318
332 61
332 500
50 559
895 823
895 799
895 518
220 214
336 285
336 926
857 90
857 915
245 540
245 874
245 840
113 62
530 561
530 391
530 685
530 851
530 658
530 288
530 891
530 750
530 24
530 360
530 160
530 280
530 954
530 630
530 484
530 629
530 571
530 631
730 868
746 935
381 335
558 458
558 844
558 499
924 14
924 199
783 214
61 991
61 522
764 540
764 874
764 840
764 582
765 356
765 416
765 120
765 648
765 104
765 214
765 721
765 743
654 719
654 991
935 720
935 668
111 294
535 913
535 369
874 540
874 840
874 873
165 401
165 207
772 334
639 335
586 74
586 573
586 500
586 782
586 294
586 435
586 267
586 126
586 166
517 112
517 952
443 742
443 550
443 662
559 299
736 835
216 458
216 319
216 956
532 236
188 469
422 15
422 527
422 731
422 284
4 441
4 371
502 862
502 334
502 214
502 178
502 749
545 425
670 335
166 573
166 74
166 294
166 521
168 556
168 74
168 472
168 77
168 912
168 949
707 98
58 909
147 933
147 590
147 972
147 715
147 926
147 347
147 278
147 577
147 285
147 171
952 316
933 347
163 250
163 62
713 98
977 497
343 214
250 886
250 518
618 458
618 704
950 154
239 706
404 595
404 372
416 104
416 425
605 228
337 663
953 915
953 207
988 207
988 851
139 832
139 46
954 469
954 207
193 870
193 891
193 633
752 850
401 415
401 429
401 454
401 98
401 196
563 414
563 891
256 294
256 648
104 425
104 790
104 74
104 721
423 1004
423 849
423 779
423 101
423 246
921 327
706 663
814 500
832 329
832 319
134 98
320 107
321 499
228 335
849 275
957 851
48 319
48 458
718 334
718 223
599 710
913 369
984 74
984 126
391 288
391 353
391 414
67 207
160 571
267 891
267 214
715 926
126 356
126 435
126 790
985 335
425 356
425 648
425 232
425 500
425 949
425 790
425 912
425 109
795 207
782 170
782 500
782 405
584 284
528 38
268 98
568 466
278 98
278 290
659 742
731 196
731 284
534 334
534 214
441 371
980 335
167 469
692 910
610 288
628 870
628 135
762 294
704 73
704 868
704 499
704 503
704 458
704 743
157 926
70 334
70 214
823 542
86 152
472 232
472 946
624 540
316 915
316 90
851 469
851 390
851 570
362 35
362 371
117 98
804 516
433 789
433 214
433 987
433 796
572 372
891 414
891 353
891 288
910 591
910 329
107 643
107 90
107 335
107 98
107 214
232 75
232 790
784 742
784 981
75 870
75 334
862 178
844 499
127 415
149 372
293 724
1001 506
1000 458
883 225
2 700
2 790
458 319
458 956
458 499
458 41
497 773
944 90
944 214
371 135
347 966
192 90
192 335
571 684
571 394
356 120
367 40
367 214
934 372
306 742
850 214
335 208
335 1004
335 643
335 118
335 289
335 464
335 29
335 468
335 553
335 537
335 236
335 688
335 899
577 129
288 484
288 630
288 629
569 470
236 90
236 537
24 35
435 90
435 500
540 120
540 840
540 987
540 329
630 685
630 484
630 469
246 724
284 680
987 415
987 796
995 414
940 214
503 723
503 41
19 16
29 899
880 873
863 742
777 16
318 840
318 684
976 178
976 349
135 870
518 799
518 646
518 214
518 62
662 214
662 450
275 479
349 207
98 454
98 429
996 418
512 469
499 684
788 634
788 106
723 41
52 790
52 868
812 790
200 344
74 912
169 372
415 40
415 178
415 542
189 181
646 62
207 35
207 136
207 469
789 470
542 62
120 274
214 531
214 334
470 178
868 743
35 469
648 721
90 500
