383 868
804 532
814 500
111 885
963 67
541 173
700 881
700 516
362 912
362 980
362 371
362 502
362 771
679 626
854 591
854 334
764 701
602 517
602 743
886 250
886 531
433 540
433 994
365 457
365 716
313 648
891 414
891 530
644 924
668 746
532 5
532 516
664 107
742 306
702 14
502 506
996 418
232 517
393 107
320 107
670 107
746 720
746 214
746 935
464 107
464 980
168 648
199 850
199 738
784 161
862 534
862 909
862 547
862 293
208 977
208 107
591 248
159 940
159 868
107 1004
107 334
107 118
107 898
107 381
107 201
107 335
107 985
107 980
107 5
107 29
107 553
107 652
107 537
107 810
107 236
685 605
685 1001
369 913
405 628
790 648
977 1004
977 1001
251 987
189 1004
950 69
950 663
506 192
506 249
506 657
416 500
416 762
416 868
633 220
605 1001
948 803
881 516
923 823
516 13
55 595
752 93
774 947
837 783
517 356
517 166
356 648
356 586
356 868
356 743
356 126
120 823
329 798
248 607
105 418
214 868
335 898
912 575
776 334
126 762
126 239
126 586
220 334
14 924
648 765
648 946
743 721
743 472
898 980
586 762
586 500
104 765
940 415
721 765
