744 472
99 207
99 178
99 502
50 559
963 367
963 65
963 67
541 506
541 850
541 90
541 738
852 367
971 915
971 200
646 113
646 485
0 178
990 31
990 165
990 207
990 92
990 915
990 178
990 316
990 424
990 957
990 482
313 356
313 648
313 946
313 256
313 765
143 544
143 90
780 603
231 540
231 511
231 987
231 947
231 338
767 333
767 178
978 35
978 167
978 274
978 424
978 421
647 915
372 404
372 169
372 149
372 716
372 951
377 866
377 685
671 90
191 120
233 692
233 935
343 164
343 950
343 399
920 367
920 181
920 274
648 586
648 721
648 948
648 104
6 178
355 147
807 587
955 427
955 540
955 311
955 987
581 540
48 1000
879 164
879 322
879 740
605 178
314 929
314 178
4 304
4 371
686 147
428 31
428 207
428 838
428 953
428 915
428 316
547 862
948 356
948 416
948 120
948 90
948 168
948 765
948 425
948 586
948 912
948 435
948 542
497 189
427 540
969 977
306 915
306 450
833 415
833 720
833 915
833 499
656 181
133 602
900 662
509 603
509 939
424 421
424 795
30 908
30 104
30 362
30 765
866 53
248 157
248 891
248 740
248 670
479 980
68 987
514 603
91 499
195 934
881 783
125 676
243 367
951 239
951 225
951 214
951 274
951 609
951 649
951 273
951 707
951 323
951 367
951 474
1004 724
1004 184
846 288
846 280
846 67
101 90
101 246
332 586
332 573
332 500
332 674
332 435
332 362
776 367
895 551
895 799
895 518
895 163
220 367
220 65
32 197
857 351
857 915
245 540
245 987
810 383
530 915
530 450
530 160
530 367
530 891
530 526
746 813
746 720
746 668
746 935
381 506
706 323
586 356
586 700
586 915
586 450
586 294
586 267
586 126
586 790
586 573
586 782
586 542
586 435
586 812
586 984
674 751
42 638
166 53
546 609
590 147
518 53
518 799
518 542
106 638
765 742
765 356
765 90
765 472
765 517
765 868
765 425
765 721
765 168
765 602
765 52
765 912
765 542
654 783
654 650
654 738
268 98
650 783
650 682
650 738
865 367
772 75
772 334
772 609
772 120
772 528
383 720
383 362
383 887
558 216
558 499
997 65
814 500
862 700
862 534
862 293
862 638
862 178
443 53
443 662
443 86
819 540
253 151
573 126
249 189
249 178
399 323
188 851
540 987
540 697
540 338
502 710
502 61
502 976
502 693
502 178
114 980
323 139
740 638
670 553
924 506
924 14
168 356
168 425
168 232
168 912
527 720
432 987
707 98
811 415
907 843
78 832
78 929
78 178
147 748
147 933
147 972
147 277
147 715
147 926
147 157
147 347
147 577
147 931
147 285
147 65
147 171
53 850
53 40
53 316
952 915
713 98
713 566
582 987
716 127
88 638
388 742
388 534
551 799
38 638
250 356
250 62
950 663
791 90
416 256
324 367
324 337
337 603
337 919
337 132
923 334
923 270
953 207
953 957
953 915
988 207
752 120
752 65
752 471
752 178
401 415
401 98
401 165
401 429
401 454
256 356
409 178
732 118
935 77
935 813
935 720
935 668
347 472
543 915
134 98
134 90
321 499
228 178
843 779
849 987
361 987
338 987
718 334
718 915
718 450
480 987
984 912
984 435
984 267
391 750
391 484
391 67
391 353
391 373
391 288
391 610
260 266
260 790
67 344
67 207
67 165
160 629
267 700
267 52
267 435
267 790
126 52
126 790
126 721
425 356
425 472
425 232
425 912
425 721
795 421
795 207
782 435
782 790
584 731
890 214
568 293
696 334
278 98
278 290
278 334
311 987
224 915
224 349
731 422
731 15
731 367
731 284
676 622
832 90
832 474
288 484
167 274
692 700
692 334
692 835
692 775
692 367
692 2
692 229
692 749
165 31
165 207
165 915
165 136
165 316
251 987
280 851
290 214
704 565
157 334
157 915
157 450
8 544
472 356
472 318
472 912
472 946
28 987
822 603
181 274
181 353
316 351
316 915
316 367
316 214
316 200
196 120
15 943
609 633
609 454
229 334
117 98
764 987
433 120
433 987
891 414
891 995
107 98
107 367
510 534
510 622
61 742
61 915
61 178
232 912
232 946
77 500
189 724
189 883
784 697
565 723
216 458
517 356
89 127
198 120
844 367
293 697
295 178
266 949
1001 921
1000 684
1000 499
2 790
458 956
947 466
506 173
506 14
506 783
835 367
360 526
872 987
371 367
995 414
356 52
356 915
356 450
356 721
356 912
356 90
356 542
310 524
499 723
499 318
367 334
367 214
367 743
367 987
367 720
367 940
367 738
367 178
367 629
367 812
367 684
367 544
367 435
367 809
349 915
141 469
141 630
31 915
850 90
577 926
687 334
687 65
693 122
693 178
693 599
943 164
838 92
669 544
669 90
669 178
569 178
595 404
595 214
595 169
95 987
710 178
24 630
435 65
109 913
92 915
630 469
630 484
630 207
630 790
987 796
987 531
987 873
987 482
987 994
987 641
987 809
987 56
987 840
987 698
987 789
513 62
503 723
239 624
29 724
724 921
599 878
599 178
603 735
603 378
603 505
318 684
976 178
991 178
135 942
925 697
697 855
333 538
333 178
98 454
98 429
742 120
742 90
742 450
841 214
996 418
450 40
450 915
450 334
450 187
450 912
450 684
142 351
142 915
788 638
52 912
52 721
720 855
812 700
812 790
906 638
200 351
200 915
351 915
482 531
62 799
415 429
223 334
878 929
90 105
90 178
302 915
887 214
684 915
684 334
638 790
120 454
17 915
214 912
470 178
912 915
136 915
929 178
327 414
538 178
14 783
915 334
915 344
790 500
178 339
207 469
