479 337
676 622
703 784
703 659
703 306
126 52
126 573
126 586
126 77
321 684
155 784
963 67
541 506
541 199
541 996
541 644
474 84
474 939
851 167
851 188
851 61
851 817
851 280
851 920
851 978
851 274
851 502
936 369
936 135
971 316
950 977
82 135
82 628
175 107
175 335
990 316
197 32
313 912
313 425
891 414
891 24
891 267
891 629
891 530
644 783
101 724
926 147
664 107
780 977
236 107
231 170
231 874
61 356
61 742
61 692
61 122
61 502
61 450
61 517
61 718
61 716
61 388
61 915
61 135
61 591
61 542
232 356
232 425
232 52
232 472
232 77
111 790
814 500
978 502
962 316
163 113
377 457
199 506
784 300
784 390
565 684
75 772
920 280
920 316
648 765
648 721
648 52
622 125
622 206
622 559
293 724
561 629
355 147
902 658
902 280
972 147
712 214
844 684
844 704
127 866
924 14
369 263
311 840
581 383
581 153
581 135
581 337
266 912
909 867
909 528
382 14
1001 506
249 693
314 929
458 956
686 157
686 147
428 31
428 915
428 316
428 953
538 502
506 14
506 5
2 334
2 77
873 874
948 416
948 425
948 90
497 281
151 278
306 742
833 91
371 4
371 135
371 870
103 977
885 435
347 147
995 414
995 696
995 153
611 14
956 319
956 25
65 278
65 435
65 316
65 193
30 790
30 868
624 540
624 329
624 28
356 472
356 112
356 912
356 332
866 951
248 334
652 107
56 329
56 214
698 540
365 732
888 316
540 633
540 874
540 641
540 955
540 482
881 14
141 915
31 316
335 107
647 915
647 316
658 280
687 334
687 586
687 500
5 107
5 29
951 13
951 681
170 840
277 157
277 147
439 912
439 168
332 912
332 168
332 500
776 214
264 955
595 214
702 14
171 147
895 518
895 823
324 38
534 38
32 923
32 921
32 134
849 338
857 915
857 316
435 586
435 500
435 334
435 267
334 692
334 70
334 214
334 90
334 746
334 586
334 500
334 135
334 772
109 913
499 758
499 319
499 723
499 704
245 874
245 153
272 443
92 953
92 316
92 349
630 629
630 530
746 153
898 107
381 107
381 532
586 923
586 915
586 500
586 782
586 984
586 267
586 166
192 107
931 147
503 704
994 863
464 107
24 280
537 107
590 147
29 107
484 493
764 874
764 153
575 966
692 153
692 135
318 704
125 139
650 682
874 840
874 925
165 316
135 383
135 628
135 4
135 870
135 153
429 415
429 401
429 196
429 454
383 629
383 720
255 147
662 443
558 704
77 168
77 260
77 472
77 912
294 74
443 13
832 977
832 38
832 42
670 107
633 193
633 772
602 472
17 316
349 953
349 224
349 316
112 392
112 267
112 74
836 153
772 454
772 609
772 120
532 107
742 90
99 502
502 228
502 118
996 977
996 153
450 214
468 107
925 840
740 157
142 915
142 316
577 147
166 74
168 260
168 425
168 912
168 949
168 966
657 921
811 415
52 472
326 587
147 416
147 748
147 933
147 715
147 285
899 107
200 316
200 136
351 316
591 38
952 316
40 214
107 208
107 1004
107 696
107 810
107 320
107 118
107 643
107 201
107 289
107 985
107 980
107 327
107 393
107 553
107 688
107 808
514 977
649 323
482 153
62 646
415 401
388 70
388 38
38 638
38 939
302 316
416 425
416 790
337 505
969 977
923 278
923 500
953 316
196 120
193 500
846 280
378 977
542 214
855 153
105 418
214 912
214 500
214 518
543 316
868 790
912 425
912 472
912 949
136 915
136 316
35 167
518 722
518 799
870 680
870 628
588 153
425 472
782 915
530 280
530 629
582 790
278 316
278 500
915 280
915 316
224 316
260 90
731 280
625 90
288 629
984 267
418 977
418 153
977 1004
977 153
90 316
329 153
344 316
