744 912
744 946
744 472
744 168
99 502
99 710
99 178
703 443
703 835
703 306
671 995
963 67
617 923
541 828
541 738
526 280
646 423
646 518
646 62
646 542
175 5
990 31
990 424
990 207
990 280
990 165
990 428
990 178
990 482
313 356
313 730
231 383
231 874
231 540
231 5
231 264
767 178
978 280
962 178
962 890
377 422
377 393
155 784
818 438
818 478
818 807
818 153
818 997
233 923
233 692
233 935
233 746
343 399
343 322
343 663
920 280
920 181
229 782
355 933
902 280
614 214
614 190
614 951
311 925
575 168
581 855
879 69
324 919
324 585
314 929
314 178
686 650
428 31
428 952
428 857
428 915
428 838
428 136
428 90
428 806
428 316
428 200
607 75
364 764
547 383
547 280
547 293
547 301
948 356
948 416
948 120
948 425
948 90
948 535
948 854
948 912
948 868
948 214
948 30
151 566
373 391
373 486
373 207
373 190
749 692
306 742
306 772
306 863
306 951
833 415
833 752
833 811
656 274
656 280
656 190
133 104
133 521
900 742
900 161
309 139
58 909
611 14
424 421
424 207
424 795
30 356
30 765
30 790
697 855
697 925
697 293
841 90
56 994
919 388
828 738
485 62
125 832
243 995
5 118
5 29
951 161
951 239
951 858
951 139
951 274
951 609
951 731
951 284
951 273
951 707
951 552
951 857
951 372
1004 724
846 288
846 280
846 67
782 351
782 2
782 332
782 586
332 435
332 500
50 559
848 4
702 506
702 381
895 799
220 609
220 471
552 858
32 669
32 197
32 280
32 249
32 214
32 791
857 806
857 915
857 142
106 638
245 540
245 874
245 764
113 854
113 62
530 658
530 280
530 891
730 356
730 868
746 915
746 572
746 334
746 8
746 935
746 731
381 327
586 356
586 383
586 435
586 923
586 294
586 334
586 762
586 684
586 157
586 885
586 687
586 472
586 500
586 535
586 984
586 517
586 166
586 542
674 112
42 139
924 14
61 718
61 522
908 765
908 721
908 104
281 280
764 874
765 356
765 425
765 90
765 721
83 784
721 743
721 104
268 98
111 294
535 157
535 356
535 472
535 542
874 540
874 840
874 873
865 891
772 72
772 633
772 190
772 454
772 75
772 609
772 334
772 934
772 120
383 178
383 887
558 550
77 912
77 260
77 2
77 168
862 178
443 86
443 152
699 912
559 622
559 420
585 160
585 189
573 435
249 178
24 31
24 891
24 280
422 15
422 280
422 731
540 873
540 830
540 624
502 710
502 78
502 724
502 976
502 178
114 122
322 334
322 638
740 912
189 595
166 74
168 356
168 260
168 425
168 2
168 472
168 266
168 912
168 949
527 870
707 680
707 98
78 410
147 416
952 915
952 806
952 200
929 178
713 98
716 866
716 718
977 153
977 996
230 214
250 356
250 886
250 518
618 216
338 624
408 915
19 333
404 595
404 372
404 169
416 425
416 435
416 790
605 333
605 178
605 670
337 638
923 687
923 334
923 500
953 280
953 915
806 915
806 838
806 316
139 832
139 634
139 323
752 70
752 518
401 98
401 454
563 544
837 738
104 425
104 74
921 29
517 157
517 356
517 472
517 267
517 542
935 696
935 720
935 692
935 624
809 987
814 500
832 388
832 634
832 622
134 98
321 216
843 407
361 840
48 73
48 704
48 565
718 127
718 779
663 528
984 762
984 74
391 288
391 484
391 67
391 353
260 425
67 344
67 207
67 165
654 991
644 506
644 192
644 199
644 783
644 996
425 356
425 912
425 868
425 214
266 912
584 731
631 280
528 638
696 995
696 367
278 98
62 214
638 164
638 700
638 2
638 534
638 514
638 790
955 925
318 684
659 742
731 15
731 739
731 284
518 542
534 334
441 4
441 371
441 304
980 122
980 464
980 335
76 609
692 264
692 624
165 31
188 280
280 561
280 915
280 301
280 739
280 851
280 647
280 90
280 35
280 360
280 241
280 421
280 142
280 141
280 469
280 293
762 294
704 743
157 356
157 472
157 590
157 684
157 542
160 550
160 629
86 152
472 356
472 684
472 912
472 542
624 329
624 792
316 915
316 90
1000 41
15 680
6 29
851 214
362 784
117 98
433 994
433 872
433 987
433 796
891 414
891 2
891 995
891 214
891 267
101 423
107 98
107 90
107 327
232 356
232 912
566 367
73 723
73 41
199 996
784 742
784 300
784 90
784 390
294 435
294 74
75 334
75 550
840 170
38 912
127 866
149 372
293 934
293 724
1001 506
1001 153
458 956
506 173
506 29
506 724
2 700
819 329
819 873
374 742
374 105
478 267
995 415
995 414
995 334
956 790
956 565
356 90
356 109
356 946
356 912
356 684
356 542
550 470
499 90
812 700
812 687
812 465
812 119
934 372
850 650
335 118
335 688
335 899
687 334
687 500
264 329
569 482
595 214
236 537
710 423
465 700
435 500
435 267
96 420
719 738
4 304
630 484
630 629
246 724
246 423
192 29
464 90
69 735
486 190
484 288
863 742
915 90
915 450
915 334
915 739
915 341
915 136
915 200
565 90
164 420
925 873
602 743
288 610
288 629
98 454
98 429
153 418
153 996
742 388
996 418
450 187
178 470
187 60
745 738
52 868
723 41
367 868
200 90
643 685
353 190
274 190
418 105
790 868
169 372
415 334
854 751
90 868
90 629
700 119
789 470
429 454
684 542
170 855
120 190
190 181
214 334
214 500
214 912
648 267
334 500
783 13
783 738
751 267
13 738
