99 569
99 929
99 178
776 75
703 135
703 771
671 696
963 67
617 811
541 199
541 738
737 506
737 440
737 849
748 147
971 915
971 428
971 200
854 535
854 120
854 214
854 517
0 569
0 705
0 178
0 732
0 502
990 915
990 428
313 721
143 280
143 544
780 603
445 391
445 387
695 40
695 214
695 159
102 705
231 383
231 245
231 2
231 987
231 874
231 338
231 738
767 569
767 929
767 178
978 35
978 188
978 301
978 614
978 817
978 851
978 957
978 141
978 415
978 547
978 167
978 207
978 502
978 421
978 280
978 988
978 954
978 469
978 512
978 795
978 552
978 920
978 424
962 416
962 40
962 517
962 540
962 62
962 316
962 633
962 987
962 465
962 890
962 191
962 589
377 696
377 423
155 771
191 120
388 534
920 662
920 280
920 915
229 607
229 696
229 83
355 577
614 772
311 987
581 855
581 135
324 70
314 569
314 929
314 178
526 160
526 280
526 267
526 629
526 530
428 952
428 165
428 915
428 92
428 953
428 543
428 349
428 142
428 31
428 122
428 647
428 316
428 857
428 302
428 136
428 200
800 62
607 591
607 696
607 499
607 502
488 198
547 712
547 280
151 278
151 253
373 391
373 344
969 61
306 83
306 523
71 595
885 305
133 765
509 299
509 603
611 644
65 540
30 790
30 868
697 855
697 925
697 873
697 293
248 75
248 591
248 696
248 334
56 75
56 987
68 506
68 540
68 987
514 603
91 404
91 491
91 152
91 301
91 409
91 323
91 139
91 599
91 132
91 702
91 1001
91 86
91 957
91 953
91 125
91 688
808 506
828 506
828 745
485 62
124 214
253 290
243 75
951 474
951 189
951 214
951 706
951 772
752 120
752 772
668 720
332 435
332 539
332 250
332 500
50 559
702 506
702 924
220 75
220 334
32 280
32 214
32 293
857 915
857 122
857 142
857 662
245 874
245 987
272 595
530 167
530 662
530 838
530 160
530 280
530 988
530 915
530 891
530 542
530 630
530 24
730 356
730 912
730 868
746 813
746 720
982 506
381 335
381 506
381 532
381 327
586 517
586 267
586 166
586 542
454 120
454 429
454 772
674 356
674 517
674 392
66 45
42 534
42 649
42 706
166 416
166 74
166 75
166 517
166 762
166 126
281 280
764 506
764 874
764 987
765 356
765 517
765 868
83 901
83 374
83 86
83 771
83 993
83 863
83 659
721 356
721 602
721 109
721 256
721 743
721 790
535 369
535 214
535 542
874 540
874 840
874 925
874 873
165 401
165 344
165 207
165 67
165 915
772 120
772 75
772 862
772 334
772 609
772 178
383 909
558 684
558 704
558 844
510 103
862 569
862 909
862 118
862 178
443 775
443 915
443 662
443 86
443 771
559 346
559 420
471 811
112 267
112 803
249 569
249 178
532 804
532 1001
24 160
24 280
540 226
540 840
540 987
540 433
540 855
540 873
540 994
502 696
502 605
502 569
502 280
502 118
502 214
502 599
502 976
502 178
114 506
925 987
189 718
189 181
189 122
189 696
577 147
577 933
577 171
924 506
924 173
924 1001
924 996
924 14
924 682
924 199
924 644
168 912
168 949
168 472
168 790
527 710
432 987
432 433
587 731
78 569
78 130
78 178
78 599
147 890
147 926
775 120
775 696
171 347
171 933
171 926
952 915
952 517
107 75
107 553
107 890
582 987
716 718
716 595
716 293
343 534
343 663
551 214
470 569
470 178
416 75
416 356
416 425
605 506
605 569
605 333
605 178
605 670
972 366
923 356
923 591
923 718
923 915
923 738
923 687
923 912
923 214
923 890
923 609
923 542
953 915
988 167
988 915
193 53
193 161
193 890
193 500
846 160
846 288
846 67
774 947
401 429
256 356
256 126
256 109
409 569
409 178
921 506
921 738
517 356
517 75
517 267
517 157
517 602
517 803
517 565
517 542
935 720
347 157
347 472
903 506
832 103
832 976
832 174
134 738
754 718
321 704
228 569
228 506
228 693
228 178
228 61
53 633
53 609
53 844
868 356
868 912
849 275
849 987
361 987
338 987
718 356
718 122
718 61
718 75
718 915
718 595
718 883
480 506
480 987
663 61
913 369
984 912
984 762
984 214
984 74
391 484
391 67
391 353
391 288
67 344
67 207
597 738
70 120
656 915
126 790
644 506
644 199
644 1001
644 14
48 458
795 421
795 207
795 424
379 568
631 160
631 280
528 75
528 783
528 362
890 714
890 135
568 198
696 591
696 915
696 851
696 410
696 157
696 433
696 534
696 356
696 834
696 742
955 987
224 915
293 410
293 280
293 149
288 484
288 773
288 160
288 630
288 629
184 506
184 779
184 883
167 915
167 851
628 870
628 135
280 561
280 915
280 188
280 190
280 739
280 731
280 647
280 712
280 178
280 629
280 360
280 160
280 142
280 851
290 214
290 120
704 550
704 684
157 687
157 542
160 561
160 750
160 360
160 214
160 87
160 484
160 685
160 658
160 891
160 630
160 629
86 771
472 356
472 425
472 232
472 912
28 987
822 534
822 603
181 724
779 506
779 883
779 225
316 915
316 349
316 2
316 200
316 136
196 120
15 422
15 731
6 569
6 178
474 334
851 662
851 75
851 915
362 909
337 603
813 720
82 870
433 987
206 125
891 267
891 543
101 246
61 122
61 693
61 883
870 135
232 425
724 246
425 75
425 912
425 946
566 120
73 41
199 506
199 996
199 738
784 771
294 74
75 731
75 40
75 135
75 499
75 334
75 127
592 993
198 120
198 187
198 40
712 40
712 450
712 299
712 214
712 142
844 672
844 684
731 662
731 422
731 915
731 792
731 284
295 569
251 987
835 771
458 684
506 866
506 643
506 122
506 242
506 158
506 418
506 839
506 657
506 289
506 738
506 226
506 856
506 745
506 777
506 192
506 393
872 987
374 771
371 135
103 943
565 956
565 684
565 723
565 41
317 771
499 214
499 684
349 915
349 976
934 595
31 915
335 516
647 915
687 356
687 915
687 542
693 569
693 333
693 178
693 599
838 685
838 136
669 544
569 929
569 333
569 178
569 599
569 538
569 710
569 339
569 976
569 991
595 214
595 169
95 987
710 929
710 178
435 500
719 738
400 771
122 915
92 915
949 912
987 796
987 531
987 482
987 994
987 641
987 809
987 873
987 840
987 698
987 789
513 542
940 415
940 214
491 29
29 214
946 356
993 771
599 178
599 929
692 135
603 735
603 378
603 505
863 771
976 178
135 742
135 120
135 662
135 915
676 125
164 420
356 915
356 591
356 214
356 743
356 790
356 912
356 542
662 915
662 450
534 735
534 591
333 178
98 429
742 214
996 928
996 90
996 418
450 40
450 915
142 915
646 62
646 542
7 810
723 41
200 915
200 344
591 915
591 542
74 214
353 190
62 542
415 178
415 429
660 120
302 915
810 553
684 542
542 915
120 629
17 915
105 418
214 334
214 629
214 771
214 915
543 915
912 915
912 790
136 915
929 178
538 178
152 771
14 13
14 738
915 344
901 771
783 738
130 178
178 339
13 738
771 390
