99 207
99 710
99 862
99 178
99 599
99 502
703 581
963 67
617 320
541 506
541 410
737 849
737 175
971 316
971 200
646 113
646 62
646 518
0 442
0 118
0 705
0 470
175 410
175 275
175 849
990 31
990 207
990 424
990 316
313 356
313 133
313 946
313 74
143 658
143 422
143 669
576 506
780 514
445 274
695 450
231 840
231 946
231 987
231 540
580 669
767 410
411 153
978 167
978 35
978 469
978 547
978 188
978 614
978 367
978 988
978 954
978 851
810 881
377 422
377 718
377 716
671 692
671 749
974 586
191 607
191 692
233 692
388 38
388 324
388 509
388 299
388 229
388 634
388 832
920 274
920 181
920 367
6 506
437 506
902 526
614 207
614 469
311 540
311 53
311 925
311 987
311 329
581 855
581 692
605 333
605 1001
605 178
314 228
314 929
526 629
428 915
428 229
428 857
428 302
428 316
428 142
945 506
800 62
607 946
547 207
547 469
547 188
948 356
948 416
948 90
948 586
948 517
948 868
948 267
948 91
948 765
948 52
948 500
948 912
948 435
151 923
151 290
306 660
306 374
306 790
71 595
885 648
885 74
885 586
96 832
96 324
365 118
611 14
65 415
65 220
30 912
30 946
30 545
853 164
697 855
697 925
697 293
988 207
248 367
479 718
698 987
91 718
91 220
808 29
881 506
828 506
485 513
485 62
243 61
5 506
5 107
951 273
951 13
951 335
951 870
951 274
951 599
951 926
1004 977
1004 724
1004 407
1004 184
1004 595
846 288
846 629
846 67
439 912
439 949
439 168
332 356
332 168
332 256
332 318
332 443
332 435
702 506
895 551
895 518
220 75
220 367
32 90
32 791
336 926
857 952
857 122
857 17
857 136
857 915
857 165
857 142
857 316
245 840
245 987
113 854
113 62
530 891
530 367
530 629
530 24
817 469
817 207
817 954
730 356
746 813
746 692
746 935
586 356
586 74
586 294
586 334
586 762
586 267
586 126
586 500
586 782
586 435
586 166
674 166
42 323
924 506
924 14
924 410
732 407
732 184
281 905
764 840
764 987
765 356
765 868
83 752
83 784
268 98
111 356
111 294
535 444
535 250
535 854
535 722
535 369
535 913
874 925
165 31
165 401
165 207
165 67
165 316
165 136
823 542
383 138
383 851
383 141
383 518
510 601
522 393
522 718
522 61
294 762
294 74
294 500
443 72
443 152
512 241
736 540
585 909
423 334
423 849
112 356
112 517
112 392
112 166
112 1000
693 862
693 599
216 458
601 534
24 160
24 891
24 629
540 987
540 28
540 840
540 925
540 955
540 830
540 641
502 976
502 178
502 228
925 873
740 106
189 229
189 749
189 718
577 933
577 129
577 171
166 74
166 912
166 392
168 356
168 868
168 912
168 949
168 984
527 720
527 710
707 680
707 98
76 410
78 239
53 609
53 367
53 90
53 193
952 316
952 200
929 410
582 987
977 491
977 410
977 407
977 969
977 114
977 153
977 184
977 790
343 329
551 518
250 356
543 316
416 868
324 164
324 206
324 337
324 154
444 542
337 591
337 919
337 904
923 290
953 316
806 838
954 207
954 469
193 633
193 660
193 338
193 718
193 772
752 70
752 322
401 98
401 429
256 356
837 506
837 657
837 410
104 356
104 74
921 506
517 356
517 61
935 909
935 720
832 976
832 38
832 638
759 74
759 984
134 98
754 595
754 718
754 184
754 883
320 107
228 178
843 718
843 184
849 710
849 275
849 987
361 987
957 469
957 207
48 458
48 684
718 866
718 120
718 122
718 716
718 293
718 883
718 415
718 904
718 692
718 16
718 61
718 114
718 595
718 711
718 724
718 708
480 987
493 629
984 74
984 868
391 288
391 67
67 344
67 207
160 658
160 629
656 181
715 926
126 356
277 157
277 813
425 356
425 946
425 790
795 469
795 207
782 356
782 790
379 568
379 662
631 629
528 138
528 135
568 293
775 692
278 98
638 460
955 987
722 542
318 684
659 742
293 866
293 724
293 149
293 246
518 62
68 987
288 610
288 629
288 484
451 469
451 207
184 410
589 909
589 290
167 630
167 207
167 469
167 851
369 913
188 469
188 207
188 301
280 629
704 458
704 743
157 61
70 415
472 356
472 912
28 987
772 75
772 120
772 16
779 61
316 351
316 915
316 367
316 17
316 142
316 31
316 647
316 90
316 302
316 136
316 200
301 469
301 207
15 731
229 356
851 367
117 98
813 720
387 207
433 789
433 410
433 994
433 987
433 90
891 414
891 2
891 267
891 629
644 506
644 14
101 16
713 98
232 946
199 506
784 742
784 300
784 390
716 114
716 866
75 687
75 334
840 987
862 178
561 629
712 40
712 450
149 372
731 680
251 410
251 987
909 371
1001 506
1001 685
1001 410
947 450
506 719
506 738
506 783
506 14
506 657
506 532
506 13
506 996
506 29
506 516
506 173
506 270
506 761
506 745
506 650
2 700
2 790
360 629
241 469
241 207
241 141
872 987
374 105
565 684
654 991
192 29
356 648
356 912
356 52
356 868
356 602
356 90
356 500
356 435
356 109
573 435
499 684
812 790
934 372
141 90
850 367
335 118
335 464
658 629
915 136
915 367
915 200
447 74
421 469
421 207
595 790
595 169
95 987
435 880
435 367
719 410
122 410
72 662
630 629
246 724
338 987
987 796
987 531
987 482
987 994
987 641
987 692
987 809
987 90
987 367
987 56
987 873
987 789
513 62
883 866
883 724
994 410
29 899
946 415
946 545
946 367
424 469
424 207
692 591
692 367
692 329
484 629
777 410
976 178
624 329
322 534
322 591
662 466
98 107
98 454
98 429
153 410
153 418
153 996
742 367
750 629
996 418
450 187
687 397
687 500
142 136
52 868
56 410
720 90
720 367
367 190
643 685
74 648
685 629
482 410
62 542
169 372
415 429
90 136
372 404
372 114
700 790
700 516
16 410
516 13
516 790
789 470
429 454
684 25
650 410
868 912
868 743
868 790
912 949
35 207
35 469
410 14
783 13
207 469
