99 178
776 214
963 214
963 67
617 56
617 500
737 107
737 175
526 160
854 250
854 948
854 542
0 732
0 178
175 423
175 107
175 849
175 275
175 246
175 101
990 561
990 31
990 424
313 885
313 52
576 657
780 950
445 288
445 391
695 40
231 874
231 329
231 245
231 738
515 214
767 333
767 178
978 561
978 469
978 280
377 422
377 630
191 607
191 692
191 935
493 288
493 630
493 629
233 692
388 322
388 638
920 214
920 190
229 421
902 280
902 629
159 940
159 214
159 638
614 188
614 190
614 454
955 427
955 540
955 925
955 311
955 987
581 855
581 135
324 214
201 107
201 335
314 693
314 178
314 169
800 62
607 591
607 692
607 70
607 127
607 334
607 337
607 718
607 783
607 250
607 343
607 687
488 454
857 838
948 75
948 120
948 52
948 803
948 416
948 592
948 126
948 890
497 410
373 391
373 207
373 190
141 214
833 415
833 720
833 462
833 185
656 190
133 356
133 602
133 648
133 52
133 912
133 104
900 742
900 746
58 909
424 207
424 795
697 540
790 356
790 168
790 782
790 266
790 2
790 232
790 648
790 812
790 126
652 107
479 345
68 56
365 457
365 118
881 850
881 804
881 810
173 454
485 62
125 622
5 107
5 491
5 335
951 273
951 707
951 803
951 552
951 42
951 772
439 912
332 250
332 500
50 559
220 214
32 591
32 280
32 692
32 718
664 107
245 269
245 874
245 764
245 692
113 648
530 214
530 629
730 109
746 813
746 90
746 550
746 214
746 720
746 668
746 935
381 107
381 192
381 29
706 310
586 356
586 383
586 435
586 310
586 111
586 762
586 267
586 885
586 735
586 602
586 294
586 782
586 517
586 166
586 984
66 227
42 310
924 996
534 591
534 120
534 322
534 510
534 343
534 84
534 70
921 657
676 622
764 874
765 356
765 416
765 602
765 648
765 86
765 152
765 868
765 104
765 425
765 721
765 570
721 425
721 648
721 104
638 950
638 38
535 120
874 540
874 840
874 873
165 31
165 401
165 344
165 316
165 67
772 120
772 739
772 56
772 280
772 609
772 566
772 870
772 633
772 454
772 75
772 334
772 629
383 356
383 720
383 887
383 362
558 207
510 622
814 500
517 478
517 718
517 648
517 751
517 952
517 267
622 323
622 559
295 178
112 646
112 392
112 1000
112 52
112 267
443 742
693 228
693 178
216 458
532 107
532 700
532 516
188 421
540 855
540 338
502 506
502 591
502 718
502 710
502 923
502 687
502 118
502 214
502 178
393 107
670 107
670 605
304 4
304 441
168 356
168 648
168 52
168 912
168 966
527 720
907 843
78 178
147 347
171 933
952 200
933 347
422 680
422 731
582 329
716 718
977 153
977 418
977 423
343 399
343 310
45 227
950 822
950 310
416 356
416 885
416 648
416 782
416 912
416 214
416 166
416 62
605 685
605 1001
605 178
923 687
923 214
923 591
988 207
808 107
193 633
193 454
846 561
846 288
846 280
846 67
774 947
401 415
401 98
401 429
401 454
256 356
256 52
724 362
104 425
104 648
546 595
832 38
320 107
321 565
321 499
228 178
53 454
849 423
198 454
718 157
718 591
718 61
718 127
718 595
718 731
758 956
758 844
663 103
185 501
984 74
391 288
391 353
391 67
67 344
67 207
67 561
885 294
70 120
70 415
715 347
715 129
126 700
126 356
126 2
126 52
126 782
126 648
985 107
425 356
425 232
425 946
795 421
795 207
379 862
528 867
278 214
224 349
731 15
731 280
731 284
310 46
288 484
288 561
288 630
288 629
288 773
980 107
392 369
184 700
167 469
692 214
692 624
782 2
782 500
782 232
782 435
628 82
628 135
858 633
858 629
668 630
290 214
160 360
472 356
472 912
472 946
472 52
565 362
565 481
565 499
316 189
316 214
316 629
316 200
6 189
6 178
362 909
362 771
82 135
891 414
891 629
891 353
644 506
101 246
101 423
997 90
61 334
870 135
232 356
232 52
566 56
73 723
73 41
189 550
75 334
410 976
862 909
862 662
862 178
592 454
712 214
844 684
844 318
594 454
293 976
251 482
1001 685
458 684
506 929
371 214
371 135
103 423
192 107
356 648
356 52
356 214
356 743
356 868
356 912
356 166
405 135
812 465
335 107
335 118
335 899
454 429
454 633
687 214
170 135
478 267
249 178
569 214
569 178
236 208
236 107
236 90
710 178
710 599
865 214
24 629
435 500
4 135
949 912
246 423
898 107
987 56
940 214
503 41
503 704
464 107
29 107
409 178
946 415
537 107
599 178
976 349
976 178
991 178
135 855
135 334
135 214
135 942
624 329
624 90
633 680
333 178
742 214
742 152
996 153
996 418
468 107
52 912
52 868
682 650
720 90
720 214
899 107
208 107
74 912
74 648
74 166
418 153
62 542
810 107
810 289
700 629
516 13
553 107
166 743
166 704
542 120
1004 107
214 334
214 544
214 531
214 738
214 178
214 629
214 40
144 544
470 178
704 90
868 648
912 266
289 107
929 178
107 118
107 688
538 178
648 267
783 738
751 267
178 339
