356 744
356 168
356 602
356 313
356 30
356 472
356 912
356 232
356 112
356 90
356 730
99 862
790 812
814 500
843 779
843 184
843 883
699 948
214 912
214 500
337 320
881 14
828 516
173 506
349 224
313 912
313 948
891 995
693 502
532 381
390 784
951 500
547 167
996 153
232 52
232 472
654 783
654 738
332 500
670 107
670 381
644 1001
168 912
199 506
425 912
425 948
425 868
868 948
127 732
14 1001
14 924
912 472
912 416
912 730
435 948
435 500
574 948
278 500
648 948
514 950
77 948
418 153
977 950
977 153
687 607
1001 153
62 800
2 500
166 500
13 516
948 765
948 721
193 500
