744 912
744 472
744 168
99 669
99 929
99 791
703 53
703 214
671 299
671 995
671 334
963 367
963 67
541 576
852 367
526 280
526 629
646 890
646 62
646 542
0 977
175 423
990 280
990 24
313 912
313 721
313 948
143 544
780 977
780 106
445 750
445 280
445 629
695 40
231 874
231 873
231 987
767 333
978 65
962 316
962 890
810 107
377 718
377 281
377 528
155 784
818 438
818 478
818 807
818 153
818 997
191 120
191 150
343 663
920 32
920 280
920 367
920 656
235 120
355 347
902 280
159 768
369 535
369 913
955 540
955 987
581 855
581 540
581 371
150 471
879 663
605 693
314 693
314 929
376 919
686 872
428 224
428 857
428 915
428 239
428 806
607 696
364 764
547 280
547 207
948 356
948 416
948 120
948 425
948 90
948 912
948 854
948 517
948 65
948 743
497 977
373 391
141 383
833 415
833 185
656 280
656 630
133 765
900 742
900 40
900 746
509 822
424 421
424 280
863 742
863 161
863 790
697 855
697 83
697 925
697 293
790 260
790 2
790 335
790 868
790 630
790 595
248 746
56 987
698 987
365 293
919 1000
919 601
91 220
828 516
173 506
485 854
485 62
485 542
125 676
243 718
5 506
5 491
951 470
951 280
951 329
951 609
951 715
951 926
951 338
752 120
300 784
332 347
332 586
332 500
776 367
848 860
702 14
220 367
220 65
32 280
32 718
32 921
32 669
336 577
857 915
245 540
245 736
245 987
245 264
245 995
245 874
113 62
530 630
530 280
530 915
530 367
530 629
730 356
730 912
730 868
746 591
746 692
746 542
746 550
746 841
746 522
746 923
746 731
746 157
746 813
746 718
746 687
746 223
746 534
746 665
746 720
746 668
746 935
746 502
381 643
381 90
381 335
381 29
381 327
381 192
381 980
586 157
586 984
586 52
586 573
586 294
586 762
586 435
586 166
586 126
586 267
247 601
42 106
166 356
166 765
166 573
166 435
166 126
166 74
921 506
921 14
921 657
590 347
281 718
764 874
764 987
765 356
765 425
765 648
765 528
765 30
765 721
654 991
535 913
535 444
874 540
874 840
874 925
874 873
865 367
865 528
772 75
772 633
772 120
772 334
572 40
558 216
558 684
77 912
77 168
517 112
517 751
517 450
443 214
443 662
906 106
819 692
257 401
257 120
736 540
112 267
249 528
216 321
216 458
216 48
601 534
601 676
24 280
24 528
24 629
422 181
422 731
540 987
540 264
540 582
540 749
502 538
502 775
502 178
502 718
502 470
137 239
114 718
323 106
670 553
577 715
577 926
168 356
168 416
168 648
168 232
168 949
168 126
168 521
168 472
168 266
168 912
168 966
527 870
707 120
754 718
843 718
171 347
952 915
933 347
107 299
107 367
107 980
107 65
619 11
582 987
582 890
716 718
716 149
88 106
88 402
977 1004
977 832
977 189
977 996
977 950
977 153
977 514
977 418
338 987
404 372
416 912
416 868
416 743
272 40
324 367
969 718
923 197
923 53
923 151
953 280
806 915
806 316
139 106
808 29
846 288
846 280
846 629
846 67
401 415
401 98
401 429
401 454
256 294
256 721
104 74
546 522
935 700
935 813
935 720
935 668
832 106
832 423
796 987
641 987
53 633
53 290
53 120
849 987
361 987
48 684
48 704
718 866
718 122
718 522
718 293
718 883
718 16
718 61
718 724
718 595
718 189
718 777
718 732
718 708
480 987
758 844
984 267
984 126
984 74
391 750
391 484
391 629
391 288
67 344
67 207
67 165
160 629
126 648
126 782
277 157
878 929
425 946
425 232
425 912
425 949
425 65
493 629
782 700
782 643
782 685
584 284
941 890
631 280
631 629
528 915
528 775
890 90
890 912
890 634
890 783
890 657
890 14
890 458
890 749
568 40
696 334
696 783
278 120
311 987
224 316
68 987
980 464
692 75
692 367
610 288
188 280
188 301
280 561
280 915
280 851
280 31
280 647
280 288
280 629
280 360
280 92
280 142
280 421
290 214
290 367
704 503
823 542
8 544
472 356
472 946
28 987
979 512
196 190
15 680
873 987
229 834
813 720
82 870
669 544
433 994
433 987
891 414
891 214
891 629
668 720
61 120
61 693
61 214
61 522
672 844
232 266
232 946
189 491
189 410
784 742
784 161
132 106
294 74
75 995
75 633
75 334
622 106
561 629
6 506
844 367
844 458
149 372
731 680
731 367
251 506
251 987
835 367
947 450
506 29
360 629
872 987
374 400
371 367
427 329
995 415
995 334
356 721
310 46
372 934
372 595
372 169
812 119
850 65
71 595
647 915
658 629
161 239
693 13
264 994
569 367
595 450
95 987
399 106
435 500
109 721
92 316
949 912
630 629
284 680
987 531
987 482
987 994
987 809
987 367
987 65
987 840
987 789
940 367
239 742
971 915
946 367
65 544
65 316
65 629
484 750
484 507
484 629
484 288
603 106
777 16
915 142
915 316
915 136
915 200
135 942
565 723
164 106
164 638
662 40
662 214
662 11
299 591
299 334
633 609
602 648
602 721
288 750
288 629
333 743
98 429
98 120
106 649
106 514
106 788
106 634
106 46
106 402
153 996
750 629
996 418
450 40
187 40
720 367
367 544
367 609
367 214
367 743
367 738
367 178
367 629
367 684
367 334
367 316
200 136
351 316
643 685
643 335
40 802
685 507
685 629
507 629
418 538
415 429
854 214
90 500
163 913
429 454
335 688
120 190
120 609
120 178
214 316
214 629
214 178
913 799
768 334
14 783
648 721
743 721
629 316
