99 178
99 599
963 67
541 506
541 719
748 347
748 926
971 952
854 948
0 732
0 502
175 275
175 849
990 207
313 356
143 142
445 288
445 391
231 540
231 245
231 874
231 738
231 873
231 764
231 338
767 599
978 561
377 630
377 772
191 692
191 90
233 692
233 764
343 663
6 333
355 347
159 607
159 214
614 193
807 951
575 912
581 135
879 164
879 322
605 333
605 685
605 1001
605 670
180 958
686 157
686 347
686 267
428 122
800 62
607 415
607 414
607 718
607 891
607 696
607 462
948 356
948 416
948 120
948 90
948 447
948 267
948 674
948 751
948 803
948 75
948 112
948 392
948 592
948 890
373 391
373 280
373 190
306 742
306 229
306 659
306 746
833 462
456 371
656 190
58 909
424 73
424 644
424 618
30 356
30 743
697 855
697 925
248 90
56 987
881 850
881 804
173 506
485 62
5 491
5 670
951 13
951 707
951 502
951 78
951 42
951 214
951 120
951 706
951 543
439 912
439 168
332 416
332 500
776 334
220 75
220 334
220 90
32 410
336 926
857 838
857 883
245 874
245 540
245 334
245 692
272 40
817 294
730 356
730 912
730 416
730 868
746 742
746 813
746 718
746 775
746 720
746 668
746 935
381 506
381 192
381 29
381 327
586 38
586 324
586 74
586 197
586 447
586 294
586 762
586 267
586 126
586 885
586 735
586 602
586 326
586 517
586 782
586 61
586 435
586 573
586 984
674 267
66 227
462 11
45 227
406 15
908 104
281 491
764 105
764 874
765 356
765 742
765 90
765 152
765 318
765 721
935 813
935 720
874 540
874 840
874 873
165 31
165 401
165 344
165 316
165 67
772 120
772 75
772 443
772 334
772 629
383 138
383 736
383 887
383 362
572 372
558 48
510 601
814 500
294 416
294 126
294 74
622 788
622 676
622 559
556 912
556 168
736 769
573 74
112 838
112 1000
112 74
112 267
836 153
249 929
216 48
532 804
532 1001
532 761
532 516
24 891
24 267
540 692
540 840
540 994
540 193
600 956
502 591
502 538
502 61
502 923
502 517
502 214
502 178
114 275
740 322
166 517
166 74
166 126
166 743
168 356
168 260
168 425
168 648
168 472
168 912
168 949
168 790
168 416
527 720
707 923
707 633
707 416
707 680
707 98
707 193
147 347
775 692
171 347
952 543
952 200
933 347
422 680
422 15
422 284
582 329
716 718
977 1004
977 410
977 996
977 192
977 153
977 418
388 517
388 638
918 844
918 499
791 862
404 372
416 356
416 447
416 912
416 743
511 280
324 592
972 347
923 738
923 890
954 207
193 633
846 561
846 288
846 67
774 947
401 429
256 356
837 850
104 425
104 721
921 796
921 738
517 742
517 356
517 692
517 915
517 61
517 450
517 851
517 157
517 718
517 602
517 135
517 591
706 322
706 310
706 638
347 590
347 715
347 926
347 157
347 577
347 931
347 285
347 277
832 346
832 634
832 638
321 499
718 415
718 61
718 107
718 980
718 178
718 595
391 288
391 353
391 67
67 344
67 207
67 561
70 534
267 204
267 838
267 435
715 926
126 356
126 52
126 868
126 782
126 790
126 542
644 73
644 618
48 458
48 319
48 499
48 956
48 25
493 288
493 630
493 629
266 912
584 15
584 731
890 335
696 595
149 372
62 513
659 798
731 15
731 284
184 710
692 624
692 90
692 329
692 994
692 742
782 435
782 500
628 135
280 658
280 629
290 214
704 743
704 499
823 913
8 90
472 356
472 912
472 946
779 410
316 189
15 680
15 284
346 634
346 638
851 469
362 771
337 310
672 844
672 25
433 410
924 327
891 414
891 629
891 543
101 246
61 484
232 356
232 425
232 790
73 618
73 41
73 926
189 896
425 356
425 912
425 946
862 909
862 293
75 334
410 251
410 1001
410 423
443 721
443 152
795 421
561 288
38 609
712 40
712 450
844 956
844 499
369 513
369 913
1001 685
458 499
2 790
819 329
371 135
103 164
356 52
356 648
356 946
356 743
356 602
356 868
356 912
356 134
499 565
499 318
499 679
812 790
934 372
141 469
31 92
577 926
658 630
648 790
170 855
943 46
447 912
421 469
595 450
595 790
595 169
710 599
435 334
435 500
630 415
630 469
630 685
246 724
246 423
926 565
898 685
550 743
940 214
503 41
239 120
484 288
318 684
135 942
135 855
135 334
565 481
164 420
602 743
773 288
288 629
996 153
996 418
687 414
634 638
723 41
723 277
74 912
353 190
418 153
188 469
90 538
181 190
700 277
516 783
516 738
120 190
329 264
190 274
214 912
868 912
