744 232
99 0
50 559
703 120
703 306
963 367
963 67
617 75
617 811
150 471
748 926
526 160
526 280
526 24
0 228
0 118
0 929
0 991
0 862
0 6
0 78
0 470
0 314
0 365
0 249
0 333
0 693
0 178
0 605
0 502
0 409
0 599
0 538
0 710
0 767
0 519
0 976
0 732
175 275
175 849
175 5
365 189
365 410
365 522
365 32
365 281
365 118
365 595
313 356
313 168
313 74
313 472
313 256
313 912
313 946
313 730
143 976
143 544
780 977
695 662
231 874
231 873
231 987
163 113
163 62
163 542
377 422
974 294
974 74
974 586
22 663
233 692
233 90
233 935
343 388
343 740
343 229
343 399
343 853
920 181
920 851
229 356
229 776
229 775
229 248
229 499
229 127
229 812
229 731
229 743
229 718
229 783
229 518
229 586
229 534
229 428
229 637
229 40
229 692
229 997
229 450
229 329
229 739
229 850
229 157
229 189
229 220
229 472
229 612
229 147
229 684
902 35
614 629
136 915
955 427
955 540
955 311
955 987
737 849
879 420
324 38
324 460
324 337
314 693
314 710
314 929
180 727
686 926
428 915
428 857
428 122
428 24
800 62
607 816
488 662
547 851
948 356
948 416
948 133
948 435
948 946
373 391
373 207
373 190
749 692
969 977
141 241
833 499
656 181
656 190
133 602
900 662
96 299
96 832
96 132
96 388
96 346
96 509
96 634
96 638
723 503
723 1000
509 638
611 924
195 934
195 951
30 765
30 946
30 790
30 868
853 638
697 784
697 925
988 167
248 891
56 994
56 987
698 987
514 977
264 540
424 795
828 719
173 506
125 622
125 139
125 676
5 506
5 381
951 273
951 239
951 715
951 274
951 609
951 706
951 926
1004 977
332 782
332 294
332 586
332 500
895 518
895 799
32 189
857 122
857 316
245 994
245 540
245 874
245 873
245 987
272 662
272 450
530 280
530 891
530 629
530 24
817 167
983 214
746 813
381 107
381 192
381 810
586 416
586 662
586 74
586 294
586 267
586 885
586 111
586 573
586 500
586 687
586 435
586 334
104 356
674 517
674 112
42 38
166 356
166 112
166 392
166 573
166 111
732 977
732 599
518 444
518 90
518 513
518 535
518 435
518 367
701 728
106 740
765 356
765 602
765 111
765 214
765 721
935 337
935 720
111 356
111 602
111 294
111 743
535 913
535 369
535 444
874 540
874 840
874 873
874 764
165 31
165 401
165 316
165 67
772 120
383 138
383 720
572 662
558 415
558 207
558 844
558 90
558 565
558 216
558 1000
997 367
814 500
294 885
294 759
294 74
622 139
622 676
622 559
112 517
112 267
249 409
249 178
216 1000
216 318
601 634
601 139
24 561
24 658
24 891
24 360
24 160
24 280
24 631
24 629
540 987
540 994
540 329
502 214
502 976
502 367
502 228
545 946
925 873
925 311
740 788
577 458
924 14
924 850
924 199
432 789
889 868
811 415
78 693
78 599
78 185
147 416
147 926
53 923
53 850
53 491
254 662
952 351
952 806
952 316
952 200
422 613
422 284
582 987
721 648
361 987
977 832
977 153
977 122
977 996
977 418
977 790
977 950
250 886
918 844
950 154
338 329
338 994
338 987
338 624
404 595
404 372
416 356
416 790
416 803
416 232
416 946
416 629
605 178
923 687
923 278
923 890
953 207
806 200
139 676
139 510
139 322
139 939
139 206
139 477
139 64
139 534
139 154
139 323
139 487
954 207
193 290
846 288
846 67
401 415
401 98
401 429
401 454
256 356
256 648
724 866
724 718
724 246
546 415
546 157
546 491
546 550
546 61
546 669
546 8
546 277
517 267
517 803
281 491
832 423
832 638
759 984
134 742
134 90
228 214
843 184
849 275
849 987
849 423
198 662
764 987
718 866
718 904
718 61
718 101
480 987
289 810
984 267
984 126
984 74
391 288
391 610
391 353
391 67
67 344
67 207
885 74
160 658
160 280
160 360
126 868
126 790
644 506
644 90
48 1000
782 351
782 662
584 284
379 662
631 280
528 742
528 638
528 589
568 662
775 995
278 687
62 646
62 113
311 987
224 915
390 784
68 987
184 38
692 591
692 994
610 288
280 561
280 658
280 360
280 629
290 214
704 503
704 318
70 334
70 638
8 544
86 443
86 152
472 356
28 987
181 167
181 190
316 915
316 214
316 200
1000 41
1000 458
1000 503
671 995
671 367
6 506
6 333
6 178
851 35
337 919
337 61
813 214
813 277
813 996
904 122
433 994
433 987
322 943
891 414
891 360
891 397
891 995
72 443
72 662
232 790
232 868
784 742
784 170
784 90
784 65
862 693
862 178
845 946
443 742
443 152
795 207
26 662
38 638
712 662
844 684
844 499
127 367
369 913
731 680
731 739
731 284
251 987
947 662
506 29
506 192
506 921
2 700
2 58
2 812
2 790
872 987
374 742
374 105
371 415
478 267
347 912
995 414
682 850
317 304
499 684
812 790
812 119
349 976
306 742
850 804
850 367
454 98
454 429
658 92
687 65
687 500
751 267
161 626
693 991
693 333
693 178
669 544
595 169
95 994
95 987
865 367
122 915
92 915
949 912
630 167
630 288
284 680
987 796
987 531
987 482
987 994
987 641
987 809
987 367
987 873
987 840
987 789
503 41
29 899
946 367
599 130
599 178
484 750
484 288
915 351
402 788
402 634
164 223
356 52
356 648
356 602
356 912
356 90
662 214
662 40
662 466
662 450
662 60
662 187
662 802
288 750
288 629
153 996
834 367
996 418
450 40
450 187
739 367
739 544
178 367
367 40
367 544
367 783
167 469
643 107
353 190
40 415
685 90
685 629
790 868
207 35
207 469
810 107
700 214
700 638
542 90
120 762
120 190
190 274
214 500
912 90
648 267
334 500
500 90
629 90
