744 232
744 168
744 946
744 472
744 912
99 249
703 784
703 863
617 948
617 586
617 264
617 923
617 776
617 746
737 440
812 790
812 746
971 935
689 52
0 249
175 275
365 866
365 732
365 118
313 133
313 425
313 74
313 948
313 912
313 721
313 730
143 580
143 951
664 107
445 391
231 540
231 994
231 987
231 749
580 686
580 582
580 791
767 249
978 35
978 120
978 188
978 301
978 614
978 817
978 552
978 851
978 957
978 141
978 387
978 90
978 207
978 167
978 547
978 421
978 988
978 954
978 469
978 795
978 512
978 424
962 190
962 890
810 107
810 881
377 718
974 885
974 74
974 586
974 868
974 294
974 984
191 752
191 220
233 692
233 835
233 935
233 746
343 534
343 329
343 223
343 950
343 663
343 322
343 399
920 280
920 851
920 772
235 923
235 316
235 772
355 926
902 280
902 526
614 120
614 991
614 190
311 955
311 987
581 855
581 942
581 135
581 371
48 321
6 249
201 107
314 249
686 926
428 806
428 122
428 953
428 280
428 857
428 915
800 62
488 40
547 90
547 188
547 280
547 851
547 526
948 356
948 416
948 120
948 472
948 74
948 294
948 946
948 90
948 790
948 267
948 586
948 425
948 250
948 52
948 868
948 782
948 332
948 602
151 923
427 955
972 926
141 280
141 851
885 573
885 2
885 74
885 586
885 294
885 648
885 166
885 790
133 648
133 126
96 638
58 909
424 552
30 765
30 704
30 868
866 718
806 316
248 75
248 923
248 687
56 383
56 329
56 587
56 987
56 239
698 987
990 280
990 454
881 516
828 719
173 506
485 823
243 718
243 454
5 980
5 29
5 808
5 107
5 381
5 553
5 118
5 464
5 670
951 4
951 245
951 239
951 724
951 739
951 939
951 711
951 857
951 323
951 706
951 772
752 471
782 835
782 586
782 232
782 66
782 435
782 166
782 126
782 984
1003 454
439 912
439 168
439 52
439 77
332 435
332 759
332 586
332 984
776 334
702 327
895 823
220 120
220 90
32 718
32 189
32 280
32 791
857 122
857 915
857 454
857 953
857 316
245 591
245 334
245 873
245 987
530 280
530 891
530 629
530 120
730 356
730 676
730 912
746 700
746 591
746 692
746 90
746 923
746 214
746 731
746 277
746 813
746 718
746 687
746 720
746 668
746 935
381 107
381 532
381 670
586 356
586 490
586 573
586 2
586 61
586 232
586 294
586 267
586 415
586 250
586 74
586 435
586 166
586 984
924 14
924 199
924 644
546 147
546 522
590 926
281 280
281 189
281 718
764 987
764 790
765 356
765 912
765 52
654 991
268 98
111 294
535 518
165 31
165 401
165 316
165 67
165 838
772 120
772 476
772 367
772 214
772 633
772 16
772 90
772 239
772 923
772 880
772 280
772 609
772 39
772 193
772 875
772 203
772 8
772 707
772 53
772 890
383 769
383 589
572 724
572 246
558 216
558 844
558 684
997 120
522 718
294 573
294 759
294 984
294 166
294 74
443 662
443 214
443 90
443 72
699 168
699 77
748 926
556 168
556 77
736 540
585 528
573 74
573 126
112 803
249 228
249 929
249 862
249 78
249 470
249 491
249 333
249 693
249 178
249 605
249 502
249 409
249 599
249 538
249 710
249 519
249 976
249 991
41 758
41 723
540 955
540 692
540 840
540 987
540 855
540 624
540 994
540 193
503 704
502 189
502 605
502 61
502 388
502 228
502 538
502 470
114 718
114 275
740 106
740 863
670 107
670 506
166 232
168 52
168 77
168 949
168 425
168 521
168 472
168 266
168 912
168 984
707 923
707 680
707 98
707 454
811 415
101 423
147 416
147 120
147 720
147 90
147 454
147 813
147 550
147 65
147 926
53 923
53 739
171 926
933 926
107 120
107 537
107 320
107 468
107 553
107 898
107 335
107 985
107 98
107 980
107 643
107 464
582 987
721 356
721 602
721 648
721 256
721 743
721 109
88 950
977 1004
977 153
977 423
977 796
977 418
388 591
388 832
918 758
918 684
918 318
950 663
950 638
338 987
338 193
404 595
416 425
416 790
605 1001
605 178
444 369
337 310
969 718
923 120
923 278
923 290
923 595
923 193
923 738
923 687
923 890
953 915
953 280
988 167
988 3
808 29
193 550
193 994
846 288
846 280
401 415
401 98
401 429
401 454
724 14
724 718
861 934
104 425
104 126
104 790
104 74
732 718
732 118
517 75
517 267
517 61
517 803
935 813
935 692
935 870
935 668
935 720
935 663
832 369
832 638
134 98
754 718
321 684
843 718
849 275
849 987
849 423
361 987
939 534
718 120
718 122
718 716
718 293
718 883
718 915
718 742
718 16
718 61
718 621
718 595
718 189
718 777
480 987
758 723
758 956
758 844
925 955
663 638
984 232
391 288
391 891
391 610
67 181
160 658
715 926
126 356
126 700
126 2
126 52
277 926
425 949
425 120
425 266
425 435
425 77
425 946
266 912
266 77
584 731
379 466
379 454
631 280
890 190
568 40
568 293
696 891
696 851
278 98
278 61
278 566
62 646
638 700
638 164
638 322
638 790
955 840
955 987
731 422
731 120
731 15
731 680
731 284
518 120
518 90
518 823
518 854
518 163
534 70
534 367
980 122
167 35
167 122
167 301
167 851
692 910
692 61
692 994
610 288
610 484
188 280
188 90
188 851
280 561
280 915
280 301
280 422
280 851
280 142
280 647
280 526
280 24
280 35
280 360
280 241
280 656
280 469
280 421
280 293
762 648
762 435
290 687
290 367
290 214
290 40
46 369
157 926
86 662
86 152
472 356
472 90
472 52
472 232
472 912
472 946
28 987
565 684
565 844
565 499
316 120
316 915
316 17
316 367
316 136
316 200
521 868
521 52
521 77
205 90
70 120
70 943
70 367
873 987
229 293
851 61
117 98
813 214
813 90
387 676
904 454
433 789
433 994
433 987
891 414
891 658
891 267
891 629
891 24
668 90
910 329
713 98
61 742
61 591
61 120
61 915
61 450
61 716
61 687
61 356
61 135
61 542
656 486
656 353
656 190
232 648
232 52
232 946
77 912
77 949
189 410
189 595
784 300
784 390
784 306
716 127
75 454
75 687
75 940
75 868
75 749
840 987
285 926
862 178
561 629
561 526
198 40
712 40
712 214
712 450
844 458
844 684
127 120
369 913
251 987
251 482
909 454
1001 506
1001 14
1001 685
613 239
14 506
14 90
14 796
458 956
458 679
2 484
2 790
360 454
360 526
872 987
478 267
347 926
682 650
471 454
499 120
499 684
367 214
934 595
934 169
751 267
170 855
838 915
95 987
865 120
865 454
24 630
435 120
719 410
122 469
122 275
122 915
122 142
544 120
630 288
246 423
284 680
284 422
926 129
926 931
199 863
987 120
987 796
987 531
987 482
987 994
987 641
987 809
987 789
987 269
987 68
940 214
994 329
239 214
946 912
484 288
318 684
915 142
915 136
915 200
135 120
135 942
624 789
356 90
356 52
356 912
662 214
662 90
662 72
679 684
602 912
773 288
288 629
98 454
996 418
526 629
178 120
178 470
646 163
187 40
52 868
52 912
720 90
200 136
591 120
643 685
74 648
414 327
685 90
790 700
790 868
854 90
854 542
163 799
700 119
16 1004
850 120
850 90
789 470
684 704
120 629
120 40
120 190
454 648
190 90
190 274
648 267
783 738
629 90
