99 0
99 178
99 599
963 214
617 135
617 193
541 738
737 107
737 849
748 926
526 561
526 629
646 513
646 112
646 369
646 163
646 62
0 228
0 929
0 862
0 6
0 78
0 470
0 732
0 314
0 333
0 693
0 178
0 249
0 502
0 605
0 409
0 599
0 538
0 710
0 767
0 519
0 976
0 991
0 705
175 107
175 246
175 849
990 31
990 424
990 482
313 356
313 294
143 214
143 280
143 544
143 362
143 669
673 471
576 506
576 657
576 783
780 977
445 288
445 391
231 607
231 540
231 538
231 987
231 874
231 415
767 333
767 178
978 561
978 188
978 951
372 404
377 457
377 866
377 101
377 365
745 506
191 607
191 692
233 159
343 70
343 607
343 299
343 399
343 863
920 752
355 933
159 724
159 450
159 214
614 188
955 840
955 987
305 232
48 458
48 319
48 558
48 956
48 216
48 684
48 25
201 107
201 595
314 178
314 599
32 840
376 410
971 200
428 207
428 951
607 696
607 692
607 891
607 718
607 833
364 540
948 356
948 439
948 949
948 168
948 772
151 253
373 391
373 353
373 190
306 700
306 771
656 190
133 648
900 61
58 909
424 421
424 951
424 207
424 795
863 371
697 855
697 540
697 925
697 873
841 687
841 692
841 746
841 550
841 772
652 107
56 540
56 840
56 987
56 482
698 987
514 977
881 810
828 506
485 62
125 622
5 107
5 670
951 866
951 13
951 996
951 190
951 552
951 738
951 78
951 883
951 42
1004 977
1004 107
226 540
439 266
332 416
332 500
50 559
895 62
220 772
552 181
180 897
336 926
664 107
245 540
245 692
245 987
245 874
245 764
272 40
810 107
810 7
530 891
530 629
817 294
746 692
746 550
746 687
746 720
746 668
746 935
847 207
586 356
586 416
586 735
586 310
586 334
586 762
586 435
586 267
586 126
674 112
42 534
42 310
924 14
924 644
643 107
643 468
281 497
281 772
764 540
764 874
764 840
764 987
765 356
765 416
765 648
765 104
83 784
381 107
381 670
455 502
535 120
535 369
535 444
535 62
874 540
874 840
874 873
165 31
165 401
165 344
165 316
165 67
772 866
772 499
772 127
772 274
772 340
772 926
772 868
772 534
772 629
772 24
772 40
772 190
772 450
772 70
772 739
772 267
772 189
772 500
772 147
772 416
772 565
772 435
772 542
383 356
383 432
383 887
383 589
572 450
558 207
558 956
997 506
997 90
814 500
862 909
862 178
862 362
862 502
622 323
622 559
622 510
622 676
295 178
112 52
112 803
112 392
112 267
443 742
249 178
216 956
532 107
532 804
532 516
24 846
24 891
24 493
24 629
540 855
540 68
540 873
540 338
540 840
540 987
540 433
540 994
502 591
502 188
502 923
502 280
502 189
502 538
502 333
502 687
502 178
393 107
925 840
925 987
670 506
670 189
670 688
670 29
670 107
670 605
577 926
168 912
432 987
432 482
707 98
78 178
147 157
843 61
565 41
952 316
952 200
929 178
713 98
713 592
582 840
582 987
721 425
977 208
977 419
977 423
977 950
388 90
388 638
551 62
250 62
950 1001
543 838
416 356
416 648
416 74
416 193
416 602
416 126
416 52
416 334
605 538
605 409
605 840
605 685
605 693
605 178
444 62
923 591
923 450
923 687
923 921
923 193
923 738
988 167
808 107
193 454
752 16
752 188
774 947
401 415
401 429
401 454
401 98
401 291
256 74
409 178
104 425
104 74
546 550
517 356
935 813
935 692
935 720
935 668
832 319
832 90
832 638
832 423
134 98
134 592
754 883
320 107
228 333
228 178
53 542
849 275
849 987
849 423
361 987
338 987
718 591
718 916
718 61
718 107
718 708
718 178
718 89
718 851
480 506
480 987
480 482
236 208
236 107
236 6
236 90
663 103
913 62
493 288
493 207
493 629
984 782
984 74
984 126
391 288
391 484
391 353
67 344
885 74
160 629
1002 319
715 926
126 356
126 648
126 782
126 912
644 506
644 199
644 90
425 232
425 946
795 421
795 207
631 629
268 98
268 633
268 454
268 117
149 716
311 840
311 987
722 62
731 15
581 135
980 107
980 479
692 687
692 334
692 61
692 135
782 790
782 61
782 232
782 294
782 435
482 987
482 28
482 641
668 720
280 846
280 629
704 499
70 334
823 62
8 544
472 232
28 987
181 724
181 190
779 710
316 214
316 838
15 680
15 422
873 840
873 987
6 178
474 603
362 771
117 98
813 912
813 720
433 840
433 987
433 738
322 164
322 638
891 414
891 629
985 107
101 423
101 716
107 208
107 118
107 289
107 335
107 98
107 464
107 29
107 468
107 553
107 537
107 688
107 898
107 192
107 899
61 840
61 522
61 687
61 595
232 356
232 790
232 74
232 946
73 723
73 41
189 333
189 410
716 866
716 16
716 19
716 423
716 724
716 293
397 90
410 153
592 98
592 609
592 454
561 846
561 288
561 629
712 214
844 499
844 25
369 62
559 402
251 987
1001 685
613 422
458 956
506 192
506 657
506 688
506 289
2 516
360 629
497 773
872 987
371 135
103 423
735 310
624 329
356 648
356 52
356 743
356 602
356 868
356 435
812 119
141 188
454 98
454 429
333 178
333 19
658 629
687 334
294 74
170 936
170 840
693 178
838 700
669 544
569 178
95 987
710 178
465 790
435 334
435 267
4 771
630 288
630 353
630 423
630 629
246 90
246 423
987 531
987 994
987 641
987 809
987 840
987 789
987 68
513 62
940 214
994 334
464 90
599 178
846 288
846 629
484 288
976 178
991 178
135 90
135 855
921 738
429 415
429 98
164 638
804 516
602 854
773 288
288 750
288 629
153 418
750 629
996 418
450 40
450 214
788 634
187 60
52 648
113 62
74 912
74 648
74 447
74 743
353 190
414 327
274 190
790 700
854 62
163 62
516 783
638 334
542 62
120 62
214 40
214 178
470 178
936 267
680 422
538 178
979 738
685 629
334 500
448 90
62 799
178 339
