744 356
997 818
814 500
294 586
699 266
699 77
556 77
337 505
813 746
573 586
313 356
891 75
891 414
891 61
891 530
438 818
502 178
61 991
232 356
232 168
232 946
232 472
232 790
83 784
77 168
77 260
77 521
77 439
77 266
77 912
77 949
199 506
464 980
168 260
168 948
168 439
168 946
168 949
168 765
168 425
168 472
168 266
168 912
634 376
784 752
784 697
784 300
52 356
52 425
52 648
52 472
52 948
147 577
200 915
818 478
818 807
818 153
541 506
418 308
418 996
62 800
458 577
506 996
506 644
324 534
948 356
516 790
923 356
431 188
806 136
808 29
885 586
256 356
256 730
935 746
356 648
356 472
356 946
356 730
356 765
356 425
356 912
356 687
988 207
214 500
912 260
912 266
260 266
260 439
260 949
439 266
439 949
332 500
469 167
469 630
126 586
266 949
266 790
435 500
586 500
166 762
166 500
991 654
