99 862
99 178
963 67
617 987
617 833
617 811
541 850
541 738
150 147
150 316
150 471
971 316
646 163
0 178
853 343
990 280
990 24
990 207
990 316
990 482
313 356
313 598
313 472
313 168
313 912
313 946
313 730
576 506
780 950
780 514
445 891
695 329
695 466
231 540
231 840
231 987
231 338
231 849
231 749
231 738
580 32
767 333
767 585
767 314
767 178
978 167
978 35
978 547
978 188
978 301
978 614
978 421
978 988
978 851
978 957
978 954
978 469
978 512
978 424
978 795
978 552
978 817
978 207
978 141
978 90
962 987
962 151
163 895
163 799
163 113
377 367
377 214
974 885
974 867
974 74
974 984
233 692
343 164
343 38
343 310
343 663
343 749
343 88
920 280
229 718
229 316
355 147
902 280
902 629
614 991
614 190
955 987
581 855
581 135
581 997
737 107
879 164
324 951
314 605
314 178
314 929
180 958
376 919
686 147
428 915
428 122
428 207
428 316
428 838
607 334
857 17
857 122
857 316
857 136
547 280
547 469
547 188
547 301
948 356
948 912
948 392
948 267
948 765
151 923
373 207
306 742
306 718
833 178
833 248
833 316
885 294
885 586
900 742
900 120
900 571
509 832
65 56
65 196
65 772
175 5
175 423
697 855
697 293
775 483
248 891
248 550
56 410
888 316
91 178
808 107
828 532
828 738
173 506
485 62
243 718
951 923
951 273
951 367
439 912
439 77
439 425
439 168
332 782
332 435
332 838
332 500
776 571
895 518
220 609
32 188
32 669
32 280
32 739
32 791
336 285
664 810
272 662
272 362
530 157
530 280
530 571
530 629
730 356
730 425
746 813
746 935
381 532
381 327
586 157
586 356
586 500
586 782
586 517
586 984
586 294
586 542
674 517
166 356
166 516
166 984
166 500
783 738
590 147
643 107
643 685
48 458
48 684
937 628
765 912
765 602
765 425
765 868
654 991
535 157
535 517
535 356
535 518
535 542
165 401
165 207
165 316
772 120
772 316
772 200
383 912
383 528
383 362
572 40
558 216
558 458
558 684
510 939
510 638
814 500
517 157
517 356
517 61
517 267
517 684
517 542
443 742
443 718
443 662
295 178
832 70
832 369
573 74
573 500
112 356
693 178
216 458
24 188
24 782
24 280
24 891
24 629
540 433
540 264
540 582
540 338
540 641
502 415
502 710
502 228
502 991
502 214
502 178
502 749
114 718
924 506
924 14
924 850
924 1001
924 644
168 356
168 923
168 260
168 52
168 472
168 266
168 912
168 77
168 949
527 680
527 422
527 720
527 710
527 731
78 178
326 696
147 748
147 285
147 577
147 972
147 715
147 926
147 347
147 471
147 931
147 171
147 277
147 933
843 779
171 347
171 185
952 316
952 200
476 633
422 680
422 15
422 731
422 280
582 364
716 149
977 423
250 356
250 518
250 542
918 758
950 514
543 316
416 435
416 629
605 700
605 790
605 178
923 90
923 890
953 280
953 207
953 316
988 782
139 601
954 851
846 288
846 629
774 947
401 415
401 98
401 429
401 454
256 356
724 14
724 246
724 178
724 883
837 90
837 738
104 356
104 425
104 648
104 721
546 550
935 571
935 720
598 425
598 472
759 294
759 435
759 126
228 178
53 518
849 338
338 789
718 742
718 915
718 61
718 223
718 991
718 483
758 956
663 70
663 571
493 484
493 629
984 294
984 762
984 362
391 288
260 912
160 658
160 571
160 280
160 629
267 478
267 344
267 648
267 466
267 782
267 891
267 751
126 356
126 294
136 316
425 356
425 232
425 949
185 534
185 762
266 77
584 731
379 568
631 280
631 188
631 629
528 531
696 891
224 316
293 280
518 542
534 571
392 700
184 407
184 779
167 90
692 749
782 356
782 656
782 61
782 351
782 435
188 561
188 360
188 90
188 280
188 526
188 142
407 779
280 561
280 915
280 301
280 851
280 142
280 647
280 526
280 629
280 35
280 360
280 421
280 141
280 241
280 656
280 469
290 214
46 132
157 356
157 684
157 542
70 334
70 633
8 414
472 232
472 356
624 329
779 883
779 225
316 351
316 915
316 17
316 31
316 647
316 349
316 302
316 92
316 142
316 344
316 725
316 200
613 367
196 731
15 731
6 178
851 90
813 571
433 738
891 353
891 414
891 629
644 506
644 199
644 1001
101 246
61 742
61 19
61 991
61 926
870 571
870 135
232 648
77 912
199 506
784 855
784 390
294 74
75 633
862 178
561 629
712 40
712 450
844 684
127 934
731 284
858 991
1001 506
1000 458
458 319
458 956
506 14
2 812
360 629
819 329
872 987
374 400
571 742
571 394
571 277
571 62
571 684
571 161
571 450
571 542
956 704
956 565
356 648
356 334
356 743
356 602
356 912
356 90
356 721
356 52
356 684
356 542
550 743
550 595
499 684
499 318
367 887
367 841
367 940
367 214
141 469
658 629
648 721
288 610
288 773
288 484
288 630
288 629
249 178
249 470
838 435
569 178
595 1004
710 178
465 812
435 500
719 410
719 738
122 915
630 629
246 423
926 565
503 704
409 178
599 178
468 107
484 629
976 178
991 178
135 942
866 423
602 743
602 721
349 207
333 178
333 470
98 429
742 214
742 120
750 629
996 418
450 915
450 334
450 40
526 629
178 929
178 482
178 470
178 415
178 90
178 538
178 339
745 738
52 912
812 700
812 790
812 119
200 915
685 629
482 531
415 429
610 629
878 929
16 410
516 743
429 454
684 704
684 542
638 790
1004 107
214 500
214 334
214 629
470 538
868 790
868 912
912 949
410 14
13 738
