744 356
744 912
744 472
744 232
703 784
703 659
703 581
703 306
963 67
541 506
541 850
737 440
737 849
812 700
812 2
812 790
812 772
526 360
854 517
175 275
175 849
175 5
990 280
990 424
313 356
313 168
313 946
313 472
576 850
445 891
231 170
231 245
231 987
231 540
824 188
767 333
978 35
978 656
978 469
978 274
978 920
978 316
978 629
978 851
377 685
377 772
377 365
671 692
191 120
233 90
233 692
233 245
233 550
343 310
343 223
343 950
343 534
343 663
343 587
920 656
920 550
920 530
920 915
920 274
920 851
648 332
648 721
648 126
614 954
807 587
955 427
955 540
955 311
955 987
575 912
581 245
581 855
581 936
581 135
581 851
48 956
879 69
194 587
32 197
32 862
32 791
376 731
686 926
428 915
428 316
607 765
607 696
607 243
607 687
364 248
547 862
547 954
547 851
948 356
948 765
948 120
948 425
948 112
948 416
948 392
948 435
948 946
948 267
948 674
151 214
151 278
151 253
306 334
306 784
306 659
833 415
833 720
833 987
833 185
656 181
133 602
133 126
900 40
900 662
309 474
922 585
611 850
65 752
65 196
65 75
65 147
65 135
65 220
30 356
30 104
30 362
853 638
697 540
697 784
697 771
697 855
697 925
697 873
697 293
806 857
806 915
806 316
790 700
790 101
790 956
248 506
248 891
56 987
56 772
698 987
365 127
919 337
264 329
264 245
881 14
881 850
881 783
828 850
485 62
243 772
951 789
951 38
951 595
951 178
951 923
951 367
951 372
951 225
951 184
752 120
752 178
668 813
668 935
668 746
332 782
332 356
332 126
332 500
50 559
848 860
702 850
702 644
895 518
895 823
220 75
220 196
180 727
857 351
857 316
245 170
245 540
245 692
245 840
245 987
245 329
530 658
530 891
530 851
817 280
817 954
730 356
746 813
746 935
558 1000
674 517
181 724
181 189
181 274
181 353
42 534
924 506
924 850
783 682
783 772
546 540
908 721
676 622
764 994
764 987
765 356
765 602
765 104
765 517
765 868
765 721
765 742
654 991
654 682
638 950
638 663
535 62
165 31
165 401
165 302
165 316
165 67
772 120
772 915
772 775
772 609
772 993
772 566
772 633
772 613
772 75
772 528
383 138
383 913
383 887
383 362
572 293
586 573
586 912
586 782
586 517
586 334
586 587
586 435
586 166
586 126
586 984
170 855
862 502
862 534
862 693
862 293
862 178
443 662
559 299
559 622
559 420
819 329
736 90
585 822
573 74
573 166
112 356
112 472
112 267
216 321
216 458
216 1000
24 750
24 891
24 528
422 731
4 304
4 371
502 189
502 188
502 61
502 78
502 280
502 178
393 907
670 107
670 605
670 29
166 517
166 61
168 356
168 425
168 472
168 232
168 912
168 949
432 987
707 633
147 416
147 577
147 454
748 926
171 347
929 239
107 335
107 320
107 724
107 98
107 464
582 994
582 987
716 127
716 293
977 1004
977 418
388 534
388 96
250 880
587 540
587 135
19 293
416 425
416 104
605 178
923 591
923 687
923 367
923 609
923 214
923 334
923 935
988 451
988 207
988 267
954 167
954 35
954 469
954 188
954 851
954 957
193 633
846 288
846 67
401 415
401 278
401 196
401 454
401 98
401 429
563 731
256 356
837 719
837 850
104 425
921 719
921 850
935 813
935 577
935 720
347 157
347 472
832 976
796 14
796 987
641 540
641 987
53 633
53 609
849 275
849 987
849 423
361 987
718 334
718 595
480 987
236 537
913 109
742 334
742 90
742 135
742 239
984 912
984 435
391 373
391 288
391 610
391 353
391 750
885 912
308 418
126 356
126 52
126 721
644 506
644 850
644 199
425 356
425 472
425 232
425 912
425 946
185 987
782 912
782 435
782 61
584 731
528 239
528 531
890 334
890 214
696 334
696 595
278 334
278 98
311 633
311 987
659 374
731 15
731 680
731 284
731 196
518 799
518 542
534 84
392 74
167 630
692 334
692 700
692 2
692 229
692 749
610 288
188 141
188 851
280 595
290 120
290 214
704 503
704 499
704 844
704 565
157 517
472 356
472 232
472 912
28 987
565 517
316 31
316 915
316 134
316 142
1000 723
1000 503
1000 319
873 840
873 987
873 540
229 334
802 40
802 450
474 402
851 469
851 915
813 400
82 2
433 120
433 987
197 850
891 414
891 90
891 353
101 90
101 246
101 423
910 329
61 178
341 327
232 912
814 500
566 120
199 14
199 850
784 390
517 356
517 602
517 542
840 540
840 987
283 90
622 206
127 595
293 16
293 724
251 987
1001 850
458 956
506 850
506 14
2 700
2 628
2 749
872 987
371 135
173 14
173 850
995 414
995 334
499 503
850 719
850 804
850 14
850 657
850 738
850 437
850 13
850 996
850 516
850 745
850 761
850 682
850 650
687 334
288 773
288 484
288 630
288 629
943 164
838 351
838 484
399 46
95 987
435 500
96 634
96 509
719 410
540 987
544 741
630 685
630 484
246 724
246 423
338 987
987 531
987 482
987 994
987 809
987 789
987 68
724 189
724 14
946 356
946 90
976 178
976 349
991 178
135 942
624 329
356 949
356 743
356 912
356 868
356 90
356 721
356 52
662 214
633 120
996 14
996 418
788 402
187 40
52 267
899 289
200 351
200 915
74 912
414 327
418 105
62 646
62 542
223 334
646 542
700 749
553 688
682 650
682 738
120 190
120 454
214 609
531 482
912 949
609 454
454 429
454 713
410 14
