744 912
744 168
99 178
50 559
703 784
703 214
963 65
963 67
617 923
617 811
541 738
150 629
812 790
971 915
971 316
971 543
646 113
646 485
646 518
646 62
646 542
0 705
0 178
175 275
990 469
990 838
990 349
990 428
990 316
990 424
313 721
143 544
664 107
780 950
780 977
780 832
780 378
780 514
445 629
695 450
102 705
231 742
231 170
231 120
231 245
231 840
231 502
231 28
231 2
231 874
231 915
231 987
767 333
767 178
767 78
978 585
978 301
978 851
372 149
372 951
15 680
15 731
559 634
559 420
347 157
347 933
233 540
233 214
233 245
233 835
233 692
343 663
343 88
648 104
648 425
229 607
229 687
229 334
229 306
437 738
614 469
614 851
807 193
955 987
71 595
305 946
48 684
48 704
879 322
879 740
879 420
605 333
605 538
605 1001
605 178
605 685
201 843
314 178
314 929
337 310
337 505
428 915
428 316
800 485
800 62
607 591
607 712
607 75
607 687
607 334
547 469
547 293
547 851
948 416
948 425
948 868
948 912
948 946
948 65
151 253
373 391
373 344
373 190
306 784
306 863
833 415
833 40
656 190
387 383
387 851
96 420
523 765
611 14
424 469
424 207
424 795
424 421
424 851
863 83
863 784
863 626
863 659
863 769
863 993
697 855
697 925
697 311
697 293
790 104
790 439
248 157
248 891
56 789
56 987
698 987
888 316
888 838
888 349
91 149
881 516
881 738
828 738
485 854
485 62
485 518
125 676
5 335
5 29
951 595
951 245
951 707
951 169
846 658
846 288
846 629
846 67
439 912
439 168
979 738
776 571
702 738
895 551
895 799
220 75
220 65
552 160
32 197
32 921
945 738
857 700
857 952
857 915
857 165
857 316
857 142
245 170
245 540
245 692
245 264
245 329
245 581
245 840
245 987
245 874
245 135
245 624
272 900
272 585
272 450
530 157
530 571
530 746
530 630
530 629
530 24
817 469
817 851
746 522
746 813
746 550
746 841
746 630
746 720
746 668
746 531
746 935
746 277
837 738
381 107
381 327
586 490
586 334
586 844
586 573
181 190
42 70
42 402
924 738
783 719
783 516
783 738
546 415
546 550
546 277
546 522
226 134
226 338
764 874
764 840
764 987
764 624
765 912
765 104
765 425
765 721
654 738
268 98
268 633
111 571
535 369
535 518
874 540
874 840
874 925
874 873
165 31
165 401
165 344
165 67
165 316
772 334
772 454
383 956
383 293
383 362
383 887
572 450
402 788
402 164
402 634
402 943
402 649
862 178
443 742
443 86
771 82
771 390
273 890
300 784
585 31
573 74
693 1004
693 178
601 534
24 750
24 891
24 909
24 629
422 731
540 840
540 987
540 855
540 873
540 994
540 338
502 120
502 118
502 214
502 178
114 122
670 90
670 29
304 441
168 134
168 472
168 912
168 868
527 832
527 710
432 987
707 923
707 680
707 98
707 609
707 880
907 843
78 178
101 724
147 65
53 742
53 923
171 214
952 915
952 316
929 178
107 98
107 90
107 810
582 987
88 906
977 832
75 334
75 65
551 799
551 250
250 782
950 832
543 316
416 334
416 65
324 534
324 638
969 61
923 120
923 197
923 921
923 214
923 738
953 316
139 309
954 167
954 469
954 851
752 518
401 415
401 98
256 721
256 126
724 1004
724 29
724 246
724 921
724 293
861 896
104 425
921 738
921 657
935 813
935 571
935 720
935 668
814 500
832 514
832 649
832 378
832 132
832 309
832 423
832 936
832 319
134 98
134 850
321 499
228 178
843 407
849 987
849 433
849 327
361 987
957 469
957 851
338 329
338 987
338 264
718 591
718 692
718 915
718 61
718 696
718 135
480 987
758 723
663 571
936 581
493 629
391 484
391 353
391 67
391 288
391 629
260 912
67 344
67 207
67 658
160 120
160 571
160 280
160 367
160 629
1002 319
715 926
126 435
126 721
136 915
136 316
878 415
878 178
425 232
425 912
425 946
185 762
782 435
782 890
631 629
890 742
568 450
696 334
696 595
278 98
278 290
311 987
224 316
804 516
288 484
288 773
288 629
451 469
184 38
167 469
167 851
610 629
188 469
188 851
280 629
762 415
704 318
157 891
70 534
70 334
823 518
8 544
28 987
624 329
316 351
316 915
316 17
316 214
316 349
316 31
316 647
316 302
316 92
316 142
316 344
316 200
196 518
196 65
301 469
301 851
671 397
873 987
6 178
851 35
851 241
851 421
851 415
851 469
851 795
362 784
117 98
813 400
813 912
813 571
813 720
82 870
433 987
891 414
891 214
891 629
644 14
644 738
668 720
997 65
61 591
61 135
870 571
232 912
232 946
77 912
73 723
73 41
199 738
784 239
784 390
397 975
410 719
795 421
795 469
795 207
561 629
712 40
712 450
844 956
731 658
731 571
295 178
251 987
1001 685
1001 738
947 450
506 738
360 629
241 469
872 987
374 105
55 595
103 310
173 738
270 738
571 742
571 277
571 62
571 684
571 900
571 534
571 161
571 450
571 394
571 542
440 537
650 738
499 214
349 207
349 976
550 743
647 915
658 629
170 855
170 135
170 581
249 178
943 164
669 544
569 178
421 469
595 169
532 738
95 987
900 742
710 178
761 738
865 65
109 721
309 534
719 738
630 484
630 207
630 629
987 796
987 531
987 482
987 994
987 641
987 809
987 925
987 65
987 840
987 789
987 68
513 518
409 178
880 538
599 178
65 120
65 720
65 40
65 609
484 629
603 46
976 178
991 178
135 942
135 450
135 591
518 62
356 912
356 721
866 869
633 609
602 721
333 178
98 713
98 454
98 429
742 120
742 214
750 629
996 418
996 738
450 187
450 802
526 629
142 207
142 915
749 334
749 178
788 634
723 41
745 738
682 738
200 344
200 915
113 62
353 190
685 629
418 105
418 178
415 915
415 429
189 214
189 629
207 469
810 289
516 738
850 738
166 743
120 334
120 178
329 264
190 274
17 915
214 334
214 178
214 629
470 178
868 912
912 266
35 469
327 897
327 738
454 429
538 178
359 178
14 738
576 738
743 721
482 641
657 738
178 90
178 339
13 738
