804 516
910 332
510 622
522 61
963 67
617 500
559 622
936 135
337 135
854 113
854 542
433 809
534 746
98 107
532 381
576 506
576 657
996 850
996 418
996 924
468 107
111 746
739 746
670 688
745 738
862 280
862 547
397 90
622 125
622 676
622 206
899 335
506 657
107 471
685 605
685 1001
369 535
418 105
790 126
977 1004
977 153
942 135
551 62
1001 950
1001 605
362 35
947 774
607 61
416 126
581 135
193 714
192 381
921 657
921 783
921 14
517 334
517 586
517 61
542 62
120 823
329 719
329 775
550 61
855 135
214 56
718 61
813 746
335 118
335 381
335 537
335 289
796 14
243 61
913 823
984 126
103 663
332 500
126 782
126 586
702 14
895 823
782 61
14 381
14 724
14 924
823 62
334 61
482 809
783 654
586 762
586 61
586 500
69 879
692 61
90 135
762 500
537 381
