99 0
99 502
703 135
963 67
541 850
150 316
526 280
526 629
646 513
646 369
646 551
646 485
646 62
0 228
0 929
0 862
0 6
0 78
0 470
0 314
0 249
0 333
0 693
0 178
0 605
0 502
0 409
0 599
0 538
0 710
0 767
0 519
0 976
0 991
990 280
231 987
231 738
767 605
978 851
978 629
962 465
810 881
377 457
377 75
377 530
974 586
343 663
343 943
920 353
355 147
355 347
311 987
581 742
581 855
581 135
737 440
879 164
314 228
314 693
314 710
314 169
686 650
428 31
428 696
428 165
428 915
428 349
428 17
428 953
428 857
428 173
428 92
428 142
607 414
607 696
607 184
364 764
547 167
547 280
547 712
547 293
547 424
948 854
948 75
948 120
948 416
151 280
373 344
969 169
141 750
656 280
900 746
65 75
65 534
866 549
248 696
56 987
68 987
365 732
881 850
881 783
5 107
5 980
5 491
951 923
951 584
951 13
951 214
951 284
846 288
846 280
846 629
782 232
782 294
782 500
782 61
782 912
668 720
668 746
332 854
332 500
220 75
32 197
32 280
32 921
32 433
336 147
857 17
245 987
530 662
530 135
530 629
817 280
730 854
746 414
746 692
746 813
746 720
746 135
746 935
381 192
381 532
586 490
586 416
586 915
586 500
586 294
586 267
586 214
586 166
586 126
586 984
674 112
674 392
674 166
166 416
166 74
166 112
166 392
166 743
534 649
534 310
534 591
590 147
281 491
281 169
106 906
765 416
765 90
654 738
638 223
535 62
535 542
874 925
165 31
165 344
165 316
772 923
772 633
772 454
772 75
772 334
772 609
772 120
393 184
558 499
522 61
294 232
443 742
832 38
832 649
819 624
112 517
112 392
112 74
249 409
249 6
249 491
249 605
532 153
41 73
41 723
422 90
422 731
540 987
502 605
502 976
502 189
502 118
502 178
502 599
114 718
925 987
740 164
577 147
577 458
577 926
924 14
924 850
168 416
168 260
168 472
168 232
168 912
168 949
527 720
432 987
707 415
707 680
907 843
78 605
147 720
147 933
147 972
147 196
147 926
147 347
147 285
147 277
147 171
843 184
171 347
933 347
933 748
163 62
713 98
582 987
582 764
716 372
977 1004
977 153
977 418
250 854
250 62
918 758
338 987
408 280
404 372
416 912
416 743
605 228
605 569
605 862
605 6
605 409
605 599
605 470
605 538
605 710
605 789
605 333
605 976
605 693
605 178
923 120
923 865
953 142
954 280
193 633
193 546
752 70
752 120
401 415
401 98
401 429
401 454
837 850
546 415
546 550
517 854
935 720
748 347
748 926
134 738
321 684
321 499
228 693
53 692
53 120
53 200
849 251
849 987
361 987
764 987
718 356
718 90
718 915
718 61
718 101
718 595
480 987
758 956
493 629
984 267
391 891
391 353
260 912
260 90
126 602
126 790
136 200
425 232
425 912
425 946
425 472
795 421
584 15
631 629
528 531
568 40
696 410
149 372
62 120
955 987
288 750
288 629
441 304
392 316
392 74
167 280
692 205
865 329
482 251
482 987
280 35
280 712
280 92
280 189
280 647
280 658
280 629
280 24
280 160
280 142
280 469
280 424
290 214
290 120
290 253
290 566
160 629
472 946
28 987
181 724
316 915
595 372
595 169
196 120
196 850
196 429
196 40
15 680
15 284
873 987
851 750
362 372
813 720
82 870
82 135
433 987
197 850
322 164
891 414
891 629
891 24
61 926
870 135
870 371
232 946
814 500
189 724
189 169
75 993
840 987
561 629
198 40
198 120
712 40
712 450
712 299
712 142
844 684
844 499
251 789
251 987
1001 850
613 90
506 657
506 173
506 1004
360 629
872 987
872 599
371 135
347 926
682 850
356 946
499 684
812 503
934 372
850 804
850 516
850 738
335 107
658 629
170 135
956 318
771 390
569 333
95 987
761 153
24 915
24 629
435 500
120 454
120 609
630 629
926 129
987 531
987 994
987 641
987 809
987 698
987 789
940 214
19 333
424 207
318 684
135 628
135 4
135 942
135 629
921 657
921 738
164 420
164 223
662 915
98 429
98 454
153 996
153 418
742 214
742 90
750 629
996 418
468 107
414 327
685 629
790 912
790 868
169 372
415 429
854 751
854 609
429 454
214 334
912 949
