669 700
963 67
617 586
617 91
617 587
541 506
541 410
150 415
150 978
150 220
748 147
748 577
748 926
526 920
526 629
646 62
0 432
0 118
175 275
175 410
175 423
990 207
990 424
313 356
143 580
143 563
143 739
143 134
143 890
780 514
445 288
445 629
695 951
102 534
231 607
231 540
231 987
231 863
231 338
111 762
111 586
372 934
372 572
377 457
377 61
818 438
818 478
818 58
191 692
191 770
233 692
343 69
343 663
343 607
343 943
343 399
235 316
355 147
355 577
159 416
159 425
159 214
159 868
614 188
614 552
881 810
311 987
311 863
581 742
314 599
180 727
686 147
686 577
800 62
607 742
607 591
607 696
607 61
607 229
607 306
607 250
607 534
607 687
607 334
364 582
547 293
948 912
948 267
151 253
306 742
306 2
833 415
833 720
656 190
900 742
58 769
424 421
424 207
424 795
863 540
863 840
863 994
863 792
863 329
863 764
863 624
697 855
790 2
790 119
790 266
790 812
790 956
790 126
56 987
56 482
68 987
514 977
514 832
514 378
514 1001
514 950
514 103
91 660
292 141
828 738
485 823
485 62
439 266
439 168
5 491
5 670
5 118
951 416
951 13
951 189
951 603
951 239
951 552
951 410
951 78
951 214
951 502
846 561
846 795
846 67
846 288
846 629
846 24
101 423
332 356
332 416
332 759
332 586
332 500
332 782
50 559
702 996
552 181
32 718
32 293
857 915
857 136
245 540
245 987
272 742
530 629
368 310
746 813
746 720
381 192
558 48
41 503
41 723
41 565
66 227
42 534
42 90
924 14
924 410
921 327
61 718
61 502
61 356
61 591
61 229
61 696
61 742
48 319
48 956
48 565
935 915
935 720
935 214
767 410
125 534
535 444
535 250
399 943
399 46
165 31
165 401
165 207
165 67
165 280
165 316
165 142
772 923
772 416
772 356
772 75
772 868
383 444
572 422
586 356
586 416
586 915
586 782
586 294
586 762
586 267
586 126
510 534
522 38
517 356
517 915
517 854
517 587
517 267
517 135
443 742
112 1000
112 267
693 599
216 321
216 672
532 516
24 750
24 891
24 629
540 987
540 338
540 994
540 641
489 534
502 538
502 605
502 862
502 976
502 178
502 718
502 337
769 798
740 106
189 977
189 270
168 266
168 425
168 256
168 912
168 232
168 949
527 135
432 987
587 415
587 720
147 933
147 590
147 972
147 926
147 347
147 577
147 931
147 285
147 277
147 171
53 70
53 193
171 577
933 347
933 577
107 236
582 987
582 764
716 718
977 410
977 433
977 423
388 634
388 550
388 832
388 638
250 886
918 758
338 987
416 356
416 126
416 425
416 256
416 868
416 782
416 912
444 138
972 577
923 633
923 912
923 687
923 214
923 120
923 193
889 126
139 534
954 167
193 633
752 93
774 947
401 429
401 454
396 761
256 267
837 410
837 738
104 425
104 126
546 803
546 868
706 310
832 38
832 638
832 423
134 190
321 618
321 672
321 499
843 127
849 275
849 987
361 987
939 788
939 534
764 994
764 987
718 742
718 866
718 724
718 356
480 987
758 956
758 723
663 103
663 943
913 369
913 163
913 62
493 288
493 630
493 629
493 301
984 782
984 447
984 232
984 762
984 912
391 288
391 353
391 629
391 67
67 561
67 207
70 310
715 577
715 926
126 356
126 912
277 577
277 926
425 648
425 946
631 629
568 742
568 466
696 731
278 214
638 591
638 337
955 987
659 742
883 184
487 534
534 622
534 322
534 649
534 206
534 477
534 562
732 118
392 74
184 410
76 410
692 742
692 135
782 2
782 500
782 232
482 410
482 987
280 658
280 90
280 629
762 356
290 253
290 214
46 943
157 577
894 630
472 356
472 232
472 946
28 987
565 684
565 481
779 423
316 915
316 142
15 680
15 422
15 731
229 421
851 167
851 135
362 538
362 371
362 771
337 38
337 135
337 505
813 720
82 784
82 771
433 410
433 987
322 106
891 630
891 353
891 629
644 199
644 650
668 720
590 577
353 190
566 253
199 506
784 742
784 75
840 987
285 577
731 422
561 288
561 629
844 704
844 672
815 410
251 410
251 987
1001 410
506 14
506 688
506 657
360 629
872 987
371 860
478 267
347 577
356 550
356 214
356 602
356 868
356 648
356 90
310 943
499 704
812 700
812 465
812 119
854 591
854 542
850 90
335 899
577 255
577 936
577 926
577 931
658 629
687 214
103 423
288 484
288 773
288 630
288 629
771 742
595 404
95 987
122 410
761 516
719 738
630 629
246 724
246 423
987 531
987 994
987 641
987 809
987 925
987 873
987 698
987 789
503 704
994 410
239 512
971 200
724 181
484 629
777 410
976 349
915 200
915 142
135 742
135 628
135 855
135 334
670 553
550 868
153 410
153 996
742 214
750 629
996 90
996 418
142 274
788 634
479 700
745 738
200 136
74 912
685 629
418 105
62 799
62 163
62 542
415 40
186 267
188 469
700 896
700 704
16 410
516 783
516 738
650 783
650 410
454 429
454 291
214 868
214 912
136 344
929 410
680 422
160 629
648 267
783 738
629 90
13 738
