99 929
99 178
963 415
963 316
617 923
617 150
541 738
526 280
646 895
646 62
0 705
0 929
0 178
175 275
990 280
990 316
990 178
143 580
576 923
576 738
445 280
102 705
231 874
231 987
580 91
767 929
767 55
767 178
978 415
978 940
978 988
978 851
962 720
962 601
377 246
377 423
671 186
974 790
191 752
191 692
388 832
388 96
920 280
920 630
235 538
235 214
355 147
955 540
955 987
575 949
581 855
581 135
314 929
314 178
686 147
428 883
428 122
428 200
800 62
607 415
607 940
607 696
607 499
547 656
547 280
948 356
948 168
948 751
948 112
948 674
948 517
948 803
948 392
948 267
373 391
306 771
833 720
656 280
656 301
133 294
309 38
58 909
58 338
611 644
697 936
790 700
790 168
790 2
790 868
790 294
790 648
790 126
248 696
248 891
248 334
56 987
68 987
91 716
881 850
881 738
828 738
485 692
485 895
485 62
439 168
439 949
5 506
5 29
951 707
951 883
229 696
1003 98
101 246
332 517
332 250
702 738
895 823
895 62
220 75
220 334
32 280
32 178
945 738
857 915
857 122
857 316
857 883
245 874
245 987
530 280
530 915
530 891
530 838
730 356
746 813
746 720
746 277
746 935
746 522
861 896
381 90
924 738
546 415
546 940
590 147
590 933
281 280
764 874
764 987
765 648
765 936
765 942
765 721
654 850
654 543
654 738
638 634
638 460
535 913
535 62
874 540
874 840
874 925
874 873
165 316
165 200
772 75
772 120
772 334
305 232
383 909
383 362
910 923
997 415
997 120
997 316
862 832
862 909
862 178
862 929
443 662
748 147
257 415
257 940
585 909
573 126
693 502
693 228
693 605
693 929
693 178
24 280
24 838
540 987
540 624
540 630
540 543
502 538
502 605
502 929
502 333
502 130
502 178
137 936
979 738
925 987
740 157
670 605
166 294
166 126
166 883
168 356
168 416
168 260
168 472
168 912
168 949
527 720
527 710
432 987
707 680
707 633
707 416
707 923
707 609
707 98
707 880
707 214
707 120
707 193
78 929
78 178
147 933
147 972
147 715
147 926
147 415
147 565
147 347
147 577
147 940
147 931
147 285
147 277
147 171
952 316
933 347
422 15
422 280
582 105
582 329
582 987
716 236
716 876
716 777
716 249
716 293
977 832
75 415
75 940
75 544
551 62
250 886
250 662
250 518
250 913
250 369
618 321
618 499
470 178
404 595
416 415
416 356
416 940
416 949
416 721
605 1001
605 228
605 685
605 178
605 929
337 38
923 506
923 120
923 542
923 90
923 738
923 270
923 197
923 890
953 280
193 70
846 280
401 415
401 940
409 929
409 178
837 850
837 738
921 506
921 738
517 565
935 813
935 696
935 720
935 277
832 16
832 410
832 710
832 423
832 936
832 400
832 184
796 987
321 499
228 929
228 178
53 633
53 518
849 987
361 987
939 509
338 987
718 591
718 994
718 851
718 61
480 987
599 178
599 929
936 170
936 855
185 568
185 720
391 288
391 280
391 353
260 949
260 648
160 280
160 915
267 142
83 771
126 812
277 813
277 720
277 668
425 232
425 415
425 356
425 946
425 940
493 280
782 294
584 15
631 280
528 2
528 186
696 334
278 415
278 940
311 987
659 771
883 915
883 393
883 200
419 688
518 854
518 163
453 595
288 280
288 484
589 290
167 630
692 329
692 738
692 135
865 415
865 120
280 561
280 915
280 188
280 685
280 851
280 647
280 658
280 891
280 750
280 629
280 35
280 360
280 241
280 421
280 142
280 630
280 484
280 293
70 415
70 940
70 334
472 356
472 949
472 232
28 987
624 329
316 915
316 142
316 543
316 415
316 344
316 397
316 940
316 302
316 136
316 200
595 915
595 169
301 630
873 987
6 506
6 178
362 669
813 720
813 668
433 987
644 506
644 199
644 738
668 720
107 415
107 940
232 949
77 356
77 949
292 135
199 850
199 738
294 74
840 987
127 415
127 940
369 913
251 987
1001 506
1001 14
1001 685
1001 738
2 700
2 867
458 956
506 850
506 29
506 738
835 771
872 987
374 771
103 164
173 850
173 90
173 186
173 738
270 738
682 738
440 537
812 465
812 119
850 719
850 13
850 90
850 996
850 516
850 940
850 738
850 415
850 657
850 14
850 650
249 929
249 178
669 178
569 178
532 738
95 987
710 929
710 178
761 738
719 738
400 771
122 915
949 912
949 266
630 469
630 484
246 423
987 531
987 482
987 994
987 641
987 809
987 698
987 789
940 190
940 40
940 334
940 415
940 429
940 178
940 629
940 609
940 720
29 899
325 186
724 178
893 120
484 750
976 178
991 543
356 912
356 868
322 534
322 334
602 743
534 591
534 334
534 768
333 178
333 929
437 738
996 418
996 738
739 341
739 544
739 915
745 738
52 868
720 771
720 415
200 915
591 768
415 190
415 40
415 334
415 429
415 178
415 629
415 609
186 975
186 783
516 738
429 454
650 738
542 500
170 771
329 738
105 482
214 771
136 341
929 538
929 178
327 738
341 915
538 178
14 738
626 771
118 178
901 771
783 738
657 738
178 339
13 738
