703 771
963 67
541 199
541 410
737 175
737 710
526 280
646 250
646 62
0 732
175 246
175 275
175 410
990 428
313 356
313 232
313 472
313 294
143 544
966 168
445 288
445 280
102 16
767 333
978 724
978 178
978 493
647 428
372 404
372 149
372 934
372 169
818 478
745 738
191 692
233 692
233 746
343 90
343 322
343 663
920 656
920 550
920 159
159 290
159 316
614 469
614 188
136 428
955 540
575 782
575 912
879 69
879 740
324 586
201 189
314 710
314 929
971 428
971 200
428 952
428 165
428 915
428 17
428 953
428 543
428 92
428 214
428 142
428 31
428 344
428 349
428 857
428 302
428 316
428 200
607 250
607 61
607 499
607 782
607 724
607 334
607 229
364 189
547 469
948 356
948 416
948 854
948 803
948 674
948 112
948 392
948 267
948 120
151 253
373 190
141 421
833 415
656 280
656 190
133 602
900 662
96 299
96 388
240 586
58 909
424 421
424 469
424 207
863 742
863 306
863 771
863 626
863 83
863 307
863 769
863 659
863 993
697 855
770 250
479 837
68 189
888 112
606 482
881 700
881 506
485 823
485 250
253 566
253 290
5 189
5 491
5 732
951 388
951 239
951 855
951 663
951 857
951 214
951 543
226 440
664 335
332 782
332 500
332 435
332 542
776 687
702 850
220 90
32 791
857 915
857 165
857 316
149 716
272 383
272 662
272 595
530 280
530 915
817 469
730 912
746 591
746 692
746 223
746 687
746 135
746 935
381 107
381 192
381 189
381 178
558 565
558 684
558 499
674 854
674 517
674 586
66 227
924 850
924 410
924 644
380 440
546 595
281 280
48 684
48 499
765 742
765 356
765 854
765 425
765 586
765 868
765 602
765 517
765 721
765 104
83 742
83 307
83 771
721 356
721 602
721 743
638 700
638 388
535 369
535 250
165 31
165 401
165 344
165 67
165 316
987 582
383 356
383 586
383 720
383 528
383 887
572 40
586 356
586 782
586 310
586 74
586 416
586 447
586 517
586 743
586 762
586 157
586 602
586 326
586 854
586 565
586 166
586 542
814 500
517 356
517 61
517 718
517 462
517 157
517 189
517 602
517 854
517 112
517 565
517 166
517 542
443 742
443 662
832 388
832 38
832 710
832 423
832 184
112 52
112 74
112 782
112 369
112 267
693 249
693 862
693 605
693 502
24 280
24 267
422 15
422 680
422 527
422 284
540 994
502 189
502 915
502 61
502 538
502 862
502 334
502 178
502 851
114 837
114 738
769 742
740 788
670 189
304 441
690 189
707 120
707 880
147 416
147 214
147 715
53 193
565 723
565 844
565 499
565 854
476 120
107 810
582 994
977 153
977 410
977 418
977 423
551 250
250 444
250 113
250 722
250 369
250 513
250 823
250 854
250 542
416 472
416 168
416 447
416 294
416 946
416 885
416 633
416 425
416 912
416 782
416 984
605 718
605 61
605 862
605 685
605 178
923 687
923 120
923 278
923 915
923 193
954 469
193 662
193 500
752 595
774 947
401 415
401 429
401 454
401 98
401 291
563 544
256 356
837 122
837 410
837 641
837 15
837 698
837 916
837 790
837 738
104 885
921 1004
921 724
935 742
935 692
935 720
748 926
759 166
134 844
321 499
843 718
843 883
849 275
939 474
993 742
718 189
718 915
718 19
718 61
718 127
718 724
718 883
758 73
185 684
984 782
984 294
984 74
391 288
67 190
885 294
885 74
160 280
160 915
267 662
126 356
126 168
126 912
126 782
126 294
126 166
126 790
644 199
425 949
425 168
425 912
425 946
493 288
493 280
782 74
782 61
782 472
782 790
782 168
782 912
782 435
782 166
379 568
631 280
528 922
528 362
528 589
568 947
696 61
659 742
659 307
883 724
883 915
589 290
534 334
534 310
534 337
732 118
184 127
184 410
76 410
167 469
692 742
692 334
692 135
692 624
188 469
280 561
280 360
280 685
280 61
280 846
280 484
280 658
280 288
280 891
280 772
280 630
280 629
290 214
157 854
70 310
8 544
86 742
957 469
772 120
772 189
772 454
772 75
772 862
772 609
772 334
779 423
316 838
316 214
316 142
316 629
196 120
301 469
15 738
229 742
229 241
229 307
229 790
362 168
362 909
337 505
433 410
442 189
101 423
686 872
61 356
61 915
61 214
61 472
61 334
61 89
232 472
566 120
73 723
73 41
189 440
189 506
189 862
189 595
189 783
189 410
784 742
75 334
75 120
75 190
285 277
862 909
795 469
561 288
198 40
844 684
844 499
127 415
127 246
127 423
251 928
251 410
251 482
1001 685
1001 410
14 410
2 700
2 790
458 577
506 199
835 742
835 307
241 469
103 423
956 679
440 537
310 164
499 684
499 91
306 742
306 307
306 771
31 915
71 595
577 926
170 90
288 846
288 484
288 773
288 629
669 544
447 74
421 469
595 450
595 169
236 537
719 410
719 738
122 410
122 738
544 415
630 629
246 423
199 996
823 542
994 410
880 120
916 738
30 868
777 410
976 178
976 349
135 742
356 472
356 743
356 912
356 168
356 602
356 868
356 854
356 209
322 591
322 334
322 634
662 40
274 190
602 868
602 854
349 915
333 178
153 410
742 152
742 400
742 901
996 418
450 40
512 979
142 915
142 543
187 40
187 802
187 60
52 868
56 482
698 738
899 289
200 915
74 168
74 912
74 214
74 166
353 190
307 901
790 168
790 868
415 429
415 178
854 166
854 542
181 190
16 410
429 454
650 410
650 473
120 190
120 609
190 334
214 334
531 482
868 912
912 949
912 168
912 472
35 469
266 168
870 771
410 482
915 178
472 168
472 949
949 168
482 809
482 641
641 738
207 469
