99 862
99 314
776 687
776 617
776 214
776 591
703 214
963 367
963 67
150 147
150 471
526 629
175 553
175 5
990 207
313 356
313 104
313 472
313 168
143 544
143 669
780 514
445 891
445 207
445 629
695 40
557 367
231 698
231 245
231 946
231 987
580 184
767 409
767 599
767 314
978 367
978 851
810 107
810 289
493 629
233 214
343 223
920 181
920 214
648 168
648 721
355 933
311 53
311 925
311 707
311 633
311 987
581 742
581 245
581 951
879 164
605 314
314 710
314 78
314 599
376 638
686 147
428 207
428 200
488 40
547 851
547 293
948 90
151 367
373 344
373 207
969 977
969 528
306 742
71 595
656 167
656 469
133 765
900 742
900 40
96 638
781 184
509 788
509 638
611 506
65 713
65 687
65 367
65 220
863 742
853 638
697 855
697 925
697 293
790 700
790 168
790 2
790 868
790 232
790 104
790 956
790 638
248 530
248 915
248 586
248 450
56 482
56 987
68 987
84 324
888 207
195 896
881 804
173 506
485 513
485 799
485 542
951 273
951 707
951 239
951 630
951 367
846 629
846 530
1003 334
439 168
439 730
439 912
332 168
50 559
702 14
702 184
895 551
895 518
220 75
220 367
220 334
552 858
32 915
32 280
32 746
32 851
32 178
32 24
857 585
857 200
245 698
245 987
272 40
530 484
530 891
530 214
530 630
530 629
530 24
746 813
746 502
746 277
746 534
746 334
746 720
746 668
746 595
746 935
746 731
381 658
381 192
644 506
644 14
644 199
586 157
586 111
586 166
166 435
166 74
908 30
764 698
764 994
764 987
335 643
765 157
765 356
765 425
765 214
765 721
765 30
765 743
268 98
111 294
111 762
535 157
874 925
165 401
165 344
165 200
383 720
383 851
383 362
572 40
558 216
558 704
997 367
997 890
77 266
77 912
77 168
517 157
517 751
517 61
443 40
443 662
443 86
443 152
443 550
443 53
443 193
699 912
585 849
585 371
573 120
112 267
112 1000
112 74
693 229
693 293
24 630
24 891
24 629
540 633
540 987
540 698
502 157
502 178
502 61
502 470
925 955
925 987
740 788
670 553
168 356
168 126
168 266
168 912
168 949
432 184
707 680
707 98
707 880
811 833
907 754
78 688
147 577
147 75
147 367
147 214
665 700
843 407
843 883
254 40
952 200
933 347
107 98
107 90
107 367
582 987
582 184
721 356
977 514
388 638
388 61
950 514
950 223
338 987
416 30
324 367
808 688
808 184
808 29
193 662
193 633
193 290
193 499
752 687
752 471
401 98
401 429
409 184
104 425
104 126
423 786
423 16
423 101
423 184
732 404
732 718
732 522
814 500
832 514
832 638
134 98
849 987
849 184
361 987
106 788
718 189
718 61
718 89
480 987
758 956
758 723
758 844
391 353
391 629
70 164
70 415
70 334
70 943
70 367
126 294
277 931
277 723
425 518
425 40
425 232
425 214
425 720
425 946
425 367
795 207
782 912
584 15
584 731
631 629
890 334
890 731
568 40
278 98
955 987
293 229
518 646
518 214
518 799
534 334
534 154
534 367
534 61
441 371
184 561
184 149
184 41
184 510
184 275
184 246
184 521
184 101
184 323
184 394
184 103
184 491
184 315
184 710
184 779
167 229
865 367
280 629
157 356
157 472
157 61
157 367
157 214
157 542
157 684
160 629
472 912
28 987
153 891
316 415
316 367
316 915
316 229
316 136
15 731
346 638
229 189
229 491
229 299
229 334
229 851
229 638
474 591
474 334
851 35
851 61
362 469
362 249
362 135
117 98
433 987
433 738
891 414
891 809
891 267
891 629
927 367
910 329
713 98
61 742
61 915
61 356
232 912
232 52
73 723
73 41
189 214
189 89
132 638
862 178
775 687
561 629
198 40
712 40
844 723
844 684
127 367
149 372
731 422
731 284
251 987
1001 506
1001 514
1000 723
14 506
14 199
947 40
2 700
360 90
360 629
872 987
374 742
371 4
103 310
550 743
471 483
499 367
499 214
367 684
367 190
367 214
367 544
367 850
367 987
367 940
367 178
367 629
367 742
367 40
367 946
367 569
367 720
367 435
934 595
934 372
934 318
833 415
658 90
658 629
288 629
249 643
669 544
569 482
95 873
95 987
710 178
435 500
949 912
630 685
630 629
246 724
987 796
987 873
987 531
987 482
987 994
987 641
987 809
987 840
987 698
987 789
987 269
503 41
464 90
491 905
724 181
599 470
424 207
484 629
318 840
429 415
429 98
429 454
662 40
662 214
299 788
299 638
402 788
349 207
98 454
750 629
996 418
450 40
739 214
739 544
7 418
178 470
788 906
788 634
634 638
187 40
723 41
52 912
52 868
60 40
698 840
698 873
200 915
200 302
200 136
514 378
685 629
62 646
169 372
646 542
207 35
302 136
372 404
700 638
789 470
684 214
542 214
120 190
190 214
214 544
214 531
214 629
214 334
912 266
629 90
629 267
40 802
90 267
