744 912
99 862
99 178
703 784
963 67
617 290
617 587
918 844
150 471
812 119
526 280
526 546
660 568
0 732
0 178
175 275
175 5
175 423
313 356
313 598
313 425
313 730
313 912
143 658
664 107
236 208
236 1004
236 537
236 320
695 187
231 540
231 987
231 264
231 994
231 874
231 873
231 738
262 810
767 178
978 167
978 795
978 851
962 885
962 316
962 890
810 107
810 289
810 7
974 885
974 759
974 586
191 749
233 540
233 692
233 935
388 634
388 509
6 178
355 147
355 347
902 280
541 199
541 738
614 629
311 53
311 994
311 987
581 942
581 193
581 405
48 844
879 420
324 534
324 601
324 638
314 178
686 147
686 926
428 31
428 692
428 122
428 173
428 349
428 915
428 229
428 316
428 24
547 120
948 356
948 168
948 752
948 425
948 90
948 912
948 367
948 267
151 253
373 391
373 190
10 173
306 742
306 790
71 595
885 74
885 586
885 294
885 435
133 765
133 648
900 61
611 14
611 924
611 644
65 75
30 356
853 343
697 855
248 506
248 157
248 891
248 740
248 530
56 987
698 987
84 638
173 506
485 895
485 62
5 1004
5 491
951 273
951 53
951 707
1004 977
1004 275
1004 335
752 718
782 332
782 662
782 586
439 912
332 168
332 435
332 558
332 500
895 551
895 799
895 518
895 163
220 749
43 232
552 167
32 923
32 921
32 214
857 316
857 200
245 540
245 874
245 329
245 987
245 264
113 62
530 891
530 24
530 629
530 200
730 356
730 387
730 868
746 813
381 107
586 356
586 759
586 74
586 294
586 367
586 762
586 573
586 111
586 435
586 166
181 656
181 189
181 353
181 190
181 724
181 274
181 486
924 14
924 850
534 591
534 692
534 343
534 70
534 322
534 638
921 657
61 742
61 591
61 90
61 450
61 393
61 334
61 337
61 718
61 517
61 915
61 166
226 506
518 646
518 120
518 250
518 854
518 535
518 369
518 62
764 874
764 546
764 987
765 356
765 602
765 648
765 52
765 214
765 721
268 98
268 633
111 356
111 294
111 435
535 913
535 369
874 540
874 840
874 873
165 31
165 316
165 67
987 796
987 872
987 582
987 531
987 482
987 955
987 251
987 480
987 433
987 361
987 338
987 994
987 641
987 540
987 809
987 367
987 873
987 95
987 840
987 28
987 789
987 849
987 68
383 138
383 909
383 528
572 187
510 337
404 372
517 356
517 803
443 90
295 178
819 329
832 638
585 909
585 528
112 1000
836 367
249 178
249 929
216 321
216 458
216 318
601 638
41 503
41 723
422 680
422 731
540 873
540 994
540 338
503 723
502 693
502 178
502 118
393 843
189 977
189 692
189 491
189 410
189 923
189 749
189 718
166 356
166 435
166 74
168 356
168 260
168 472
168 77
168 232
168 912
707 680
707 98
707 880
78 289
78 693
78 178
147 748
147 933
147 590
147 972
147 715
147 926
147 347
147 577
147 285
147 277
147 171
843 546
843 754
843 407
843 779
843 883
171 157
952 351
952 316
952 200
933 347
713 98
721 602
721 648
88 906
977 491
977 122
977 423
977 153
343 310
343 399
343 950
343 329
343 663
250 886
250 749
618 321
605 1001
605 178
337 132
972 896
923 506
923 410
923 687
923 367
923 979
923 214
923 90
923 890
953 24
808 29
193 53
846 67
401 98
401 429
563 414
409 178
861 934
104 294
104 425
423 718
423 849
423 101
423 334
423 275
423 246
706 239
134 98
754 718
321 684
228 178
53 609
53 633
849 789
849 275
361 90
957 167
587 784
587 329
718 415
718 692
718 246
718 101
718 595
480 506
758 458
758 1000
185 199
984 294
984 126
391 750
391 484
391 353
391 67
391 288
391 610
67 344
160 658
160 120
160 507
160 550
160 280
715 926
644 14
644 783
425 356
425 472
425 232
425 367
425 912
425 790
795 207
795 421
795 424
266 912
584 284
148 486
631 280
528 687
890 329
890 90
568 802
369 913
722 542
390 784
676 387
441 304
589 909
167 207
167 229
167 630
167 851
692 591
692 915
692 995
692 334
692 229
692 749
610 280
188 120
280 561
280 658
280 120
280 360
280 629
280 24
762 294
290 866
290 278
290 214
704 73
704 318
704 499
157 277
157 926
157 590
70 399
70 638
70 566
472 356
472 232
472 912
472 743
316 915
609 909
229 851
229 749
117 98
813 935
891 414
891 775
891 360
891 397
891 629
891 995
891 24
546 844
546 590
546 738
546 293
546 784
546 178
546 684
546 629
546 542
101 246
107 537
107 98
107 367
656 190
232 77
566 120
199 996
199 738
716 866
75 749
862 693
862 178
293 724
712 468
149 372
731 680
731 367
731 284
1001 506
1001 685
2 790
506 14
835 749
374 105
565 926
347 912
347 790
317 304
356 52
356 367
356 743
356 912
356 602
445 414
372 934
372 595
372 169
367 435
31 24
278 866
278 98
693 178
447 294
595 415
595 790
595 169
710 275
710 178
761 738
24 750
24 200
719 738
823 120
883 724
883 90
294 74
294 790
486 190
239 538
971 200
599 178
424 207
484 207
976 178
991 178
624 299
624 329
164 420
164 46
866 90
602 648
333 178
98 454
98 429
742 90
996 418
468 643
178 929
178 470
178 415
178 569
178 538
178 339
646 62
646 542
52 790
52 868
200 469
200 344
200 120
353 190
685 629
418 105
62 542
415 429
854 749
720 935
789 470
429 454
120 629
190 274
214 334
82 870
912 90
912 949
410 153
334 749
790 267
40 802
