744 356
744 472
99 178
99 314
703 784
703 135
703 581
617 75
541 506
541 576
737 849
526 920
646 163
646 542
0 178
175 275
175 849
990 31
990 165
990 207
990 424
990 316
313 602
313 946
143 280
143 739
780 514
695 585
102 534
231 540
231 783
231 338
580 809
580 480
767 333
767 178
978 851
810 107
810 289
974 782
974 867
191 220
233 692
233 135
233 935
343 399
343 663
343 310
343 534
920 167
920 35
920 188
920 614
920 160
920 280
920 141
920 851
920 656
920 181
920 274
229 415
229 306
229 374
355 147
355 577
902 280
902 24
614 469
955 987
581 170
581 936
581 161
581 135
581 337
879 534
314 605
314 710
314 178
314 599
314 929
376 601
686 147
428 207
428 915
428 165
428 302
428 316
428 629
607 923
607 687
607 243
607 591
547 469
547 851
948 416
948 425
948 648
948 52
948 104
948 332
948 743
948 790
427 70
427 534
562 534
969 977
969 528
833 987
885 435
133 383
133 765
900 742
900 272
96 420
58 909
424 469
863 994
863 624
697 855
697 83
697 784
697 293
697 771
56 482
84 534
919 534
919 601
919 1000
881 700
828 745
485 62
125 534
125 622
243 367
243 65
5 670
951 707
951 239
951 78
951 865
951 649
951 738
846 288
101 718
101 423
332 356
332 586
332 472
332 500
332 782
332 517
332 435
332 844
332 542
50 559
895 518
895 799
895 163
220 471
857 316
272 40
272 379
272 662
272 754
530 891
530 629
530 24
817 469
746 813
746 668
746 775
746 935
381 532
586 356
586 383
586 74
586 126
586 157
586 573
586 782
586 912
586 435
586 166
586 984
674 517
674 112
674 392
674 74
674 803
66 45
42 534
924 14
924 850
534 591
534 38
534 510
534 334
534 649
534 906
534 939
534 247
534 676
534 323
534 154
534 489
534 70
534 322
534 740
534 106
534 893
534 601
534 788
534 206
534 460
534 139
534 477
534 64
534 622
534 474
534 309
61 415
61 718
61 502
61 522
61 782
61 517
61 334
61 693
61 19
908 765
676 622
48 499
765 602
765 648
765 52
765 868
765 104
765 721
654 682
654 738
268 98
535 157
535 854
535 369
535 444
535 62
865 995
772 75
772 120
772 65
772 883
383 362
383 500
558 216
997 782
997 90
997 65
522 732
862 178
862 577
622 559
295 178
556 168
585 407
585 538
471 987
112 356
112 782
112 803
112 392
112 267
249 6
249 178
216 458
216 956
532 107
422 680
422 731
540 855
540 987
386 90
502 293
502 710
502 78
502 228
502 995
502 214
502 178
502 528
502 851
114 977
925 873
670 553
670 688
670 29
304 4
168 356
168 425
168 472
168 52
168 232
168 912
168 74
527 710
707 680
707 98
707 633
707 120
811 214
78 178
147 748
147 933
147 590
147 972
147 715
147 926
147 347
147 890
147 577
147 931
147 285
147 277
147 171
171 590
933 2
933 577
713 98
977 1004
977 407
977 423
977 796
977 153
977 184
977 790
551 799
618 319
950 514
338 987
416 425
416 648
416 782
416 435
416 790
605 178
923 75
923 609
953 316
953 24
954 35
954 469
752 120
774 947
401 415
401 98
401 165
401 429
401 454
256 356
256 294
409 178
409 638
409 470
104 294
104 425
104 74
423 246
423 849
732 118
732 184
517 415
517 157
517 267
935 813
935 668
134 14
134 98
134 425
754 184
320 1004
228 693
228 178
53 264
849 275
849 327
957 469
587 940
718 742
718 915
718 724
718 883
913 369
913 518
185 762
185 987
984 74
984 294
984 782
984 912
984 762
391 288
67 165
267 782
267 392
126 435
126 790
126 721
644 506
644 1001
425 356
425 232
425 439
425 946
425 949
425 518
425 472
425 266
425 109
425 74
795 469
795 851
782 2
782 232
782 294
782 435
782 166
782 74
528 362
528 65
278 75
278 98
278 290
659 784
659 374
659 306
883 166
518 799
518 854
518 609
518 542
288 610
288 773
288 484
288 630
288 629
392 316
392 803
167 181
167 469
167 274
167 851
692 75
692 334
692 830
165 31
165 207
165 316
188 469
280 90
280 915
280 65
280 629
290 214
704 499
157 356
157 926
157 684
157 542
70 334
70 38
8 293
472 356
472 52
472 232
472 912
472 946
779 790
316 351
316 915
316 349
316 92
316 200
196 120
301 469
609 75
6 178
362 486
117 98
813 720
813 668
82 870
82 784
82 135
891 750
891 24
107 1004
107 98
232 52
232 946
232 790
814 500
199 506
784 170
784 870
784 306
784 901
784 390
294 74
75 334
75 687
75 749
75 65
731 284
844 499
149 293
559 420
251 482
458 956
506 996
506 158
506 14
506 173
2 700
2 465
2 178
241 469
872 987
374 400
374 306
371 135
995 414
956 790
356 648
356 721
356 52
356 602
356 912
356 334
573 435
573 166
372 934
372 169
499 214
499 25
812 65
31 349
850 987
335 537
577 129
161 901
161 936
161 135
170 855
170 135
693 599
693 178
838 629
569 333
569 538
569 178
421 469
601 906
710 178
465 178
24 629
435 500
435 166
435 74
4 135
630 469
630 484
630 629
630 790
284 680
940 214
994 329
19 333
599 178
65 700
65 120
65 135
484 207
30 648
976 178
976 349
991 178
915 450
135 628
135 292
135 405
135 870
135 942
624 329
662 466
602 743
333 470
333 178
98 429
98 454
742 90
996 418
450 870
450 591
451 469
52 648
52 912
682 783
682 650
682 738
113 854
74 214
74 912
74 166
274 181
649 402
415 429
415 542
207 469
163 799
700 225
292 90
166 743
789 470
542 500
454 429
105 482
189 410
214 783
214 912
214 334
470 178
912 648
929 178
35 469
538 178
178 339
629 90
