99 178
963 67
617 923
541 837
150 40
150 190
150 107
150 978
150 135
150 629
748 577
971 543
0 977
0 605
0 178
990 280
990 428
313 232
313 112
313 256
313 52
576 506
576 532
780 977
445 288
445 280
102 16
231 874
231 987
767 178
767 359
978 35
978 188
978 301
978 614
978 817
978 552
978 851
978 957
978 141
978 207
978 167
978 547
978 502
978 421
978 280
978 988
978 954
978 469
978 795
978 512
978 920
978 424
647 280
377 866
377 101
377 423
191 692
233 692
343 322
920 280
229 153
355 577
159 742
159 940
159 307
159 214
614 469
614 193
311 987
48 319
879 69
879 735
879 420
324 362
324 638
314 178
314 599
526 280
428 31
428 857
428 915
428 316
607 692
607 586
364 540
547 630
547 280
547 469
547 293
948 356
948 416
948 425
948 90
948 912
948 166
948 126
497 773
833 415
833 720
656 280
900 662
96 420
424 421
424 469
56 540
56 410
56 987
698 837
698 987
888 349
91 638
881 396
881 810
828 644
439 416
439 260
439 168
439 266
439 912
439 77
439 949
5 491
951 742
951 120
951 915
951 502
951 923
951 53
951 369
951 13
951 189
951 687
951 857
951 663
951 890
752 147
752 850
752 127
277 577
332 500
50 420
702 14
702 850
702 644
32 977
32 280
32 921
664 381
563 696
245 540
245 874
245 840
245 987
272 379
272 662
530 280
530 484
530 90
530 629
530 630
530 891
530 851
530 493
817 469
817 988
730 356
730 74
746 157
746 813
746 90
746 517
746 720
746 668
746 684
746 935
746 542
381 107
381 532
381 178
558 704
674 112
42 534
166 586
166 416
166 573
166 803
166 743
166 126
921 657
590 577
281 193
281 280
281 502
281 61
281 178
764 874
764 582
764 987
765 356
765 648
765 472
765 104
765 912
765 721
765 743
654 783
654 738
535 369
874 540
874 840
874 873
165 31
165 401
165 344
165 316
165 67
823 854
823 120
383 362
586 483
586 500
586 782
586 294
586 912
586 126
522 189
294 447
294 790
294 256
443 742
443 602
443 743
295 178
819 329
257 416
585 528
112 74
112 52
112 232
112 267
693 249
693 178
216 321
41 758
540 840
540 987
540 433
540 994
540 68
502 718
502 178
114 837
114 275
925 987
740 420
670 553
168 356
168 425
168 90
168 472
168 912
168 949
168 984
432 987
78 178
147 347
147 214
147 193
147 577
171 577
952 543
952 915
952 316
952 200
933 577
422 15
422 280
422 731
582 994
582 987
721 104
977 1004
977 410
977 423
977 103
977 950
977 514
551 214
551 62
250 854
250 178
918 758
950 103
543 200
543 136
543 857
543 316
404 595
416 75
416 648
416 782
416 912
416 126
605 178
605 61
972 577
923 120
923 278
923 151
923 687
923 890
953 280
953 915
953 316
954 469
193 987
193 850
193 629
193 127
193 500
193 595
193 53
193 542
235 854
846 561
846 288
846 280
846 67
774 947
401 415
401 429
401 454
857 915
857 838
857 316
256 267
409 178
837 122
837 641
837 15
837 916
837 738
104 425
546 550
517 425
517 267
935 742
935 813
935 720
814 500
832 103
832 38
832 410
832 862
832 184
832 638
134 592
321 565
228 178
53 120
53 214
53 316
849 987
849 599
361 987
957 469
338 987
718 415
718 724
718 61
718 711
480 987
758 723
758 956
758 844
493 288
493 280
984 609
984 126
391 288
67 561
67 344
67 207
70 633
70 90
715 577
126 356
644 745
644 1001
425 415
425 472
425 232
425 356
425 61
425 946
425 109
795 469
782 74
782 500
584 731
631 280
890 120
278 290
955 987
659 784
659 771
293 280
735 69
288 484
288 773
288 561
288 280
288 629
184 595
167 469
167 274
692 624
692 830
692 178
692 337
188 469
188 280
407 779
280 561
280 160
280 915
280 685
280 851
280 658
280 891
280 629
280 24
280 35
280 360
280 241
280 142
280 630
280 484
280 421
704 956
704 844
704 743
157 577
160 630
482 987
482 531
28 987
705 769
316 915
316 838
316 120
316 415
316 344
316 122
316 629
301 469
15 680
15 731
6 178
474 38
851 742
362 74
337 2
813 720
813 668
433 994
433 987
668 720
686 577
61 742
232 52
862 909
862 178
410 719
410 16
410 14
410 153
285 577
561 207
38 638
731 120
731 680
731 284
251 987
1001 14
458 577
769 742
506 872
506 996
2 790
2 52
241 469
872 987
347 577
956 25
956 318
624 329
440 537
310 223
499 684
812 465
349 976
934 595
850 90
71 595
577 255
577 926
577 931
333 178
658 629
687 120
478 267
249 178
838 915
569 178
421 469
595 450
595 195
95 987
710 178
710 423
24 630
719 738
92 915
949 52
630 469
630 207
630 685
987 873
987 531
987 994
987 641
987 809
987 840
987 789
987 269
987 68
883 724
239 120
29 68
537 657
537 473
599 178
976 178
991 178
915 742
915 200
483 153
565 723
164 420
164 638
356 52
356 912
322 420
662 86
662 450
602 743
742 214
996 418
996 738
450 187
52 266
52 912
52 868
720 90
200 136
685 629
415 429
415 544
186 267
223 90
223 420
854 542
207 469
429 454
429 291
454 291
214 912
214 178
470 178
929 178
35 469
538 178
648 267
119 790
783 90
657 178
178 339
