356 168
356 425
356 30
906 88
662 443
841 746
814 500
991 858
991 654
443 742
443 86
541 516
595 696
881 516
850 1001
850 516
828 516
173 516
868 168
733 701
532 516
576 516
788 634
260 168
502 118
996 516
327 516
232 472
439 168
439 790
425 416
644 516
702 516
168 416
784 400
745 516
761 516
105 418
782 66
782 500
14 516
945 516
437 516
719 516
199 516
790 516
942 135
783 516
1001 516
657 516
924 516
506 189
506 516
416 948
13 516
921 516
516 923
516 738
516 654
516 270
516 837
516 979
516 682
516 650
771 390
765 30
