744 356
744 168
744 472
744 232
744 912
744 946
99 862
99 178
99 314
99 929
703 784
703 581
963 67
617 75
541 738
737 440
737 849
812 700
812 790
812 772
526 280
526 293
526 629
854 749
312 752
175 107
175 849
175 423
990 31
990 207
990 280
990 316
990 424
990 293
990 178
313 356
313 912
313 946
313 730
313 948
143 544
966 168
966 66
966 575
966 45
780 977
95 540
95 873
231 540
231 2
231 873
231 245
515 435
111 294
111 435
978 35
978 188
978 301
978 614
978 817
978 274
978 851
978 957
978 141
978 387
978 90
978 207
978 167
978 547
978 421
978 988
978 954
978 469
978 512
978 795
978 552
978 920
978 424
962 890
810 107
810 881
377 422
377 866
377 423
377 724
974 435
233 692
233 749
233 935
233 746
343 229
343 322
343 950
343 534
343 663
343 329
343 399
343 749
343 624
920 656
920 274
920 293
920 851
235 609
355 577
614 214
614 188
614 301
955 540
575 168
575 472
581 870
581 135
879 164
879 322
879 740
879 337
201 107
314 710
314 767
314 228
314 178
314 599
314 929
971 316
428 351
428 915
428 136
428 90
428 857
428 888
428 316
428 200
607 782
607 687
607 591
607 995
857 122
857 915
857 316
857 200
547 280
547 207
547 293
948 416
948 120
948 425
948 250
948 517
948 782
948 946
948 267
948 74
151 253
650 745
141 280
141 469
141 293
71 595
656 280
656 293
656 190
133 602
133 30
900 379
900 272
900 450
309 38
523 863
240 435
611 14
611 921
424 207
424 795
863 901
866 700
866 2
866 127
866 166
866 790
866 883
248 157
248 586
652 107
56 540
56 696
56 987
56 383
68 540
365 118
888 316
808 107
808 29
881 804
828 506
124 518
125 676
5 107
713 98
951 883
951 609
951 188
951 706
951 169
752 869
668 720
332 586
332 573
332 425
332 558
332 472
332 500
332 517
332 53
332 435
332 193
50 559
702 924
895 823
895 799
895 518
220 75
220 334
220 65
220 587
32 280
32 669
32 293
32 791
664 107
245 540
272 595
530 586
530 891
530 293
530 629
530 24
730 356
730 912
746 813
746 692
746 720
746 935
381 107
586 450
586 383
586 648
586 416
586 517
586 500
586 214
586 267
586 126
586 885
586 294
586 782
586 915
586 435
586 166
586 984
674 112
674 61
924 644
380 440
921 657
590 171
908 104
281 280
281 491
48 458
765 356
765 602
765 648
765 52
83 697
83 784
721 648
268 98
767 506
767 333
767 178
535 444
535 518
165 31
165 401
165 316
165 67
772 923
383 321
572 40
558 216
208 107
294 762
294 435
294 74
443 72
443 662
443 86
443 152
771 697
764 540
764 582
736 540
736 90
573 435
112 803
112 517
112 392
112 267
112 316
249 178
532 107
532 13
188 469
188 207
188 280
188 851
188 293
540 796
540 873
540 582
540 531
540 482
540 311
540 251
540 480
540 433
540 361
540 338
540 994
540 641
540 809
540 925
540 872
540 789
540 840
540 698
540 28
540 849
540 624
393 107
925 697
670 107
670 157
670 553
577 285
577 147
577 171
577 715
577 926
166 435
166 724
166 843
166 500
166 883
166 907
166 716
166 184
166 407
166 779
166 225
168 356
168 416
168 239
168 439
168 77
168 946
168 790
168 521
168 472
168 912
527 870
527 710
527 731
707 98
707 609
907 843
907 883
78 506
78 178
147 715
147 926
53 609
952 316
952 200
929 506
929 178
476 609
422 680
422 280
422 731
422 293
716 16
716 372
716 883
88 950
977 832
977 407
977 423
977 114
977 950
977 514
977 153
977 779
977 184
977 418
388 534
388 832
388 843
388 638
551 799
551 518
250 782
918 684
918 844
950 103
470 862
470 178
404 506
404 372
416 425
416 435
605 685
605 1001
605 178
337 919
923 75
923 609
923 214
923 738
953 280
953 316
953 293
953 349
988 851
954 207
193 609
846 288
846 280
846 629
846 67
401 415
401 98
401 429
401 454
409 178
104 425
104 52
732 118
517 356
517 478
517 648
517 61
517 267
517 157
517 718
517 425
517 751
517 472
814 500
832 38
832 638
759 435
759 74
759 126
759 984
134 98
754 883
320 107
228 178
228 502
843 591
843 16
843 711
843 718
843 883
843 534
843 687
843 407
843 779
843 184
849 423
849 275
849 338
361 90
718 157
718 777
718 61
718 724
718 904
480 506
663 46
913 369
913 518
493 629
984 435
984 126
391 288
391 67
67 207
885 435
160 629
715 926
126 521
985 107
41 723
41 565
425 946
425 77
425 232
425 439
425 949
425 521
425 472
425 266
185 915
587 784
631 280
631 293
631 629
528 687
890 627
890 609
278 75
278 98
278 290
62 518
224 316
293 561
293 697
293 915
293 301
293 851
293 142
293 647
293 24
293 35
293 360
293 241
293 421
293 280
293 469
676 622
534 70
534 334
534 322
980 107
392 316
184 883
167 630
167 469
167 207
167 851
692 742
692 591
692 910
692 75
692 749
692 935
610 288
407 883
280 561
280 915
280 301
280 142
280 647
280 90
280 891
280 629
280 24
280 35
280 360
280 241
280 421
280 469
762 435
290 214
704 868
157 742
157 591
157 61
157 450
157 851
157 223
157 935
157 542
70 75
70 103
8 544
86 662
86 152
472 356
472 912
472 232
472 946
624 329
779 883
316 351
316 915
316 647
316 17
316 349
316 31
316 267
316 543
316 136
316 90
316 302
316 92
316 142
316 344
316 200
301 207
301 851
15 731
6 178
802 40
851 207
851 731
117 98
813 720
813 214
813 935
387 207
295 178
891 414
891 445
891 522
891 267
891 629
644 506
644 850
644 783
644 199
101 246
101 423
72 662
910 591
910 329
107 1004
107 643
107 118
107 289
107 537
107 898
107 335
107 687
107 98
107 464
107 591
107 29
107 327
107 468
107 553
107 236
107 688
107 192
107 899
61 90
61 522
232 52
232 545
232 946
825 435
199 506
784 65
784 390
862 178
75 687
75 609
75 65
75 749
795 421
795 207
561 629
38 638
712 40
712 214
712 450
844 684
149 372
731 680
782 507
782 629
39 609
382 14
1001 506
1001 14
1001 685
521 2
521 912
506 14
506 745
506 192
506 289
506 688
506 899
2 790
360 629
241 207
374 742
374 400
371 4
478 267
310 46
372 934
372 169
499 684
367 214
367 609
934 318
850 13
850 516
658 629
658 24
751 267
170 855
170 742
288 773
288 484
288 630
288 629
693 178
943 322
669 544
569 178
421 207
595 169
595 790
595 450
236 537
710 90
710 178
24 629
435 74
435 500
435 869
109 356
118 502
92 915
630 484
630 629
246 724
246 423
898 899
823 542
513 799
883 724
883 225
502 178
502 749
239 609
239 169
29 899
880 609
946 415
599 178
484 629
318 400
976 178
991 178
915 189
915 90
915 200
518 799
518 646
518 163
356 52
356 912
322 638
662 214
697 855
633 609
602 52
333 178
98 429
319 684
742 90
750 629
996 418
450 40
450 214
749 783
749 334
749 189
720 935
200 136
591 609
643 1004
74 912
40 214
685 629
418 105
790 638
415 429
207 35
207 469
302 136
700 638
0 178
120 609
329 264
454 429
214 609
531 987
912 77
912 266
738 783
327 414
609 90
538 130
538 178
648 267
178 90
178 339
629 90
