99 929
99 599
50 634
963 551
617 191
737 440
971 316
990 180
990 207
990 178
780 977
780 514
695 568
695 60
231 245
231 987
767 333
767 929
411 153
411 418
978 167
978 35
978 547
978 188
978 301
978 614
978 421
978 988
978 141
978 957
978 851
978 316
978 469
978 512
978 795
978 954
978 207
978 817
978 424
978 552
962 62
377 422
377 457
377 189
377 718
377 423
15 680
15 422
974 294
974 126
974 984
191 923
233 692
343 103
343 310
343 223
343 368
343 322
343 740
920 656
648 912
648 435
648 30
355 157
355 147
614 424
955 540
955 987
581 855
581 135
581 628
48 1000
48 558
879 164
879 69
879 735
879 420
879 223
879 322
879 740
879 548
201 107
201 90
194 316
314 929
117 98
428 802
607 696
607 499
364 582
547 207
547 424
547 585
948 356
948 120
151 923
373 391
373 207
373 190
306 771
833 499
656 190
309 38
723 41
58 909
424 989
424 167
424 35
424 188
424 421
424 954
424 957
424 851
424 469
424 795
424 552
424 207
30 765
30 790
30 126
697 540
697 925
248 891
248 696
248 841
56 987
698 987
514 977
514 832
514 378
514 1001
514 950
54 155
54 82
91 566
91 499
881 928
881 828
173 657
485 369
485 62
125 622
951 169
951 707
951 225
951 883
846 288
846 67
668 813
668 935
668 746
332 500
776 316
702 327
895 700
895 799
32 316
857 952
857 915
245 540
245 840
245 987
530 414
530 891
530 280
746 813
746 692
746 550
746 517
746 687
746 720
746 935
746 542
381 192
381 327
644 199
644 327
586 854
586 214
586 915
454 120
454 98
454 401
454 53
454 429
674 392
66 45
66 316
42 310
42 649
924 506
924 14
924 850
924 122
45 316
590 157
590 147
764 840
764 994
764 987
765 356
765 416
765 425
765 868
765 721
654 682
268 98
165 401
165 316
823 120
383 362
558 216
558 499
558 458
558 956
558 25
510 622
814 500
294 782
294 74
294 126
622 206
622 676
622 559
622 46
622 323
559 420
819 329
832 649
423 246
423 849
423 977
423 101
112 517
112 392
693 228
693 599
532 804
532 1001
532 761
532 516
775 696
4 304
502 333
502 538
502 118
502 61
830 135
740 788
189 724
189 120
189 181
189 718
168 356
168 232
168 439
168 472
168 77
168 266
168 912
527 870
527 710
432 987
707 680
707 633
707 416
707 923
707 609
707 98
707 214
707 120
707 193
754 718
892 316
147 416
147 748
147 686
147 933
147 972
147 134
147 715
147 926
147 347
147 546
147 577
147 75
147 931
147 285
147 277
147 171
843 718
171 577
952 517
952 200
933 157
933 347
713 98
582 987
977 1004
977 120
977 410
977 950
977 153
75 915
75 333
75 499
75 544
75 135
250 886
250 356
918 844
543 891
416 854
416 120
605 685
605 178
923 435
923 772
954 207
193 633
752 120
774 947
401 415
401 98
401 429
563 731
837 745
921 327
517 915
517 61
517 803
517 854
517 267
517 718
935 742
935 696
935 686
748 347
134 98
641 987
321 704
321 499
849 275
849 987
849 327
361 987
957 207
338 987
718 61
480 987
758 956
663 61
185 499
984 912
984 214
391 288
391 484
83 400
126 700
126 356
126 52
126 573
126 435
126 790
985 335
41 73
425 232
425 946
425 472
425 912
795 421
795 207
584 680
379 568
379 662
528 685
890 335
35 207
696 229
696 433
696 671
696 334
696 834
696 316
278 98
62 214
62 542
311 987
798 214
288 484
288 773
288 629
392 316
184 595
11 316
167 207
167 915
782 356
782 166
782 74
628 135
858 991
280 120
280 239
280 629
290 120
290 214
157 347
157 277
157 577
157 926
472 232
28 987
772 870
316 872
316 72
316 787
316 214
316 205
316 868
316 397
316 678
205 90
196 120
301 207
671 995
873 840
873 987
229 657
851 915
362 870
362 909
362 662
362 771
362 993
362 267
337 505
813 24
813 720
82 870
433 540
433 987
891 630
546 844
546 277
101 127
107 98
107 90
107 553
107 29
439 232
61 854
61 135
870 135
232 700
232 912
232 790
553 29
73 577
862 178
26 40
198 120
712 40
712 450
844 672
369 513
369 913
369 163
731 422
731 915
731 680
731 739
731 284
251 987
1001 506
1001 783
1001 327
1001 14
1000 458
1000 684
458 704
947 568
506 14
2 700
2 790
241 207
872 987
371 135
317 771
356 854
356 602
356 790
356 912
356 868
141 421
577 267
658 267
687 500
771 155
421 207
735 603
95 987
710 929
435 120
96 420
719 738
253 120
540 840
540 987
540 994
630 484
630 685
284 680
987 796
987 531
987 482
987 994
987 809
987 925
987 840
987 789
987 68
509 299
69 402
880 680
946 912
599 929
599 78
135 942
135 450
135 855
349 888
333 178
98 429
996 153
996 418
178 415
178 700
745 327
745 738
52 790
40 568
418 105
418 153
790 700
223 334
854 166
854 743
207 469
516 13
684 915
650 327
120 190
120 609
190 353
190 274
190 181
214 912
704 743
327 414
327 897
680 422
