356 648
703 784
703 771
196 220
814 500
671 241
963 67
229 317
737 440
813 746
82 628
736 214
433 987
871 628
668 746
910 170
152 317
996 153
996 924
996 418
283 700
283 2
670 688
231 28
464 980
942 135
168 439
168 949
168 648
199 924
784 161
517 803
75 220
720 841
720 746
899 29
643 685
369 646
369 535
955 427
418 105
418 153
790 648
977 153
397 975
909 58
551 823
1001 14
1001 924
14 1004
14 605
14 796
14 881
14 724
14 921
14 924
646 513
947 774
506 480
506 924
416 439
605 502
835 317
628 135
628 937
948 803
173 924
921 32
682 924
317 86
935 746
542 692
598 946
598 305
120 823
841 51
841 746
214 62
214 746
38 69
91 220
912 439
912 949
751 267
161 771
439 949
332 500
644 924
702 924
220 334
528 640
783 979
305 946
657 738
90 135
