744 356
99 207
703 120
703 784
963 67
617 923
617 415
617 586
541 506
541 576
737 107
526 280
526 360
526 629
0 705
175 107
175 5
990 31
990 178
990 207
990 647
990 482
990 280
990 165
990 424
990 316
313 356
313 168
313 602
313 472
313 946
313 730
143 544
664 107
780 977
780 514
695 187
695 466
557 168
231 170
231 245
231 540
231 738
231 994
231 338
580 480
580 809
111 946
978 167
978 469
810 107
377 977
191 120
191 316
233 245
233 935
343 951
343 853
343 388
343 329
343 399
343 337
920 656
920 988
920 190
920 280
920 181
920 746
235 316
902 280
159 334
581 855
581 170
581 245
581 135
201 107
314 605
314 929
314 470
971 316
428 207
428 953
428 915
428 316
428 142
800 62
607 168
364 582
547 280
948 356
948 416
948 120
948 74
948 168
948 517
948 332
948 267
948 790
948 765
948 425
948 126
948 52
948 435
948 166
427 329
141 630
141 280
833 720
833 811
833 185
656 280
656 988
656 951
133 168
133 383
900 742
900 662
922 362
863 626
863 994
863 624
697 855
697 540
697 925
697 293
988 274
988 207
248 415
652 107
56 987
365 732
514 977
514 832
514 378
514 1001
514 950
540 245
540 840
540 764
881 381
485 799
485 62
124 518
125 206
125 676
125 510
125 622
125 139
125 323
243 65
5 107
5 977
951 865
951 214
846 629
846 67
439 912
332 356
332 383
332 844
332 517
332 53
332 318
332 168
332 586
332 500
332 912
332 435
895 518
895 823
32 280
32 739
32 669
245 170
245 764
245 329
245 264
245 135
245 624
530 280
530 838
530 629
730 356
730 912
746 157
746 870
746 502
746 591
746 813
746 334
746 720
746 668
746 935
746 542
381 107
381 532
586 356
586 383
586 762
586 168
586 232
586 765
586 267
586 126
586 166
586 885
586 573
586 500
586 782
586 687
586 435
674 112
674 74
924 506
924 850
783 506
783 415
783 979
783 239
783 738
921 506
921 923
908 765
518 799
518 214
518 62
518 513
518 823
518 646
518 535
518 913
518 163
518 542
48 458
48 499
765 356
765 602
765 648
765 104
765 721
654 991
535 444
772 75
772 633
772 609
772 120
772 454
383 138
383 362
383 716
383 517
383 720
383 528
558 216
558 458
997 782
997 120
997 65
77 912
77 168
862 700
862 502
862 577
862 293
585 528
573 500
112 700
112 782
112 74
112 472
112 517
112 356
112 392
112 267
693 599
216 319
216 458
532 107
532 516
24 35
24 280
24 891
24 629
870 450
502 415
502 538
502 605
502 228
502 334
502 78
502 214
502 178
502 851
393 107
925 873
670 107
670 415
670 553
577 73
577 129
577 285
577 715
577 171
464 107
168 356
168 260
168 472
168 232
168 425
168 52
168 912
168 984
527 720
707 120
707 749
78 178
147 416
952 630
952 316
422 15
422 680
422 280
422 731
88 399
977 1004
977 832
977 613
977 423
977 950
977 153
977 790
388 334
388 638
250 913
918 499
416 425
416 104
511 849
605 228
605 178
605 599
605 470
923 415
923 738
953 280
953 349
806 316
139 282
139 601
808 107
193 633
752 120
752 887
774 947
401 415
401 98
401 165
401 429
401 454
857 316
256 356
104 356
104 425
104 648
104 700
104 126
732 118
517 415
517 166
320 107
320 337
53 890
849 987
849 338
939 534
718 415
718 595
718 61
758 956
1002 319
913 369
185 415
984 762
984 74
391 373
391 288
391 67
391 353
260 912
67 344
67 207
67 165
351 316
160 629
663 943
267 700
267 838
267 782
267 166
715 926
126 700
126 500
126 790
126 74
985 107
425 356
425 648
425 472
425 912
425 946
493 629
782 356
782 500
782 890
584 731
379 568
631 280
631 629
278 415
293 280
980 107
392 74
692 415
692 334
692 910
165 31
165 207
280 561
280 915
280 188
280 301
280 851
280 142
280 647
280 629
280 35
280 360
280 241
280 421
280 739
280 469
290 214
46 310
157 415
505 509
472 356
472 232
472 912
472 946
316 915
316 214
316 142
316 647
316 136
316 200
196 120
301 207
15 680
15 731
229 742
851 915
851 334
362 178
891 629
910 591
910 329
910 334
61 700
61 415
61 784
61 991
61 178
232 356
232 946
199 506
199 996
784 901
784 390
565 503
294 356
294 74
561 629
198 120
844 684
844 499
127 595
731 680
731 284
266 912
909 58
1001 506
458 319
458 956
506 173
506 996
2 700
2 812
2 178
2 790
2 119
360 629
374 400
374 306
371 4
192 107
356 648
356 574
356 743
356 602
356 912
356 166
356 721
356 52
356 109
499 679
499 214
812 700
812 465
812 65
306 742
31 915
850 138
850 738
335 107
335 553
335 537
658 629
687 415
687 334
170 855
170 135
288 629
943 164
838 349
595 214
236 107
710 470
435 500
92 349
630 484
630 353
630 274
630 629
246 90
898 107
898 90
940 725
537 107
29 107
29 333
724 1004
946 415
993 901
599 470
599 178
484 629
915 892
135 942
164 638
662 214
602 52
349 888
333 178
742 415
750 629
450 415
468 107
178 700
178 482
178 415
899 107
899 289
208 107
591 415
643 107
643 685
74 166
888 207
685 629
790 700
415 334
415 223
415 542
189 334
189 214
223 90
646 163
207 35
207 188
207 469
207 136
553 107
553 688
166 500
789 470
429 454
1004 107
188 469
190 274
214 334
214 738
214 912
868 743
289 107
680 896
107 118
107 688
329 738
