383 887
383 362
804 532
662 862
997 75
814 500
862 534
862 379
862 547
862 293
541 924
700 532
737 849
362 841
362 573
633 11
891 530
532 381
532 270
532 761
532 29
532 969
532 1001
532 553
532 5
532 650
742 591
742 915
742 239
742 61
742 687
742 923
742 517
540 433
502 61
61 356
61 915
61 517
61 306
61 854
61 718
61 900
61 782
61 90
61 89
137 581
687 940
767 506
322 245
322 2
670 605
670 5
166 517
199 506
199 644
745 506
963 415
963 67
233 692
899 506
208 977
607 812
607 248
542 517
929 506
107 201
685 630
78 506
418 996
251 987
942 135
885 648
854 356
854 517
854 89
947 774
506 404
506 192
506 644
506 480
506 828
506 289
506 688
416 648
605 728
948 648
948 126
714 90
173 657
900 517
789 433
517 157
517 648
517 267
517 478
517 674
517 718
517 751
517 915
517 565
356 586
356 743
762 126
762 586
790 648
790 126
433 849
531 987
721 765
881 810
335 898
485 369
868 126
984 648
478 267
260 90
264 329
126 586
126 294
644 924
425 648
410 1001
14 924
648 946
648 294
648 267
113 535
381 980
751 267
738 654
738 760
765 86
