383 362
464 335
804 532
703 771
736 170
522 19
517 742
517 915
517 948
517 450
517 530
517 267
517 731
517 803
517 112
517 920
517 851
517 135
443 743
362 207
819 329
82 135
0 208
433 32
433 987
891 414
532 107
4 135
231 245
231 483
590 931
468 335
393 107
746 813
947 774
646 485
168 949
189 1004
745 506
56 540
56 994
56 890
75 62
159 809
107 192
107 652
107 553
107 980
369 250
418 105
62 472
62 800
62 485
62 542
977 153
397 975
2 335
1001 14
250 542
854 332
854 485
854 751
854 730
854 542
90 292
90 220
90 248
810 289
810 381
506 14
506 480
506 828
506 192
506 289
416 762
605 599
444 535
923 542
371 135
924 14
924 850
602 743
74 126
837 13
837 738
192 381
542 823
542 586
542 135
170 135
120 823
214 809
531 987
531 482
292 135
803 166
663 951
277 931
933 347
439 949
332 500
126 586
702 14
870 135
266 949
14 381
951 823
435 500
109 166
628 135
329 692
