383 868
99 791
804 532
703 784
814 500
111 885
963 67
541 506
737 107
737 506
737 335
362 61
362 771
813 746
633 736
602 648
175 335
433 540
365 127
891 530
644 702
644 506
644 828
644 264
644 1001
644 738
580 791
532 381
532 516
664 335
293 862
423 315
231 506
231 170
231 245
231 502
996 506
996 418
232 472
994 56
670 335
947 774
942 936
942 712
168 648
199 506
199 13
517 392
517 803
75 921
440 506
862 534
862 547
899 335
208 335
643 335
107 334
107 980
107 553
107 335
369 535
369 913
482 531
62 823
909 58
201 335
314 605
854 356
854 542
719 837
686 650
810 335
791 976
506 657
506 334
506 537
444 535
628 405
516 335
553 335
872 650
30 765
454 264
718 980
166 332
837 738
192 335
921 657
935 746
638 69
542 823
356 648
1004 468
1004 335
1004 473
329 775
790 126
248 462
537 335
850 702
850 1001
335 464
335 118
335 381
335 985
335 980
335 5
335 29
335 236
335 688
485 823
912 648
912 472
668 746
984 762
984 126
439 949
332 500
126 762
126 648
266 949
104 765
648 765
118 732
586 762
674 392
721 765
