744 912
99 0
99 178
617 135
541 506
541 996
150 415
748 147
748 926
971 351
971 915
971 316
971 200
854 518
0 228
0 929
0 862
0 6
0 78
0 470
0 314
0 249
0 333
0 693
0 178
0 605
0 502
0 409
0 599
0 236
0 538
0 710
0 767
0 519
0 976
0 991
175 275
175 849
990 351
990 207
990 482
990 915
990 316
990 178
143 669
966 168
780 514
231 170
231 736
231 540
767 178
978 851
978 614
962 190
810 289
377 506
377 630
377 718
191 948
191 772
233 692
233 185
343 534
920 656
920 546
920 550
920 353
6 506
6 178
355 147
159 841
955 427
955 540
955 925
955 311
575 912
581 855
581 135
879 322
879 420
201 185
314 178
314 929
686 147
428 351
428 857
428 915
428 316
428 17
607 334
607 229
607 696
607 499
547 862
547 165
547 293
547 954
948 416
948 260
948 90
948 946
948 120
948 126
948 721
948 168
948 425
948 912
948 65
373 391
373 207
306 90
833 415
833 720
833 987
833 185
833 499
656 353
133 602
900 272
309 832
611 14
424 207
30 765
30 120
30 790
904 718
697 170
248 157
248 891
248 530
68 540
365 718
365 732
919 832
919 1000
919 337
91 499
808 506
881 506
828 738
173 506
125 510
5 506
951 239
951 715
951 535
951 926
951 372
951 706
951 772
1004 506
752 120
752 772
1003 609
487 832
487 510
668 746
332 126
332 500
50 559
702 924
552 207
32 862
857 351
857 915
857 17
857 316
857 200
245 138
245 383
245 840
272 742
272 662
530 157
530 891
530 629
746 414
746 692
746 813
746 923
746 720
746 214
746 935
381 506
381 90
586 383
586 782
586 609
586 435
586 595
586 126
247 832
42 534
42 323
924 14
921 506
921 738
61 742
61 718
61 502
61 388
61 517
61 991
61 851
226 506
676 510
764 840
764 624
765 383
765 602
765 704
765 868
654 991
935 720
535 369
535 250
535 518
165 351
165 31
165 401
165 915
165 207
165 316
772 415
772 120
772 454
772 75
772 334
772 609
383 138
383 167
383 887
383 216
383 362
572 862
572 372
558 499
510 622
510 337
510 139
510 939
294 743
294 74
294 868
622 559
559 299
559 634
559 420
736 540
585 35
585 956
693 228
693 178
693 502
216 319
216 1000
41 73
41 503
41 723
41 1000
41 565
540 415
540 840
540 994
540 624
502 742
502 591
502 696
502 915
502 923
502 118
502 599
502 749
502 718
502 710
502 78
502 687
502 976
502 178
114 189
114 275
740 157
670 506
166 743
166 74
168 260
168 439
168 472
168 77
168 266
168 912
168 949
527 870
527 720
527 710
707 880
707 609
78 178
147 416
147 933
147 972
147 590
147 715
147 454
147 926
147 347
147 577
147 931
147 285
147 277
147 171
171 367
171 926
952 351
952 915
952 316
163 62
107 290
107 90
88 663
88 906
88 399
977 410
977 189
977 514
977 418
250 886
250 782
250 415
950 514
543 351
543 915
543 316
416 629
605 789
605 506
605 178
936 832
923 742
923 591
923 915
923 687
953 351
953 915
953 316
988 167
988 267
139 832
954 167
954 207
193 512
193 53
193 546
193 633
846 288
401 415
401 98
401 429
401 454
837 738
104 425
614 851
546 633
546 550
281 718
832 649
832 514
832 323
832 46
832 319
832 603
832 710
832 423
832 132
832 184
832 638
208 506
134 850
134 98
754 718
754 184
321 499
228 178
53 633
53 890
38 70
939 70
939 534
338 789
718 415
718 696
718 595
758 844
1002 319
185 942
185 501
984 74
391 288
391 484
391 353
260 912
70 534
70 609
70 334
267 435
715 926
126 700
126 232
126 721
136 351
136 915
136 316
136 200
48 344
48 1000
795 207
266 912
266 77
379 568
568 293
696 692
696 229
696 687
696 534
696 334
696 595
62 646
224 316
224 349
390 203
390 784
419 404
518 913
518 542
534 862
534 609
980 464
392 630
184 423
692 742
692 329
692 749
692 624
782 912
188 229
280 629
280 360
762 415
157 891
157 362
203 784
505 337
86 443
86 152
472 912
181 353
779 225
779 423
316 351
316 915
316 17
316 214
316 888
316 31
316 647
316 349
316 302
316 92
316 142
316 344
316 200
613 90
196 120
15 680
229 334
362 771
337 378
167 630
433 738
891 414
891 353
891 630
891 629
891 24
644 14
101 423
814 500
425 120
315 658
73 1000
189 249
189 749
189 506
784 83
784 863
565 723
565 1000
862 909
862 178
862 293
443 13
443 662
443 152
561 629
198 120
844 499
369 913
293 207
295 178
858 35
1001 514
1000 319
1000 503
947 450
506 643
506 29
506 783
506 796
506 14
506 249
178 929
178 470
178 333
178 249
178 669
178 569
178 409
178 599
178 538
178 339
178 976
178 991
178 710
374 400
55 595
550 743
499 318
367 868
31 351
31 915
850 90
71 595
647 351
647 915
687 414
687 915
288 484
288 773
288 629
249 333
595 404
595 169
761 418
24 35
435 120
435 500
109 913
719 738
92 351
92 915
246 423
926 577
926 129
987 809
987 531
503 723
239 609
946 90
599 929
65 415
484 750
976 349
915 351
915 591
915 662
915 888
915 302
915 742
915 17
915 142
915 135
915 344
915 200
135 942
135 334
662 466
628 870
633 609
98 454
304 4
153 418
742 334
750 353
841 214
996 418
142 351
142 207
788 906
106 906
745 738
200 351
351 888
351 344
351 302
643 685
74 214
353 274
40 187
418 105
790 680
790 868
790 119
169 404
207 35
207 469
207 302
372 404
516 90
516 335
378 514
120 454
214 334
868 648
609 834
454 429
648 721
783 738
13 90
13 738
