99 178
963 609
963 67
617 923
617 609
617 586
617 193
737 107
971 165
971 316
971 200
646 799
646 62
0 189
0 716
0 178
0 883
175 107
990 165
990 316
313 356
313 112
313 472
313 74
313 948
143 544
143 235
664 107
780 977
780 514
102 16
231 874
231 338
580 544
767 178
978 851
810 7
233 923
233 687
233 692
343 950
343 310
343 663
343 223
920 746
648 765
235 923
355 147
355 577
159 713
159 923
159 214
614 188
955 427
955 540
955 925
955 311
955 987
879 322
324 38
324 586
201 107
314 178
622 603
686 147
686 577
428 349
428 165
428 915
428 316
428 92
547 293
948 120
948 168
948 52
948 75
948 517
948 803
948 267
948 126
948 674
948 751
948 586
948 112
948 854
948 392
948 592
151 923
151 609
151 253
141 188
833 415
885 586
885 30
900 272
58 909
58 90
58 586
424 421
424 207
424 795
697 540
697 83
697 771
790 447
790 232
790 956
790 126
248 915
248 502
248 762
248 684
248 185
248 670
479 586
514 977
514 832
514 378
514 1001
514 950
514 103
540 433
540 855
540 994
540 874
540 624
91 779
173 506
485 799
485 62
122 469
243 61
5 107
5 491
5 586
951 273
951 13
951 16
951 707
951 245
951 923
951 957
951 738
405 135
277 157
277 147
277 577
277 700
716 149
388 832
388 634
388 638
895 799
32 921
32 214
32 791
857 165
857 915
857 316
245 874
245 764
272 662
530 561
530 750
530 631
530 360
530 630
530 280
530 267
530 526
530 846
530 160
530 484
530 493
530 658
530 288
530 891
530 746
530 685
530 629
530 24
730 912
730 868
746 591
746 692
746 915
746 775
746 687
746 851
746 595
746 157
746 813
746 718
746 223
746 502
746 534
746 665
746 720
746 668
746 935
746 542
847 207
586 356
586 120
586 160
586 310
586 765
586 517
586 307
586 447
586 38
586 326
586 257
586 602
586 912
586 161
586 294
586 947
586 416
586 264
586 232
586 762
586 267
586 126
586 735
586 425
586 567
586 837
586 165
674 74
674 112
674 61
674 392
674 166
116 90
42 534
42 649
42 323
924 516
534 939
590 157
590 147
590 577
908 104
48 41
48 558
765 425
765 912
765 946
765 721
381 107
381 468
381 335
381 192
935 813
935 720
935 668
535 369
535 444
874 840
874 873
874 764
865 90
772 923
772 120
772 566
383 356
383 867
383 891
383 720
383 595
383 589
558 319
558 216
558 704
558 565
517 415
517 718
517 61
443 214
295 178
832 38
832 638
573 126
112 74
112 803
112 392
112 166
112 267
249 178
249 29
216 321
532 516
24 846
24 909
24 493
24 891
24 629
422 15
422 284
4 135
503 704
502 862
502 178
502 185
994 582
740 157
740 322
740 106
670 415
670 107
670 185
577 748
577 933
577 972
577 255
577 715
577 926
577 157
577 347
577 147
577 931
577 285
577 171
304 441
304 860
168 232
168 260
168 425
168 472
168 439
168 266
168 912
168 949
168 416
707 923
78 178
101 423
147 416
147 748
147 933
147 972
147 926
147 347
147 75
147 931
147 285
147 171
843 718
171 157
952 165
952 316
933 157
476 923
107 208
107 1004
107 320
107 118
107 898
107 335
107 289
107 980
107 464
107 29
107 468
107 553
107 537
107 985
107 236
107 688
107 192
107 899
214 923
214 290
398 61
977 1004
977 480
977 423
977 950
977 409
977 153
551 799
250 542
950 663
950 638
543 165
543 316
791 544
416 266
416 294
605 685
605 1001
605 178
605 929
923 120
923 278
923 367
923 633
923 687
923 414
923 692
923 90
923 239
923 880
923 609
923 39
923 193
923 2
923 528
923 890
923 875
923 53
953 165
953 316
139 1001
193 53
846 561
846 288
846 629
774 947
401 415
401 429
401 454
401 98
401 165
401 291
563 544
563 731
409 178
104 425
104 721
546 844
706 310
748 926
759 166
134 592
321 565
228 178
53 609
849 987
718 157
718 595
718 980
718 61
718 724
718 883
718 851
718 731
758 723
758 844
758 499
663 61
663 638
913 369
913 163
493 629
984 74
67 165
160 629
1002 319
267 912
267 435
715 926
126 782
126 2
126 232
425 472
425 232
425 290
425 946
185 915
185 762
185 684
266 912
584 731
631 629
890 609
224 349
731 15
731 284
735 310
288 629
392 74
392 166
418 105
418 153
418 996
167 469
692 334
692 135
165 915
165 17
165 92
165 142
165 31
165 344
165 647
165 316
165 302
165 136
165 200
188 862
280 862
280 629
290 253
46 310
157 285
157 347
823 799
8 544
86 662
957 207
316 915
316 17
316 92
316 142
316 31
316 344
316 647
316 302
316 136
316 200
15 680
6 178
851 334
362 512
337 135
813 668
669 544
891 629
61 742
61 802
232 472
232 946
566 120
566 253
73 723
73 41
189 862
862 909
862 178
592 98
561 629
712 450
844 565
782 472
909 787
1001 685
2 812
360 629
371 860
956 684
317 135
310 943
310 402
812 550
812 119
934 595
278 609
335 643
658 629
687 609
693 178
569 178
595 450
710 178
465 119
949 912
630 685
630 773
630 629
246 423
987 482
940 90
883 724
294 74
537 181
599 178
509 299
976 178
976 349
991 178
135 628
565 41
565 679
322 638
662 466
602 743
98 429
153 996
750 629
526 629
739 544
462 415
723 41
741 544
52 912
52 868
200 915
74 166
482 531
62 120
62 799
62 163
415 429
700 119
542 799
333 178
470 178
912 439
929 178
454 429
538 178
685 629
291 429
783 13
178 339
