703 771
963 67
617 923
541 951
971 952
971 428
971 935
660 120
0 333
0 605
175 246
175 275
175 849
175 423
990 428
313 294
966 168
780 832
445 288
695 187
102 139
231 2
231 987
231 923
231 334
231 830
231 874
767 333
978 188
978 190
978 724
978 851
978 142
978 772
377 630
377 716
191 752
233 159
343 879
920 915
920 190
920 450
920 443
920 530
920 851
6 333
159 940
159 334
159 865
159 290
614 469
614 290
614 188
614 629
614 772
955 427
955 540
955 925
955 987
575 912
305 425
48 319
879 388
879 322
879 740
605 700
605 693
605 502
605 569
605 862
605 685
605 293
605 599
605 470
605 1001
605 710
605 314
605 228
605 333
605 249
605 178
622 139
428 90
428 952
428 165
428 915
428 17
428 136
428 953
428 543
428 349
428 142
428 92
428 31
428 344
428 647
428 122
428 857
428 302
428 316
428 200
607 712
607 61
607 472
607 687
607 232
607 517
607 229
607 724
607 483
547 469
547 280
948 120
948 868
151 923
151 609
461 763
141 530
833 415
833 462
885 447
885 416
885 294
900 742
309 38
312 333
509 282
424 421
424 469
424 207
424 795
30 868
866 718
866 90
866 423
866 716
866 101
866 149
866 246
248 909
479 61
68 987
514 832
808 29
881 516
828 516
125 139
95 987
5 491
5 335
951 56
951 239
951 273
439 168
439 90
332 586
332 61
332 500
776 334
776 278
220 383
32 791
857 915
857 316
857 239
245 874
245 830
245 987
272 193
530 915
530 188
530 450
530 443
530 731
530 851
530 469
530 135
530 629
530 772
817 294
817 469
730 912
730 868
746 935
381 192
381 532
381 327
586 356
586 383
586 416
586 334
586 743
586 126
586 267
586 573
586 868
586 782
586 984
674 74
66 227
924 506
924 14
924 1001
534 334
534 139
45 227
106 740
765 868
654 783
654 738
268 98
268 633
535 444
535 113
535 472
874 540
874 840
874 873
874 764
772 742
772 120
772 915
772 502
772 190
772 160
772 127
772 334
772 923
772 189
772 823
772 280
772 629
772 188
383 138
383 850
383 112
383 720
383 166
383 362
558 319
510 139
814 500
294 416
294 74
294 447
443 450
443 135
443 602
443 662
443 915
443 379
443 743
443 731
443 851
832 103
832 950
273 855
273 229
112 74
112 166
249 333
216 321
216 319
216 618
532 236
24 891
540 697
540 987
540 433
540 56
540 587
540 994
540 630
540 338
502 239
502 61
502 333
502 118
502 178
994 809
994 987
322 388
322 2
199 644
462 426
168 425
168 362
168 472
168 232
168 912
168 868
168 949
168 790
527 422
527 720
432 987
707 98
907 912
78 333
171 715
952 543
952 267
952 362
422 15
422 731
582 987
716 149
716 246
977 1004
977 1001
977 56
977 409
977 153
977 872
388 61
388 638
939 788
939 139
939 38
939 474
918 946
338 987
404 595
416 472
416 868
416 782
416 214
324 70
923 120
923 278
923 687
923 214
923 609
923 53
923 890
988 167
139 676
139 601
139 206
139 477
139 64
139 154
139 323
139 487
954 167
954 469
193 633
193 662
193 500
193 75
193 90
193 53
193 609
193 595
846 561
846 288
846 280
846 67
774 947
401 415
401 429
401 454
401 98
401 165
401 291
409 333
104 425
104 126
546 550
546 595
517 232
517 61
517 472
935 720
935 668
935 200
748 926
759 166
134 98
228 333
53 813
849 275
849 246
849 987
849 423
361 987
957 469
587 720
718 157
718 915
718 61
718 724
718 246
718 89
718 883
480 987
925 697
925 987
493 288
984 447
391 288
391 67
67 344
67 207
67 561
67 165
715 926
126 790
126 52
644 506
41 73
41 565
425 90
425 472
425 232
425 946
425 721
795 469
379 568
528 239
890 742
890 609
890 316
568 947
696 678
696 61
311 987
883 724
883 246
288 484
288 773
288 561
288 630
288 629
184 246
167 469
692 58
165 31
165 344
165 915
165 316
628 135
280 629
290 214
46 310
472 687
472 90
472 912
472 232
28 987
779 246
316 915
316 483
316 838
316 629
301 469
301 851
609 854
609 633
609 90
609 454
609 291
609 592
229 790
474 38
851 915
851 450
851 731
851 135
362 188
117 98
764 1004
764 987
433 987
197 90
891 353
107 98
61 742
61 915
61 38
61 89
232 52
232 687
232 949
77 912
189 410
784 306
862 333
862 909
862 293
75 334
592 98
712 40
844 458
149 246
293 246
251 987
909 863
1001 685
458 319
458 214
458 684
2 700
2 334
2 52
241 469
872 987
103 310
103 943
103 223
385 867
956 319
356 912
356 868
310 943
405 135
335 700
170 855
693 333
656 630
656 190
447 74
421 469
595 550
595 790
595 195
236 90
236 537
710 333
92 200
246 16
246 275
246 711
246 423
246 101
246 225
284 680
987 531
987 482
987 641
987 809
987 56
987 873
987 840
987 698
987 789
940 214
731 915
731 450
239 742
239 629
946 633
537 208
599 333
991 543
135 450
135 915
135 105
624 840
804 516
662 40
602 743
333 569
333 743
333 470
333 538
98 713
763 854
742 90
450 915
56 482
200 136
415 429
90 915
90 190
516 743
516 166
166 743
101 423
542 500
214 40
214 912
214 334
868 912
136 915
35 469
629 188
207 469
188 469
