744 232
744 472
99 178
99 78
776 214
703 120
963 214
963 659
963 67
963 306
617 586
617 135
617 948
541 506
541 850
541 738
150 435
150 962
150 629
526 629
646 542
0 249
0 178
175 275
175 849
175 5
131 850
990 165
990 207
313 356
313 112
576 850
445 629
445 838
695 450
231 245
231 840
231 987
231 28
231 736
231 874
231 738
515 214
824 552
767 178
978 953
978 629
163 913
163 62
671 397
671 90
974 74
233 692
233 835
343 164
343 663
343 70
343 943
920 656
920 214
920 629
920 67
6 506
6 178
159 724
159 214
614 552
955 987
575 966
575 472
575 500
581 540
581 135
581 170
605 789
605 685
605 1001
605 178
314 178
337 324
337 603
337 510
337 505
337 479
337 310
337 84
337 378
337 106
337 638
337 96
428 915
428 229
428 122
800 62
607 232
607 229
948 356
948 168
948 120
948 425
948 2
948 912
948 266
948 439
948 868
948 90
373 391
373 344
373 207
373 838
306 742
306 790
71 595
656 838
58 909
863 784
248 506
248 229
248 696
248 670
56 987
698 987
91 951
881 850
828 850
173 506
173 850
587 775
125 139
125 323
5 506
951 273
951 707
951 493
951 75
951 630
951 372
846 288
846 629
846 67
190 629
439 168
439 790
332 500
50 559
702 850
702 1001
895 799
895 518
220 214
32 718
32 915
32 92
336 926
857 31
857 165
857 408
245 170
245 987
245 540
245 874
245 53
272 742
272 754
530 891
530 160
530 685
530 214
530 630
530 629
817 167
817 294
817 988
730 356
730 912
730 425
730 868
746 813
746 90
746 414
746 214
746 720
746 668
746 935
861 896
381 327
586 383
586 38
586 324
586 74
586 197
586 450
586 294
586 267
586 885
586 168
586 687
586 326
586 912
586 984
674 392
66 45
924 850
783 850
783 738
921 506
921 850
921 738
134 738
518 752
518 513
518 913
48 758
48 458
48 1000
765 104
765 936
765 721
765 30
654 850
268 633
268 454
268 713
268 98
268 291
268 117
535 913
874 540
874 840
874 873
874 764
165 31
165 401
165 344
165 838
165 67
165 316
165 136
772 923
772 633
772 454
772 75
772 334
772 609
772 120
772 566
383 362
572 40
572 731
572 450
558 458
558 319
558 207
558 1000
558 499
558 321
558 216
558 956
558 372
558 25
522 61
862 909
862 178
622 676
295 178
273 890
736 193
112 356
112 392
112 74
112 472
693 1004
693 122
693 178
24 891
24 90
24 629
422 731
540 840
540 987
540 994
540 53
502 118
502 178
502 629
114 977
114 189
925 987
670 506
670 1004
577 458
304 441
168 260
168 90
168 472
168 77
168 946
168 266
168 912
168 648
168 984
527 710
432 987
707 680
707 923
707 98
707 880
811 415
78 178
147 347
147 926
843 407
843 779
843 184
952 200
929 178
582 105
582 994
582 987
716 718
716 883
88 906
977 410
977 423
977 1004
397 975
397 738
250 782
918 758
950 399
338 987
19 16
416 120
416 425
324 534
923 356
923 633
923 334
923 738
953 207
953 957
988 167
988 35
139 487
193 550
193 633
193 946
193 910
401 415
563 544
256 885
256 294
724 718
724 246
724 293
837 850
104 425
104 648
104 721
546 75
935 813
935 720
832 634
832 410
832 710
832 423
832 184
832 638
228 178
53 633
868 356
868 120
849 275
849 987
849 433
849 327
849 329
849 897
361 987
764 987
764 624
718 980
718 904
718 334
718 595
718 883
480 987
758 73
758 723
758 41
758 956
758 844
493 629
493 838
984 885
984 74
984 912
391 484
391 67
391 353
391 288
391 629
260 266
260 790
260 912
67 207
597 738
160 288
160 630
160 87
160 629
83 742
83 161
126 435
126 721
126 790
644 506
644 850
644 738
425 356
425 120
425 648
425 472
425 232
425 946
795 207
782 435
782 61
379 568
631 629
631 838
528 980
528 609
568 660
568 742
568 293
568 450
696 229
696 595
278 214
278 239
638 164
311 987
224 349
659 742
288 484
288 773
288 629
392 74
167 630
167 838
692 229
692 214
610 629
628 135
280 629
280 293
280 838
280 595
157 229
70 334
86 443
86 152
472 356
472 232
472 946
28 738
28 987
316 31
316 915
316 838
316 349
316 214
316 629
15 731
609 946
229 915
229 188
229 334
229 851
229 410
229 534
851 181
851 629
362 909
82 135
433 987
433 738
197 850
891 414
891 629
910 329
61 550
232 790
814 500
199 506
199 850
784 742
784 90
75 742
75 334
75 135
840 873
840 987
443 742
443 662
731 629
561 629
38 309
844 25
369 913
293 207
251 987
909 500
1001 850
1001 685
1001 738
835 742
458 956
947 450
506 90
506 29
506 996
506 850
506 14
506 775
2 700
360 629
872 987
371 214
371 135
270 850
356 214
550 334
367 214
349 207
349 838
349 92
934 595
141 214
854 90
850 719
850 804
850 14
850 657
850 738
850 13
850 90
850 996
850 327
850 516
850 761
850 745
850 979
850 682
850 650
335 516
454 429
658 629
915 838
915 629
170 855
170 135
979 738
249 178
885 435
569 214
569 178
595 1004
595 169
95 987
710 178
761 804
865 214
465 790
719 410
4 135
630 484
630 685
630 181
630 629
482 987
926 715
926 129
987 796
987 531
987 994
987 641
987 809
987 873
987 789
987 68
580 409
993 742
599 178
484 629
976 178
991 178
135 870
409 178
275 327
333 178
763 214
742 214
742 687
750 629
750 353
996 418
450 187
450 802
142 207
741 544
720 214
720 90
40 214
685 629
418 105
790 700
790 516
415 429
415 223
189 1004
660 120
207 469
207 136
372 700
166 743
775 214
214 544
214 531
214 738
214 178
214 629
214 334
470 178
912 648
327 897
538 178
410 14
178 339
90 771
