190 120
595 696
595 718
99 599
50 559
703 935
703 771
196 120
301 493
321 565
15 680
15 422
15 731
963 67
229 306
541 921
851 167
851 469
851 718
851 188
851 61
362 383
362 491
362 310
362 371
971 200
813 571
813 915
813 935
813 746
82 83
175 5
433 849
990 165
322 534
322 106
322 638
891 90
891 629
891 530
546 731
668 630
668 915
668 935
107 951
844 684
772 75
61 167
61 742
61 718
61 915
61 502
61 522
61 782
61 517
61 243
61 141
232 168
232 425
232 134
232 472
232 946
232 949
767 333
797 731
292 91
810 262
810 7
377 457
671 290
189 316
189 969
784 83
862 791
75 948
410 14
410 832
410 719
920 700
920 915
920 159
235 923
561 846
198 120
275 114
712 450
159 62
159 577
159 746
614 988
614 188
881 516
369 913
311 697
731 696
731 870
731 422
731 739
731 680
731 8
731 563
731 789
731 143
879 534
266 168
909 787
201 52
314 538
337 617
337 505
947 774
947 379
506 1001
873 874
948 120
948 52
948 416
948 854
948 949
948 592
948 126
151 290
497 773
944 609
103 663
885 571
885 586
347 157
347 933
900 571
900 450
953 957
571 742
571 870
571 776
571 450
571 160
571 530
571 62
571 394
571 534
571 161
571 663
571 684
571 935
956 700
956 503
956 41
956 790
956 25
424 421
863 83
138 383
697 855
697 540
697 83
697 925
310 70
310 46
310 943
310 586
650 828
650 654
650 783
650 682
650 738
499 558
812 700
812 790
141 469
141 188
31 165
31 915
828 516
335 643
335 381
577 157
577 255
577 214
803 166
950 343
950 106
243 742
243 517
5 553
5 29
951 540
951 245
951 239
951 214
951 663
951 42
951 543
752 147
1003 90
1003 291
943 343
771 527
771 83
439 168
332 782
133 416
133 602
702 1001
509 299
32 791
184 843
334 742
106 740
245 874
272 662
272 450
530 90
530 630
530 915
530 267
530 629
817 274
630 207
730 868
746 935
746 214
746 915
338 540
987 540
987 482
586 782
586 617
994 540
994 764
166 765
166 294
166 759
166 126
70 90
231 874
19 333
29 808
134 592
409 605
880 923
946 416
946 425
764 874
65 193
765 425
765 868
765 721
83 901
83 870
83 855
83 400
783 682
638 388
638 790
318 25
125 90
535 444
535 62
874 540
874 840
165 344
165 67
165 160
165 316
135 742
135 936
135 628
624 329
925 849
662 443
662 450
558 684
517 718
443 53
443 86
443 193
294 782
294 126
294 984
142 915
633 923
633 609
602 743
832 388
356 984
693 178
24 493
742 415
742 718
742 214
540 641
502 915
996 977
996 418
468 432
42 649
426 416
634 788
634 388
462 415
788 740
168 416
168 260
168 472
168 912
168 949
168 790
527 870
707 923
754 127
52 868
388 718
101 685
682 654
682 738
720 915
720 935
191 90
485 854
485 62
200 952
200 344
200 915
200 316
591 718
542 62
353 391
214 62
233 692
418 977
418 105
418 153
790 868
790 126
343 663
343 223
716 114
207 67
163 646
163 913
163 62
416 949
416 617
923 120
923 609
923 193
421 795
592 609
846 67
104 425
921 977
935 915
646 62
120 53
152 86
952 136
423 977
868 782
1002 319
136 344
493 629
984 782
984 472
391 67
67 344
126 782
782 472
782 500
14 1001
224 316
743 704
629 90
629 160
629 316
977 153
692 90
