744 912
99 862
99 491
99 207
963 367
963 53
617 151
150 471
526 629
175 849
175 5
990 56
990 428
780 514
780 106
445 782
445 507
695 40
695 585
695 951
231 874
767 178
411 153
978 469
978 851
377 246
233 746
230 347
920 181
920 851
648 765
648 721
648 30
648 267
902 280
614 469
311 540
575 912
575 472
575 168
605 333
605 693
605 178
605 314
605 228
314 599
337 638
428 915
428 136
547 469
547 851
948 765
948 946
948 90
948 168
151 923
151 253
373 391
373 207
373 190
141 469
141 362
71 595
885 586
133 765
133 256
900 742
96 420
523 765
58 909
424 469
424 207
424 795
30 765
30 946
30 416
697 855
697 925
697 293
248 506
56 95
56 28
56 482
365 522
919 1000
919 601
540 874
606 482
808 29
881 700
881 810
173 506
951 273
951 245
951 707
951 630
951 715
951 926
439 266
439 912
439 425
439 730
439 168
220 75
220 120
220 90
220 65
220 749
552 469
32 197
857 915
857 316
857 200
245 170
245 874
245 329
113 62
530 658
530 891
530 629
817 469
730 256
730 868
746 813
746 692
746 472
746 912
746 720
746 668
746 168
746 935
746 624
381 192
381 643
381 327
558 216
558 207
558 1000
558 48
343 534
343 399
343 223
674 112
166 74
166 586
534 388
534 591
534 70
534 822
534 334
534 601
61 718
908 721
701 292
701 728
764 874
764 329
764 264
765 425
765 90
765 602
765 104
765 721
268 633
268 454
268 713
268 98
268 291
268 117
535 518
874 840
874 925
874 873
865 367
572 662
586 435
586 521
586 573
586 500
586 912
586 762
586 294
586 168
586 984
862 178
443 662
443 86
443 152
559 420
585 35
585 324
585 371
112 392
112 267
112 751
216 321
216 1000
216 48
532 516
24 31
24 280
24 629
4 371
502 214
502 178
670 643
924 14
168 472
168 77
168 946
168 790
168 949
168 813
168 425
168 521
168 266
168 912
707 680
707 98
907 754
171 590
952 543
952 316
952 200
713 98
713 65
88 950
977 153
977 514
250 886
950 514
587 591
587 334
416 946
416 790
972 277
953 207
988 469
988 207
954 469
954 851
193 633
193 550
846 629
401 415
401 98
401 165
401 429
401 454
563 731
104 425
104 790
921 327
517 267
935 813
935 720
935 668
814 500
832 514
759 294
134 98
754 718
53 850
53 633
849 275
957 469
48 458
48 319
48 723
48 844
48 41
48 25
48 956
48 1000
718 415
718 223
718 724
718 980
758 723
758 318
663 528
493 629
391 288
391 891
391 353
160 629
267 478
267 751
267 891
715 926
126 790
425 356
425 521
425 266
425 912
425 946
425 949
425 790
185 762
185 833
631 629
890 190
278 98
62 542
798 482
288 629
441 371
418 153
418 996
167 469
167 851
165 316
280 658
280 629
280 360
762 415
762 913
290 98
290 253
157 277
157 590
70 103
8 731
472 912
472 946
779 423
316 415
316 915
316 349
316 367
521 912
301 469
671 995
851 469
851 687
851 390
851 570
362 771
117 98
813 912
813 720
813 668
813 277
433 994
433 214
433 738
891 750
891 414
891 995
891 629
232 912
232 946
77 912
566 253
199 996
784 981
410 31
795 469
795 207
561 629
844 956
369 913
731 329
1001 514
1000 458
1000 319
1000 723
1000 41
458 319
458 956
458 790
458 565
981 306
2 749
360 629
374 742
374 105
944 90
371 135
995 414
995 334
995 591
956 499
356 912
356 721
550 812
499 319
367 720
367 946
367 868
367 214
306 790
335 107
454 98
454 429
658 629
687 65
687 500
656 190
421 469
595 404
595 214
761 804
435 500
92 915
630 200
630 484
630 629
987 415
987 120
503 723
503 41
486 148
486 353
724 334
946 214
484 207
484 629
976 349
451 469
565 723
662 214
98 107
98 429
742 105
750 629
750 353
996 153
450 90
512 469
788 634
52 868
812 700
591 334
353 190
514 378
274 190
482 531
188 469
207 469
181 190
700 277
789 470
214 531
214 334
912 949
685 629
915 334
90 500
