99 178
99 502
703 784
703 90
963 67
617 415
617 811
618 918
150 415
150 629
748 147
748 926
526 32
854 604
854 518
0 178
175 849
175 423
990 32
990 915
990 316
313 112
313 648
143 90
664 335
780 977
95 873
231 540
231 245
231 28
231 789
231 874
231 311
231 738
580 8
580 563
580 91
111 648
978 35
978 469
978 547
978 188
978 614
978 954
978 141
962 316
671 397
671 90
233 692
343 388
343 943
343 322
343 663
920 915
229 607
355 147
159 566
614 469
614 552
614 566
807 383
311 697
71 595
581 742
581 540
581 135
581 72
737 849
879 322
686 147
428 915
428 349
428 857
428 408
428 316
428 200
547 32
547 469
547 383
948 120
948 425
948 90
948 868
948 946
948 435
750 629
373 391
373 344
373 207
141 469
141 188
833 415
833 720
833 185
656 32
656 181
656 915
656 838
133 648
900 40
900 662
309 893
922 528
424 469
424 207
863 443
863 784
697 170
697 83
697 925
697 540
697 855
697 771
697 873
697 293
248 75
248 415
56 540
56 987
514 977
514 950
514 832
91 415
386 319
828 837
125 622
125 322
125 676
5 506
5 586
951 742
951 707
951 190
951 663
951 925
951 609
752 849
668 935
668 746
332 250
895 913
895 551
895 518
220 633
32 35
32 561
32 188
32 360
32 241
32 422
32 421
32 280
32 953
32 142
32 647
32 631
32 293
32 24
336 715
857 952
857 915
857 838
857 17
857 136
857 543
857 92
857 142
857 971
857 31
857 344
857 953
857 165
857 302
857 316
857 200
245 53
245 874
272 40
272 662
530 383
530 630
530 915
530 629
530 24
817 167
817 294
817 469
730 356
730 912
730 868
746 813
746 720
746 935
861 934
670 415
586 490
586 383
586 662
586 450
586 294
586 762
586 126
586 157
586 885
586 573
586 500
586 687
586 915
586 166
586 984
66 782
42 649
166 126
546 189
61 718
61 550
61 915
61 904
61 868
61 782
61 517
61 122
908 104
908 762
908 765
226 540
281 189
281 491
48 319
48 679
575 472
765 356
765 425
765 868
765 232
765 104
765 30
83 784
83 161
535 913
535 444
874 540
874 840
874 873
874 764
165 31
165 401
165 344
165 915
165 67
165 316
772 923
772 120
772 566
383 138
383 942
383 887
383 868
383 662
383 120
383 528
572 40
572 450
558 207
510 622
814 500
294 885
294 74
294 104
294 447
294 126
294 984
622 206
622 676
622 559
622 46
699 260
906 740
585 528
573 126
112 855
112 392
112 316
112 267
693 178
693 599
399 950
399 88
24 31
24 891
24 953
540 329
540 994
540 582
600 956
502 484
502 915
502 334
502 605
502 178
114 275
769 306
199 996
577 147
577 458
304 4
168 356
168 260
168 90
168 472
168 868
168 266
168 912
168 648
527 680
527 870
527 720
527 710
707 680
707 98
388 832
388 90
388 70
388 634
388 638
147 933
147 590
147 972
147 715
147 926
147 157
147 347
147 931
147 285
147 277
147 171
843 883
254 40
952 915
952 316
952 200
422 15
582 994
88 950
977 1004
977 832
977 996
977 423
977 950
230 972
250 782
250 415
250 886
250 518
918 758
950 103
950 832
404 595
404 55
404 169
416 75
605 228
605 685
605 178
444 369
923 356
923 415
923 633
923 72
923 687
923 334
923 738
953 207
953 915
953 316
988 207
988 915
139 322
954 469
954 207
193 120
846 288
846 67
401 415
401 98
401 429
401 454
256 885
256 648
867 118
104 425
104 721
921 506
517 415
517 718
935 813
935 720
832 103
832 378
832 410
832 423
832 184
832 638
993 742
179 633
53 120
849 275
849 423
849 329
849 599
957 469
338 329
718 415
718 591
718 595
663 322
913 369
913 518
984 762
391 288
391 484
391 67
391 353
260 232
67 344
67 207
67 190
70 120
267 891
267 392
267 316
267 629
126 356
126 232
126 790
136 915
136 316
878 178
425 868
425 232
425 946
425 435
795 469
795 207
782 500
584 15
584 731
379 568
379 40
528 362
528 589
568 40
568 293
278 415
278 566
62 214
62 518
224 915
224 316
883 915
534 16
980 904
184 1004
184 710
167 469
167 915
692 415
188 469
280 293
290 566
704 844
157 415
157 926
160 915
160 629
86 443
86 662
472 232
472 912
472 334
181 274
316 351
316 915
316 17
316 349
316 971
316 31
316 543
316 302
316 2
316 838
316 92
316 142
316 344
316 200
164 943
196 75
196 120
196 629
301 469
15 680
15 731
609 334
609 239
609 120
6 506
851 415
851 469
851 915
362 40
337 479
337 322
337 135
764 994
433 987
322 505
891 414
644 14
101 246
101 423
439 266
232 648
232 949
232 946
208 537
566 120
566 98
189 491
784 742
784 835
784 390
216 319
862 178
75 334
75 118
75 135
75 542
443 742
443 662
443 915
731 915
731 284
731 92
198 40
198 120
712 40
127 595
909 135
458 319
947 40
506 14
506 29
835 742
241 469
151 214
371 135
103 423
427 329
654 783
956 319
356 648
356 868
356 912
356 334
356 214
812 700
934 372
934 595
306 742
306 790
31 915
647 915
658 92
687 742
687 414
687 500
687 334
687 214
687 415
170 855
288 484
288 773
288 630
288 629
249 333
421 469
595 1004
595 169
236 1004
236 537
710 599
465 119
435 633
92 915
630 484
246 423
987 329
987 994
987 809
971 915
880 538
946 90
318 41
915 662
915 17
915 349
915 543
915 302
915 450
915 142
915 135
915 344
915 200
135 870
135 942
135 72
662 450
662 214
662 40
633 72
633 120
742 415
996 418
450 415
450 40
450 329
450 802
187 40
60 40
591 415
353 190
685 629
790 648
790 721
415 334
415 783
415 429
415 223
415 542
942 936
646 542
207 35
207 469
700 629
700 119
120 454
120 629
214 912
868 912
912 648
35 469
975 397
454 429
359 178
648 743
783 13
783 738
40 802
