522 718
522 61
744 232
744 912
99 862
50 559
703 65
703 863
703 528
963 67
617 120
618 216
150 415
150 833
526 629
878 502
175 275
175 849
131 264
365 293
117 120
313 416
313 730
143 580
143 544
576 541
780 977
780 514
445 158
445 891
695 40
695 450
231 874
231 329
231 987
580 32
767 333
978 630
978 851
962 890
163 913
377 718
818 438
818 478
818 807
818 153
818 997
191 692
191 190
233 692
233 185
388 534
388 161
920 692
920 851
920 190
648 416
648 168
648 517
648 782
648 912
648 765
648 267
648 721
6 718
902 547
311 994
311 987
575 782
575 168
575 912
581 153
581 264
581 337
605 178
605 599
605 470
201 107
314 409
314 693
376 919
686 872
428 952
428 857
428 915
428 239
428 349
428 806
428 224
428 200
428 316
428 92
428 136
800 984
607 591
607 696
607 891
364 582
364 764
364 264
547 630
547 851
547 301
948 416
948 120
948 765
948 500
948 166
948 168
948 425
948 454
948 868
948 912
948 65
948 890
373 391
373 454
306 742
306 273
306 400
306 659
306 374
833 415
656 190
133 765
133 602
387 114
387 484
387 667
387 169
96 324
509 788
424 421
424 795
424 990
863 742
863 784
863 161
697 855
248 891
56 566
56 994
56 987
56 772
698 987
990 24
919 337
919 1000
919 601
264 632
264 597
264 329
264 361
264 462
264 692
264 245
264 28
264 789
264 995
264 994
264 135
91 120
91 178
881 810
173 506
485 542
243 718
5 107
5 491
951 147
951 214
951 171
846 67
1003 707
646 62
646 542
439 168
332 347
332 500
776 571
776 214
895 799
895 518
32 197
32 718
32 669
32 791
857 952
857 207
857 136
245 692
245 987
245 874
245 153
245 994
272 40
272 450
530 692
530 891
530 571
530 629
730 868
746 813
746 591
746 111
746 153
746 668
746 935
381 658
381 107
381 335
381 192
706 139
706 454
558 956
674 112
924 644
534 343
534 324
534 768
534 591
534 334
534 206
534 649
534 571
546 550
281 718
764 874
764 153
764 987
765 586
765 416
765 602
765 52
765 425
765 721
654 991
638 164
535 157
535 517
535 369
535 551
535 444
874 540
874 840
874 873
165 401
165 67
772 120
772 738
383 720
383 586
383 528
383 499
572 40
572 890
572 450
586 356
586 517
586 825
586 290
586 126
586 157
586 573
586 435
586 166
586 984
77 168
77 912
862 178
862 470
443 742
443 662
699 168
699 425
120 90
120 196
120 70
120 61
120 257
120 193
120 752
120 850
120 178
120 518
120 454
120 890
120 235
120 53
273 235
257 454
736 319
736 2
112 166
112 392
112 267
112 1000
249 189
249 433
399 950
399 106
24 31
24 891
24 507
24 629
540 994
540 153
540 873
540 987
502 718
502 178
502 470
114 718
670 553
304 441
168 356
168 416
168 260
168 74
168 949
168 126
168 790
168 425
168 177
168 472
168 868
168 266
168 912
168 890
527 710
974 984
811 415
326 241
147 416
147 196
147 454
843 718
171 347
952 915
952 349
952 136
952 92
952 200
107 643
107 980
582 987
88 950
88 906
88 106
977 832
977 996
977 153
977 514
977 418
250 854
918 758
950 514
338 994
338 987
416 356
416 946
416 743
416 790
416 885
416 425
416 868
416 629
416 803
416 912
416 166
416 30
416 104
324 38
324 460
324 239
969 718
923 14
923 692
923 629
806 782
806 224
806 316
193 633
752 454
401 415
401 98
401 429
401 454
563 158
861 934
104 425
921 14
517 356
517 157
517 472
517 751
517 267
517 478
517 684
517 542
935 813
935 571
935 668
832 184
754 718
321 499
849 275
849 987
361 987
587 624
718 866
718 122
718 293
718 883
718 915
718 980
718 16
718 724
718 595
718 189
718 410
718 777
718 716
718 732
480 506
480 987
758 723
758 41
758 503
758 956
758 844
236 537
663 813
663 571
663 337
185 742
185 570
984 74
984 126
984 267
391 750
391 484
391 67
391 288
391 158
260 790
876 866
67 344
67 207
885 571
885 2
70 334
70 65
70 890
83 855
126 700
126 435
126 790
277 157
277 571
588 153
48 216
48 956
795 421
795 207
266 912
528 609
528 178
890 506
890 912
890 749
890 403
568 40
568 947
568 450
278 290
62 571
955 987
224 142
224 349
659 742
731 422
731 680
731 571
518 542
68 987
288 750
392 803
589 909
692 742
692 414
692 910
692 229
692 851
692 153
692 591
782 347
782 425
782 912
782 435
628 82
628 371
407 369
157 356
157 684
157 472
157 542
160 571
160 629
823 513
472 347
472 912
472 946
28 987
316 915
316 214
316 351
196 40
196 429
196 454
196 850
15 680
15 422
873 987
229 293
229 629
851 241
851 915
851 469
813 571
813 720
82 371
433 994
433 987
433 738
891 414
891 75
891 995
891 629
644 506
910 687
910 329
910 571
910 591
61 742
61 991
870 571
870 371
814 500
425 356
425 912
425 946
566 318
73 503
73 723
73 41
189 410
784 742
784 161
784 390
565 41
216 458
216 956
716 866
75 334
840 987
712 466
251 506
251 987
1000 503
458 956
506 440
506 29
2 700
2 790
2 629
872 987
371 4
478 267
192 690
571 742
571 450
571 900
571 161
571 684
571 394
571 542
682 650
356 52
356 166
812 790
812 119
850 995
71 595
454 609
454 544
454 629
454 302
161 900
170 855
867 335
693 178
669 544
595 404
595 450
95 987
900 742
900 40
900 450
719 14
122 479
92 915
630 484
630 629
284 680
987 796
987 531
987 482
987 994
987 641
987 809
987 789
995 334
995 414
995 153
995 749
940 214
503 723
503 41
994 789
239 538
956 319
946 318
993 742
777 16
135 153
662 742
662 40
662 450
153 996
153 855
153 329
153 482
153 418
742 901
996 418
450 40
450 187
450 802
142 267
178 367
178 214
178 749
178 470
788 634
788 402
771 855
106 906
52 868
200 351
200 915
200 136
591 768
643 685
643 335
542 214
74 912
514 378
685 507
418 538
790 700
415 429
415 190
372 404
789 470
190 274
214 267
214 629
868 912
912 90
913 799
768 334
680 422
410 14
544 8
783 738
751 267
187 40
40 802
