383 868
464 980
804 850
196 220
598 472
517 782
517 718
541 850
541 650
737 107
813 746
257 776
178 107
175 107
175 335
433 540
433 738
365 118
197 850
871 628
891 414
985 107
668 746
601 264
576 850
742 400
742 659
742 306
702 14
702 850
702 924
996 850
996 924
996 418
313 648
111 782
814 500
670 107
166 743
168 949
199 850
199 924
745 850
58 909
963 67
233 692
720 746
899 107
208 107
607 107
113 535
910 170
107 1004
107 127
107 118
107 850
107 201
107 335
107 289
107 810
107 664
107 980
107 29
107 327
107 393
107 553
107 537
107 5
107 236
107 381
107 688
107 808
107 898
107 192
685 630
685 605
685 1001
369 646
418 105
62 646
62 800
266 949
1001 850
1001 924
250 886
314 980
646 513
947 774
506 14
506 850
506 924
16 1004
516 850
516 13
306 194
833 640
173 850
173 924
270 850
837 850
192 289
192 381
509 1004
921 850
682 850
682 924
650 850
650 761
624 540
624 329
356 868
550 746
841 746
214 135
214 746
531 482
987 809
881 850
850 719
850 783
850 14
850 657
850 738
850 924
850 13
850 327
850 654
850 644
850 761
850 828
850 979
485 823
687 746
663 638
984 762
260 762
838 629
439 949
332 500
644 924
236 537
532 381
220 278
14 924
746 692
746 935
90 135
61 135
628 135
738 654
