383 362
383 996
464 107
804 761
196 220
522 546
963 67
443 742
150 220
362 915
362 141
646 485
646 62
82 135
82 628
985 107
433 32
112 74
98 107
143 739
664 107
742 214
742 581
4 135
201 107
502 738
996 153
996 924
996 418
468 107
411 153
814 500
670 107
670 2
670 248
924 506
924 702
924 199
924 1001
924 850
924 14
924 173
924 644
168 949
199 644
808 107
517 718
517 602
75 660
75 220
229 523
712 942
74 674
74 392
74 166
74 803
416 602
416 500
107 537
107 29
107 320
107 553
107 118
107 5
107 898
107 381
107 335
107 980
107 810
685 605
685 1001
418 977
418 105
418 153
62 535
62 250
62 485
605 1001
250 886
250 444
250 485
250 722
250 542
854 485
810 881
506 173
506 644
13 516
364 248
444 535
516 335
923 865
923 270
55 404
371 135
478 267
602 356
602 765
602 126
58 909
546 550
542 765
356 743
170 135
775 329
248 696
214 535
214 551
912 949
913 535
332 500
133 126
126 782
870 135
334 135
743 704
746 135
581 135
674 765
692 135
921 738
628 135
721 765
738 654
