744 946
99 862
99 929
703 53
703 120
963 120
963 67
617 120
617 811
617 91
618 499
737 849
520 15
520 680
878 929
878 502
0 977
0 214
0 184
175 849
175 423
990 31
990 316
313 112
313 721
313 472
143 731
664 644
780 603
780 514
95 873
95 987
231 540
231 245
231 840
231 987
231 233
231 874
231 731
978 167
978 851
978 957
818 438
818 478
818 807
818 153
818 997
233 692
233 245
233 120
233 749
233 935
233 746
343 70
343 120
343 663
920 280
920 120
920 530
235 923
355 933
902 280
159 923
159 931
159 214
614 190
21 656
955 855
955 540
955 987
575 168
575 472
575 500
575 232
575 912
575 966
581 170
581 153
150 600
150 435
605 5
605 228
605 502
605 670
605 178
201 107
314 693
314 929
314 178
180 958
376 832
376 322
376 919
428 952
428 857
428 915
428 142
428 349
428 160
428 953
428 806
428 316
428 92
428 200
607 75
607 687
607 692
607 167
607 591
948 266
948 765
948 425
948 946
948 416
948 854
948 439
948 699
948 435
948 168
948 517
306 374
306 400
306 585
306 528
306 659
71 595
885 294
885 586
133 602
96 420
58 951
65 334
30 765
697 855
697 170
697 83
775 772
56 987
698 987
365 716
919 322
828 650
485 542
125 139
5 532
951 923
951 273
951 609
951 274
846 288
846 67
846 24
1003 268
1003 454
487 139
439 168
439 260
439 77
439 266
439 946
439 699
439 949
332 700
332 168
332 539
332 500
92 316
92 142
702 14
895 823
220 383
220 120
220 609
220 772
32 14
32 716
857 915
857 142
245 874
245 153
245 987
530 280
530 915
530 630
530 891
530 851
530 629
530 24
746 813
746 692
746 153
746 923
746 720
746 668
746 935
812 772
381 644
586 383
586 923
586 294
586 267
586 573
586 500
586 782
586 687
586 435
586 166
586 984
66 782
924 122
783 772
534 634
534 139
732 522
281 772
106 337
765 120
765 602
765 648
765 923
268 401
268 196
268 454
268 713
268 98
268 429
535 120
535 369
535 444
874 540
874 840
874 873
874 764
865 752
865 120
772 866
772 120
772 923
772 739
772 334
772 609
772 993
772 566
772 454
772 75
772 912
772 280
772 528
772 613
558 48
558 1000
997 90
997 609
997 193
522 546
443 53
443 662
443 229
443 193
443 450
699 168
699 266
699 912
699 946
559 420
819 662
819 890
736 540
585 324
573 435
112 267
112 517
249 506
249 178
216 321
216 48
24 629
540 692
540 264
540 329
540 338
540 840
540 987
540 153
540 749
540 624
502 120
502 228
502 178
502 528
323 322
323 139
322 832
322 603
322 139
322 474
670 643
166 126
166 500
168 260
168 77
168 232
168 425
168 472
168 500
168 266
168 912
168 984
527 870
527 710
707 680
707 923
707 880
707 609
907 120
101 423
147 157
147 277
147 577
843 127
952 316
476 923
582 987
398 712
977 1004
977 996
977 153
977 514
977 418
388 70
388 120
38 832
939 139
918 758
950 514
338 987
338 193
338 624
19 16
404 595
416 425
416 648
324 239
923 356
923 591
923 120
923 915
923 334
923 214
923 633
923 687
923 506
923 90
923 239
923 367
923 880
923 609
923 39
923 193
923 472
923 500
923 890
923 875
923 53
953 316
139 676
139 510
139 622
139 601
139 206
139 477
139 64
139 154
808 899
808 29
193 53
752 692
752 178
752 595
774 947
401 454
401 196
563 731
256 721
935 813
935 571
935 720
935 749
814 500
341 915
832 514
759 984
796 987
754 120
53 609
53 890
849 275
849 987
849 423
361 987
764 153
764 987
718 120
718 980
718 595
718 716
480 987
758 41
758 503
758 956
758 704
758 844
185 762
391 288
391 67
391 353
260 912
876 2
67 344
67 207
67 656
67 165
70 120
267 142
126 52
588 153
425 356
425 120
425 232
425 912
425 946
425 790
795 421
795 851
782 2
528 367
890 609
696 367
696 731
278 214
62 646
311 987
422 731
288 610
288 484
288 750
288 629
441 371
980 236
589 290
692 749
692 153
280 915
280 891
280 851
290 367
704 503
704 41
704 499
157 577
157 590
160 891
160 507
8 731
472 356
472 232
472 912
472 946
28 987
822 603
153 996
153 855
153 329
153 482
153 995
153 135
153 418
316 120
316 299
316 915
316 349
521 912
15 680
873 987
229 374
851 469
337 603
813 720
813 400
433 987
891 414
891 445
891 75
891 995
644 506
644 14
668 720
870 731
232 912
77 266
77 912
73 499
73 41
73 1000
189 1004
716 866
840 987
6 120
844 48
815 410
127 777
127 595
127 120
731 797
731 680
731 739
251 987
1001 514
1000 319
1000 723
1000 41
1000 503
1000 458
1000 48
2 790
458 48
458 684
947 187
835 662
872 987
735 603
956 48
356 946
356 721
471 190
367 940
367 214
367 720
850 120
335 107
335 440
687 500
25 48
170 855
103 423
693 214
693 178
656 190
569 178
421 424
761 738
109 913
109 721
72 214
630 469
630 484
246 423
284 680
823 542
503 41
994 987
509 603
537 440
239 609
29 899
724 1004
946 266
603 378
603 505
603 514
863 790
777 16
915 450
915 739
915 200
915 142
440 107
662 214
299 629
633 609
602 721
763 48
742 120
996 418
450 187
142 136
142 200
178 120
178 482
178 470
646 542
723 48
723 41
52 868
68 987
643 657
514 378
274 120
482 987
790 516
415 190
207 469
516 13
789 987
684 48
542 120
120 190
120 107
120 987
120 454
120 629
120 226
41 48
214 334
214 609
214 500
214 912
531 987
987 641
987 809
912 266
48 319
609 90
609 454
454 429
648 721
334 90
334 500
743 721
