522 184
744 912
963 67
617 609
541 996
541 516
150 471
971 428
971 316
971 200
854 517
854 502
854 518
0 236
0 184
175 246
175 5
175 423
365 457
365 718
365 184
313 168
143 580
966 168
780 977
780 832
445 891
695 450
231 874
767 333
767 184
978 167
978 35
978 547
978 188
978 301
978 614
978 421
978 988
978 851
978 957
978 954
978 469
978 512
978 424
978 795
978 817
978 207
978 891
978 141
978 552
978 629
647 428
647 316
810 107
377 718
377 101
974 74
974 166
233 214
233 692
233 550
343 879
343 950
343 663
343 159
920 629
920 185
920 851
648 721
235 609
53 120
53 609
437 516
159 609
615 184
311 697
581 936
581 135
879 388
879 322
879 740
324 534
324 586
201 107
314 333
526 160
526 280
526 360
526 629
428 351
428 952
428 915
428 92
428 224
428 349
428 31
428 990
428 122
428 543
428 302
428 136
428 165
428 838
428 953
428 142
428 189
428 857
428 316
428 200
945 516
800 62
800 500
607 696
607 184
547 469
547 424
547 851
948 416
948 120
948 2
948 168
948 674
948 946
948 392
948 260
948 890
151 278
151 253
373 391
373 344
373 207
373 190
306 784
306 659
71 595
656 2
656 190
900 450
96 420
58 909
58 338
424 469
424 207
424 990
30 790
697 540
697 170
697 855
697 925
697 293
790 168
790 2
790 119
790 680
790 595
248 229
248 185
248 746
990 31
990 207
990 316
990 178
888 316
540 692
540 278
540 855
540 955
540 329
540 873
540 338
540 427
540 840
540 736
540 874
540 994
540 624
91 415
91 609
91 499
881 516
828 516
173 516
485 513
485 267
125 676
5 107
951 742
951 707
951 789
951 367
951 609
951 715
951 706
951 926
1004 977
1004 184
752 220
752 374
439 266
439 168
332 126
332 500
702 644
702 924
702 516
220 75
220 185
32 197
32 214
32 184
336 926
857 915
857 316
857 142
857 200
884 184
245 874
272 450
530 629
817 469
746 742
746 813
746 692
746 591
746 923
746 720
746 668
746 935
586 383
586 38
586 915
586 61
586 77
586 517
586 609
586 595
586 126
586 267
586 197
586 294
586 782
586 416
586 435
586 326
674 517
66 782
66 227
42 90
924 14
924 516
783 516
921 516
908 104
281 718
281 293
701 184
48 41
48 1000
937 628
765 383
765 517
765 704
765 868
654 991
654 516
268 946
535 214
535 250
874 840
874 873
874 764
165 31
165 401
165 344
165 67
165 92
165 316
772 75
772 687
772 120
772 609
305 946
383 887
383 589
572 450
558 207
814 500
294 232
294 743
294 74
294 166
622 676
559 634
559 420
585 371
693 228
693 605
693 178
532 516
41 73
41 565
41 723
41 1000
4 633
4 304
4 371
503 1000
503 704
502 696
502 185
502 61
502 517
502 118
502 214
502 718
502 629
502 178
137 936
114 189
114 275
322 2
426 184
670 185
577 239
577 926
304 441
168 260
168 946
168 77
168 232
168 949
168 425
168 472
168 912
168 266
168 435
527 710
707 923
707 633
707 120
707 680
707 880
707 609
707 98
707 193
811 415
907 184
907 883
279 184
254 450
171 367
952 316
933 347
422 680
422 15
422 731
716 718
977 189
977 423
977 950
977 514
977 184
388 184
551 62
250 886
250 518
950 663
543 302
543 316
543 200
404 595
416 425
416 435
416 629
605 228
605 178
605 333
969 184
923 516
923 197
923 546
923 609
953 316
954 207
954 469
954 851
193 609
846 288
846 67
846 629
401 415
401 98
401 429
401 454
576 516
837 516
104 721
732 184
517 742
517 356
517 61
517 157
517 602
517 565
517 166
517 542
935 720
748 700
134 609
754 718
754 184
321 499
843 184
198 120
939 474
718 866
718 696
718 61
718 724
718 246
718 595
718 184
718 189
718 904
718 711
718 101
718 779
480 482
936 135
984 762
391 288
391 484
391 353
67 344
67 207
160 658
160 629
614 469
715 926
126 782
644 506
644 14
644 1001
644 516
425 912
425 2
425 946
185 415
185 915
185 334
185 762
185 684
379 568
890 609
568 450
696 742
696 692
696 16
696 229
696 189
696 595
696 410
696 534
696 687
696 891
696 334
369 913
955 427
224 316
318 499
293 149
293 246
293 724
310 943
804 418
534 214
980 464
451 469
184 711
184 38
184 407
184 999
184 505
184 862
184 246
184 883
184 82
184 333
184 708
184 16
184 724
184 538
184 157
184 189
184 410
184 710
184 393
184 225
184 296
407 779
407 225
407 883
280 142
280 629
762 435
290 687
157 891
203 390
8 214
8 544
86 152
957 469
28 987
181 190
1000 73
1000 723
70 90
196 120
196 850
301 469
229 374
851 915
851 629
650 516
197 609
891 90
891 353
891 414
891 740
891 629
891 24
546 415
101 724
101 246
61 991
61 135
232 912
77 912
315 658
189 506
189 249
784 390
862 909
862 178
75 334
840 2
592 789
592 609
795 421
795 469
795 207
561 629
38 410
38 90
127 29
149 372
731 29
731 629
266 912
1001 685
1001 516
613 90
14 516
947 450
506 516
2 700
2 163
360 629
241 469
374 400
371 135
427 329
270 516
956 499
624 329
499 672
499 684
499 833
812 700
812 687
934 195
587 609
31 316
850 516
850 833
850 454
833 415
833 987
833 720
833 609
454 429
454 98
454 609
454 120
658 629
288 484
288 773
288 630
288 629
569 29
421 469
761 516
24 629
435 74
109 913
719 516
400 390
92 316
630 167
630 392
630 629
246 423
246 724
926 565
199 516
987 29
940 214
239 609
29 107
29 720
946 633
946 90
537 440
832 299
832 319
832 638
484 629
135 942
135 915
135 450
164 420
662 450
633 609
633 153
349 316
98 429
750 629
996 516
996 418
996 738
450 90
450 187
450 802
142 915
142 267
142 316
142 200
745 516
682 516
367 214
367 316
200 915
200 136
200 316
351 316
591 638
113 646
113 62
74 166
685 629
649 638
62 646
62 163
415 429
415 316
90 40
90 334
90 609
302 316
516 657
516 13
516 327
516 738
516 979
638 334
120 190
120 609
188 469
190 353
190 274
190 629
17 316
214 334
214 609
531 482
167 469
912 472
136 915
136 316
35 469
915 316
915 629
629 316
207 469
344 316
