744 356
744 168
744 472
99 862
99 178
703 581
963 67
617 923
617 147
617 332
617 233
541 506
541 924
541 738
526 280
526 629
854 518
854 113
0 569
0 605
175 849
175 5
990 31
990 280
990 207
313 356
313 602
313 730
313 472
143 376
576 506
576 738
780 514
236 1004
231 874
231 245
231 987
231 338
767 605
767 178
978 167
978 188
978 301
978 614
978 817
978 851
978 957
978 141
978 387
978 207
978 90
978 629
978 35
978 547
978 421
978 988
978 954
978 469
978 512
978 795
978 552
978 424
962 190
372 149
377 866
377 630
15 422
15 680
15 731
974 867
974 435
233 692
233 278
233 923
233 935
233 746
343 310
343 399
343 950
343 534
343 329
343 663
343 749
920 280
235 923
902 280
902 629
902 24
159 923
614 53
955 540
955 925
955 311
955 987
575 949
581 135
879 223
605 228
605 862
605 6
605 470
605 314
605 333
605 693
605 178
605 249
605 502
605 569
605 409
605 599
605 538
605 78
605 789
605 1001
605 976
605 685
605 710
314 693
314 277
314 710
180 958
376 189
376 139
376 731
686 147
428 31
428 207
428 915
428 857
428 302
428 316
547 280
948 168
948 425
948 90
948 472
948 868
948 912
948 367
948 416
151 923
151 253
373 391
373 344
373 207
141 280
141 951
833 720
833 178
833 185
656 280
656 181
656 239
656 190
133 602
900 40
900 120
900 272
96 420
96 638
523 863
509 299
509 1004
65 56
65 280
65 528
65 772
30 868
853 906
697 855
697 170
697 925
697 293
889 885
770 362
248 891
56 540
56 772
56 987
56 482
698 987
514 950
881 850
881 516
292 90
292 135
828 738
173 924
173 738
485 513
485 62
951 273
951 923
951 214
951 939
951 225
752 850
439 912
332 168
332 250
332 586
332 782
332 435
776 334
776 367
702 924
895 823
895 163
895 799
220 609
552 858
32 280
336 926
857 915
857 316
857 838
857 17
245 874
245 987
113 163
530 891
530 280
530 629
983 214
730 356
730 472
730 868
746 813
746 687
746 334
746 720
746 935
558 216
558 458
558 956
674 166
166 392
166 435
166 586
908 721
764 874
764 987
765 168
765 602
765 648
765 52
638 70
638 906
638 790
535 367
535 518
874 540
874 840
874 925
874 873
165 31
165 401
165 344
165 316
772 923
383 321
383 528
383 362
572 40
572 802
586 74
586 573
586 294
586 912
586 984
402 943
77 912
77 168
517 813
517 267
443 742
443 662
443 86
443 152
443 550
443 161
559 420
819 329
585 954
249 569
249 178
216 458
216 956
601 139
24 414
24 280
24 629
24 891
422 680
422 280
422 731
422 284
540 278
540 987
540 433
540 28
540 873
540 338
502 591
502 718
502 710
502 228
502 367
502 693
502 178
502 599
114 275
925 849
925 987
577 458
924 506
924 1001
924 996
924 516
924 14
924 682
924 199
924 644
168 356
168 260
168 90
168 74
168 232
168 762
168 949
168 923
168 425
168 472
168 868
168 266
168 912
707 923
811 415
78 832
78 130
78 178
147 334
147 278
147 471
147 75
147 715
565 723
565 684
952 915
952 200
476 923
107 1004
107 553
107 464
107 178
582 987
716 718
716 362
388 70
388 120
551 823
918 684
918 704
950 663
587 947
416 435
416 52
272 662
272 450
324 70
324 534
923 591
923 120
923 278
923 367
923 214
923 39
923 687
923 90
923 239
923 880
923 609
923 633
923 193
923 875
923 135
923 53
923 890
953 280
846 288
846 629
774 947
401 415
401 98
401 429
401 454
256 356
256 104
409 178
837 738
104 294
732 163
935 813
935 692
935 720
935 668
759 126
423 101
423 246
423 90
321 458
321 684
228 178
53 798
53 629
849 338
849 987
849 329
361 987
48 1000
48 458
48 844
48 704
48 684
718 61
718 724
718 595
718 711
480 987
493 629
984 912
984 762
984 74
391 288
391 610
885 126
160 891
160 838
160 629
267 478
267 891
267 648
267 751
715 926
126 356
126 648
126 294
644 506
425 472
425 868
425 232
425 912
425 949
795 207
379 568
379 662
631 280
631 629
528 980
528 531
568 662
696 891
278 629
278 566
311 987
293 229
293 280
293 862
518 367
518 683
288 610
288 773
288 484
288 629
441 371
392 316
184 883
692 910
692 749
188 90
188 280
668 813
668 720
280 561
280 915
280 301
280 142
280 647
280 629
280 35
280 360
280 241
280 421
280 469
280 851
290 214
704 844
704 684
704 458
704 503
704 25
704 743
70 38
70 90
70 534
70 120
823 542
472 356
472 347
472 232
28 987
181 353
316 351
316 915
316 214
316 142
316 185
671 397
873 840
873 987
851 90
813 720
433 987
891 414
891 360
891 353
891 750
891 630
891 629
101 246
910 591
910 329
713 239
61 334
61 991
61 550
724 246
724 883
199 506
199 738
784 901
784 390
784 306
397 975
561 629
38 534
712 40
844 25
844 499
844 684
127 595
731 658
731 284
251 987
1001 506
1001 685
1000 458
458 319
458 956
947 725
947 450
506 719
506 996
506 738
506 14
506 289
360 629
872 987
374 400
371 135
356 648
356 294
356 743
356 602
356 868
499 684
499 25
367 940
850 516
71 595
658 629
103 943
943 164
838 629
264 40
569 470
95 987
710 178
761 516
435 500
719 738
4 135
4 304
630 484
630 207
630 685
630 629
338 987
987 796
987 531
987 482
987 994
987 641
987 809
987 840
987 789
987 68
994 863
239 214
239 144
682 738
599 178
484 207
484 629
318 684
915 185
135 870
135 942
135 82
135 628
624 329
662 187
679 684
602 721
602 743
333 178
98 429
742 120
750 629
996 738
996 418
450 802
749 90
745 738
52 912
52 868
200 344
74 912
685 629
418 105
62 646
62 542
415 429
223 90
646 90
646 163
207 35
163 799
700 13
700 790
516 790
789 470
429 454
650 738
120 40
120 454
190 274
214 500
214 912
214 334
470 178
868 790
868 912
912 949
912 266
738 13
738 783
680 790
538 178
359 178
482 178
178 90
178 976
