99 0
997 607
997 214
814 500
862 0
862 293
862 178
443 742
541 719
541 924
851 61
646 62
602 743
0 228
0 929
0 6
0 78
0 470
0 314
0 249
0 333
0 693
0 178
0 605
0 502
0 409
0 599
0 538
0 710
0 767
0 519
0 976
0 991
570 765
433 540
433 994
433 987
365 118
891 414
891 24
891 629
891 530
532 13
532 381
532 516
841 935
576 506
742 568
742 83
742 784
742 159
742 61
742 214
742 306
742 659
687 414
502 61
61 356
61 718
61 517
232 765
522 75
522 546
522 746
231 2
166 762
199 506
199 644
52 126
52 868
644 702
644 924
899 335
220 833
208 236
208 783
643 685
950 663
107 192
107 718
107 553
685 605
685 1001
685 898
369 535
369 913
790 648
977 153
942 135
364 506
364 248
1001 605
250 886
854 485
947 774
506 173
506 775
506 248
506 657
416 949
416 126
416 868
516 783
889 868
924 14
837 738
546 550
546 803
517 803
542 765
542 62
356 743
356 868
868 648
868 126
868 765
868 730
868 984
289 810
881 810
335 898
335 118
912 648
912 949
161 771
5 277
984 762
67 963
617 776
332 500
126 500
126 782
126 762
14 381
14 796
836 153
528 765
648 946
418 105
418 996
586 762
746 414
628 135
721 765
