99 0
99 929
703 159
963 67
617 923
617 415
150 415
526 561
526 267
526 629
0 228
0 929
0 862
0 6
0 78
0 470
0 732
0 314
0 249
0 333
0 693
0 178
0 605
0 502
0 409
0 599
0 538
0 710
0 767
0 519
0 976
0 991
175 582
175 101
990 428
990 316
313 356
313 416
313 52
313 294
313 885
313 256
313 472
313 112
313 912
313 166
313 30
313 74
966 168
445 288
445 629
231 874
231 987
231 264
767 929
767 314
978 167
978 35
978 547
978 188
978 301
978 614
978 421
978 988
978 954
978 957
978 851
978 469
978 512
978 424
978 795
978 817
978 207
978 141
978 552
377 977
377 189
377 410
388 534
388 832
388 184
159 742
159 214
159 62
614 469
614 193
311 987
737 440
879 69
879 735
605 693
605 502
605 569
605 862
605 293
605 599
605 470
605 538
605 710
605 314
605 228
605 333
605 249
605 178
201 184
194 951
314 929
314 333
314 228
314 599
376 601
971 316
428 31
428 857
428 915
428 316
607 334
607 184
364 329
547 167
547 469
547 851
948 416
948 120
948 168
948 517
948 803
948 267
948 126
948 674
948 751
948 112
948 75
948 912
948 392
948 890
373 190
141 241
141 630
141 188
833 415
656 239
656 190
900 687
900 662
509 939
424 31
424 469
30 743
697 855
889 868
248 49
248 415
479 716
68 724
68 987
365 184
514 977
808 29
881 810
243 61
5 107
5 335
951 540
951 13
951 707
951 239
951 78
951 663
951 273
951 706
1004 184
846 561
846 288
846 629
439 168
332 782
332 425
332 500
32 184
32 791
857 120
857 915
857 687
857 316
857 200
884 184
245 540
245 874
245 987
245 264
462 415
530 484
530 687
530 630
530 891
530 629
530 24
817 469
730 425
746 813
746 692
746 90
746 534
746 720
746 214
746 935
381 107
586 912
586 425
586 294
674 166
674 61
924 14
924 516
534 334
534 851
61 718
61 522
61 334
61 851
701 184
764 874
764 987
765 425
765 946
765 721
765 868
654 837
535 2
874 540
874 840
874 873
165 31
165 401
165 344
165 67
165 160
165 316
772 923
558 956
558 48
522 184
517 415
517 718
517 425
443 742
443 602
443 662
443 86
443 214
443 743
748 347
819 329
471 752
112 700
112 52
112 232
112 224
112 126
836 540
216 956
216 48
24 891
24 629
540 994
540 987
540 433
540 849
540 955
866 101
502 687
502 178
114 275
925 955
925 987
740 832
670 415
670 107
166 416
166 759
166 74
166 803
166 392
168 416
168 425
168 472
168 266
168 912
168 984
168 949
168 790
432 987
587 415
587 56
587 326
58 909
907 184
78 929
147 75
147 416
147 347
147 752
147 577
279 184
171 347
171 590
952 316
952 200
933 347
933 577
107 415
107 553
107 118
107 335
107 464
582 994
582 987
716 149
716 101
977 480
977 950
977 184
977 693
977 418
977 153
416 256
416 912
416 868
416 949
324 70
337 505
969 184
923 415
923 120
923 278
923 912
923 687
923 890
923 214
923 528
953 316
954 207
954 469
193 714
193 850
193 987
752 70
774 947
401 429
401 454
256 294
724 718
724 29
724 184
724 181
724 101
724 293
724 883
104 425
732 184
935 870
935 813
935 720
935 214
832 103
832 38
894 630
134 592
754 184
321 565
843 184
849 101
849 994
849 987
849 433
361 987
957 207
957 469
338 987
338 624
718 157
718 595
718 184
718 883
718 334
718 415
718 731
718 851
480 987
758 956
758 723
758 41
493 288
493 630
493 629
493 750
984 782
984 294
984 126
391 288
391 629
391 67
876 101
67 344
885 294
267 912
83 784
126 294
126 790
644 506
644 783
644 738
644 264
41 73
41 723
425 356
425 602
425 232
795 469
782 700
782 294
782 500
631 629
890 465
890 629
278 415
278 214
62 120
62 250
62 823
955 427
955 987
955 773
224 349
883 101
883 184
310 46
288 484
288 773
288 561
288 630
288 629
441 700
184 711
184 38
184 999
184 505
184 862
184 246
184 82
184 333
184 708
184 101
184 16
184 259
184 615
184 426
184 538
184 157
184 189
184 410
184 710
184 393
184 225
184 296
167 469
167 851
692 415
692 334
692 329
628 135
251 987
280 687
280 178
280 629
762 294
290 214
157 415
160 687
160 629
823 687
823 120
472 232
472 912
28 987
181 190
779 101
316 915
316 838
316 17
316 543
316 142
316 92
316 31
316 344
316 349
316 302
316 136
316 200
301 469
15 422
15 731
609 592
6 334
851 415
851 742
362 512
362 74
362 803
715 347
813 720
433 994
433 987
101 275
101 996
101 56
101 685
101 149
101 246
101 16
101 710
101 423
101 127
101 225
101 897
891 629
668 720
590 347
232 74
232 52
232 912
232 946
73 723
73 672
189 687
189 178
862 687
862 178
840 987
285 577
592 454
561 629
712 450
127 415
127 334
731 680
731 422
266 912
1001 90
458 48
458 577
506 192
2 790
2 638
360 629
241 469
872 987
872 599
956 700
956 684
956 672
956 48
356 912
550 812
499 465
934 595
306 334
850 90
577 255
577 931
577 926
658 629
687 742
687 200
687 120
687 915
687 334
687 214
687 178
687 415
687 542
687 629
687 188
25 48
693 178
264 329
421 469
595 415
595 239
595 450
595 790
532 576
95 987
710 929
465 629
719 14
630 629
630 773
369 250
987 531
987 994
987 641
987 809
987 482
987 56
987 873
987 698
987 789
940 90
491 29
409 178
946 672
599 929
484 629
976 178
976 349
135 742
804 516
662 466
294 790
294 74
294 447
602 743
319 48
742 415
742 90
742 214
742 334
750 700
750 629
450 415
788 634
634 638
187 60
52 868
52 912
720 90
720 214
200 188
200 136
591 415
353 190
685 629
415 783
415 223
415 334
415 542
854 542
700 404
700 638
190 274
105 418
214 334
214 912
214 178
704 743
912 949
35 207
35 469
410 14
915 178
178 188
207 469
188 469
