744 356
99 249
99 178
99 929
963 67
617 811
617 151
541 837
541 719
541 506
541 738
150 147
971 316
878 502
878 929
878 78
0 249
175 423
175 5
175 29
990 31
990 224
990 316
990 424
313 356
313 598
313 721
313 912
576 506
445 24
695 450
231 540
231 245
231 987
231 874
231 749
231 338
580 32
767 333
767 249
677 782
163 895
163 518
377 685
377 101
15 680
15 731
191 415
493 484
493 207
493 629
233 278
343 38
343 310
343 853
343 534
343 950
343 399
343 663
920 656
920 851
920 530
6 249
6 178
355 577
902 280
190 656
21 782
955 427
955 540
955 925
955 987
575 168
575 949
581 135
737 440
324 951
314 13
314 249
314 929
376 189
686 147
686 577
428 316
428 543
800 62
607 591
607 334
607 1003
607 243
607 696
364 641
948 923
948 425
948 90
948 472
948 168
948 674
948 517
948 332
948 267
151 923
151 687
151 278
151 890
373 344
373 207
306 696
71 595
656 486
656 353
656 67
656 782
656 274
656 181
656 838
900 742
309 832
523 863
58 483
424 207
424 795
863 784
697 540
697 83
697 771
697 855
697 925
697 311
697 293
248 550
56 987
68 987
386 319
951 506
951 273
951 214
277 157
277 577
668 746
332 759
332 472
332 294
332 803
332 539
332 854
332 425
332 250
332 586
332 500
332 782
332 844
702 14
895 823
895 551
895 518
32 534
32 791
336 577
336 926
857 17
857 915
857 316
857 136
149 718
149 423
149 716
245 540
245 874
245 987
245 338
530 280
530 658
530 915
530 160
530 288
530 891
530 851
530 685
530 629
530 526
746 813
746 720
746 935
381 532
381 29
586 383
586 915
586 61
586 923
586 294
586 126
586 334
586 500
586 782
586 687
586 435
586 166
586 984
924 14
924 850
924 516
783 654
783 738
590 577
764 994
764 874
764 840
764 987
765 52
654 738
535 518
874 540
874 840
874 873
874 849
865 65
823 518
383 720
383 362
572 40
572 450
558 458
558 216
558 207
558 1000
558 48
402 106
77 266
77 168
77 790
77 912
294 759
294 74
294 256
443 742
443 152
906 106
533 784
832 319
832 423
832 638
249 228
249 929
249 862
249 78
249 470
249 333
249 693
249 178
249 605
249 502
249 409
249 599
249 538
249 710
249 519
249 976
249 991
717 782
41 458
41 48
4 135
502 605
502 178
502 78
393 236
166 984
166 74
166 500
168 356
168 90
168 472
168 923
168 949
168 790
168 425
168 126
168 52
168 266
168 912
527 870
811 415
147 416
147 577
147 454
147 715
147 926
843 407
171 577
171 926
952 316
929 599
107 810
582 987
716 423
88 106
977 423
551 799
250 886
338 540
338 873
338 849
338 987
239 577
416 425
416 790
416 912
605 228
605 685
605 693
605 178
605 599
923 356
923 90
923 500
923 334
923 450
923 214
953 316
904 718
954 207
846 288
846 629
401 415
401 429
256 721
256 74
724 687
724 718
724 246
724 1004
837 738
104 425
104 721
546 415
546 53
546 715
546 61
517 803
347 577
748 577
748 926
423 866
423 369
423 246
423 849
423 101
754 883
321 216
321 499
228 178
53 290
53 425
53 435
53 518
849 987
361 987
106 634
93 192
718 591
718 980
718 122
718 223
480 987
289 506
289 810
185 122
185 833
984 782
984 762
984 74
391 288
67 165
67 344
881 90
881 778
1002 319
267 891
267 435
715 577
715 926
126 356
644 506
644 1001
644 996
48 319
48 723
48 1000
48 216
48 458
48 956
48 25
795 421
795 207
631 629
528 566
696 422
696 687
696 692
62 214
311 987
965 450
293 862
518 415
518 854
518 913
518 214
518 799
288 610
288 773
288 630
288 484
288 629
392 316
683 499
167 469
692 334
692 135
165 31
165 344
165 207
165 316
251 987
280 851
280 629
704 684
160 629
160 838
472 356
472 425
472 868
472 232
28 987
181 274
316 351
316 543
316 214
316 142
316 31
316 302
316 136
316 200
70 415
70 334
196 468
671 975
609 90
609 362
229 415
229 421
229 777
851 915
813 400
82 784
433 987
891 414
891 629
101 246
713 367
61 122
870 784
870 135
232 356
425 356
425 120
425 946
425 633
425 912
199 506
199 996
784 83
784 170
784 855
784 390
216 458
862 178
775 483
285 577
561 629
712 40
712 214
712 450
844 684
127 415
127 178
731 680
731 422
782 2
782 466
782 838
782 405
782 507
782 790
782 3
782 435
1000 458
458 319
458 723
458 956
458 25
947 450
506 996
506 14
506 173
2 700
2 466
2 790
2 405
360 629
872 987
371 135
526 629
956 319
356 90
356 721
356 602
356 912
367 940
31 214
850 14
850 682
850 996
850 90
833 415
577 926
577 129
577 933
658 507
658 629
687 500
838 484
838 629
95 987
24 629
435 500
109 721
118 178
540 987
540 855
540 873
630 484
630 629
926 129
987 796
987 873
987 531
987 482
987 994
987 641
987 809
987 840
987 698
987 789
19 16
29 899
65 135
484 629
777 16
135 415
135 292
135 942
565 684
602 721
742 120
742 214
750 629
450 187
450 802
749 178
788 634
52 868
470 178
74 90
74 214
685 629
507 629
649 638
482 531
169 688
415 178
415 429
90 214
90 178
302 543
454 429
214 500
912 949
35 207
680 422
274 469
334 500
743 721
207 469
