99 862
99 178
99 929
70 388
70 214
70 601
70 65
703 135
873 633
873 874
617 923
617 416
685 643
685 629
851 167
851 696
851 387
851 530
851 428
851 920
851 978
971 543
646 62
0 732
0 178
904 718
990 31
990 165
990 207
990 482
891 629
891 24
231 874
231 245
61 718
232 425
767 178
522 550
978 167
978 35
978 188
978 141
377 718
189 718
784 769
191 416
233 245
343 310
410 696
920 142
920 530
920 274
920 428
920 630
229 696
561 629
6 178
159 239
127 923
127 281
127 214
127 595
807 134
369 535
369 913
581 765
581 135
150 416
16 718
1001 950
1001 532
314 178
314 929
117 98
428 696
428 915
428 530
800 62
607 696
697 135
360 629
373 391
833 416
885 912
885 984
523 765
956 499
356 425
866 951
248 696
812 790
365 718
540 874
540 245
91 416
257 416
454 416
454 98
112 425
112 267
658 629
687 696
951 707
951 239
951 416
951 214
951 225
752 416
693 178
264 245
569 178
439 168
332 126
50 559
532 804
710 178
761 804
32 718
336 926
24 629
435 586
435 500
245 764
245 874
245 329
245 624
113 337
530 629
530 135
630 288
630 629
730 425
746 720
746 935
381 643
586 157
586 383
586 912
586 135
586 984
940 214
926 715
239 713
239 214
409 178
281 718
764 874
599 178
765 742
765 936
484 288
484 391
268 98
535 913
874 840
874 925
135 742
135 594
135 170
135 157
135 942
135 834
135 542
518 551
662 443
814 500
862 178
862 832
275 327
819 329
633 416
773 288
288 846
288 391
288 629
333 178
98 713
98 401
98 278
98 707
98 134
98 107
98 429
249 178
772 75
750 629
324 591
502 178
526 629
114 718
142 915
168 984
168 912
707 680
707 416
707 923
707 609
78 178
843 718
200 952
929 178
716 718
482 531
551 250
90 416
470 178
700 790
416 120
416 134
416 214
416 185
416 1003
416 880
416 126
416 425
416 235
416 890
605 178
75 120
75 334
923 278
923 334
923 235
553 688
846 629
724 718
789 179
104 936
104 425
120 53
762 984
228 178
214 425
718 696
912 74
912 984
493 629
74 984
160 629
126 790
538 178
425 472
782 500
631 629
696 692
696 915
696 157
696 534
696 334
178 339
178 976
629 280
