99 207
196 120
15 680
15 584
15 471
609 940
609 707
609 471
541 783
150 147
150 850
362 383
362 586
337 505
813 668
813 746
0 951
175 275
175 849
175 5
175 335
990 207
891 445
891 248
891 353
891 530
143 669
668 746
926 347
926 577
926 129
926 147
926 715
926 336
926 748
926 565
910 923
910 692
910 231
910 75
910 334
910 329
231 540
231 955
61 718
61 243
672 844
428 316
814 500
978 851
962 70
962 416
962 850
962 514
962 987
132 388
299 388
189 181
784 742
103 950
191 692
191 53
517 742
517 591
517 915
517 450
517 530
517 731
517 851
517 267
517 112
517 687
517 920
517 135
343 310
920 181
920 353
862 909
198 120
844 758
844 499
614 290
762 984
807 951
369 535
369 913
311 925
293 697
581 135
851 167
851 547
909 58
324 70
1001 702
1001 850
314 693
314 929
314 599
2 700
2 812
2 867
2 790
2 528
88 950
88 906
88 46
458 48
458 499
947 774
800 62
506 381
506 192
506 783
506 29
506 14
547 383
151 278
373 344
178 693
178 605
737 107
306 720
306 659
833 415
833 720
371 135
478 267
900 193
900 450
74 294
192 381
192 335
611 921
624 193
356 168
356 648
356 730
356 912
697 855
697 170
697 925
697 873
499 758
499 558
56 482
812 700
812 465
812 790
812 119
84 323
289 335
141 167
31 165
850 415
335 201
335 1004
335 464
335 29
335 553
335 118
335 670
335 790
335 537
335 898
335 688
335 980
335 5
335 899
333 605
333 929
687 746
687 500
751 267
5 532
951 540
951 239
951 500
951 214
951 323
951 772
846 288
838 112
264 738
447 586
439 912
439 168
332 500
332 435
332 318
776 502
595 404
595 696
595 169
171 715
761 804
435 586
435 500
149 112
245 540
630 469
630 629
246 101
246 423
730 912
743 648
743 166
381 643
940 53
746 591
746 692
746 586
746 500
746 665
746 720
746 935
994 718
464 107
29 532
724 181
880 923
880 538
946 425
91 774
91 716
937 585
765 104
654 738
509 638
165 626
165 344
165 207
915 142
915 586
135 870
135 586
135 628
772 334
772 120
164 420
383 586
383 589
804 532
662 86
586 294
586 267
586 500
586 854
586 166
1004 977
294 416
294 168
443 86
275 114
142 267
556 416
633 923
633 334
832 38
471 840
471 518
98 107
532 236
532 516
742 334
742 214
540 774
540 582
450 334
925 955
304 4
168 260
168 472
168 912
52 648
52 126
101 423
147 720
147 277
843 907
929 599
107 90
685 605
418 977
418 153
790 700
790 126
75 53
250 854
854 518
854 542
200 952
416 518
923 278
193 334
752 120
166 759
104 425
542 500
120 70
105 582
53 518
214 912
480 482
423 977
136 316
11 316
278 334
648 267
334 692
783 738
589 290
692 738
