599 333
275 849
703 120
288 629
248 591
248 692
535 927
535 444
535 250
720 135
720 870
720 456
923 633
923 609
923 134
229 106
251 671
169 372
605 333
329 624
329 832
38 388
516 761
304 456
802 662
450 40
450 712
450 695
450 609
450 662
828 650
828 1001
771 528
771 90
769 798
769 153
769 951
113 927
197 120
107 537
107 98
107 201
107 236
107 810
15 731
15 680
15 422
106 950
106 634
106 402
511 978
377 246
377 101
98 117
98 454
98 401
98 134
98 429
98 713
98 707
98 592
98 268
433 987
466 40
153 996
153 482
153 977
153 418
153 1001
575 232
371 456
290 566
290 214
290 151
858 552
915 280
427 955
796 491
796 143
796 14
291 134
291 454
291 268
291 401
291 196
332 782
332 74
1001 950
1001 685
1001 996
1001 977
1001 418
173 506
644 924
550 193
550 534
550 546
550 532
543 316
134 454
134 592
388 638
388 900
388 951
388 214
388 832
388 534
388 280
266 260
266 74
702 14
617 334
485 927
485 646
731 741
731 584
731 284
731 422
428 424
428 990
428 200
885 586
885 294
885 30
885 74
324 638
76 399
281 978
843 907
30 356
30 313
30 868
30 765
30 416
662 443
662 379
662 996
662 40
189 24
189 718
189 200
189 410
189 0
189 127
189 883
189 502
401 454
401 165
401 415
401 429
883 718
883 200
883 724
883 595
883 127
883 977
883 423
883 716
305 416
424 165
424 421
424 891
327 381
527 12
527 422
783 682
209 356
609 135
609 454
609 772
609 40
609 534
863 772
863 993
447 984
447 416
447 586
447 168
447 74
949 912
949 168
294 762
294 586
294 782
294 74
294 868
294 416
133 356
133 74
482 90
546 72
546 522
82 135
82 267
372 595
372 404
823 927
823 513
101 246
880 707
135 628
135 870
135 528
135 742
135 581
135 772
987 540
987 56
987 955
490 687
70 334
70 91
680 422
680 284
687 334
654 682
812 790
977 996
977 418
534 862
534 939
534 951
534 772
230 214
78 333
337 1
337 505
334 607
334 696
334 772
334 692
253 151
646 927
646 854
540 698
540 641
540 955
220 607
220 75
333 862
333 470
333 6
333 710
333 409
333 228
333 0
333 767
333 693
333 569
333 312
333 249
333 538
333 502
500 416
118 365
118 553
685 629
685 724
67 344
67 963
67 165
67 207
67 561
72 193
48 956
947 774
947 40
566 278
566 257
165 990
165 316
165 344
165 31
40 572
40 712
40 695
40 187
40 272
40 198
40 900
40 568
607 696
97 456
650 682
873 698
934 595
950 103
260 168
381 335
381 14
381 192
381 643
558 956
723 41
166 762
166 586
166 743
166 356
166 765
166 416
776 214
955 773
955 925
955 311
188 35
188 920
188 978
188 656
188 502
0 6
0 249
634 96
58 909
159 214
752 454
335 899
335 532
311 697
912 356
13 532
716 718
716 127
104 765
887 383
832 638
832 710
832 456
976 178
935 746
935 214
704 684
704 743
2 790
502 862
502 178
502 978
502 280
454 117
454 278
454 257
454 196
454 772
454 318
454 429
454 999
454 147
454 713
454 268
454 592
712 214
712 398
316 200
316 214
517 112
517 267
517 803
264 245
542 927
542 62
684 565
684 458
684 844
684 321
713 268
713 592
204 586
990 31
682 738
24 530
24 493
24 891
718 772
231 245
231 698
770 927
256 74
256 416
522 239
522 16
722 927
710 246
710 423
761 643
586 984
586 126
586 416
586 383
586 267
586 74
848 4
31 200
267 628
267 112
267 280
267 136
730 356
698 245
698 840
698 764
369 927
369 513
369 263
477 310
552 614
178 228
178 767
178 90
364 764
851 978
851 280
161 900
117 268
444 927
629 891
629 630
629 530
90 997
429 415
175 849
784 900
784 83
374 317
374 306
170 697
456 4
456 936
206 638
670 553
120 920
120 544
120 8
120 772
630 530
630 280
630 493
74 984
74 313
74 648
356 52
356 112
356 91
356 313
356 765
356 472
356 416
167 978
927 854
927 513
927 592
927 551
927 250
927 416
572 724
268 633
671 245
14 724
136 200
674 112
322 299
322 343
353 891
469 978
772 633
772 75
772 900
280 920
280 530
280 978
697 925
697 855
602 743
293 862
724 246
693 862
659 306
472 313
758 956
692 830
956 216
530 200
530 493
530 891
71 595
581 936
45 227
978 920
648 765
648 416
416 91
416 782
416 313
862 547
112 313
310 1
577 936
900 742
830 191
16 19
313 765
633 193
762 765
66 227
420 96
844 413
