599 569
599 506
599 693
852 214
92 658
92 915
92 316
720 587
720 371
720 214
720 120
780 337
780 103
819 719
923 609
462 415
373 190
251 987
439 232
439 266
68 987
624 873
362 528
977 1004
977 189
977 236
516 761
516 850
516 14
802 40
994 987
994 90
450 678
771 697
771 659
771 863
769 292
658 838
658 24
658 629
28 987
107 335
107 214
107 381
107 810
107 98
107 898
573 166
573 586
15 731
15 680
15 422
377 883
98 268
98 707
98 429
98 454
98 713
433 987
466 712
575 232
371 214
371 120
290 253
915 607
915 718
915 341
915 316
915 61
915 428
915 857
915 502
915 120
594 454
291 429
291 268
332 782
582 2
582 987
543 316
543 952
853 343
388 534
388 299
266 949
166 762
166 586
659 742
617 609
141 502
731 502
731 284
731 214
428 61
428 316
428 857
885 586
229 91
324 214
320 1004
320 337
559 50
840 873
840 987
157 413
157 746
662 40
189 6
189 410
189 1004
189 0
189 236
189 502
401 454
401 429
401 165
401 415
526 629
392 316
663 343
883 754
883 904
883 61
883 724
883 114
883 122
883 718
883 716
605 569
605 538
657 921
281 491
281 905
783 738
535 369
926 715
926 590
846 67
846 595
846 629
846 561
609 687
609 53
609 151
863 784
447 759
111 602
294 586
679 499
540 338
540 987
546 75
795 207
850 173
850 881
850 196
850 541
823 513
880 707
135 942
135 549
160 629
987 245
987 789
987 872
987 641
987 338
987 849
987 873
987 432
987 809
987 764
987 482
987 311
987 361
987 95
987 75
987 698
987 531
987 231
987 214
987 56
987 364
987 955
987 925
499 91
499 704
499 48
499 918
499 565
499 684
499 321
499 318
499 844
499 120
70 607
687 746
687 614
654 991
812 700
812 790
812 465
812 119
552 817
534 607
534 334
534 591
534 502
534 343
133 52
16 127
142 316
142 90
337 607
334 607
334 746
334 159
334 214
334 75
253 566
253 151
188 502
630 629
630 530
630 685
798 692
333 569
333 120
500 782
317 374
293 239
293 547
810 7
685 629
685 1001
435 782
788 950
67 207
67 963
67 561
48 956
48 458
947 774
538 569
538 178
566 120
165 838
165 31
165 316
870 90
835 214
40 900
40 187
40 214
40 568
40 695
40 272
40 572
607 61
607 127
607 75
607 718
607 569
607 591
607 692
607 502
309 1
873 231
934 595
302 316
167 988
167 978
236 537
236 208
236 532
950 514
260 949
381 192
558 207
558 318
558 458
173 454
173 541
739 143
739 595
53 245
53 454
53 75
53 311
741 454
402 50
754 718
223 879
223 343
759 984
759 74
0 569
0 1004
0 410
295 569
159 42
159 707
159 214
159 646
159 742
159 517
159 343
752 178
335 899
912 356
13 738
13 532
716 6
719 541
735 454
104 648
104 549
104 416
976 569
935 413
935 746
935 844
137 581
137 742
614 454
614 120
745 506
2 790
2 31
541 506
541 996
541 199
168 232
168 356
168 949
168 472
454 196
454 429
454 488
454 198
454 713
454 193
454 633
454 612
454 268
316 971
316 90
316 838
316 344
316 31
316 953
316 990
316 200
316 647
316 136
316 952
316 857
316 633
316 214
316 17
517 586
517 356
517 61
517 112
517 472
517 267
517 459
103 514
103 1001
418 105
418 996
738 214
542 854
542 120
834 120
684 413
684 844
684 956
684 214
784 742
190 353
190 656
190 181
190 274
990 31
561 629
561 493
940 214
127 178
127 75
127 724
746 413
746 214
746 692
746 591
718 61
718 724
718 980
718 692
718 591
951 581
951 707
569 862
569 470
569 991
569 710
569 767
569 409
569 228
569 78
569 6
569 693
569 214
569 249
569 502
74 232
74 648
644 491
644 506
644 199
319 458
319 618
996 506
996 199
866 790
866 423
522 61
544 214
544 120
586 984
586 762
586 310
586 126
586 5
31 838
78 506
730 356
178 257
178 693
178 214
178 502
591 61
591 692
851 988
851 502
221 413
117 268
776 214
629 891
629 288
629 214
629 280
629 530
629 24
629 493
629 360
629 631
629 120
90 537
90 315
90 32
429 196
661 692
35 207
196 147
409 506
86 152
120 528
120 742
120 416
120 220
491 506
399 343
966 66
356 232
356 472
356 61
356 126
1001 506
1001 724
268 633
268 713
700 782
14 881
322 310
322 343
506 192
506 404
506 199
506 702
506 688
220 214
220 471
469 207
772 75
772 416
280 502
443 214
232 472
232 313
423 790
423 91
502 862
502 118
502 920
502 530
502 595
633 75
277 458
988 207
988 978
472 782
472 313
458 956
458 844
458 216
692 61
692 191
692 233
692 413
692 900
692 830
692 214
52 416
971 200
530 214
530 891
530 24
984 762
855 936
844 672
844 321
844 214
126 782
368 879
368 343
581 936
978 415
978 547
707 193
707 214
191 61
686 577
595 790
648 762
648 416
528 8
865 214
112 267
310 343
891 267
91 830
91 415
577 936
900 742
602 743
879 420
216 321
991 61
920 214
415 416
743 214
696 61
75 193
