599 767
599 0
275 849
275 175
703 771
285 577
285 277
644 506
644 14
644 199
248 696
248 185
92 207
720 628
720 383
720 936
347 577
347 277
923 746
462 687
251 95
605 178
605 538
605 0
605 78
329 624
329 233
624 231
38 939
802 450
994 245
994 789
994 56
994 540
994 433
994 338
450 187
450 596
450 40
450 947
450 466
528 537
528 867
528 383
528 685
771 4
771 83
866 718
866 377
866 724
107 320
107 670
107 208
107 201
107 175
107 29
107 5
107 98
107 464
107 335
107 985
107 688
107 980
107 236
107 415
107 537
107 652
107 381
107 118
107 664
107 810
107 898
107 532
107 1004
107 468
107 553
107 808
107 192
107 737
301 469
301 978
301 493
301 795
15 731
15 680
98 117
98 278
98 401
98 429
98 291
98 707
98 713
98 454
98 134
98 268
98 592
656 772
153 432
921 796
308 577
308 277
290 159
290 214
915 316
915 185
915 31
915 630
915 432
915 857
427 955
291 401
291 134
332 782
332 250
332 575
1001 977
723 933
433 738
445 891
134 316
134 592
861 934
388 638
388 96
388 322
250 927
702 14
896 18
908 2
908 765
141 188
453 595
428 838
428 207
428 316
428 857
954 469
229 607
614 280
614 274
840 698
157 577
157 277
483 607
30 104
30 765
30 168
662 72
144 90
189 6
189 969
189 718
189 236
603 514
414 891
401 429
401 165
401 415
867 700
424 469
424 207
424 990
424 795
424 421
424 953
327 738
327 381
783 979
783 761
535 854
926 577
926 277
846 67
568 495
294 586
184 754
241 469
540 698
540 311
540 925
540 955
546 692
807 306
807 659
807 784
795 469
795 207
795 421
850 90
101 423
135 581
135 628
135 936
135 692
135 942
160 629
987 955
687 502
654 738
812 2
812 790
812 465
812 119
812 700
977 423
977 236
977 418
230 577
230 277
830 90
267 190
337 42
337 936
337 1
337 832
334 607
334 75
188 469
499 704
220 772
220 752
333 767
333 0
333 19
638 2
638 951
638 832
232 126
232 607
232 313
118 732
421 469
685 643
435 500
386 319
67 207
67 165
67 561
67 963
67 344
72 443
48 684
48 319
947 774
538 0
991 0
165 31
670 185
732 0
40 572
40 159
40 187
607 696
607 159
607 335
607 75
607 646
97 84
873 698
236 537
236 1004
950 663
260 472
558 565
558 844
173 506
166 565
166 743
402 42
223 322
223 343
338 120
0 862
0 470
0 710
0 767
0 409
0 228
0 78
0 295
0 6
0 693
0 976
0 249
0 502
495 862
113 927
113 854
159 214
912 168
716 127
719 410
832 103
565 458
565 704
935 746
952 200
704 743
185 762
185 684
185 502
2 700
2 790
2 365
541 506
168 782
454 592
651 90
517 112
517 459
103 423
418 105
418 996
542 500
542 62
542 646
542 485
612 772
612 514
612 310
713 592
190 772
663 343
407 369
940 214
940 90
127 772
127 595
817 469
718 61
531 214
231 698
918 758
770 927
256 416
122 693
658 838
658 280
658 630
722 854
105 233
133 602
544 772
761 90
586 500
586 383
78 862
532 700
532 502
243 61
698 245
698 764
369 927
575 782
552 951
178 762
178 767
178 772
178 75
178 502
706 343
591 746
591 61
851 978
161 239
161 90
161 572
161 863
629 24
629 530
90 191
90 843
90 692
175 710
175 849
784 306
746 413
746 692
35 469
86 443
42 322
1004 506
120 443
715 577
715 277
957 469
581 855
83 772
590 577
590 277
572 862
572 272
700 790
306 660
306 659
322 879
322 420
322 343
630 280
630 891
506 951
506 199
854 927
592 927
485 927
500 814
838 857
443 272
423 246
277 171
277 931
277 686
277 972
277 933
277 577
277 748
277 355
277 147
988 207
472 782
692 233
207 493
207 469
931 577
62 646
696 181
696 61
200 136
513 927
191 927
686 577
355 577
748 577
648 765
32 862
416 927
416 313
416 415
577 171
577 972
577 933
577 147
167 469
469 547
602 743
743 868
633 75
214 321
214 951
214 233
