580 91
275 175
644 506
644 199
535 854
535 542
535 722
535 91
445 280
923 633
923 776
923 951
373 207
251 987
251 159
439 232
439 912
439 266
439 168
68 987
996 506
996 418
996 951
996 199
624 994
624 540
699 168
977 418
506 29
506 850
506 199
506 1001
506 5
802 40
802 568
994 987
994 582
450 991
450 695
416 586
416 868
416 912
416 294
416 231
416 168
416 648
416 256
771 900
771 807
769 292
658 280
28 987
107 201
301 978
301 493
377 729
377 866
377 101
377 423
377 716
98 707
98 268
98 592
656 280
656 188
466 662
575 912
371 441
25 684
290 159
290 214
858 991
915 718
915 200
915 316
915 91
915 838
915 280
427 540
427 955
796 14
291 454
291 268
966 168
582 329
582 987
582 832
723 41
723 73
433 987
720 628
550 700
550 546
550 684
557 168
134 592
388 718
388 900
388 70
250 854
250 886
78 29
659 790
617 586
141 469
141 978
141 421
469 207
469 188
469 978
731 362
731 284
731 422
428 857
428 990
428 647
885 111
885 586
885 294
159 707
159 334
405 628
840 698
840 987
157 277
157 718
843 407
843 393
662 443
662 214
662 40
662 267
662 86
189 718
401 454
401 165
401 415
526 280
837 745
392 674
424 978
424 421
424 795
783 718
954 978
846 280
609 978
609 592
447 586
447 294
447 517
294 984
294 817
294 586
294 256
294 126
294 74
180 990
133 765
540 245
540 193
540 581
540 698
540 987
540 231
540 855
540 697
540 955
540 311
540 925
546 188
546 684
546 704
795 207
795 421
795 978
850 719
850 951
850 91
850 541
850 199
647 280
647 547
647 91
101 246
135 628
160 280
987 245
987 789
987 809
987 872
987 641
987 338
987 849
987 873
987 432
987 764
987 482
987 311
987 361
987 95
987 698
987 531
987 231
987 56
987 364
987 955
987 925
499 318
499 558
70 534
70 322
70 90
487 832
687 718
687 280
654 991
939 38
939 91
534 90
241 280
142 280
334 415
125 676
125 832
188 920
188 280
188 978
188 421
188 851
482 531
482 990
592 454
592 713
500 62
500 332
232 126
232 912
232 168
118 732
421 978
421 280
685 280
685 1001
423 246
67 561
67 963
67 165
67 344
67 207
947 40
947 774
947 568
538 249
991 61
991 178
165 316
165 344
165 31
165 857
670 688
670 5
40 695
40 900
40 572
40 254
40 568
40 272
40 712
607 696
873 698
934 951
236 537
260 912
260 168
558 956
558 918
558 565
558 318
558 684
173 743
166 586
166 743
166 267
676 622
53 193
53 714
53 280
53 776
53 940
402 50
955 773
955 925
955 311
754 718
223 399
223 322
223 343
422 280
634 788
113 586
912 472
912 126
912 90
912 77
912 168
716 718
716 724
104 425
104 648
104 256
104 765
104 742
832 622
832 410
832 319
832 175
976 178
976 951
935 413
935 696
935 191
704 743
2 790
541 199
120 316
120 502
454 268
316 278
316 214
517 586
517 61
517 267
517 542
418 105
1002 319
425 765
684 586
684 956
684 458
684 318
512 978
329 692
990 280
561 280
561 629
561 493
318 319
24 280
24 891
565 743
565 321
718 904
718 61
718 724
718 522
718 356
718 851
718 742
718 980
718 591
718 502
231 698
918 844
909 528
256 854
256 90
711 246
711 951
362 870
522 61
722 854
761 90
586 984
586 126
586 765
586 267
586 542
586 356
586 854
586 74
823 193
823 542
823 267
823 485
267 493
243 61
698 245
698 764
274 817
552 978
178 502
178 90
591 322
851 547
851 978
851 280
851 630
117 268
776 193
629 214
629 891
629 978
629 280
629 630
90 16
90 62
90 502
682 1004
175 849
175 553
713 268
817 978
374 306
35 207
35 280
35 978
170 697
1004 470
1004 283
854 542
168 74
41 73
581 855
356 61
356 743
356 91
167 978
572 862
268 633
671 692
14 724
322 343
322 368
630 280
812 790
516 743
516 790
553 5
485 542
485 62
614 978
280 91
280 293
280 530
280 631
280 953
280 920
280 891
280 288
280 547
280 493
280 360
280 32
299 509
293 862
724 951
77 762
988 978
472 765
52 91
207 978
956 844
957 978
542 62
542 646
542 91
62 646
126 790
857 214
978 547
707 214
707 951
648 765
862 547
900 742
568 379
602 743
602 765
340 743
319 844
743 765
633 75
700 790
