599 976
644 924
644 506
580 8
256 313
256 648
996 924
996 506
996 199
122 693
15 731
658 838
38 395
92 838
445 288
923 617
923 633
923 776
923 90
229 742
710 767
373 207
170 540
111 885
977 423
267 838
267 392
267 586
267 891
532 828
532 516
730 356
730 912
698 245
698 873
698 231
698 840
698 764
698 540
18 896
994 764
994 789
178 693
178 629
178 0
178 482
178 250
178 75
178 530
178 502
963 67
851 552
851 915
851 530
851 920
629 24
629 891
629 288
90 714
90 718
90 472
90 946
90 940
2 500
2 236
573 500
784 863
784 306
323 139
746 413
746 542
746 214
746 812
746 992
746 731
746 935
746 692
374 306
35 207
695 450
31 165
371 4
25 684
915 200
915 857
196 413
196 731
509 634
1001 924
1001 506
1001 14
468 381
120 772
120 586
120 870
270 828
702 924
841 214
41 458
381 192
381 327
381 506
150 471
731 193
731 284
428 207
428 200
885 762
885 586
885 313
885 416
74 166
74 392
356 912
356 472
559 622
980 718
803 166
868 790
14 924
14 506
401 165
288 561
288 493
288 630
924 738
924 506
924 541
924 173
924 682
924 199
392 166
344 165
789 987
883 166
883 936
630 700
424 207
424 795
506 732
506 810
506 657
854 185
540 925
540 855
540 697
540 231
540 311
540 955
469 207
954 207
772 586
447 313
443 193
586 500
586 762
586 700
586 782
586 416
294 313
184 423
679 684
499 458
499 53
499 321
58 909
58 577
58 338
423 246
423 101
423 103
795 978
795 207
277 355
77 168
788 634
988 207
450 595
472 912
472 168
458 73
692 214
687 500
207 558
207 349
956 684
654 738
530 891
126 104
542 500
542 62
62 214
857 200
500 166
696 181
232 425
646 513
299 634
48 684
949 168
165 316
946 425
595 718
828 738
416 912
416 166
416 313
416 147
416 168
862 32
950 663
112 166
260 790
558 684
918 844
166 674
812 790
16 718
127 716
338 231
182 185
205 193
912 168
13 516
716 718
843 407
214 951
214 651
214 940
214 306
168 765
245 231
721 765
844 684
684 321
61 718
