703 443
703 771
979 199
285 308
248 135
248 746
92 207
92 647
720 617
720 628
720 870
720 371
720 581
720 833
720 456
720 135
720 680
720 855
720 4
720 170
720 65
720 82
780 337
347 277
347 308
462 356
251 987
329 910
948 927
948 112
624 836
624 65
977 32
977 969
977 1001
802 40
802 187
994 987
450 40
450 187
528 739
528 65
528 857
771 306
771 835
771 993
771 863
771 83
771 86
771 443
771 901
771 568
771 65
771 659
769 220
113 927
28 987
197 607
197 987
107 810
107 98
107 980
301 978
15 406
15 680
106 337
511 987
377 718
98 117
98 278
98 707
98 454
98 134
98 429
98 291
98 268
98 592
98 713
656 24
921 249
921 702
921 541
308 171
308 715
308 926
308 931
308 255
308 277
308 230
308 686
308 972
308 933
308 577
308 590
308 157
308 748
308 355
308 147
308 27
25 48
290 253
290 540
290 915
858 991
915 687
915 696
915 281
915 772
915 200
915 428
915 280
915 739
915 851
915 857
291 429
291 401
291 134
535 927
1001 303
273 306
550 193
550 470
320 337
853 337
134 454
134 592
134 660
740 337
250 927
250 332
52 356
52 790
52 765
52 472
52 912
52 868
52 602
52 168
141 978
469 978
469 630
469 207
731 680
731 65
428 200
428 838
428 136
65 187
65 151
65 90
65 280
65 743
65 356
65 243
65 135
65 718
65 851
65 863
65 927
65 910
65 850
65 220
324 638
405 135
840 764
840 987
157 277
157 334
843 718
843 61
843 883
662 40
189 470
189 904
189 114
189 652
189 716
189 6
189 1004
189 718
189 365
189 410
189 595
189 249
189 201
189 236
401 454
401 429
401 165
401 415
392 112
872 987
883 184
424 207
424 421
424 978
424 795
327 702
657 541
657 90
548 164
783 761
783 682
954 978
954 207
846 561
209 356
209 191
609 772
609 927
609 454
609 75
863 82
447 984
299 337
586 168
586 334
586 416
184 423
184 779
184 686
482 987
58 909
58 577
82 135
82 870
795 978
795 421
795 207
372 239
823 927
101 866
101 423
135 628
135 870
135 371
135 581
135 2
135 922
135 4
135 973
135 851
135 834
987 245
987 789
987 641
987 338
987 849
987 873
987 582
987 809
987 764
987 433
987 311
987 361
987 95
987 68
987 588
987 432
987 540
987 531
987 231
987 56
987 364
987 955
680 422
687 772
687 356
687 280
654 991
812 700
812 790
812 119
944 267
534 735
534 890
776 890
776 159
337 950
337 634
337 649
337 323
337 822
678 696
334 772
334 746
334 220
681 718
540 245
540 697
540 855
232 126
118 14
810 335
421 978
685 630
67 963
67 344
67 207
67 165
630 530
630 493
48 956
48 918
48 558
48 684
48 319
48 216
48 458
369 927
991 61
165 31
40 900
40 712
40 187
40 596
40 568
40 272
40 572
40 198
104 765
607 75
650 686
873 231
847 207
934 595
364 764
364 220
705 700
371 456
558 565
558 207
723 41
166 868
166 416
53 193
53 633
53 443
53 724
645 978
850 761
850 14
850 196
754 718
789 470
188 978
444 927
159 6
159 940
159 772
159 143
159 713
752 927
311 697
912 868
912 356
912 168
716 1004
716 249
34 855
935 746
137 443
220 749
220 75
704 318
2 790
120 772
454 772
454 429
712 714
712 398
517 356
517 112
542 927
542 62
542 646
612 193
784 568
561 631
561 493
940 633
318 332
24 629
24 647
652 208
718 356
718 724
718 243
909 383
770 927
362 383
779 423
722 927
790 700
790 388
267 700
267 112
552 978
591 910
591 746
591 356
851 978
547 978
629 280
90 927
90 546
90 493
746 841
746 692
746 966
35 978
170 855
249 1004
456 4
456 97
456 936
196 772
196 927
196 147
1004 208
86 443
86 152
854 927
854 485
168 868
168 356
470 193
470 502
143 563
253 566
356 868
356 112
356 126
356 617
356 765
356 472
356 648
356 416
590 171
927 485
927 191
927 772
927 147
927 646
927 513
927 515
927 75
927 551
572 696
306 193
306 660
306 203
674 112
803 112
485 62
614 978
772 214
772 75
838 857
280 281
280 739
443 193
443 742
697 925
697 855
423 246
423 710
817 978
502 214
724 246
277 933
988 978
988 207
472 743
692 910
207 493
207 978
957 978
530 891
890 193
890 714
62 743
62 646
435 500
596 187
714 193
978 167
515 500
595 193
171 147
920 633
743 762
500 193
420 96
