275 849
275 175
14 924
14 644
14 506
535 62
535 250
445 24
445 288
780 514
347 933
439 912
439 266
329 264
329 245
329 624
329 775
329 692
948 52
948 500
948 112
948 415
948 126
948 392
948 517
948 267
948 765
948 803
948 30
948 356
948 120
948 648
948 674
948 592
948 416
624 231
122 924
122 114
38 782
38 322
506 189
994 987
994 582
450 40
450 712
416 868
416 586
416 112
416 832
416 782
416 356
416 854
416 912
416 648
416 30
416 168
771 4
771 306
769 153
442 189
442 977
113 62
113 250
197 987
107 335
107 201
107 191
107 381
107 120
69 950
69 879
15 680
289 810
289 335
377 718
377 729
98 429
98 291
656 267
153 782
575 168
371 120
25 704
25 946
915 920
915 718
915 160
915 200
915 316
915 341
915 142
915 883
915 530
915 857
427 955
19 333
291 117
291 454
291 134
291 429
291 268
291 713
966 168
1001 924
1001 514
1001 685
273 951
326 587
720 935
720 527
134 316
388 120
250 485
250 646
250 854
250 823
250 513
250 332
250 542
250 722
250 369
250 551
250 62
250 444
250 770
195 595
702 850
469 188
469 207
469 512
731 739
885 984
885 168
324 90
614 167
559 420
559 622
559 50
840 874
840 764
157 542
157 356
157 586
157 746
157 684
157 517
157 185
30 765
662 443
662 379
189 783
189 440
189 670
189 381
189 201
189 181
189 690
189 718
189 5
189 951
189 178
189 364
189 68
189 502
414 891
401 429
401 165
401 454
837 924
392 112
883 200
883 724
605 685
783 804
783 654
378 514
434 704
846 67
846 561
846 288
209 356
609 257
447 984
447 74
949 168
294 126
294 984
294 817
294 586
184 407
184 393
133 104
540 874
540 641
540 697
546 245
807 400
850 90
101 246
101 423
105 418
104 721
104 984
160 586
987 955
791 32
70 90
654 738
874 245
874 873
874 231
874 764
977 514
977 418
977 410
534 746
534 120
230 577
510 622
337 323
337 870
334 220
125 622
125 206
223 746
482 531
592 454
333 767
333 743
500 332
500 814
232 425
232 168
118 862
118 2
118 790
118 502
435 782
435 332
423 246
67 207
67 165
67 561
67 963
67 344
630 530
630 288
48 684
48 956
164 879
164 832
391 288
947 774
947 187
566 120
165 344
165 31
165 316
946 633
946 672
946 854
946 956
946 918
946 319
946 268
946 844
40 187
415 429
607 724
607 356
607 91
607 75
607 742
934 595
236 537
950 514
950 663
587 56
587 936
260 168
381 192
381 532
381 120
558 319
558 618
723 73
166 782
166 112
166 74
676 622
53 120
402 788
402 832
955 773
939 509
188 120
188 178
188 502
0 178
634 788
58 909
159 940
752 120
60 187
335 193
13 532
912 356
912 214
912 168
912 77
716 718
832 514
832 782
832 509
565 684
565 844
935 696
935 746
952 267
2 790
120 190
120 823
120 198
120 196
120 454
120 542
120 765
120 191
120 147
120 68
454 264
454 429
712 214
316 629
316 724
316 90
316 857
517 542
517 356
517 586
517 112
517 90
517 746
517 267
103 514
418 996
418 411
349 267
542 356
542 586
542 62
542 684
542 746
684 356
684 956
684 321
684 844
684 318
684 746
190 891
663 310
663 951
663 343
561 288
718 356
718 61
668 746
951 214
951 56
951 410
951 239
951 581
909 862
909 528
74 984
644 90
256 267
362 383
813 746
761 532
586 310
586 782
586 383
586 267
586 984
586 762
586 356
249 178
267 186
267 112
267 24
267 648
267 478
532 516
532 804
730 868
274 167
178 862
178 280
178 502
591 356
591 742
851 978
692 742
629 724
629 530
629 288
90 649
175 849
746 214
746 277
537 181
695 187
695 568
854 918
168 868
168 425
168 356
168 472
715 147
41 73
581 855
581 936
332 782
356 765
356 472
356 502
167 193
167 978
348 984
288 493
288 484
288 530
924 516
924 199
674 782
674 112
322 879
803 112
239 147
516 743
220 383
220 75
485 513
838 136
280 502
299 509
502 724
293 724
693 228
472 425
207 978
383 138
530 493
530 24
984 782
984 648
714 193
126 782
32 214
272 379
96 420
891 24
577 147
568 379
672 918
214 147
721 765
