916 718
437 516
644 752
644 506
644 977
644 1001
644 996
512 978
580 569
256 356
256 648
996 506
996 199
362 909
362 528
362 602
907 843
658 629
248 462
248 718
248 550
92 142
720 587
720 833
105 418
105 582
737 849
923 193
923 500
923 854
923 159
923 214
923 462
923 541
462 783
462 687
462 223
462 692
462 670
462 449
462 517
462 833
462 542
462 718
462 742
462 334
462 450
462 157
462 591
462 851
790 812
790 700
790 516
133 168
971 200
761 969
424 207
424 978
424 795
416 586
586 687
586 868
586 58
586 196
586 160
586 166
586 517
586 383
586 762
586 573
586 264
586 718
586 356
586 479
586 334
586 602
586 648
586 541
502 569
307 159
466 187
122 693
38 638
38 159
38 832
267 200
267 630
267 142
708 718
272 900
272 214
369 62
369 770
575 232
575 260
58 818
552 978
450 718
450 712
450 159
828 1001
587 326
591 851
851 207
851 978
769 830
769 742
629 915
629 493
629 891
629 526
629 561
629 280
629 24
629 530
629 685
629 160
629 202
629 894
629 360
629 846
629 631
629 630
90 660
90 742
641 531
2 75
573 868
301 207
301 978
301 493
15 680
106 788
106 1001
817 207
817 978
377 246
35 207
35 978
98 713
170 697
510 174
31 569
31 428
31 165
921 783
921 506
921 657
497 773
497 977
25 458
25 48
290 159
290 214
915 159
915 951
915 136
915 316
915 428
618 321
398 712
1004 977
1004 236
1004 175
427 955
291 401
535 542
1001 850
1001 977
723 704
842 132
842 702
854 62
854 517
854 120
550 193
550 546
557 168
780 509
861 896
250 332
78 569
702 382
617 193
617 833
470 569
470 789
957 207
957 978
141 978
174 139
174 879
174 125
174 548
174 102
491 569
731 284
428 569
428 862
428 953
855 697
849 275
849 175
65 687
65 280
65 220
356 868
356 472
356 684
356 517
167 862
167 207
167 978
446 764
713 592
281 569
281 631
157 718
157 517
927 607
927 592
572 32
843 407
30 313
662 443
189 569
868 762
401 454
401 429
401 165
401 415
306 194
306 159
52 168
872 686
322 388
322 879
605 569
605 228
239 951
506 199
422 569
540 697
540 987
540 955
485 62
818 438
275 175
783 719
469 264
469 207
469 978
469 630
954 207
954 978
926 577
926 715
846 561
649 663
714 193
303 509
443 742
774 947
232 126
232 168
241 207
482 531
499 565
499 684
546 607
546 334
423 246
423 101
423 175
953 569
953 142
602 517
264 749
388 61
881 541
795 207
795 421
795 978
101 246
880 707
988 978
160 24
987 531
987 415
987 955
472 743
472 168
299 96
299 788
758 844
458 844
955 773
136 159
692 830
687 776
207 188
207 421
207 142
207 547
207 978
710 569
504 415
977 569
977 969
977 418
776 193
776 935
41 704
530 718
147 577
890 193
62 646
62 551
62 542
62 513
5 670
5 175
630 415
630 685
664 107
249 569
249 862
638 96
844 672
909 585
293 569
643 685
643 381
228 569
421 978
685 569
435 415
788 634
788 740
788 96
67 963
48 684
782 500
538 569
670 29
40 712
40 159
0 569
246 724
343 61
343 663
500 159
500 332
978 614
978 188
978 547
862 569
950 103
112 631
260 912
260 77
260 168
381 327
173 541
166 517
166 743
599 569
53 61
925 697
159 712
159 833
159 517
159 214
171 933
188 569
991 569
24 631
295 569
634 96
77 912
77 168
331 418
13 738
13 719
912 168
311 697
976 569
719 738
920 190
700 193
832 96
565 517
415 612
415 833
6 569
333 569
933 347
633 612
693 569
185 833
168 607
517 542
517 765
509 96
738 682
214 765
420 96
631 561
631 569
61 718
409 569
360 569
