599 605
599 693
644 702
344 67
344 165
344 316
380 810
996 506
996 199
996 977
996 418
996 153
362 605
658 629
285 844
288 629
92 316
720 936
780 950
737 440
373 190
256 416
424 207
424 421
424 978
424 795
433 987
647 316
977 950
977 153
977 418
267 142
304 936
52 201
52 790
221 926
73 458
369 62
369 551
274 190
274 353
274 181
178 605
591 324
591 746
591 322
851 978
851 141
547 978
113 62
629 846
629 561
629 891
629 136
629 280
629 685
629 530
629 24
629 890
629 160
629 630
629 493
629 360
629 631
629 526
908 77
908 602
107 393
429 401
301 978
15 731
15 422
746 413
746 687
746 900
746 550
746 935
746 692
377 457
377 159
377 365
745 837
35 978
98 401
170 581
170 697
170 231
656 190
31 165
31 316
153 418
575 966
290 159
858 991
915 316
891 159
427 955
409 605
291 401
535 62
1001 950
1001 506
1001 14
723 458
722 62
550 660
543 316
557 147
557 77
168 966
250 62
702 14
702 850
841 159
715 926
41 458
141 978
141 188
926 171
926 748
926 590
926 577
926 565
378 950
731 284
731 422
885 890
885 586
885 447
885 313
885 332
885 74
74 126
74 586
74 104
167 978
167 957
512 978
512 421
30 936
316 687
316 990
316 392
316 136
316 952
316 857
316 142
316 165
316 349
316 302
316 953
189 159
700 332
14 506
401 165
401 415
136 857
392 166
663 70
663 649
663 343
883 184
322 534
322 832
605 789
605 693
605 228
605 502
506 173
506 850
854 62
327 192
677 443
353 190
485 62
485 646
485 551
469 978
469 159
954 978
614 978
846 561
119 812
500 687
500 166
500 586
199 381
443 152
443 742
586 762
586 197
586 687
586 126
586 782
586 166
586 332
540 264
540 697
540 955
953 207
788 634
817 978
502 862
118 732
795 978
646 62
646 551
77 416
104 648
104 790
988 978
988 188
472 356
472 112
472 159
499 758
499 458
499 471
758 458
758 844
70 890
692 334
687 61
207 978
207 165
654 738
754 272
754 595
552 978
534 890
62 823
62 513
62 542
62 159
62 551
62 214
62 444
532 173
334 633
855 697
638 164
638 832
293 246
810 577
810 231
513 551
421 978
421 188
368 310
435 782
435 332
181 190
966 782
45 66
978 188
978 957
284 422
991 61
477 310
946 305
272 595
272 159
272 214
595 159
595 214
648 416
950 514
950 103
112 356
310 103
381 192
381 29
558 159
918 684
918 844
918 704
925 697
925 955
955 773
955 987
955 311
171 147
812 790
16 407
422 952
159 306
159 214
393 61
719 738
832 514
565 684
565 704
319 458
704 321
704 684
704 844
704 458
321 684
321 216
712 214
19 407
844 684
458 684
936 315
61 718
790 306
