599 178
599 710
599 502
580 143
275 175
703 450
703 61
644 506
644 702
644 199
248 462
92 200
92 316
720 135
720 587
720 383
720 316
347 933
347 147
923 738
923 633
923 53
923 159
923 214
923 462
462 783
462 687
462 278
462 586
462 223
462 670
462 692
462 617
462 517
462 135
462 542
462 718
462 742
462 334
462 450
462 157
462 591
462 851
169 372
605 862
605 470
605 789
605 710
605 293
605 228
605 178
605 333
605 249
605 0
605 502
329 540
329 233
711 843
26 40
977 1004
977 796
977 969
977 418
977 189
304 4
802 40
802 90
994 641
994 540
994 955
450 61
450 692
450 40
450 595
450 272
450 765
828 650
416 927
416 607
416 912
416 294
416 500
771 700
771 61
771 659
771 742
769 660
113 927
28 641
28 955
107 98
107 316
107 90
301 647
15 731
15 680
15 422
106 139
377 246
377 630
98 117
98 454
98 401
98 429
98 291
98 707
98 713
98 278
98 134
98 268
98 592
433 641
433 987
433 432
433 95
575 232
575 332
290 566
290 214
858 991
915 971
915 61
915 200
915 316
915 136
915 428
915 857
291 401
332 500
332 782
582 955
468 335
550 546
550 692
550 61
543 641
543 316
543 200
543 971
543 955
134 454
134 592
226 90
250 927
250 886
898 236
659 229
659 61
659 742
659 306
617 607
617 415
141 469
485 927
485 542
731 53
731 680
428 200
428 61
428 316
428 857
954 630
975 397
840 698
840 231
30 908
30 765
662 40
189 236
414 572
401 454
401 165
401 415
401 429
526 90
526 629
526 360
867 138
32 862
32 61
32 693
32 316
32 214
424 207
424 421
424 795
808 335
783 138
783 528
783 576
535 823
926 748
926 147
846 67
846 629
846 561
209 765
439 260
568 40
568 947
568 61
447 294
294 586
294 112
294 256
294 674
294 166
294 313
294 77
294 803
294 984
294 74
294 267
294 168
180 829
180 727
133 908
133 602
482 531
546 692
82 628
664 335
372 934
372 404
823 542
823 513
101 246
101 423
135 337
135 628
135 61
135 72
135 549
135 581
135 292
135 692
135 161
160 493
160 87
160 891
160 629
987 53
987 531
987 316
987 809
987 90
987 338
987 95
499 90
687 214
687 791
654 738
654 991
812 790
552 274
534 64
534 951
254 40
142 469
142 207
142 165
142 200
142 316
337 634
337 936
334 638
334 607
253 454
223 343
646 927
646 542
646 62
540 698
540 873
540 641
540 955
220 90
333 178
333 767
333 743
333 78
232 607
232 168
293 718
293 547
421 630
421 647
685 629
435 782
435 74
67 207
67 165
67 561
67 963
67 344
72 90
132 46
132 61
947 774
947 40
538 178
538 90
165 200
165 316
165 31
670 335
670 506
670 90
40 379
40 695
40 187
40 90
40 488
40 272
40 900
40 198
40 596
40 712
40 60
40 927
40 572
40 316
607 231
607 927
607 159
650 423
650 1001
873 698
302 200
302 316
236 537
236 1004
236 335
950 103
260 762
260 66
260 45
260 912
260 77
260 168
558 207
558 458
173 541
166 356
166 586
166 112
166 674
166 74
166 759
166 267
166 765
166 803
795 207
850 772
850 316
955 641
955 311
955 338
955 24
754 718
754 272
754 201
188 469
431 316
338 641
0 178
0 502
295 178
58 909
77 912
77 168
335 537
335 192
335 208
335 643
335 175
335 29
335 1004
335 737
335 553
335 464
335 688
335 980
335 5
311 641
311 697
912 472
912 90
912 765
912 168
716 718
104 908
104 765
976 178
976 349
935 413
935 746
952 344
952 200
952 316
969 418
704 684
704 743
704 90
185 762
185 61
429 454
159 707
159 951
159 891
159 724
159 143
159 940
159 83
159 239
159 493
159 214
454 264
454 592
316 971
316 629
316 838
316 349
316 127
316 739
316 178
316 344
316 997
316 31
316 978
316 953
316 502
316 190
316 990
316 200
316 647
316 136
316 857
316 544
316 214
316 17
418 996
966 933
966 168
738 761
542 62
612 663
612 343
684 565
684 321
512 469
990 200
663 343
561 629
561 647
24 641
24 647
24 629
24 891
718 61
718 724
718 980
531 214
231 698
951 194
951 707
951 742
951 71
278 214
996 506
996 199
362 168
866 549
722 927
737 175
971 200
6 178
586 267
586 762
647 200
647 547
647 274
249 178
78 178
698 245
698 764
369 927
274 181
274 920
116 772
178 862
178 470
178 710
178 409
178 228
178 991
178 767
178 693
178 502
591 61
161 581
444 927
629 658
629 891
629 280
629 530
629 493
629 360
629 927
629 978
629 631
629 630
629 415
90 191
90 891
90 798
90 742
90 927
90 200
641 56
2 700
2 790
175 5
175 849
746 692
746 233
374 317
35 469
35 207
31 200
695 61
196 927
767 710
168 472
168 782
168 765
841 920
628 772
628 870
630 493
581 233
855 697
74 126
74 803
356 927
356 743
167 469
167 181
1001 553
927 686
927 147
927 592
927 191
927 413
927 513
927 743
927 75
927 193
927 854
927 770
572 862
671 397
868 743
306 61
306 742
674 803
344 200
322 420
322 299
322 343
803 112
803 267
506 576
469 207
469 61
469 978
500 126
500 814
280 530
299 388
697 925
502 5
388 528
988 207
472 782
472 743
692 61
692 191
692 233
908 762
908 648
908 765
908 936
207 547
530 891
890 743
5 29
596 187
71 595
200 136
200 857
200 17
513 139
857 61
493 891
707 193
707 214
272 595
648 700
648 765
267 112
187 61
577 936
602 61
602 743
782 193
991 61
214 343
216 321
61 136
61 765
