580 409
275 849
703 626
278 214
248 915
38 324
38 586
38 184
92 316
92 142
720 383
720 746
720 587
720 833
720 680
780 977
923 862
923 915
923 200
923 687
923 772
923 890
923 857
923 193
923 900
923 742
923 178
923 120
923 591
923 502
229 586
169 372
605 178
605 685
329 245
329 624
948 52
948 112
948 256
948 91
948 126
948 392
948 267
948 765
948 75
948 356
948 168
948 648
948 592
948 120
624 245
624 231
624 90
122 924
977 246
977 950
977 514
977 479
977 184
977 103
977 418
977 423
506 173
506 14
708 184
994 56
450 718
450 662
450 568
828 850
587 326
866 772
89 61
107 810
107 201
573 447
301 188
15 680
15 422
377 246
377 718
377 114
377 729
377 630
484 288
98 707
98 592
98 429
98 401
656 167
656 188
290 253
290 589
915 165
915 188
915 316
915 772
915 428
915 142
915 542
915 62
915 629
915 862
915 189
915 61
915 200
915 823
915 136
915 718
915 857
915 900
915 160
915 742
915 178
915 502
647 142
291 454
291 429
291 1003
291 196
291 401
332 500
332 318
332 782
1001 924
1001 644
1001 14
273 951
445 280
445 288
550 500
543 316
543 142
134 592
388 534
388 843
388 718
388 184
250 607
659 306
617 471
731 563
731 422
428 189
428 316
428 851
428 142
65 752
559 420
559 622
840 874
157 542
157 356
157 586
157 184
157 684
157 517
157 686
157 765
483 61
30 765
662 900
662 214
189 181
189 629
189 184
189 772
189 280
189 718
189 410
189 502
401 454
401 165
401 415
401 429
526 280
526 360
392 112
392 674
392 74
392 267
392 166
392 685
32 143
32 184
883 184
424 421
527 870
548 322
281 718
926 147
846 67
846 280
846 288
609 951
609 633
609 880
609 592
609 90
447 74
294 817
294 74
294 868
294 416
184 607
184 333
184 16
184 710
184 259
184 711
184 754
184 201
184 615
184 907
184 522
184 246
184 410
184 779
184 843
184 82
184 426
184 862
184 365
184 505
184 724
184 1004
184 701
184 999
184 718
184 884
184 225
184 732
184 393
184 969
184 296
184 538
184 279
241 978
540 874
540 120
58 909
82 628
82 870
149 372
664 335
850 75
850 90
307 91
101 423
880 707
135 581
135 628
135 718
135 936
160 658
160 280
160 629
987 531
712 214
70 334
680 707
680 284
680 422
687 843
874 245
874 873
874 231
874 764
552 379
552 614
534 862
534 746
534 477
534 84
534 843
534 591
776 334
776 159
776 214
142 990
142 200
142 316
142 136
142 952
142 857
142 165
142 344
142 302
142 31
142 953
142 971
337 505
589 383
334 91
334 772
334 843
334 75
253 566
253 151
188 469
188 280
188 629
188 614
188 772
188 530
188 502
499 607
499 833
499 704
592 454
333 767
638 323
638 740
638 164
232 472
669 951
810 7
810 381
421 795
685 280
685 267
435 586
435 267
67 344
67 963
67 165
67 391
630 415
630 493
630 280
630 24
630 952
132 842
947 774
947 568
284 422
538 178
176 586
165 316
165 136
165 344
165 31
165 857
946 425
946 356
946 765
946 416
40 585
607 718
607 586
607 127
650 410
934 372
934 318
236 208
236 537
950 663
381 192
558 458
558 844
173 644
173 14
166 516
166 586
166 112
166 356
166 674
166 743
166 74
795 978
591 843
591 718
53 772
53 193
53 890
53 120
372 404
754 718
223 322
113 854
159 143
159 742
159 851
159 724
13 772
13 532
13 120
912 356
716 718
719 410
104 425
104 765
832 740
565 844
935 746
935 813
952 2
952 316
185 830
185 833
541 199
168 356
454 264
454 429
293 862
293 724
316 990
316 200
316 971
316 136
316 857
316 31
316 953
517 356
517 586
517 718
517 765
542 718
542 586
542 772
542 765
684 586
684 356
684 844
684 765
235 890
235 951
190 353
190 920
190 120
990 31
187 695
561 280
561 288
407 843
940 193
718 16
718 356
718 843
718 502
718 904
718 61
718 724
718 980
718 233
718 343
718 692
718 851
668 746
231 239
918 672
918 854
918 319
918 844
909 862
909 362
644 924
644 14
644 192
711 843
658 280
737 849
813 746
586 126
586 765
586 356
586 416
823 772
267 629
267 112
267 936
532 516
532 700
730 112
164 322
477 310
178 862
178 693
178 249
178 502
706 310
391 353
391 288
851 469
851 920
851 978
851 530
851 547
547 862
547 280
547 614
629 288
629 772
629 280
629 530
629 120
90 493
429 415
175 849
746 844
374 742
537 440
120 443
120 581
120 765
120 772
120 742
120 416
957 951
581 936
581 855
464 980
849 423
74 112
74 674
74 743
356 61
356 313
356 743
356 765
356 425
356 472
167 614
410 14
410 663
868 790
14 702
14 924
14 199
136 857
674 112
468 643
322 879
322 740
322 368
803 112
239 595
239 951
516 804
833 415
500 782
772 24
772 660
772 857
772 890
772 62
772 75
772 742
772 502
838 493
838 857
280 862
280 891
280 288
280 530
280 24
280 493
280 360
280 631
280 502
299 509
56 423
423 246
502 862
502 118
740 91
118 732
881 804
277 147
458 216
692 830
692 191
692 742
715 147
200 857
126 790
493 288
493 24
707 951
272 568
997 75
648 765
891 24
577 147
577 214
900 742
602 765
16 843
782 700
425 765
306 742
214 147
742 61
420 96
147 193
