437 738
437 850
599 569
599 506
275 149
275 849
275 175
278 290
278 454
248 506
535 927
535 444
720 617
720 833
720 680
720 456
720 855
322 164
322 879
923 738
923 880
923 707
923 159
923 193
923 772
923 910
923 517
923 921
923 592
462 833
373 344
898 663
251 987
605 569
605 506
68 506
68 987
502 16
502 538
502 78
977 189
977 153
977 1001
506 783
506 644
506 404
506 380
506 491
506 682
506 440
506 29
506 690
506 377
506 670
506 688
506 249
506 921
506 189
506 6
506 14
506 381
506 409
506 796
506 78
506 718
506 226
506 738
506 192
506 850
506 702
506 5
994 987
450 712
450 61
450 572
450 187
450 596
450 272
450 947
450 220
828 106
416 126
416 166
416 586
416 573
416 765
769 220
113 927
28 987
28 231
197 987
107 381
107 553
15 731
106 1001
511 987
377 866
377 718
98 454
98 592
433 772
433 249
433 338
433 789
433 987
466 662
921 738
921 850
308 418
25 458
290 305
915 32
915 159
915 90
427 955
796 14
291 454
291 401
332 539
1001 738
1001 724
1001 103
1001 850
1001 685
723 565
723 41
550 920
557 168
134 454
134 592
976 569
226 772
250 927
250 886
270 738
270 850
702 738
702 850
141 920
141 280
141 891
141 530
141 362
469 207
469 167
469 512
731 680
731 362
885 77
159 572
159 687
159 62
159 193
159 214
159 406
159 987
159 443
159 680
65 191
65 334
324 125
840 698
840 540
840 987
840 231
843 16
30 912
30 765
30 936
662 443
189 718
189 32
414 891
401 429
401 165
401 454
526 629
526 528
837 738
837 850
663 950
424 207
424 421
424 795
327 738
327 850
657 738
783 738
783 850
783 718
783 654
434 758
846 629
846 561
609 910
441 4
294 256
133 168
540 698
540 749
540 987
540 231
540 955
58 909
82 135
82 870
795 207
795 421
795 493
372 934
372 404
372 595
101 246
101 175
747 738
135 628
135 4
135 870
135 371
135 581
135 942
135 292
135 772
160 629
987 245
987 789
987 872
987 641
987 338
987 849
987 955
987 873
987 809
987 764
987 482
987 311
987 361
987 95
987 588
987 582
987 432
987 531
987 231
987 56
987 364
987 120
131 738
131 850
901 790
680 790
687 32
687 776
654 738
654 850
939 125
534 890
534 64
534 174
534 125
534 591
534 692
534 206
230 147
267 674
337 299
154 125
678 696
334 776
125 524
125 622
125 477
125 510
253 752
223 742
482 569
482 220
220 764
220 364
220 692
333 569
500 435
546 830
546 742
669 32
421 207
421 870
685 629
685 724
788 634
788 740
67 963
67 344
67 207
67 165
48 458
48 704
132 842
947 774
538 569
991 569
165 344
165 31
40 712
607 168
607 231
607 75
650 738
650 423
650 532
873 698
873 231
587 415
371 528
381 532
381 643
558 565
173 738
850 644
850 719
850 199
850 738
850 13
850 14
850 996
850 881
850 979
850 516
850 532
850 924
850 745
850 541
850 576
955 773
955 231
955 311
955 925
754 272
754 718
789 470
188 978
338 231
0 569
495 568
295 569
335 440
335 464
13 738
912 77
912 168
311 231
629 658
629 493
629 891
629 561
629 280
629 530
629 24
629 202
629 894
629 360
629 631
629 630
104 765
565 41
935 214
704 41
323 139
323 299
745 738
185 614
2 700
541 738
541 924
541 16
120 454
454 264
454 772
454 429
454 592
712 214
517 459
418 105
542 927
542 62
945 738
684 458
561 24
833 415
746 692
979 738
718 595
718 904
231 245
231 698
231 836
231 738
231 925
231 364
951 161
909 362
770 927
644 738
996 738
362 5
362 659
722 927
105 582
737 849
710 569
761 738
761 790
761 90
6 569
6 249
823 927
823 513
249 569
249 32
532 738
698 245
698 764
73 41
369 927
575 472
575 168
364 582
591 692
851 167
851 630
161 890
653 738
444 927
719 738
90 865
175 246
175 1004
175 423
175 849
713 592
749 569
749 692
817 167
537 440
409 569
86 443
854 927
168 52
168 868
168 232
168 77
168 472
168 356
470 569
855 697
356 868
356 256
356 472
356 126
356 743
356 765
582 764
927 485
927 646
927 513
927 592
927 551
572 272
14 738
924 738
924 199
256 313
256 472
239 596
516 738
516 790
485 513
772 5
772 233
280 891
488 198
199 738
443 742
423 246
602 472
738 682
738 881
738 508
738 576
198 568
693 569
472 313
472 743
758 844
758 956
758 918
458 844
692 233
692 775
971 200
530 920
530 891
596 568
126 790
228 569
581 936
764 245
272 900
272 595
32 739
32 791
862 569
891 920
568 528
171 147
672 844
24 360
415 569
214 147
868 765
