916 127
599 693
319 48
275 802
275 849
996 977
996 418
980 718
866 718
866 377
522 907
535 854
535 369
535 159
535 334
535 823
105 233
347 933
923 951
923 239
923 746
923 334
923 197
462 833
256 478
256 133
256 517
256 648
256 267
256 186
256 416
761 532
761 881
439 168
586 984
586 204
586 267
586 334
586 782
586 74
586 447
586 573
711 843
647 207
647 142
647 24
647 136
90 890
38 343
532 516
532 688
532 790
698 245
698 873
698 231
698 840
698 764
698 540
274 24
450 900
450 935
450 662
963 159
528 742
591 84
591 534
591 61
591 809
851 469
161 135
161 443
161 900
161 581
161 540
161 572
161 662
769 660
769 483
769 798
306 334
776 746
393 907
393 184
393 377
197 239
197 32
107 810
2 215
705 76
175 849
15 680
942 135
746 413
746 542
746 550
746 214
746 935
746 692
377 754
377 127
377 630
377 246
377 718
377 422
377 159
377 729
377 423
377 716
941 383
98 592
433 987
433 881
153 977
575 332
260 762
260 168
260 77
260 416
537 181
537 236
537 664
984 168
984 74
290 159
290 214
695 337
695 596
381 192
381 664
19 333
332 782
332 435
332 500
582 764
86 662
42 612
42 322
468 664
767 333
550 546
541 173
134 592
168 949
168 232
168 790
168 472
168 912
168 74
168 416
250 854
737 664
908 765
628 135
141 469
141 978
596 483
596 187
926 565
485 542
581 135
581 540
581 936
731 572
731 870
731 680
428 207
428 990
428 857
885 74
844 159
74 762
74 912
74 447
74 803
356 159
356 334
320 383
809 772
157 686
157 334
927 592
572 40
572 120
843 120
843 724
30 126
30 790
30 765
671 633
671 159
671 334
662 443
662 272
189 181
700 305
401 165
401 415
136 200
867 335
674 803
344 952
900 742
322 663
322 343
803 112
803 166
605 228
605 502
239 854
516 881
854 159
251 977
251 159
469 978
469 630
614 185
209 159
209 765
500 435
772 334
524 159
280 120
443 546
443 742
774 951
56 990
56 159
184 607
241 415
985 664
540 135
540 987
540 863
540 338
540 955
423 246
423 101
423 103
423 977
602 743
602 133
440 664
388 96
881 804
724 181
724 716
101 718
126 790
160 891
693 32
472 912
458 577
458 48
692 334
692 233
617 334
207 142
207 165
654 991
754 595
754 16
977 969
977 418
337 135
337 113
337 505
890 765
62 542
334 629
334 517
334 607
334 542
334 159
334 326
334 684
334 502
334 53
334 193
334 718
334 120
630 293
592 454
592 713
664 335
664 643
664 810
664 192
333 743
638 951
638 832
696 392
696 61
232 833
200 159
818 438
818 58
181 61
226 712
48 216
48 558
978 415
991 61
191 416
40 187
510 97
444 483
595 169
595 404
648 483
32 214
416 104
986 66
310 120
310 343
891 24
701 549
549 135
812 790
223 343
782 120
338 61
159 940
159 743
159 214
159 912
716 718
361 987
415 607
743 704
493 24
547 24
704 684
323 139
315 91
950 343
418 411
301 24
214 765
214 343
61 718
663 343
561 24
