580 585
703 443
703 784
703 771
644 506
248 506
535 444
535 90
720 135
720 628
720 870
720 581
720 942
720 587
819 329
923 334
923 159
923 921
462 833
251 987
424 167
424 207
424 990
424 421
424 795
977 497
977 236
977 996
977 1004
977 153
977 423
977 1001
977 418
420 879
802 607
802 450
994 764
994 361
994 987
994 809
450 900
450 596
450 568
450 272
450 662
528 537
528 867
528 185
528 693
771 769
771 901
771 83
28 987
107 810
107 98
107 980
107 236
107 381
573 586
301 978
15 731
15 422
15 680
15 584
511 987
377 149
377 29
377 423
656 547
260 586
290 159
290 214
915 746
915 280
427 955
291 134
966 933
966 347
966 935
1001 506
1001 724
433 987
550 334
134 454
134 592
861 896
740 879
740 788
250 927
659 742
659 306
52 868
52 232
141 280
141 188
141 241
469 207
469 188
469 630
150 415
731 789
731 422
65 147
65 220
229 607
229 901
324 239
341 942
840 987
157 607
30 104
30 256
30 765
189 607
189 32
189 127
189 410
401 429
401 165
401 415
526 185
526 629
526 891
526 360
837 783
305 743
305 765
605 693
327 381
548 337
808 0
808 29
783 850
783 650
954 167
846 67
846 629
846 561
209 912
609 193
609 927
863 742
447 586
441 456
901 742
180 958
184 407
184 82
540 987
540 955
199 506
199 996
199 541
82 135
82 267
795 978
795 167
795 207
850 75
647 24
101 246
880 890
104 523
104 549
160 280
160 629
987 245
987 789
987 872
987 641
987 338
987 849
987 607
987 873
987 432
987 809
987 764
987 482
987 311
987 361
987 95
987 68
987 582
987 531
987 231
987 56
987 364
987 955
294 586
680 790
687 812
687 361
687 334
687 671
654 650
939 38
38 474
38 309
534 746
534 388
534 139
534 692
230 214
510 399
510 139
337 187
334 617
334 159
334 776
334 220
223 879
482 569
482 531
482 847
220 75
879 164
879 368
879 322
638 832
546 193
546 851
293 569
685 629
435 500
788 139
67 207
67 344
67 963
67 165
630 629
630 530
782 77
132 139
947 774
566 718
566 318
566 151
165 990
165 31
165 344
870 135
704 321
835 742
40 568
607 696
607 586
607 440
607 75
607 356
607 61
607 612
607 742
607 739
607 591
607 692
650 682
847 31
847 207
236 537
236 208
236 1004
236 383
371 135
381 670
381 553
381 335
381 192
381 980
558 565
166 586
166 416
664 335
53 193
955 773
955 925
955 311
812 772
812 700
812 790
812 2
188 988
151 278
338 231
0 249
495 568
335 537
335 980
634 139
634 64
159 542
159 62
159 56
159 214
159 32
159 233
159 629
912 416
912 472
912 168
135 628
135 4
135 581
135 942
135 170
135 772
135 692
832 710
832 299
832 423
652 1004
935 746
952 344
952 200
393 1004
323 139
185 181
541 16
541 951
541 996
168 743
168 416
712 900
712 398
920 280
517 478
517 112
517 256
517 459
517 674
517 313
517 648
517 267
517 186
517 803
103 423
418 331
418 105
418 996
542 62
612 42
684 356
190 353
415 191
561 280
561 629
407 16
127 916
127 732
318 332
318 918
817 167
817 547
718 61
718 591
718 851
718 724
531 746
478 313
478 648
478 256
569 502
569 693
569 90
256 356
256 112
256 313
256 648
256 186
256 416
996 506
996 951
122 924
658 629
722 927
105 374
737 537
761 924
586 500
586 868
586 126
586 772
586 984
586 416
823 485
31 143
267 112
267 891
477 139
364 361
591 361
591 851
851 167
851 280
547 167
629 891
629 280
629 530
629 24
629 493
629 360
629 631
90 927
90 147
90 502
2 272
2 700
175 849
175 423
784 742
746 900
746 530
746 665
746 692
746 502
374 742
35 167
249 470
249 410
1004 320
86 443
42 84
854 927
957 978
491 281
143 32
143 280
356 472
356 515
356 126
356 743
356 502
167 988
167 207
927 193
927 191
927 75
927 416
14 506
14 29
306 742
924 702
506 5
506 702
485 62
772 75
838 200
280 530
488 568
953 207
443 152
443 742
423 246
423 315
502 862
922 585
993 742
988 978
472 743
692 61
692 233
692 581
692 742
530 891
530 24
62 646
5 670
855 581
844 672
844 214
126 416
126 602
186 112
186 313
186 648
581 742
581 936
493 978
32 862
191 75
272 900
187 568
997 75
648 112
648 313
416 868
112 313
900 742
568 61
602 743
602 765
193 633
633 75
214 742
231 245
147 347
147 75
