599 991
275 849
275 175
703 135
703 633
285 147
278 923
535 542
535 513
535 444
535 823
720 135
720 855
720 185
720 587
720 383
720 680
347 147
923 617
923 687
923 890
923 151
229 194
229 977
229 374
229 241
373 190
38 324
38 612
994 90
450 40
450 187
450 662
587 415
771 697
771 901
771 83
771 65
769 194
769 692
658 629
28 231
107 440
107 201
107 90
69 950
69 879
573 166
573 648
15 731
15 422
106 402
106 559
106 50
377 866
377 362
98 401
656 190
656 920
153 977
153 250
153 418
153 996
25 48
25 704
290 253
290 589
290 214
290 159
875 454
915 428
915 31
915 316
427 955
796 14
291 401
332 782
332 435
332 500
582 2
433 849
853 223
853 322
740 879
617 135
141 614
731 422
731 196
731 680
428 189
428 207
428 990
428 316
428 647
428 200
428 31
428 349
428 857
885 648
885 294
885 74
324 939
559 420
559 622
559 50
840 698
157 171
157 277
157 931
157 90
628 135
483 607
483 444
30 104
30 648
30 743
30 209
662 187
662 443
189 595
189 280
189 716
189 360
401 454
401 165
401 415
401 429
401 257
526 629
526 360
392 369
883 716
605 991
527 422
808 5
783 738
926 147
846 67
846 629
846 561
609 854
568 40
568 379
447 74
447 294
447 416
901 194
540 698
540 338
540 231
953 316
101 246
101 423
135 371
135 549
135 687
135 942
135 581
135 692
160 629
987 56
987 955
294 984
294 416
294 648
294 74
70 322
687 56
654 991
534 862
534 939
534 746
230 147
510 125
337 514
337 505
678 696
334 607
334 586
334 843
253 566
253 151
188 862
188 614
188 280
188 502
730 868
730 912
730 168
499 41
499 956
499 48
499 618
499 679
499 723
499 758
499 844
499 918
798 784
879 663
879 206
333 991
333 767
638 509
118 862
118 502
685 629
435 500
435 782
435 586
435 416
788 634
788 299
67 207
67 165
67 561
67 963
67 344
48 956
48 558
48 319
48 216
48 458
132 842
947 774
538 862
538 991
402 50
991 470
991 710
991 0
991 295
991 61
991 976
991 249
991 502
991 862
991 6
991 858
991 409
991 228
991 78
991 767
991 693
991 178
165 257
165 316
165 344
165 31
165 857
40 712
40 196
40 488
40 187
650 682
873 698
364 454
236 1004
950 663
371 4
381 90
558 565
558 207
723 565
166 762
166 586
166 648
166 416
12 422
37 126
37 313
955 773
955 231
955 311
955 925
789 61
223 746
223 322
338 415
338 692
759 74
159 214
159 742
292 454
311 697
912 356
13 532
716 423
629 561
629 891
629 288
629 24
629 280
629 530
629 193
629 493
629 360
629 631
629 630
935 413
935 746
952 344
429 454
541 506
541 644
120 500
454 916
454 542
454 971
454 307
454 863
316 772
316 142
103 206
418 996
349 207
966 933
738 761
738 881
190 353
190 181
190 274
833 61
565 178
565 41
565 956
718 586
231 698
231 2
231 502
19 423
644 506
256 416
996 506
362 383
362 695
362 299
866 423
737 849
761 790
6 1004
586 984
586 838
586 126
586 782
586 416
249 280
78 502
243 61
243 790
698 245
698 764
178 767
178 90
851 978
547 862
719 630
90 767
90 663
90 147
90 692
90 191
2 61
175 553
175 849
784 900
746 214
746 665
746 388
746 692
35 207
206 622
335 201
196 413
618 321
86 443
86 152
168 472
581 936
74 984
356 743
167 978
410 423
700 61
322 663
322 310
322 343
630 493
239 809
506 199
485 513
772 566
772 865
772 75
280 862
280 388
280 502
443 742
443 152
509 388
697 925
697 855
423 246
423 16
423 724
502 862
502 61
502 692
388 900
293 862
724 14
277 147
194 863
472 743
758 844
692 233
908 425
715 171
984 762
972 147
696 595
200 136
200 857
857 136
978 214
905 281
686 147
355 147
790 868
595 404
648 416
648 765
267 112
663 343
112 416
891 360
577 147
900 633
900 863
900 742
590 147
602 743
171 933
171 147
416 765
416 782
416 313
933 147
420 96
