599 569
599 239
275 5
275 149
248 506
248 550
248 157
248 364
248 90
248 530
92 847
92 165
92 647
92 731
92 658
92 31
92 207
92 953
92 142
720 617
720 569
720 833
720 680
720 4
720 456
720 855
720 927
720 942
720 697
720 499
720 220
720 415
780 139
347 966
923 738
380 712
424 978
424 280
38 324
506 6
506 996
506 10
506 199
506 173
506 541
506 657
506 252
506 364
506 692
506 576
802 662
994 764
994 582
450 568
450 662
771 784
771 137
771 568
769 692
769 120
658 280
658 629
658 530
658 160
107 98
107 808
107 127
107 553
107 120
69 324
626 873
573 868
301 978
301 280
15 680
106 402
377 423
377 422
98 117
98 278
98 401
98 449
98 429
98 291
98 707
98 713
98 454
98 927
98 134
98 268
98 592
656 190
656 280
575 260
497 977
25 844
290 40
858 160
858 851
915 687
915 428
915 280
915 142
796 921
291 401
535 542
535 369
1001 103
1001 977
550 193
550 534
134 592
134 660
388 612
270 532
141 978
141 188
469 978
469 280
469 207
469 630
150 415
428 142
885 313
885 90
65 569
65 927
65 534
65 415
324 638
324 676
324 612
324 1
324 460
324 402
324 125
324 706
324 343
405 135
840 764
840 540
157 542
157 147
157 718
843 407
843 607
843 718
843 127
843 907
30 942
30 356
30 313
30 765
662 443
662 214
662 40
662 11
662 267
189 181
189 585
189 609
401 454
401 165
401 415
401 429
526 160
526 629
526 280
32 862
32 143
605 569
605 789
605 693
605 921
605 293
327 381
548 638
548 164
548 322
540 764
540 697
540 830
540 855
783 738
783 682
783 654
783 532
954 978
954 280
846 160
846 629
609 707
609 866
609 214
609 772
609 716
609 569
609 454
609 239
609 5
609 951
609 927
609 499
609 120
609 114
609 807
609 159
17 857
294 166
294 586
294 313
184 393
133 585
482 569
199 924
149 716
795 978
850 752
850 120
823 513
135 628
135 581
135 942
135 292
135 936
160 629
160 561
160 280
160 685
160 530
160 24
160 360
160 631
160 630
160 87
987 338
987 415
499 278
499 48
499 147
499 40
499 220
499 120
680 12
680 707
687 891
654 738
977 969
977 1004
977 418
977 423
534 612
534 322
679 844
510 139
510 622
334 997
334 159
334 415
334 127
125 622
125 322
188 978
188 280
630 920
630 629
630 415
220 927
220 890
220 90
220 772
220 120
220 91
220 471
500 435
232 168
646 542
646 62
421 978
685 629
685 643
788 322
67 963
67 165
67 344
67 207
132 139
502 90
991 61
165 316
165 31
165 142
274 280
704 743
40 415
40 90
40 566
40 471
40 193
40 633
40 53
40 159
40 214
40 927
607 415
650 682
302 142
260 912
260 168
381 643
2 790
2 77
173 13
166 586
676 622
53 927
53 997
11 619
812 746
812 532
223 638
0 330
740 612
159 865
159 629
159 940
159 569
159 62
159 116
159 147
159 671
159 927
752 569
752 927
335 532
311 697
912 356
912 168
13 532
716 890
716 158
716 718
104 765
935 746
935 966
969 410
323 139
541 16
541 921
168 356
168 586
168 77
168 416
454 927
454 592
103 423
738 761
542 927
542 62
612 633
612 415
612 927
190 120
990 280
990 142
561 629
561 280
940 415
127 415
127 569
127 866
127 75
127 120
24 280
24 629
718 866
718 61
951 569
951 927
569 278
569 710
569 214
569 90
569 890
569 235
569 249
569 196
569 862
569 415
569 409
569 78
569 120
278 591
256 356
952 200
952 142
931 841
6 249
586 984
586 868
586 267
647 280
647 142
249 409
249 359
249 226
249 921
532 516
164 638
921 14
921 881
921 724
921 1004
477 139
552 978
851 978
851 280
629 493
629 891
629 280
629 530
629 202
629 894
629 360
629 631
90 841
90 927
90 997
90 201
713 927
713 592
746 692
35 978
35 280
142 200
142 971
142 280
142 136
142 857
142 344
142 953
142 31
142 408
120 416
120 865
120 36
120 743
120 927
120 997
957 978
491 5
399 322
966 933
356 126
356 772
356 743
167 978
167 280
927 191
927 890
927 147
927 235
927 257
927 239
927 75
927 193
927 633
927 592
868 765
136 207
136 280
322 638
322 139
322 64
322 509
322 46
322 622
516 790
485 62
614 978
772 997
772 75
280 207
280 817
280 530
280 953
280 493
280 408
280 920
280 547
280 360
280 631
953 207
443 193
443 742
697 855
697 925
423 710
817 978
602 126
602 743
881 790
277 147
988 978
763 528
692 997
692 775
207 978
971 267
383 61
530 891
890 997
890 235
581 942
581 765
581 936
181 61
978 547
997 415
997 75
997 235
997 193
997 633
416 313
416 415
865 415
313 765
415 546
415 75
415 257
415 683
415 147
762 765
214 147
942 765
942 936
700 790
936 765
