599 178
275 175
703 239
688 169
688 898
644 702
248 687
248 506
92 658
92 316
445 891
347 933
923 462
923 53
923 159
923 609
923 65
229 607
373 190
595 450
840 698
840 987
251 987
424 469
424 795
329 660
329 540
329 963
38 832
506 414
506 1001
506 996
506 90
506 837
506 381
506 702
506 541
506 199
994 987
450 135
450 40
450 742
450 306
587 720
771 193
597 383
28 987
197 850
107 810
107 98
107 643
573 586
573 416
301 469
106 788
511 987
377 457
98 117
98 707
98 401
98 429
98 268
98 592
98 713
433 987
575 168
497 977
25 704
25 90
858 35
858 991
858 891
915 428
915 200
915 316
915 647
535 462
582 105
582 541
582 832
582 987
582 364
582 849
582 311
273 951
720 581
720 936
550 812
550 500
543 316
853 343
134 592
740 788
740 322
740 157
250 886
659 306
617 193
617 462
617 415
141 188
731 422
428 316
159 810
159 53
159 502
65 687
462 189
462 278
462 586
462 223
462 687
462 607
462 334
462 591
462 692
324 139
324 612
281 280
157 147
843 779
30 868
30 313
30 765
662 443
662 568
189 607
189 239
189 410
189 91
603 634
401 454
401 165
401 429
401 415
526 2
526 629
837 719
837 199
605 178
327 381
563 546
783 738
783 850
783 516
783 654
783 719
954 469
926 147
846 67
846 629
846 561
209 356
609 239
609 707
609 633
609 91
609 772
609 1003
17 316
17 857
447 294
586 500
586 310
586 687
586 762
586 166
586 435
586 542
586 356
586 765
586 472
586 912
586 591
586 416
294 232
294 416
184 686
679 499
540 698
540 774
540 987
540 231
540 697
540 955
546 245
546 629
546 293
795 469
795 207
795 421
850 541
823 646
823 551
101 423
880 707
135 963
135 334
135 549
160 838
160 658
160 24
160 214
160 629
987 245
987 789
987 809
987 872
987 641
987 338
987 849
987 873
987 432
987 764
987 482
987 311
987 361
987 95
987 68
987 531
987 231
987 56
987 364
987 955
499 704
499 48
499 918
499 565
499 684
499 844
499 318
499 321
680 2
487 139
687 356
687 776
654 738
654 991
812 790
812 700
812 415
812 2
977 1004
977 423
977 418
534 139
534 510
534 477
534 343
241 469
510 139
510 509
154 139
334 220
334 322
334 2
334 671
334 120
125 939
125 139
188 607
188 469
188 851
102 139
630 629
630 891
592 454
592 927
592 268
592 713
333 178
500 332
500 435
232 147
232 168
810 381
421 469
685 629
435 332
435 782
788 634
67 963
67 165
67 207
67 561
48 704
947 774
947 568
538 178
538 502
176 61
991 178
165 31
165 316
165 142
670 335
477 139
835 443
835 963
40 695
415 316
415 220
415 191
607 316
607 549
607 75
607 1001
607 591
607 356
607 963
607 147
607 692
607 502
309 1
873 698
847 658
302 316
963 245
963 443
963 581
963 68
963 588
963 712
963 746
963 995
963 855
963 764
963 769
963 836
963 692
260 168
381 192
558 918
558 90
166 356
166 416
166 74
53 927
53 193
53 343
939 139
338 278
338 231
0 178
0 249
495 568
422 78
976 178
752 191
311 697
912 356
912 168
13 719
716 724
629 658
629 631
629 561
629 891
629 214
629 280
629 530
629 24
629 633
629 493
629 360
832 90
565 704
935 413
935 746
952 316
704 844
185 762
682 541
541 16
541 1001
120 772
454 772
454 429
316 200
316 971
316 647
316 136
316 483
316 857
316 990
316 344
316 31
316 142
316 953
517 356
517 61
517 112
103 423
103 310
418 996
738 719
542 356
784 193
190 920
190 181
190 274
190 353
190 656
663 410
663 343
951 772
940 193
127 19
24 891
718 356
718 61
718 980
718 591
718 502
231 245
231 698
256 416
996 423
996 199
122 980
743 356
105 742
710 178
6 178
647 142
968 854
78 178
78 702
698 245
698 764
178 862
178 470
178 409
178 228
178 767
178 693
178 249
178 502
364 764
591 356
851 978
851 502
547 469
547 978
90 900
90 742
90 216
90 868
90 142
2 469
2 790
2 272
817 469
35 469
170 697
249 409
206 139
386 319
1 310
86 443
168 984
168 356
168 472
168 782
168 77
168 416
957 469
174 139
356 416
356 762
356 77
356 61
356 765
356 472
356 927
356 502
167 469
809 772
700 171
306 742
322 879
239 891
239 742
239 692
220 75
353 891
469 207
469 978
614 978
772 633
772 742
772 147
772 75
838 267
488 568
443 152
697 855
697 925
423 246
502 862
502 61
724 5
277 147
758 844
758 918
458 319
692 746
692 742
692 233
692 736
692 75
908 765
956 319
956 918
971 200
715 147
530 891
368 310
272 568
46 310
413 746
648 765
267 891
416 193
416 762
310 343
891 483
900 742
746 214
568 379
524 139
319 216
319 918
918 844
