437 1001
599 569
599 178
599 333
275 175
703 61
14 881
14 702
688 335
644 199
248 987
535 927
535 90
499 684
347 577
347 966
562 454
229 659
229 306
373 190
251 987
424 207
424 280
424 421
424 795
329 176
329 987
329 233
624 231
977 1004
977 423
977 1001
977 418
802 450
802 40
802 61
994 161
994 789
994 28
994 543
994 641
994 987
994 540
994 955
994 311
994 338
994 24
450 754
450 900
450 61
450 272
450 572
450 40
450 595
450 692
450 662
828 738
828 719
528 565
528 340
528 692
528 765
528 48
771 546
771 306
769 176
769 987
769 83
769 742
658 280
658 629
658 530
28 540
28 987
197 987
197 850
197 790
107 810
107 454
107 208
107 98
107 192
107 980
573 586
301 280
15 731
15 680
15 422
865 90
377 506
377 718
98 117
98 278
98 707
98 401
98 134
98 268
98 592
98 713
656 190
656 280
575 332
575 472
371 135
25 704
290 253
290 214
875 454
915 61
915 200
915 316
915 136
915 428
915 280
915 857
291 401
332 782
332 435
332 500
1001 541
433 987
543 540
853 343
557 912
134 987
388 638
250 927
250 782
659 61
659 807
659 306
737 335
908 765
469 280
469 167
469 274
469 61
150 833
731 53
731 987
428 454
428 61
428 316
428 857
923 633
923 53
923 987
923 214
923 772
923 120
954 280
159 607
159 987
159 544
159 214
159 724
159 56
159 502
65 987
462 687
462 987
324 139
324 334
614 53
614 280
559 634
840 987
628 135
30 104
30 868
30 936
30 126
30 912
30 765
30 168
662 40
662 61
189 920
189 718
401 454
401 165
401 415
401 429
526 280
526 629
526 891
526 360
867 138
883 718
605 569
605 178
605 789
605 333
327 381
808 335
783 738
783 506
783 650
92 280
92 647
926 715
846 67
846 280
846 629
846 561
209 765
609 987
447 984
817 280
817 294
180 727
638 334
638 832
133 168
133 602
549 135
540 641
540 987
540 311
540 24
540 338
540 955
58 909
82 870
807 83
807 306
795 421
850 761
850 987
823 927
823 485
101 246
101 423
160 280
160 629
160 493
987 789
987 338
987 849
987 890
987 582
987 809
987 311
987 671
987 257
987 633
987 983
987 68
987 90
987 471
987 239
987 683
987 798
987 214
987 764
987 963
987 120
987 245
987 334
987 364
987 872
987 641
987 772
987 738
987 746
987 361
987 873
987 482
987 185
987 607
987 196
987 752
987 95
987 91
987 833
987 75
987 432
987 193
987 53
987 531
987 231
987 951
987 131
987 56
987 576
987 692
987 955
791 617
791 687
487 139
687 739
654 738
654 650
939 139
552 454
534 139
534 64
534 951
534 334
534 832
534 343
776 334
78 569
78 178
78 333
337 514
337 1
337 477
337 936
154 139
334 454
334 91
334 772
334 607
334 692
334 132
334 671
334 120
125 139
253 454
253 566
253 151
188 280
102 139
630 629
630 530
333 862
333 470
333 6
333 710
333 409
333 228
333 0
333 767
333 693
333 178
333 569
333 312
333 249
333 538
333 502
500 814
293 280
421 280
685 629
435 782
67 207
67 165
67 561
67 963
67 344
72 135
48 918
502 228
502 569
502 178
502 538
502 532
538 569
538 178
176 245
176 836
176 641
176 588
176 135
176 581
176 746
176 692
176 855
176 764
176 482
176 68
176 995
566 713
165 207
870 135
870 12
477 139
40 900
40 272
40 572
607 316
607 231
607 591
650 738
650 682
29 335
29 236
934 595
236 537
236 335
950 832
950 343
260 912
260 790
260 168
381 335
381 192
381 980
723 41
166 765
166 803
664 335
955 582
754 718
223 322
223 343
338 193
759 586
0 569
0 178
422 280
295 569
113 927
113 854
976 569
976 178
752 191
752 120
335 537
335 192
335 670
335 208
335 643
335 175
335 1004
335 468
335 5
335 553
335 464
335 980
912 472
912 168
719 738
735 454
135 61
135 581
135 942
135 178
135 170
135 120
135 692
135 161
832 509
565 684
565 918
565 679
935 413
935 746
935 966
935 90
952 200
704 918
323 139
745 738
2 126
2 231
541 979
168 984
168 77
168 232
168 472
168 362
168 126
168 782
454 429
454 196
454 127
454 268
454 264
454 612
454 147
454 822
454 415
316 629
316 214
316 647
316 90
316 857
517 459
103 423
103 310
418 105
418 996
966 933
738 761
542 927
542 62
684 844
684 956
684 918
784 61
784 742
190 920
190 181
190 274
190 353
990 280
990 56
663 343
561 280
561 629
561 647
127 866
318 918
24 280
24 629
718 61
718 724
718 595
718 866
531 214
231 245
231 764
918 679
918 844
918 321
569 862
569 470
569 991
569 710
569 767
569 409
569 228
569 6
569 693
569 249
770 927
256 416
362 171
722 927
137 742
137 936
794 854
6 178
586 762
586 294
586 383
586 267
586 120
647 280
31 838
267 674
267 280
267 142
510 139
369 927
274 280
944 90
178 862
178 470
178 710
178 646
178 409
178 228
178 767
178 693
178 249
206 139
851 280
851 61
161 61
161 443
444 927
629 891
629 280
629 530
629 493
629 360
629 978
629 631
90 927
90 343
90 186
90 857
641 56
175 849
746 413
746 214
746 692
374 306
35 280
142 280
1004 410
86 443
120 91
174 139
581 61
581 936
143 696
74 126
356 472
356 765
356 416
167 280
927 485
927 646
927 854
927 513
927 551
927 416
980 320
980 670
868 743
306 61
306 742
306 660
322 299
322 343
803 772
803 112
812 790
506 5
506 576
353 891
280 631
280 136
280 207
280 530
280 953
280 241
280 493
280 408
280 920
280 547
280 360
280 32
443 152
774 947
56 482
733 764
423 246
602 61
602 743
118 5
277 458
194 951
693 32
472 782
472 743
472 416
692 61
692 415
692 233
692 775
530 891
530 493
890 646
857 61
696 181
126 782
126 416
493 891
32 862
32 214
32 61
707 214
272 900
272 61
272 595
595 404
595 900
648 765
416 765
310 343
577 936
900 61
900 742
830 61
568 61
171 933
991 61
524 139
415 138
743 765
633 193
214 147
742 61
66 227
216 321
61 765
