599 569
275 327
248 157
535 927
720 135
347 147
373 344
256 313
605 569
605 470
26 40
624 873
624 231
977 497
977 969
977 541
977 1004
977 418
977 1001
450 40
450 595
450 65
416 356
416 313
416 305
416 168
769 233
694 845
113 927
197 135
197 702
107 98
573 126
301 978
15 731
15 680
15 406
15 422
511 695
377 866
98 454
98 713
656 190
921 783
260 77
858 552
915 731
915 159
915 65
427 955
291 117
291 278
291 454
291 134
291 268
291 713
332 500
1001 506
1001 175
543 200
388 324
250 927
250 886
141 978
485 927
485 823
731 157
731 951
731 406
731 584
731 422
731 284
731 680
428 658
65 135
65 687
65 530
65 742
65 920
65 776
65 851
65 502
324 638
324 159
324 334
324 534
324 591
840 698
840 764
157 607
157 542
157 356
157 147
157 775
30 356
30 313
30 765
662 443
144 175
189 506
189 629
401 454
401 429
401 415
526 629
526 360
392 316
663 223
424 207
424 795
424 421
424 978
424 847
548 164
783 738
783 687
783 506
783 541
954 978
926 748
926 61
846 631
846 629
846 561
209 356
303 103
303 343
184 724
679 565
679 318
540 698
540 311
540 925
540 955
546 607
82 135
149 239
795 978
372 595
372 572
101 246
101 866
101 423
135 628
135 870
135 371
135 581
135 214
135 4
135 942
135 292
160 629
987 531
987 789
987 56
987 231
987 955
499 91
499 956
499 321
499 48
499 558
499 844
680 406
687 742
687 671
654 738
754 595
552 978
552 851
142 24
589 383
334 159
188 978
292 581
482 569
798 90
333 569
333 743
58 909
118 716
421 978
685 629
685 530
685 643
423 246
423 710
423 175
423 446
67 963
67 344
67 207
72 214
48 319
48 956
48 918
48 704
132 842
369 927
369 646
947 774
947 568
538 569
991 569
165 683
406 12
40 159
607 738
607 749
607 517
607 147
650 175
873 698
873 231
950 103
950 343
308 147
381 506
558 216
723 565
723 704
166 586
955 773
955 925
955 311
812 790
789 470
0 569
495 568
446 175
295 569
159 809
159 951
159 136
159 940
159 978
159 851
716 365
34 997
832 788
976 569
952 200
894 629
704 956
704 321
704 684
704 743
2 126
2 586
2 790
541 16
541 199
120 278
120 454
454 772
454 429
712 272
712 380
103 514
103 164
103 310
738 761
738 996
738 951
542 927
542 62
612 415
684 956
684 318
512 978
190 274
190 891
187 695
561 629
318 565
318 918
817 978
565 41
718 749
718 61
718 502
718 293
718 724
531 641
231 698
231 749
770 927
380 440
362 854
522 61
722 927
737 849
737 175
956 790
6 569
6 506
586 984
586 356
586 126
586 762
586 267
586 602
823 927
823 257
267 944
532 670
698 245
698 764
575 77
851 978
444 927
629 280
629 493
629 891
629 658
629 24
629 530
629 749
629 202
629 360
629 631
629 630
175 246
175 849
749 502
749 692
746 692
35 978
249 569
456 936
537 440
695 585
409 569
86 443
854 927
957 978
356 472
356 743
356 77
167 978
582 764
927 646
927 513
927 551
136 200
924 14
924 199
344 200
322 64
322 879
322 343
239 857
506 670
506 199
553 670
469 978
614 978
488 568
443 742
502 569
440 226
724 246
724 14
198 568
988 978
988 207
693 569
693 228
692 233
207 978
710 569
971 200
470 569
530 891
62 743
62 646
5 246
5 670
844 672
228 569
181 920
978 547
272 595
686 577
862 569
891 214
568 379
602 743
313 765
920 633
319 216
933 147
633 193
214 147
