599 333
644 924
644 14
256 721
256 356
996 506
687 746
866 101
285 715
38 334
535 444
445 288
780 103
819 1003
923 193
923 738
923 746
923 541
923 772
923 591
923 921
923 528
275 849
275 175
761 928
424 658
424 421
424 795
6 333
586 500
586 746
586 283
586 126
586 782
586 166
586 447
249 333
977 103
78 333
698 245
698 873
698 231
698 840
698 764
698 540
684 746
274 353
274 817
178 502
963 67
444 62
629 160
629 288
629 2
629 267
629 530
629 630
90 335
90 416
90 479
90 656
90 168
2 700
2 790
978 167
175 849
15 680
746 812
746 200
746 665
746 731
746 517
746 935
746 742
746 413
746 542
746 356
746 668
746 692
746 157
746 550
746 992
516 783
98 401
617 214
510 139
31 165
575 912
206 139
290 214
858 530
409 333
291 401
1001 506
1001 103
86 443
767 333
66 52
120 772
702 14
347 715
347 157
470 333
957 953
378 103
581 932
581 692
581 936
731 284
731 680
731 214
731 422
125 139
849 423
74 126
324 139
590 715
713 454
713 592
157 686
980 335
980 479
30 765
662 443
189 181
700 413
14 506
609 592
401 454
401 165
401 415
401 429
288 561
288 493
288 838
867 236
344 67
344 165
322 334
630 493
630 530
605 333
605 228
239 988
239 353
506 541
353 951
818 438
818 58
469 207
469 167
926 715
846 67
119 880
439 168
772 454
838 561
838 530
953 207
443 152
949 556
294 126
294 313
540 925
540 855
540 697
540 311
540 692
423 101
807 214
502 333
440 810
795 207
795 421
104 126
104 721
104 765
693 333
472 912
472 946
680 284
680 422
692 214
692 159
487 139
666 828
207 67
710 333
931 715
654 738
715 171
715 686
715 972
715 933
715 577
715 748
715 147
552 181
534 139
534 334
530 214
530 267
984 782
154 139
62 168
102 139
814 500
592 454
333 862
333 228
333 0
333 569
333 312
333 538
500 126
500 782
500 166
500 435
696 181
232 790
200 316
126 782
126 648
174 139
67 165
67 561
32 61
707 951
165 316
477 139
686 577
413 935
650 828
648 721
950 103
724 91
676 139
556 168
932 135
939 139
64 139
159 214
912 168
935 668
514 103
214 306
214 147
742 784
323 139
168 790
784 306
790 306
