599 178
275 479
275 849
275 175
278 98
248 245
248 836
248 68
248 329
248 571
248 891
248 581
248 338
248 588
248 945
248 135
248 746
248 789
248 231
248 840
248 764
248 540
248 226
248 591
248 692
535 927
535 823
720 135
720 90
347 319
347 966
347 157
923 687
923 890
923 159
923 214
923 90
923 782
923 746
923 591
462 762
251 987
605 178
329 264
329 819
977 1001
977 1004
977 418
977 996
977 153
802 450
994 764
994 987
450 900
450 595
450 572
450 272
450 662
828 132
828 650
142 915
769 830
113 927
113 546
28 987
107 810
107 98
107 980
573 416
15 731
15 680
15 422
106 788
511 987
377 729
377 422
98 117
98 401
98 429
98 291
98 707
98 713
98 454
98 134
98 268
98 592
433 32
433 987
575 782
575 232
575 168
371 135
371 136
371 546
371 522
25 704
290 566
290 159
290 214
915 857
915 990
915 200
915 316
915 647
915 428
915 122
915 136
915 952
915 92
915 165
915 543
915 17
915 344
915 302
915 546
915 31
915 953
915 971
427 731
427 399
427 422
796 724
594 135
291 401
966 933
966 935
966 227
582 987
543 344
250 927
659 742
52 648
52 168
731 741
731 422
428 953
428 546
428 857
885 416
840 698
840 987
157 416
628 135
843 407
843 779
30 256
662 443
662 86
189 546
603 622
401 454
401 429
401 415
526 629
424 630
424 795
327 381
657 173
954 167
846 67
846 629
609 53
863 742
447 586
447 260
111 586
111 416
901 742
180 639
180 727
184 333
133 126
133 648
540 698
540 692
540 987
540 925
540 311
540 231
540 697
540 955
199 924
199 14
199 996
82 135
149 716
647 847
880 707
135 870
135 90
135 581
135 607
135 4
135 942
135 170
135 936
160 546
160 629
987 245
987 789
987 872
987 641
987 338
987 849
987 873
987 432
987 809
987 764
987 482
987 311
987 361
987 95
987 68
987 531
987 231
987 56
987 364
987 955
499 704
680 707
812 790
534 334
339 178
78 178
78 951
337 187
337 505
334 159
334 460
334 502
125 622
482 56
482 53
333 178
638 164
232 912
232 472
232 168
293 724
810 159
685 629
685 1001
685 724
435 782
435 267
67 207
67 165
67 561
67 963
67 344
48 193
132 1001
369 927
947 774
538 178
538 951
870 12
835 742
40 695
607 231
873 698
847 92
934 595
260 168
558 565
558 704
173 506
173 14
173 541
166 416
676 622
53 193
53 912
955 231
754 718
754 127
338 922
338 692
0 178
295 178
159 787
159 61
159 695
159 178
159 56
311 697
912 416
912 77
912 168
716 114
832 423
976 178
935 746
969 410
704 684
185 201
2 500
2 231
541 643
168 472
168 782
168 648
168 77
168 416
316 344
517 112
517 267
103 423
418 996
175 849
684 546
684 844
784 742
514 395
561 629
24 953
24 31
24 629
24 530
24 90
565 546
718 114
718 61
231 698
951 502
569 178
770 927
644 14
256 356
122 408
743 62
743 416
658 92
658 629
522 546
722 927
737 849
761 881
6 178
586 984
586 500
586 868
586 356
586 74
586 416
823 927
823 513
249 178
249 32
267 493
267 112
267 891
267 674
267 530
698 245
698 764
921 29
178 470
178 991
178 710
178 502
178 862
178 409
178 228
178 767
178 693
591 746
591 460
851 988
851 546
161 443
444 927
629 891
629 280
629 530
629 493
629 360
629 631
629 630
90 581
641 56
746 214
746 692
510 622
542 927
542 485
542 546
542 62
542 416
1 310
86 443
841 546
74 984
356 868
167 630
1001 14
927 485
927 646
927 854
927 513
927 551
572 862
868 416
14 506
14 702
14 724
14 924
306 742
674 416
322 879
630 891
854 416
553 670
485 646
838 857
299 388
443 152
443 742
443 483
697 925
697 855
724 246
724 181
993 742
693 710
472 782
692 742
530 891
126 790
679 546
515 500
515 648
686 577
648 416
416 112
416 782
416 762
416 326
416 602
17 546
171 933
672 844
782 500
920 546
633 193
700 790
216 321
136 546
