866 716
599 569
599 688
580 143
703 772
703 443
703 306
979 850
979 923
285 571
278 65
248 135
248 157
535 927
535 823
720 135
720 617
720 942
923 783
923 53
923 644
923 719
923 996
923 90
923 772
923 707
923 159
923 199
923 738
923 890
923 650
923 334
923 880
923 410
923 214
923 13
923 235
923 921
923 500
923 14
923 633
923 924
923 39
923 1001
923 193
923 239
923 506
923 875
923 231
923 951
923 837
923 476
923 541
923 120
229 628
229 483
818 478
424 207
424 990
424 421
424 978
424 795
329 245
948 112
948 592
362 135
362 383
362 168
977 189
977 650
977 418
977 1001
977 796
506 850
506 644
506 951
420 559
994 764
450 572
450 695
450 571
828 106
416 586
416 166
416 759
416 765
416 762
416 168
416 133
416 927
416 147
416 912
416 648
416 602
771 161
113 927
113 823
107 381
276 674
573 586
301 978
15 680
106 634
106 509
106 740
106 788
106 1001
377 718
377 422
98 429
98 592
656 188
466 187
921 850
921 381
921 541
260 912
260 77
260 168
290 53
915 165
915 971
915 428
915 280
915 530
915 142
915 607
915 92
915 344
915 302
915 31
915 953
915 316
915 920
915 990
915 200
915 647
915 136
915 952
915 857
915 543
915 17
915 591
915 851
796 14
291 429
332 500
332 435
1001 850
1001 685
723 933
433 789
433 987
557 168
134 592
861 896
388 299
250 927
250 886
250 823
270 850
702 644
702 14
702 850
52 126
52 868
52 472
52 168
141 978
485 927
485 513
485 62
485 646
485 823
150 772
731 789
885 571
65 135
65 56
65 334
324 1
840 698
840 540
840 987
157 844
30 104
30 765
662 443
662 86
189 470
189 904
189 114
189 652
189 716
189 6
189 1004
189 718
189 365
189 410
189 595
189 249
189 201
189 236
401 429
401 165
401 415
526 24
526 685
526 160
526 360
837 783
837 850
392 674
392 112
305 472
605 569
327 850
327 381
657 850
808 688
783 654
783 682
783 850
783 13
954 978
954 847
846 561
17 857
447 984
447 586
294 126
294 586
294 790
133 168
540 698
540 955
199 850
795 978
850 644
850 719
850 654
850 682
850 945
850 738
850 650
850 13
850 761
850 14
850 996
850 881
850 173
850 516
850 924
850 131
850 541
850 576
647 658
647 953
647 847
101 423
135 581
135 942
160 571
160 891
160 629
987 789
987 56
987 364
987 531
499 684
680 707
687 772
687 334
654 738
944 267
391 274
776 571
776 334
142 658
337 505
859 743
334 159
334 940
223 103
223 97
223 120
646 62
646 369
646 551
646 823
646 927
646 513
482 569
482 847
220 749
333 569
500 435
232 168
421 978
421 817
421 630
685 643
685 630
685 724
435 782
788 634
67 963
67 344
67 207
67 165
630 493
48 458
369 927
369 62
369 823
947 774
538 569
538 502
991 569
991 61
165 847
165 31
870 628
870 571
415 569
415 191
607 528
607 168
873 698
847 569
847 31
847 207
371 585
558 565
166 126
166 168
639 1004
591 692
53 61
124 823
754 718
789 470
188 469
188 978
0 569
295 569
159 586
752 193
335 532
13 719
13 682
13 532
912 868
912 168
912 77
935 696
935 571
952 200
185 830
185 502
2 700
2 790
2 532
541 951
120 191
454 429
454 592
158 719
517 356
517 112
103 368
418 105
175 423
684 458
684 844
684 571
663 571
663 343
682 719
78 688
78 951
318 844
24 891
565 956
718 61
718 711
692 749
692 746
692 775
569 470
569 710
569 280
569 530
569 976
569 249
569 502
569 862
569 6
569 749
569 409
569 228
569 693
791 32
644 924
256 472
122 114
658 92
658 493
722 927
722 186
722 823
956 844
761 700
761 790
761 532
761 516
586 803
586 214
586 868
586 267
571 277
571 542
571 900
571 742
571 62
571 394
571 910
571 161
823 790
823 854
823 394
823 513
823 821
823 62
823 542
823 444
823 551
823 927
823 556
267 674
267 112
532 700
532 790
532 881
532 516
698 245
698 231
698 764
164 638
552 978
706 239
534 64
534 510
851 920
851 978
444 927
784 306
749 191
749 660
749 75
817 978
858 849
374 953
35 978
542 927
542 854
695 187
409 688
854 927
854 62
168 868
168 77
957 978
975 397
356 868
356 112
356 472
167 978
927 513
927 592
927 551
927 770
268 592
671 397
868 472
868 743
14 724
546 920
306 194
306 742
674 112
322 343
803 112
239 596
592 713
353 891
469 978
614 978
119 790
299 509
697 855
423 246
423 319
502 862
724 246
585 659
198 568
194 528
988 978
472 313
472 743
472 602
758 844
458 844
207 92
207 978
146 326
62 551
62 513
62 394
200 696
857 193
45 227
978 547
515 214
648 765
32 214
519 790
900 742
602 743
672 844
84 343
214 765
66 227
216 321
