599 333
599 710
644 924
586 718
275 849
275 175
362 528
703 443
866 754
866 377
687 160
687 915
687 75
687 65
248 772
248 692
522 802
92 658
720 617
720 587
720 833
105 418
737 537
737 849
562 323
956 2
373 344
790 2
256 356
761 516
605 333
605 693
605 293
6 772
6 333
433 738
433 994
433 120
948 160
647 428
647 142
466 662
977 153
977 1001
977 418
267 674
267 112
267 891
532 2
532 381
164 402
236 189
477 102
994 540
450 754
450 900
450 596
450 772
450 272
450 947
450 40
450 662
963 67
706 42
591 61
591 915
591 160
851 772
851 920
851 280
851 915
771 660
497 491
113 927
658 629
658 493
719 14
90 531
90 220
641 633
682 924
175 1004
175 423
175 849
409 333
323 524
323 102
323 299
516 837
516 2
377 754
377 101
915 316
915 923
915 159
915 280
915 136
915 120
142 207
31 165
31 716
31 847
921 506
921 14
1 309
537 107
25 458
290 214
695 572
381 335
381 772
381 192
381 5
427 955
291 401
332 500
1001 924
86 443
8 144
8 696
854 927
854 535
550 546
543 428
318 684
722 927
722 535
120 783
120 226
120 233
120 834
120 201
120 356
120 530
120 65
120 772
120 718
120 388
120 542
120 334
120 157
120 141
120 739
120 292
120 502
250 927
250 535
702 924
702 14
12 680
470 333
470 789
907 393
141 614
141 188
141 280
141 241
936 30
485 927
485 513
150 147
150 415
731 159
731 422
428 165
428 838
428 136
428 857
125 102
65 772
65 75
65 191
324 534
324 102
405 135
575 472
575 168
410 14
157 577
157 686
927 646
927 823
927 513
927 542
927 535
927 369
927 551
927 444
927 770
843 724
30 356
30 313
30 912
30 762
662 61
662 443
189 281
189 214
868 52
868 356
14 506
14 924
260 912
260 77
401 454
401 165
401 683
401 415
401 429
924 506
924 173
924 199
344 67
344 165
53 940
752 253
752 978
752 191
630 469
424 847
830 185
798 159
540 633
540 855
540 697
540 364
540 338
540 955
353 891
24 360
24 629
24 493
24 136
783 738
783 850
469 207
528 356
614 185
846 561
609 707
772 920
772 223
772 754
772 517
772 75
772 535
772 5
772 334
772 742
772 684
581 135
280 920
280 629
280 530
303 343
773 955
443 61
443 152
443 742
774 947
232 369
697 855
697 311
697 925
58 158
423 246
423 101
502 333
264 454
388 951
414 891
292 135
292 158
724 293
837 700
850 738
850 91
101 246
77 912
135 942
126 2
126 759
126 356
160 530
693 569
472 356
472 743
472 535
472 168
499 684
136 159
680 707
692 61
52 45
52 66
207 67
207 165
710 333
971 200
106 788
939 102
534 102
230 147
533 742
510 102
154 102
678 696
62 542
62 369
62 646
62 159
304 4
334 185
334 159
334 879
855 34
102 524
482 569
249 333
249 158
500 159
500 435
546 802
643 685
810 107
228 333
435 782
67 165
48 704
369 535
369 168
679 565
707 633
707 951
707 98
707 1003
165 990
870 82
191 415
272 754
272 910
272 61
272 306
686 577
283 159
61 900
61 306
61 991
61 718
873 231
748 308
997 34
564 459
415 569
415 91
415 372
415 833
415 185
862 333
950 663
865 158
891 631
891 629
2 335
2 628
2 700
273 951
356 718
356 912
356 743
356 168
538 333
590 159
925 955
955 311
654 738
223 343
879 420
879 322
313 765
0 333
444 535
159 214
159 765
159 742
159 912
912 168
716 158
629 360
987 531
333 569
742 214
942 712
429 454
168 885
535 542
712 40
749 569
214 940
214 765
420 96
