599 178
599 506
275 849
275 175
644 738
644 506
644 199
248 506
92 316
720 617
720 383
720 4
720 870
720 680
780 514
780 509
347 147
923 738
923 687
923 334
923 772
923 450
923 684
923 591
923 120
373 190
595 127
251 987
251 159
605 178
605 228
329 233
711 718
977 1004
977 497
977 32
977 418
977 1001
708 718
802 450
802 40
729 189
729 377
994 531
994 987
450 695
450 568
450 684
450 776
828 837
771 4
771 901
597 738
658 629
28 987
28 955
107 537
107 5
107 381
107 98
107 201
107 980
573 586
15 731
15 680
106 509
377 718
377 586
377 457
377 393
377 731
377 630
377 422
98 117
98 454
98 707
98 278
98 401
98 134
98 429
98 268
98 592
98 713
656 190
656 920
575 912
575 332
575 168
260 790
260 77
260 168
25 458
290 253
290 278
290 589
290 214
290 159
915 586
915 200
915 316
915 647
915 428
915 776
915 136
915 165
915 142
915 341
915 17
915 739
915 857
915 684
915 517
291 454
291 401
332 500
332 586
332 126
332 111
332 416
582 987
582 231
723 758
723 41
723 458
543 316
557 912
557 168
134 738
134 592
976 178
976 78
388 96
250 927
270 576
702 506
52 356
52 168
731 696
731 870
731 669
731 143
731 8
731 563
731 739
731 422
731 797
428 990
428 316
428 214
428 136
428 362
428 857
159 189
159 865
159 334
159 724
159 517
159 62
159 56
159 214
159 742
159 963
159 978
159 692
65 607
65 193
324 64
320 843
559 622
559 50
840 698
840 987
157 684
157 586
843 201
843 127
189 718
189 236
401 454
401 165
401 415
401 429
526 629
392 696
392 630
392 316
32 433
32 214
32 90
424 990
424 421
424 709
327 381
783 738
783 682
783 650
954 585
954 362
846 67
846 629
846 561
209 356
609 334
17 165
17 316
17 857
447 586
586 617
586 687
586 111
586 310
586 356
586 782
586 776
586 530
586 762
586 294
586 684
586 267
586 416
184 710
184 832
482 178
482 987
317 91
795 421
850 738
101 423
101 90
135 581
135 870
135 170
135 72
135 936
160 629
160 891
160 630
987 245
987 789
987 809
987 872
987 641
987 338
987 849
987 873
987 432
987 764
987 433
987 540
987 311
987 361
987 95
987 68
987 531
987 231
987 56
987 364
987 955
294 984
294 256
294 313
294 648
294 416
487 64
687 607
687 617
687 334
687 684
654 738
654 682
654 650
812 700
812 790
812 362
38 474
38 309
38 591
38 334
534 607
534 64
534 102
534 334
534 510
776 975
776 684
776 517
776 671
142 316
142 951
111 765
334 617
334 278
334 191
334 75
334 607
334 692
125 622
125 64
253 566
253 151
292 769
102 64
540 773
540 698
540 832
540 233
540 245
540 955
220 772
333 569
333 178
333 693
638 164
232 782
232 472
232 168
118 335
421 188
685 838
685 629
685 630
788 509
67 207
67 165
67 561
67 963
67 344
48 458
947 774
947 568
538 178
165 316
870 12
477 64
415 607
415 214
415 191
415 692
415 416
607 61
607 306
607 127
607 833
607 718
607 612
607 231
607 742
607 569
607 591
607 692
607 502
650 738
650 682
873 698
302 316
236 1004
371 4
371 362
558 458
173 10
173 541
166 74
166 416
676 622
53 193
188 274
0 178
295 178
613 90
912 356
912 949
912 472
912 416
912 168
13 738
104 765
104 74
832 710
565 318
935 746
952 316
716 718
614 267
323 622
682 738
541 738
120 245
454 429
454 592
293 724
316 90
316 990
316 200
316 971
316 647
316 136
316 857
316 344
316 214
316 31
316 953
517 684
418 996
738 14
738 996
738 979
738 921
738 1001
738 231
738 433
542 62
684 356
684 530
684 851
190 920
190 181
190 274
190 353
663 239
663 399
663 90
663 343
561 629
561 493
940 214
127 61
24 629
718 904
718 61
718 754
718 591
231 698
951 707
951 866
256 356
256 133
996 199
362 695
105 374
956 758
956 458
956 319
956 790
133 416
6 178
893 509
78 178
698 245
698 925
698 764
274 167
178 862
178 470
178 991
178 710
178 646
178 767
178 409
178 228
178 693
178 249
178 502
591 61
851 978
444 535
629 891
629 280
629 530
629 493
629 360
629 631
629 630
90 313
90 306
90 509
90 191
90 193
90 356
90 472
90 736
90 546
90 416
175 849
713 592
746 214
939 64
510 622
510 64
206 64
618 458
1004 208
168 949
168 782
168 266
168 356
168 472
168 648
168 416
41 758
975 397
581 936
74 356
356 868
356 313
356 126
356 743
356 765
356 416
356 472
356 602
167 988
927 592
268 592
671 397
868 416
306 742
674 112
322 64
322 343
630 493
630 978
630 530
506 724
506 199
485 513
280 739
154 64
56 432
697 855
423 246
633 233
724 246
277 147
988 978
693 228
472 782
472 313
472 743
758 918
758 458
758 844
458 672
458 73
458 319
458 216
692 214
692 233
692 191
715 147
530 891
62 214
814 500
200 136
648 267
267 700
416 949
64 139
64 524
991 61
483 61
214 233
245 233
