599 569
599 470
995 334
580 976
580 791
703 951
278 98
248 135
248 915
248 762
248 586
248 550
248 157
248 581
248 450
248 595
248 492
248 502
38 159
535 927
535 854
720 617
720 731
720 159
780 106
347 966
923 609
923 53
923 334
923 159
923 197
923 214
923 890
923 75
923 880
229 769
229 469
229 483
229 106
229 742
818 438
605 569
605 470
329 334
948 165
624 245
977 236
977 541
977 1001
977 418
708 718
802 450
802 90
450 40
587 326
587 343
769 692
769 742
658 629
197 609
107 687
107 440
107 670
107 5
107 118
107 98
107 980
107 75
107 553
573 868
573 586
573 416
301 978
15 731
106 309
106 139
106 1
106 740
377 607
377 731
377 630
377 530
98 117
98 707
98 454
98 134
98 291
98 268
98 592
98 713
433 693
466 712
466 662
575 260
497 491
25 458
290 253
290 193
290 53
915 857
915 762
915 165
915 200
915 136
915 731
915 157
915 142
291 454
291 609
291 401
291 120
966 933
966 935
550 546
550 743
543 200
134 454
134 850
134 592
250 927
250 854
659 742
141 978
469 978
469 630
731 281
731 284
731 680
428 200
428 316
428 136
885 586
885 313
885 214
65 334
65 220
65 784
462 280
462 833
462 629
324 700
840 698
157 542
157 586
157 844
157 775
30 135
30 356
30 313
30 765
30 936
662 267
189 1004
189 862
189 236
401 454
401 429
401 165
401 415
526 629
424 978
424 421
424 207
424 817
424 795
327 381
540 698
540 955
808 569
954 207
954 978
926 715
926 147
926 577
846 547
846 561
846 629
209 356
609 707
609 214
609 239
609 772
609 90
609 833
609 454
609 235
609 633
609 890
609 159
609 951
609 927
609 546
111 586
180 829
180 217
133 416
482 569
58 909
58 586
850 185
850 833
850 75
850 752
823 927
823 854
101 423
880 707
135 936
160 586
160 629
987 955
499 684
499 558
791 862
680 584
680 707
680 422
687 334
654 991
552 978
142 200
334 607
334 159
334 749
334 692
334 75
334 220
125 174
253 566
223 663
223 322
102 174
869 267
220 749
220 75
879 132
879 75
879 322
333 569
333 470
500 890
500 435
546 844
546 48
669 159
859 472
421 978
421 817
685 629
685 643
435 782
72 159
502 862
502 470
502 569
502 538
538 569
538 470
991 569
165 207
165 200
165 31
670 702
40 272
607 75
607 231
650 644
873 698
302 200
236 537
236 208
236 506
950 103
950 663
260 77
260 168
381 643
558 321
558 207
723 933
723 565
723 704
664 380
53 569
871 628
955 311
955 925
812 700
812 790
789 470
188 978
188 630
188 431
338 951
0 569
0 470
295 569
113 927
113 854
976 569
752 191
752 120
335 790
335 532
335 464
912 77
716 718
716 16
716 118
34 855
832 174
565 159
137 443
894 629
704 684
704 321
745 996
185 353
2 956
2 790
541 586
168 232
454 772
454 429
454 592
454 120
712 398
316 200
418 331
418 105
418 996
264 586
542 62
542 927
542 854
684 844
512 978
990 31
990 200
663 343
561 631
561 629
127 75
24 31
24 629
718 866
718 724
531 56
231 698
918 758
770 927
644 506
644 14
380 440
362 993
362 547
722 927
722 854
105 582
952 200
956 758
6 569
6 470
586 868
586 196
586 267
586 854
586 762
586 479
586 159
586 214
647 200
31 200
267 186
698 245
698 764
369 927
369 854
851 978
851 280
444 927
444 854
629 136
629 280
629 530
629 202
629 159
629 493
629 360
629 631
629 630
90 569
90 660
90 978
90 32
90 702
159 695
159 713
159 8
159 214
159 660
429 925
175 5
749 569
749 56
749 191
817 978
817 167
817 207
35 978
510 174
249 569
249 470
537 440
409 569
409 470
409 506
854 485
854 646
854 61
854 513
854 927
854 551
854 62
854 120
120 772
174 139
581 936
855 697
356 472
356 416
167 978
927 485
927 513
927 592
927 551
927 646
14 365
136 200
136 857
674 112
344 200
630 790
630 493
506 199
485 62
614 978
800 62
772 75
443 742
774 947
56 692
423 246
953 207
953 200
953 92
602 743
724 246
585 870
988 978
693 569
693 470
693 32
693 228
472 416
710 569
710 470
971 200
470 862
470 228
470 569
984 313
631 569
200 857
200 17
228 569
191 415
272 214
686 577
648 765
978 547
416 762
862 569
313 765
415 569
214 742
936 765
91 75
