599 178
599 710
580 739
979 1001
248 692
535 586
535 113
535 646
720 135
720 587
720 170
720 405
720 383
923 135
923 633
923 334
923 197
923 134
923 546
923 502
736 540
251 987
439 168
711 843
624 338
699 168
977 1004
977 208
977 399
977 0
977 883
977 1001
977 423
994 987
994 582
450 900
450 712
450 613
450 40
450 267
450 61
828 1001
587 707
771 900
771 742
769 742
113 646
28 987
107 1004
107 980
107 393
69 950
626 807
573 586
15 731
106 740
106 91
377 101
377 716
98 134
656 188
575 472
25 684
290 253
290 147
915 61
915 136
915 200
915 953
915 122
291 134
332 500
332 435
332 782
582 764
582 311
582 987
433 987
445 280
550 546
550 704
543 316
134 454
134 592
388 900
388 843
388 534
388 91
266 74
266 168
702 1001
617 586
617 692
485 62
485 646
428 424
428 200
428 953
428 31
428 122
885 313
885 294
885 30
324 96
559 420
559 622
559 50
559 402
76 399
76 1001
76 74
840 698
840 987
843 687
843 16
843 407
843 534
843 883
843 718
843 591
30 890
30 790
30 209
30 416
30 356
30 765
30 936
662 443
662 379
662 86
189 718
189 61
189 732
189 410
189 502
414 891
401 454
401 165
401 415
526 280
526 629
837 586
837 1001
392 316
392 90
883 718
883 61
883 200
883 595
605 178
605 693
605 228
527 441
527 456
783 761
783 506
783 16
783 654
783 90
846 280
846 629
209 356
609 772
609 951
609 502
447 984
447 586
447 313
447 168
441 4
586 687
586 165
586 380
586 500
586 517
586 264
586 294
586 120
586 334
586 479
586 58
586 416
586 984
586 111
586 310
586 166
586 356
586 765
586 762
586 160
586 947
586 948
586 161
294 782
294 313
294 256
133 356
133 168
540 698
540 830
540 987
540 641
540 955
58 577
58 338
149 0
850 881
850 90
101 246
880 119
135 581
135 528
135 549
135 91
135 772
135 742
160 280
160 200
160 629
987 245
987 789
987 809
987 872
987 641
987 338
987 849
987 873
987 432
987 764
987 482
987 311
987 361
987 95
987 68
987 698
987 531
987 231
987 56
987 364
987 955
987 925
499 704
499 91
70 91
70 343
339 178
687 692
534 42
534 862
534 477
534 546
534 61
230 214
267 984
267 517
334 812
334 638
334 696
334 356
334 692
334 61
125 622
253 566
630 280
630 685
630 493
630 629
592 927
592 454
879 322
333 178
333 767
638 700
638 790
232 356
232 37
232 472
293 862
810 473
421 424
685 280
685 629
685 1001
685 724
67 963
67 165
67 207
67 561
164 950
947 774
538 178
991 178
165 424
165 316
165 344
165 31
704 844
704 91
40 900
40 572
40 187
607 413
607 692
650 1001
650 410
873 245
873 698
934 595
236 743
950 663
950 1001
260 77
260 168
381 192
558 684
723 758
723 41
166 743
53 193
402 42
188 920
188 280
188 35
188 978
188 502
0 6
0 410
0 1004
0 178
0 114
0 249
0 716
422 584
422 410
295 178
634 91
634 832
159 214
335 737
912 356
912 949
912 196
912 168
912 765
912 416
716 178
716 718
104 313
887 383
832 96
832 456
976 178
745 1001
185 762
2 790
541 16
541 506
541 996
541 924
541 644
541 1001
541 199
120 772
454 772
454 429
454 1003
316 200
517 61
517 112
103 343
418 7
542 62
542 646
684 956
684 321
684 565
684 458
684 844
684 318
990 31
663 410
663 399
663 591
663 322
663 343
561 280
561 629
940 90
127 718
833 257
24 280
24 530
24 891
24 629
565 844
718 916
718 61
718 415
231 698
231 245
918 758
909 383
791 32
644 506
644 14
644 1001
644 924
644 199
256 356
256 313
256 416
996 924
996 506
996 1001
996 199
122 924
122 136
122 857
658 280
658 629
522 245
522 239
722 646
737 175
956 758
956 458
761 790
761 804
761 881
6 178
949 168
823 646
31 410
78 178
730 868
730 356
698 245
698 764
369 646
178 470
178 710
178 482
178 249
178 502
178 862
178 409
178 228
178 972
178 767
178 693
178 569
178 519
364 502
591 61
851 61
161 900
444 646
629 891
629 280
629 530
629 493
629 360
629 631
90 191
90 881
90 306
801 1001
170 581
170 245
170 697
456 4
618 321
168 984
168 356
168 472
168 416
581 628
581 936
399 368
356 52
356 61
356 313
356 765
356 126
356 472
590 171
1001 724
1001 199
1001 924
927 646
572 862
288 280
924 506
924 199
803 528
239 193
854 646
469 207
280 891
280 530
280 493
280 360
280 631
280 502
299 509
443 742
697 925
697 855
423 246
953 857
502 862
502 546
502 61
740 91
250 646
693 228
472 61
758 844
692 696
692 191
628 214
530 200
530 891
62 646
71 595
696 595
696 742
200 857
513 646
707 416
551 646
96 420
32 862
32 61
862 547
891 91
900 546
900 742
900 863
830 191
602 743
313 416
216 321
742 61
742 546
