599 178
599 710
580 143
275 849
703 771
248 607
248 591
535 444
535 369
720 746
720 833
720 935
923 772
923 214
229 607
229 306
373 207
251 410
605 178
605 249
329 624
329 775
948 52
948 416
948 592
948 120
624 540
122 410
38 782
38 324
506 924
506 14
506 951
506 199
304 317
802 900
802 712
994 764
994 410
450 712
828 804
416 854
416 356
416 586
416 294
416 126
416 782
416 147
416 256
416 707
416 168
771 306
771 362
197 586
107 98
107 75
107 553
69 395
573 586
15 731
15 680
15 422
377 246
98 707
98 592
98 401
433 338
433 987
433 410
433 91
153 996
153 977
153 1001
153 410
153 418
921 738
371 135
371 441
497 773
25 684
290 253
290 566
915 341
915 200
915 316
915 90
915 772
915 428
427 955
291 401
291 120
92 838
582 764
582 849
445 288
550 499
134 592
134 168
388 132
388 832
702 924
702 14
52 232
485 62
136 200
136 24
731 422
731 680
428 857
428 316
428 142
885 782
405 135
76 410
281 189
281 479
157 740
843 214
662 443
662 86
189 772
189 502
414 891
401 429
401 454
526 383
837 410
392 674
392 112
392 166
392 74
663 950
663 951
663 343
883 200
424 207
424 421
424 795
783 738
783 16
926 147
209 356
209 790
209 168
609 772
609 592
447 294
949 196
949 168
294 126
133 104
482 410
82 135
149 716
664 335
850 738
850 987
850 196
850 185
850 833
850 75
101 246
101 423
880 707
135 628
135 700
135 870
135 581
135 855
135 137
135 742
135 4
135 790
135 170
135 292
135 692
160 772
160 200
160 90
987 531
987 56
987 231
987 955
499 844
70 42
70 90
70 343
680 707
339 178
687 712
939 510
552 851
534 510
230 577
111 782
111 743
334 772
334 524
334 127
334 75
334 322
253 566
253 151
188 772
188 421
188 502
540 774
540 338
540 955
220 383
333 228
333 767
333 178
500 586
500 814
293 724
776 90
421 795
685 630
972 366
386 319
67 165
67 344
67 963
259 196
132 832
164 402
391 288
602 443
602 586
602 743
602 517
602 782
538 178
870 772
946 425
704 743
40 712
607 696
607 91
607 890
607 692
650 410
873 231
777 410
236 537
950 343
260 168
381 192
381 29
558 565
723 565
166 517
166 112
166 674
166 74
166 267
795 207
795 630
53 193
53 577
53 659
955 773
955 925
955 311
812 790
789 2
223 343
338 90
0 178
495 568
295 178
634 832
58 909
976 178
976 502
752 120
13 738
13 516
912 782
912 214
912 168
716 718
629 267
629 530
629 288
887 138
887 383
832 638
832 509
832 299
935 746
935 813
935 214
969 410
393 249
2 228
2 790
541 16
541 410
168 356
168 790
168 472
168 313
168 648
454 592
712 159
712 214
316 31
316 200
316 90
517 112
517 267
517 356
103 423
103 310
418 977
418 105
418 996
425 908
867 138
684 48
713 592
512 469
415 978
415 833
415 851
561 24
561 288
940 90
127 724
24 547
24 360
24 35
24 274
718 980
718 214
231 245
951 239
951 502
951 707
951 78
951 630
909 862
909 528
644 1001
996 977
362 854
362 383
866 772
866 423
522 61
952 838
813 900
813 746
794 854
6 178
586 267
586 868
586 854
586 782
823 369
31 344
78 178
532 804
730 313
369 62
274 841
274 469
274 167
178 470
178 991
178 710
178 249
178 519
178 862
178 409
178 228
178 767
178 693
178 214
178 502
719 410
90 862
90 191
90 343
90 42
90 568
90 660
90 147
90 997
159 214
429 925
175 849
175 410
784 306
746 692
746 214
35 469
170 855
542 62
542 854
196 4
196 120
86 443
120 772
120 61
120 191
841 920
957 630
849 423
74 674
74 112
356 790
356 648
167 469
1001 977
1001 410
410 16
410 14
410 924
671 692
868 782
868 648
14 924
306 383
924 199
674 112
630 493
630 288
630 530
239 711
516 790
854 782
353 656
469 207
772 862
772 280
772 75
772 530
772 857
772 502
280 502
443 743
697 855
423 246
423 977
953 656
502 862
502 214
881 804
988 207
758 319
692 245
692 191
692 233
383 138
530 200
530 891
984 782
62 646
435 782
696 563
200 857
126 790
493 288
764 245
764 840
48 319
272 193
595 404
648 790
267 112
267 891
267 790
310 528
577 147
563 739
568 379
171 933
672 844
782 743
319 216
721 765
216 321
