275 175
703 771
688 335
285 147
852 214
92 658
720 617
720 628
720 870
720 371
720 581
720 731
720 697
720 833
720 304
720 680
720 135
720 214
720 855
720 4
720 12
720 170
720 82
720 456
720 936
780 509
347 933
347 147
347 966
347 157
923 772
923 193
462 586
462 75
462 231
840 698
840 245
840 540
840 987
840 764
251 987
329 692
329 427
711 843
624 540
624 692
362 383
38 42
38 638
38 388
38 832
506 173
506 921
506 996
506 541
802 40
994 764
994 987
994 692
450 90
450 40
450 712
450 272
450 187
416 52
416 53
416 586
416 256
416 927
416 447
771 659
771 742
28 987
28 809
197 546
107 98
107 214
107 381
573 586
15 731
15 422
106 832
511 987
98 454
98 707
98 592
98 713
433 987
575 782
575 472
25 319
25 558
290 253
858 552
915 687
915 334
915 200
915 971
915 122
915 428
915 857
915 214
915 157
915 142
915 591
915 851
915 316
796 143
291 454
332 318
582 764
582 987
468 335
550 546
550 742
134 454
388 502
250 927
27 147
52 356
52 472
52 168
485 62
731 741
731 214
731 422
428 302
428 122
428 31
428 857
159 712
159 214
159 609
159 742
159 40
159 844
159 692
324 214
324 477
559 634
559 299
281 905
157 277
157 586
843 184
843 779
843 883
843 724
30 356
30 313
30 447
662 40
189 410
603 634
401 454
401 165
401 429
401 415
526 629
424 795
327 381
808 335
783 850
783 516
954 167
926 147
846 67
846 629
846 561
209 53
609 193
609 239
609 996
609 951
609 214
609 90
609 772
609 927
609 997
609 120
737 335
447 984
447 586
447 762
447 232
447 759
294 868
184 779
184 538
184 832
679 844
985 335
482 987
546 684
546 742
795 207
795 421
372 934
372 404
647 142
101 423
104 523
160 629
987 245
987 789
987 872
987 641
987 338
987 849
987 873
987 432
987 809
987 764
987 540
987 311
987 361
987 95
987 68
987 531
987 231
987 214
987 56
987 364
987 955
499 558
680 422
687 772
977 969
977 1004
977 32
977 418
977 1001
977 423
534 477
230 147
230 277
510 477
510 832
154 477
589 528
334 638
334 746
334 214
334 776
334 630
334 692
334 502
125 477
253 566
253 151
188 988
188 851
102 477
102 832
540 698
540 422
540 692
540 955
592 927
879 368
333 743
638 164
669 772
810 335
421 978
685 838
685 629
685 643
972 147
788 509
67 207
67 165
67 561
67 963
67 344
630 629
630 591
48 684
48 458
48 558
947 774
947 40
947 568
538 502
165 207
165 31
165 316
670 335
670 5
670 29
477 939
477 139
477 524
477 174
477 322
477 206
835 214
835 233
40 712
40 695
40 187
40 90
40 488
40 272
40 214
40 60
40 900
40 379
40 254
40 596
40 568
40 572
873 698
944 267
236 335
705 90
371 135
371 214
381 335
381 532
381 541
558 207
558 956
558 458
558 319
558 216
723 41
166 762
166 586
166 743
166 267
664 335
237 6
741 739
850 75
955 773
955 925
955 855
789 249
789 693
789 502
223 322
151 316
338 764
0 732
422 68
422 857
335 208
335 201
335 175
335 5
335 464
335 980
335 537
335 118
335 643
335 532
335 1004
335 553
335 29
634 299
634 509
77 556
77 168
613 90
776 214
912 356
912 586
13 516
719 410
135 628
832 514
832 323
832 139
565 844
565 502
935 746
935 966
952 200
704 684
429 454
168 356
168 586
454 772
454 278
454 126
712 398
517 267
517 191
103 423
418 996
738 214
542 586
542 356
542 62
542 535
542 854
684 458
684 214
512 469
190 75
663 410
561 631
561 629
561 493
940 214
817 167
817 547
231 698
918 758
909 383
909 528
74 586
319 458
256 356
996 951
996 199
122 693
658 629
137 581
761 532
586 126
586 267
586 984
586 356
586 435
586 762
893 509
823 535
31 143
267 344
267 700
267 629
267 891
698 245
698 764
369 535
274 841
274 469
552 978
178 502
591 692
851 988
444 535
629 891
629 214
629 280
629 530
629 24
629 493
629 360
629 631
90 633
90 890
641 809
2 790
175 5
746 413
746 692
35 207
249 502
1004 29
581 855
356 743
356 765
356 472
356 214
356 602
167 469
167 978
167 502
136 772
136 200
136 857
924 199
674 803
344 838
322 379
322 343
803 112
239 502
220 75
220 214
353 891
469 988
469 207
614 978
772 544
772 739
772 75
838 857
280 530
488 568
299 509
528 742
697 855
423 246
502 118
502 228
277 147
472 782
458 956
458 216
763 214
692 245
692 214
692 233
692 775
908 765
544 214
530 214
530 24
984 126
62 646
855 925
844 214
764 245
191 75
686 147
736 951
865 214
891 920
891 214
891 24
577 147
900 742
590 147
602 743
171 147
313 765
920 214
415 535
415 700
743 214
933 147
742 214
700 790
569 214
