599 178
278 98
278 592
256 313
256 648
256 74
77 260
362 866
362 168
15 584
15 680
15 422
866 423
687 586
687 915
935 413
935 746
935 159
720 587
720 334
720 120
105 374
322 343
229 607
710 178
373 190
373 207
840 698
840 987
251 987
251 671
761 516
605 178
605 502
6 178
6 249
586 712
586 294
586 334
586 126
586 166
586 416
586 573
586 435
586 120
647 428
647 915
647 316
249 178
38 337
38 324
267 517
267 112
267 435
267 142
698 245
698 873
698 231
698 764
698 987
698 540
274 190
994 987
994 161
178 470
178 991
178 0
178 295
178 976
178 339
178 502
178 862
178 409
178 228
178 78
178 333
178 767
178 693
178 569
178 519
178 538
364 987
587 789
591 324
591 980
851 469
851 978
851 530
851 334
547 978
117 98
28 987
719 783
719 837
719 738
107 810
107 98
641 987
69 879
682 654
439 912
573 74
175 423
784 863
784 901
784 306
784 742
784 82
784 83
817 552
516 743
377 696
35 207
98 401
98 429
98 291
98 707
98 713
98 454
98 134
98 268
98 592
433 712
433 987
31 165
542 485
542 746
537 320
550 743
550 742
915 316
915 334
915 136
915 530
196 120
95 987
1004 977
427 955
291 401
291 120
136 428
136 160
136 200
136 857
582 987
445 288
902 280
543 200
543 654
704 743
168 949
168 260
168 556
168 912
168 266
702 14
617 607
617 233
41 565
41 723
41 558
381 192
469 207
150 147
150 311
150 191
150 415
143 32
428 207
428 857
428 316
885 313
1003 334
849 987
74 104
74 392
74 313
74 648
74 166
74 110
713 566
1001 506
809 987
157 743
572 161
30 908
30 61
30 765
662 159
700 881
260 266
110 674
110 803
401 454
401 165
401 415
401 429
288 561
288 493
837 783
837 738
344 67
344 165
344 200
344 952
900 161
305 425
305 946
803 112
424 207
424 421
424 795
506 199
767 333
527 731
540 311
540 955
540 987
540 855
353 190
281 280
447 313
783 13
783 654
485 513
528 685
614 991
846 67
649 337
119 812
872 987
838 952
581 161
280 890
299 634
299 559
977 950
977 103
977 423
329 264
329 775
329 233
56 987
482 987
546 844
423 246
423 103
953 207
602 356
602 743
602 416
795 207
795 421
250 886
850 120
477 310
101 246
135 334
135 161
432 987
126 332
987 245
987 789
987 338
987 873
987 764
987 480
987 311
987 361
987 68
987 531
987 231
987 955
987 925
332 782
472 782
472 356
472 912
70 191
94 232
692 746
692 233
413 191
207 67
956 684
956 844
971 200
654 738
654 650
754 718
754 127
534 310
530 891
530 920
530 629
530 334
530 360
530 731
530 630
142 630
142 316
337 505
890 334
890 48
890 415
62 513
334 190
334 638
334 646
334 920
334 731
334 316
334 978
334 629
855 697
855 112
630 656
630 685
630 493
333 228
200 952
293 724
228 502
67 165
67 561
181 190
479 718
731 584
731 284
45 66
32 159
502 718
502 538
284 422
165 316
191 190
191 415
191 120
40 159
246 724
595 372
416 313
950 663
950 343
310 343
723 758
166 743
340 743
356 743
356 313
356 912
556 912
53 940
53 11
53 120
925 955
161 306
955 773
955 311
812 790
16 732
223 663
313 294
422 584
159 746
159 712
13 743
912 765
920 190
743 765
743 684
743 120
306 742
214 746
120 190
120 454
120 127
120 193
316 392
517 61
738 231
684 844
844 458
844 321
458 918
656 190
607 127
61 746
61 718
663 343
746 718
