599 605
599 178
599 502
275 737
275 977
275 849
275 175
275 316
248 746
248 531
248 506
92 316
92 142
720 746
720 935
780 603
780 977
923 738
923 239
923 890
923 546
923 951
923 151
923 772
923 120
923 592
923 857
424 207
424 990
424 421
424 795
329 264
948 52
948 256
948 574
948 782
948 340
948 332
948 984
948 356
948 444
948 912
948 499
948 592
948 500
948 586
948 823
948 126
948 513
948 743
948 267
948 30
948 369
948 551
948 674
948 602
948 120
948 885
948 517
948 722
948 542
948 721
948 147
948 648
948 416
948 684
948 646
948 166
948 318
948 75
948 765
948 104
948 854
948 918
948 250
948 459
624 540
977 950
977 514
977 1004
977 103
977 849
977 1001
977 418
977 153
977 192
977 423
516 924
516 804
516 881
304 456
994 746
994 540
994 582
450 746
450 712
450 662
828 738
416 454
416 854
416 126
416 885
416 707
416 880
416 168
771 863
771 855
197 32
107 718
107 553
107 335
107 980
107 454
107 236
573 586
377 457
484 288
98 268
153 996
153 1001
153 418
921 738
921 32
25 844
25 704
290 253
875 454
915 857
915 586
915 200
915 316
915 136
915 772
915 428
915 280
915 142
427 231
796 14
291 268
535 722
535 444
535 369
1001 924
1001 506
1001 14
445 288
543 316
543 142
134 592
388 90
266 949
266 912
266 168
195 595
659 374
659 306
617 193
141 188
150 415
731 746
731 284
731 422
428 857
428 454
428 316
428 136
428 200
428 302
428 647
428 349
428 142
885 126
885 30
840 874
157 577
157 746
157 592
628 135
30 765
189 772
189 239
189 410
603 735
603 378
603 514
603 505
603 509
603 822
603 337
414 891
526 280
526 629
526 360
837 738
837 700
883 772
883 718
305 946
605 502
605 693
605 178
605 228
393 61
393 249
281 280
783 738
783 592
783 654
846 67
846 629
846 561
846 288
609 629
439 949
439 912
439 168
17 316
447 586
447 74
949 232
949 912
949 168
294 817
294 586
294 762
294 168
180 958
184 595
339 178
540 56
540 874
540 311
540 955
58 909
850 881
850 996
647 280
647 316
647 142
101 246
101 423
135 718
135 742
135 581
135 585
135 746
135 936
160 772
160 629
987 789
680 707
680 284
680 422
687 772
687 586
687 746
687 776
654 738
754 595
874 245
874 873
874 231
874 764
552 454
391 353
391 288
776 746
776 586
776 159
776 334
78 333
78 178
111 586
334 454
334 607
334 746
334 586
334 772
334 534
334 75
334 220
253 454
253 566
253 151
223 746
243 214
499 607
499 321
592 738
333 178
500 2
500 435
232 425
232 472
232 946
232 74
232 912
232 168
118 5
118 29
118 502
834 746
421 188
685 614
685 629
685 630
386 758
67 207
67 165
67 561
67 963
67 344
48 844
48 763
48 319
164 420
164 322
947 774
538 178
165 31
165 316
165 142
946 425
946 765
40 187
607 718
607 891
847 207
302 316
302 142
364 582
950 663
260 762
260 90
260 168
381 532
558 844
166 759
664 537
591 534
591 746
53 772
53 239
53 951
993 863
939 534
188 614
188 772
188 280
188 502
0 178
295 178
976 178
976 502
715 577
912 52
912 586
912 168
13 738
13 532
716 718
719 738
735 454
104 425
89 61
565 763
935 413
935 746
935 214
952 316
952 142
745 738
2 790
2 112
2 231
2 74
541 738
168 868
168 790
168 77
168 984
168 425
168 586
168 472
454 268
454 196
454 127
454 822
454 713
454 562
454 429
712 214
316 990
316 200
316 971
316 136
316 857
316 344
316 349
316 142
316 31
316 953
517 478
517 112
517 256
517 648
517 267
517 186
103 423
418 105
418 996
966 45
966 66
264 581
542 746
684 746
190 353
190 891
990 142
663 61
663 410
561 207
561 629
561 288
561 280
24 280
24 629
718 61
718 90
718 724
718 746
718 851
718 178
718 980
668 413
668 746
692 746
692 191
692 90
569 178
256 267
996 506
996 90
122 61
658 629
956 700
956 763
813 413
813 746
899 29
6 178
586 868
586 267
586 984
823 120
31 142
267 478
267 112
267 614
267 648
267 186
730 868
50 505
178 470
178 991
178 710
178 249
178 502
178 862
178 409
178 228
178 767
178 693
178 951
152 443
152 86
706 951
534 746
851 746
851 167
851 629
851 35
851 978
851 280
161 239
117 268
230 577
629 891
629 288
629 280
629 530
629 772
629 493
629 360
629 631
629 630
90 191
90 283
90 220
159 739
159 742
175 849
713 268
746 413
746 530
746 980
746 739
746 502
746 920
746 775
746 742
568 60
170 231
142 207
142 280
142 136
142 857
142 344
142 200
142 953
142 971
249 693
537 440
86 443
854 763
120 772
120 742
841 506
582 764
410 724
980 904
268 633
868 52
868 790
868 765
14 924
14 724
674 112
322 879
630 288
239 742
239 502
506 292
220 546
220 75
469 207
614 280
638 700
772 862
772 280
772 75
772 530
772 857
772 742
772 200
772 900
772 502
280 920
280 530
280 547
280 360
280 32
280 631
280 502
423 246
817 547
502 890
738 231
293 724
881 700
881 804
472 425
758 844
458 844
458 214
984 762
984 790
984 782
62 646
857 951
493 288
45 227
978 415
187 60
660 306
862 909
891 920
900 742
590 171
16 225
743 546
933 147
633 75
66 227
231 245
245 233
721 765
216 321
61 233
528 193
