916 127
580 143
580 791
256 416
996 506
996 977
996 423
996 199
362 383
77 912
77 260
866 718
866 549
866 724
285 147
852 214
38 324
92 280
722 927
347 933
347 147
923 53
923 159
133 648
251 482
251 987
761 516
578 714
416 104
416 232
416 294
416 260
416 927
416 765
433 987
321 565
647 280
90 940
90 890
90 865
977 236
977 1004
977 418
977 1001
977 423
267 586
267 280
267 517
267 803
698 245
698 873
698 231
698 840
698 764
698 987
698 540
369 927
369 535
58 818
994 987
994 161
450 935
450 662
364 987
528 383
706 322
591 534
591 61
851 167
851 978
851 280
851 188
851 547
161 135
161 443
161 900
161 581
161 540
161 572
161 662
306 214
658 280
28 987
629 978
629 280
629 214
107 810
107 553
107 214
641 540
641 987
2 953
75 772
301 469
301 978
713 98
713 592
746 542
746 935
746 692
858 633
858 991
972 147
377 246
377 101
377 423
377 530
35 469
35 978
35 280
915 428
915 280
170 135
170 581
656 280
466 695
575 912
575 472
575 168
310 863
337 42
337 505
337 936
290 159
290 214
423 184
695 187
695 596
95 987
398 775
535 927
582 764
582 987
42 612
854 927
550 743
557 52
230 147
120 772
250 927
78 731
702 664
896 18
720 214
628 135
957 469
957 978
141 978
141 188
569 214
926 147
485 927
485 500
485 542
136 200
731 870
731 214
731 572
731 680
731 422
428 838
428 316
428 349
428 857
464 980
849 987
356 52
356 586
356 912
167 469
167 978
167 280
840 540
840 987
927 113
927 646
927 823
927 513
927 542
927 551
927 444
927 770
572 414
572 870
980 718
980 716
268 592
662 443
662 61
662 742
662 272
868 214
260 912
260 168
401 429
401 165
401 415
526 280
924 199
52 912
52 472
52 168
663 343
322 534
322 343
803 112
424 469
424 978
424 280
516 881
408 280
553 5
191 692
818 438
64 890
64 139
605 502
783 159
469 207
469 188
469 274
469 795
469 280
469 421
469 954
469 817
469 547
469 241
469 978
954 978
954 280
614 978
846 142
209 912
872 987
772 633
838 953
280 530
280 817
280 142
280 920
280 990
280 24
280 160
280 547
737 440
447 984
447 168
586 762
56 482
56 987
482 987
482 809
499 684
220 214
386 319
817 978
602 648
602 743
264 454
332 782
795 978
277 147
101 718
101 724
432 987
135 371
135 549
135 214
988 978
987 245
987 789
987 809
987 925
987 338
987 873
987 764
987 540
987 311
987 361
987 68
987 531
987 231
987 214
987 955
481 565
472 232
472 782
472 912
472 168
228 502
458 577
458 319
955 540
692 776
692 159
692 214
908 765
207 978
207 67
956 684
544 214
654 991
939 323
552 978
776 214
383 909
383 922
383 589
355 147
530 214
62 935
62 646
334 809
334 214
855 697
147 171
147 686
147 933
147 577
147 590
540 245
540 863
540 873
540 338
592 454
333 693
696 61
232 607
232 912
232 168
232 313
200 952
810 664
216 558
435 500
471 415
48 319
978 188
978 421
978 547
978 512
991 61
704 159
835 214
890 765
126 790
990 349
317 374
178 214
595 754
812 790
236 898
236 716
862 218
986 66
865 214
371 214
558 319
724 718
324 638
324 214
53 633
925 697
402 323
192 664
782 168
707 951
159 607
159 493
159 214
159 912
227 66
311 697
912 168
912 743
716 718
719 837
920 214
743 214
935 214
30 61
30 790
30 765
732 718
214 40
214 738
214 684
214 844
214 940
323 139
61 718
765 166
