599 178
599 693
319 458
319 73
256 294
996 418
362 104
362 126
362 866
362 189
703 120
703 784
804 881
687 923
288 630
248 157
720 746
720 833
720 90
780 103
780 977
819 955
777 410
710 178
373 207
595 184
840 955
251 410
605 178
605 502
6 178
586 356
586 294
586 126
586 782
586 267
586 435
948 416
647 817
647 547
647 428
647 24
647 301
647 953
31 316
122 178
122 479
122 410
977 950
977 514
977 236
977 378
977 103
977 423
977 1001
267 700
267 112
267 891
267 561
267 435
304 317
939 474
369 646
994 410
178 470
178 991
178 629
178 0
178 295
178 976
178 339
178 628
178 249
178 502
178 862
178 61
178 409
178 228
178 78
178 333
178 767
178 693
178 569
178 388
178 538
963 67
591 542
851 978
152 443
537 236
658 160
629 136
629 530
629 891
629 561
90 509
90 881
90 865
69 879
2 126
2 416
2 790
2 502
175 246
175 275
175 410
746 812
746 900
746 668
746 542
746 684
746 935
746 692
516 783
377 16
377 457
98 592
433 410
249 189
153 410
802 568
497 773
25 73
915 200
381 192
381 327
381 643
618 73
427 540
427 955
1004 208
796 724
332 500
332 782
1001 103
1001 506
1001 14
1001 410
86 443
173 506
173 428
173 541
550 126
543 654
740 638
740 879
78 502
78 422
702 664
347 933
617 214
245 135
957 795
469 207
581 135
581 936
731 584
731 422
428 61
428 316
428 349
464 335
74 104
74 759
74 294
434 73
559 622
559 50
76 410
410 189
410 16
410 293
410 924
410 650
410 969
410 837
410 482
410 541
843 388
189 502
189 236
868 790
868 765
14 924
14 724
119 812
306 659
924 199
344 67
344 200
883 724
305 946
305 416
630 280
630 530
424 207
424 421
424 795
239 951
506 541
66 227
783 682
783 654
378 103
614 190
846 67
609 592
838 160
838 952
568 488
568 379
568 495
447 313
447 294
280 502
443 602
443 743
774 947
111 935
901 863
679 73
482 56
540 773
833 185
833 415
502 862
502 188
388 96
432 56
432 809
135 942
135 736
160 200
659 137
472 782
294 885
294 759
294 313
294 416
458 577
458 41
458 73
458 956
458 321
458 48
458 558
458 723
458 684
458 216
692 534
692 334
692 233
908 765
207 67
207 795
956 73
445 891
654 738
672 73
534 862
776 334
41 73
530 200
530 24
530 891
142 316
147 416
542 113
62 646
532 828
855 112
646 513
499 73
592 454
592 713
638 832
200 952
200 971
643 685
126 812
126 790
423 103
67 165
67 561
48 73
978 167
870 935
946 425
946 416
704 73
231 987
104 425
413 935
116 159
116 214
790 863
790 765
790 416
997 53
366 73
416 313
950 103
950 343
558 73
723 73
918 73
166 759
795 301
925 955
192 107
602 743
955 987
955 311
159 935
159 951
311 773
739 935
920 935
832 103
565 73
935 214
724 718
724 61
762 185
73 684
73 216
73 318
73 481
73 758
73 321
214 316
214 951
316 136
103 514
61 24
415 718
