599 569
599 506
580 143
275 849
688 808
285 147
278 98
278 566
248 607
248 329
248 90
248 835
248 591
248 692
535 499
535 444
720 581
720 135
720 617
720 587
780 303
347 171
347 966
923 193
923 159
923 197
229 607
229 469
229 306
251 987
439 168
329 264
329 692
948 927
948 592
624 582
624 692
122 718
977 409
977 1004
977 497
977 418
977 1001
506 783
506 644
506 14
506 670
506 996
506 381
506 173
506 6
506 29
506 199
506 409
506 951
506 364
590 147
994 764
994 987
450 596
771 700
771 863
769 863
658 629
28 987
197 987
107 335
107 98
107 5
107 553
107 75
626 863
106 740
511 987
377 866
377 423
98 117
98 454
98 134
98 713
98 291
98 707
98 592
98 268
433 32
433 987
466 662
575 472
575 168
308 748
308 418
308 91
25 499
25 386
25 321
915 428
915 912
915 200
915 136
427 955
291 429
291 401
332 500
332 435
582 987
816 333
550 546
550 200
853 159
557 168
134 454
134 592
740 612
898 385
702 842
702 14
617 193
617 714
617 776
485 513
485 646
485 823
428 990
428 971
428 647
428 136
428 952
428 857
428 17
428 200
428 32
428 142
428 31
885 984
885 586
885 648
159 542
159 324
159 776
159 72
159 940
159 866
159 136
159 724
65 607
65 687
65 220
65 83
65 120
462 833
462 223
324 634
840 987
157 542
157 499
628 135
483 607
483 220
30 52
30 356
30 765
30 168
662 443
662 11
662 86
144 650
189 280
401 429
401 165
401 454
401 415
526 629
867 383
392 112
605 569
605 470
605 789
605 693
548 164
548 322
783 682
846 629
846 561
568 379
568 947
568 935
568 495
303 950
303 103
133 168
540 987
540 231
540 855
546 200
82 135
795 424
795 207
101 423
135 4
135 870
135 371
135 581
135 292
160 629
987 245
987 789
987 872
987 641
987 338
987 849
987 873
987 809
987 764
987 482
987 311
987 361
987 95
987 68
987 588
987 432
987 193
987 531
987 231
987 56
987 364
987 955
499 542
499 356
499 321
499 684
499 517
687 280
38 832
776 193
142 630
337 223
337 854
337 870
337 505
589 383
334 75
253 151
630 469
630 421
630 629
630 530
220 607
333 569
500 782
500 435
232 168
293 718
421 424
421 241
685 629
435 782
67 963
67 344
67 207
67 165
72 214
48 319
50 788
947 774
538 569
165 31
835 692
40 272
40 572
40 147
415 569
607 231
607 927
607 168
650 467
650 1001
650 849
650 175
650 423
847 838
847 207
847 482
950 103
950 663
260 912
260 77
260 168
381 335
558 207
558 319
173 14
173 541
166 52
166 356
166 586
166 168
166 743
166 762
166 416
449 280
11 619
955 773
955 311
955 925
812 700
812 790
789 470
223 663
0 569
295 569
752 927
752 120
335 464
335 1004
335 201
335 532
311 196
912 356
912 168
13 743
716 718
716 457
34 997
34 855
976 569
935 966
952 838
894 629
323 139
547 631
185 830
185 833
2 700
2 790
2 416
541 951
541 199
168 52
168 868
168 765
168 356
168 586
168 369
168 77
168 472
168 416
454 772
454 429
454 713
454 592
454 120
712 398
264 581
784 863
190 353
190 120
990 424
457 718
663 343
561 280
561 629
561 631
24 629
718 904
718 724
718 866
951 857
569 862
569 991
569 710
569 470
569 409
569 228
569 6
569 749
569 693
569 482
569 572
569 249
644 996
644 199
256 356
362 659
522 61
737 440
737 849
586 984
586 762
586 126
586 416
586 267
267 971
267 629
532 1001
164 420
369 646
58 909
364 863
851 978
851 167
161 863
629 631
629 493
629 891
629 280
629 530
629 202
629 360
90 927
90 749
90 692
429 925
429 196
175 423
175 849
713 592
749 233
817 167
249 409
695 187
95 193
86 443
86 152
120 772
120 927
120 743
120 75
83 863
966 933
356 52
356 868
356 574
356 515
356 743
356 765
356 416
356 472
356 602
167 978
927 416
927 191
927 515
927 592
572 32
268 592
868 52
306 659
306 863
344 971
322 64
322 879
516 700
353 891
469 207
838 971
443 152
443 742
423 246
388 343
881 700
993 863
277 147
424 207
472 743
692 830
692 233
692 775
52 45
52 126
52 66
971 200
530 891
62 646
714 193
513 646
368 343
764 245
32 700
551 646
272 147
272 214
648 765
416 633
830 245
171 147
672 844
313 765
319 216
214 147
214 765
420 96
