599 409
995 910
580 377
280 920
280 141
280 188
280 561
280 647
280 526
280 24
280 530
280 890
280 547
280 360
280 915
280 32
280 631
280 851
362 135
362 143
362 695
362 26
866 761
866 700
764 840
248 746
522 854
92 428
92 915
92 142
105 374
819 329
923 746
373 207
595 214
439 232
439 260
586 984
586 762
586 912
586 126
586 168
586 573
586 74
996 199
647 920
647 428
647 915
647 142
249 181
977 423
267 700
267 405
267 112
267 891
304 456
164 638
164 780
994 540
994 987
450 334
591 746
591 843
851 696
851 167
769 742
719 585
90 388
90 316
429 454
429 401
75 220
175 423
784 159
784 214
784 306
817 294
35 207
98 134
98 592
98 401
31 190
31 165
31 915
31 838
31 428
31 142
921 327
921 381
371 135
337 505
915 165
915 971
915 428
915 530
915 142
915 349
915 344
915 302
915 953
915 316
915 189
915 990
915 200
915 136
915 883
915 952
915 857
915 718
915 160
915 543
915 17
915 890
891 530
291 134
291 401
966 935
1001 14
42 951
468 890
550 746
550 546
543 428
543 142
134 454
134 592
134 107
168 949
168 260
168 126
168 232
168 885
168 447
168 77
168 74
168 984
168 912
168 266
250 62
250 886
250 332
600 956
702 14
617 233
715 926
41 565
469 207
469 159
469 630
581 135
581 951
581 936
731 15
731 422
428 990
428 971
428 136
428 952
428 857
428 165
428 349
428 200
428 302
428 142
428 953
428 316
885 984
885 74
885 912
74 984
74 447
74 112
74 392
74 912
74 166
356 435
356 472
76 705
38 309
38 832
572 372
843 687
843 718
843 711
843 407
843 534
843 388
843 16
30 104
144 143
700 607
700 293
14 924
14 850
14 506
609 592
401 454
401 165
401 415
401 278
306 790
837 924
392 112
392 316
344 67
344 142
883 225
803 112
605 228
239 951
506 173
506 541
506 199
327 381
592 454
527 422
783 682
783 650
485 513
954 207
954 614
926 748
846 67
119 812
568 40
447 984
447 912
953 142
329 775
509 634
509 780
540 231
58 909
423 103
602 743
388 634
388 832
795 424
795 207
266 949
850 191
424 207
424 990
424 421
135 334
135 951
135 292
77 912
77 260
104 126
834 746
472 912
472 260
758 956
458 48
458 558
136 200
136 142
680 15
680 422
692 746
692 233
898 107
207 990
207 493
207 988
207 67
956 48
956 558
971 142
654 682
654 650
534 746
534 334
530 630
142 990
142 200
142 952
142 857
142 547
142 165
142 302
984 782
984 912
890 178
890 479
334 159
334 742
334 910
334 220
855 951
114 718
646 513
646 369
630 493
630 685
333 178
638 634
696 159
232 912
232 260
200 316
293 61
228 178
228 502
775 746
685 493
435 949
67 165
67 561
72 120
143 741
143 739
32 791
502 178
502 746
991 61
165 990
165 316
48 25
48 558
48 319
48 216
946 648
40 159
231 245
415 833
415 159
607 718
607 127
107 810
107 201
107 381
199 541
682 738
682 650
260 912
381 192
558 321
558 319
558 216
918 684
166 759
324 84
900 746
56 752
754 272
16 407
422 15
159 712
159 651
159 316
159 233
159 321
920 190
565 321
319 684
935 746
214 746
214 233
742 746
120 190
738 650
410 650
410 663
216 321
936 951
413 746
61 909
61 718
663 343
193 546
