599 569
599 710
580 143
275 175
703 771
703 90
278 617
248 746
92 428
720 628
720 870
720 371
720 731
720 4
720 12
720 170
720 82
720 456
347 171
347 933
347 748
923 617
923 193
923 743
462 833
373 190
251 987
242 769
605 569
605 228
605 506
605 693
889 256
245 698
245 764
245 540
245 987
245 231
624 873
122 924
977 1001
977 996
977 1004
977 796
977 153
977 702
977 418
516 761
516 532
802 450
802 40
994 764
994 987
450 746
450 187
450 695
450 272
450 947
450 662
587 752
771 769
771 86
771 443
769 830
769 415
113 927
28 987
107 670
107 5
107 381
107 90
107 335
107 713
573 586
301 707
301 978
301 547
15 731
15 680
15 422
106 788
511 987
377 700
377 159
98 592
98 713
656 190
921 506
921 231
371 135
290 253
915 428
915 165
915 746
915 32
915 90
427 738
427 469
427 461
427 596
427 281
427 95
427 338
427 697
796 506
796 724
291 401
291 713
966 933
966 227
1001 924
432 987
173 924
433 987
550 443
543 344
853 343
134 592
134 168
740 950
740 164
740 879
250 927
270 506
270 199
702 924
617 687
617 151
141 978
141 614
469 978
150 415
731 746
731 90
731 32
731 422
731 680
428 990
428 200
428 971
428 647
428 90
428 136
428 952
428 857
428 142
428 31
428 953
428 316
65 569
65 927
324 534
840 698
840 987
157 746
157 590
30 472
30 765
662 40
144 8
189 249
189 214
414 891
401 454
401 429
401 165
401 415
526 629
526 530
837 738
424 978
424 795
327 381
548 164
783 738
783 506
783 746
954 978
846 280
846 629
846 561
209 191
609 927
609 772
329 910
294 586
184 779
184 423
133 984
133 168
482 569
482 990
482 987
482 847
82 135
149 246
149 91
795 978
795 421
372 595
823 927
135 4
135 746
135 870
135 628
135 581
135 942
135 936
160 629
160 891
987 789
987 872
987 641
987 338
987 849
987 873
987 809
987 764
987 311
987 361
987 95
987 68
987 588
987 582
987 540
987 531
987 231
987 56
987 364
987 955
499 672
499 684
680 422
687 586
654 738
552 978
534 42
534 638
534 139
534 64
534 746
534 663
534 477
534 591
534 510
679 565
679 684
589 383
334 607
334 586
334 159
253 566
253 151
223 164
223 663
223 343
540 698
540 697
540 231
592 454
592 927
592 268
592 713
879 164
333 569
333 506
333 743
638 951
232 648
293 572
834 746
421 978
685 643
685 630
685 629
435 782
423 103
423 710
423 832
67 963
630 891
630 493
630 530
630 629
48 565
48 684
48 704
132 139
369 927
369 542
369 535
369 444
602 356
538 569
402 42
991 569
165 31
165 316
165 857
40 379
40 187
40 596
40 214
40 695
40 272
40 572
40 488
607 696
607 415
607 159
551 927
551 159
873 698
873 231
934 595
934 410
950 103
950 343
260 416
381 192
2 790
723 758
723 41
166 674
166 586
166 112
776 746
53 193
53 159
53 629
850 738
850 682
850 506
812 790
789 470
188 978
338 193
0 569
295 569
634 788
976 569
752 220
335 119
335 980
335 532
335 29
13 743
13 532
912 356
912 868
912 214
912 168
716 718
716 249
104 648
104 765
104 416
832 710
565 41
565 704
565 684
565 321
935 746
952 344
704 684
704 743
429 454
541 506
159 214
159 891
159 398
159 940
454 890
454 713
712 299
712 398
517 746
103 514
922 383
684 672
684 844
684 918
684 318
684 321
190 920
190 181
190 629
190 274
190 353
663 343
561 629
318 758
318 332
817 978
718 746
718 61
718 90
718 32
718 843
718 522
231 698
951 660
569 862
569 470
569 710
569 415
569 409
569 228
569 6
569 693
569 249
569 502
770 927
644 924
256 416
256 313
256 648
256 586
362 383
362 528
743 746
658 629
722 927
737 175
956 758
544 193
6 249
586 500
586 782
586 762
586 984
586 356
586 854
586 416
893 509
532 670
698 764
164 420
164 368
164 322
575 472
274 167
591 910
591 746
851 978
851 746
851 32
152 443
444 927
444 535
629 306
629 891
629 136
629 280
629 530
629 24
629 493
629 360
629 927
629 631
629 415
90 920
90 356
90 980
90 927
682 924
175 5
175 849
746 920
746 542
746 56
746 530
746 980
746 502
746 836
746 775
746 221
746 742
746 692
35 978
170 697
249 506
249 1004
542 927
542 62
196 927
1004 506
854 927
168 356
168 77
168 416
581 936
143 8
356 472
356 505
356 126
167 988
167 978
582 764
927 485
927 191
927 515
927 535
927 147
927 646
927 513
927 416
572 246
572 696
572 595
868 472
868 416
14 924
14 506
14 724
306 659
306 742
924 506
924 199
674 112
674 803
344 200
344 971
344 838
344 857
322 343
506 16
506 881
506 724
220 633
553 201
353 891
833 415
614 978
772 75
280 32
774 947
528 739
528 383
697 855
697 925
502 32
724 16
77 416
988 978
758 918
692 910
692 233
207 978
957 978
530 891
530 32
62 646
471 147
471 191
32 862
32 920
905 281
191 415
648 313
648 765
648 416
978 547
416 147
416 313
310 343
891 24
171 933
233 61
843 779
214 765
214 343
