599 178
565 61
275 175
703 626
278 214
248 364
248 546
248 923
535 722
535 444
535 369
535 267
535 823
347 966
923 617
923 53
923 214
923 546
923 890
229 106
229 696
229 334
229 306
229 832
229 784
373 207
605 178
977 950
977 208
977 1004
977 32
977 103
977 423
977 1001
506 333
506 16
506 173
506 850
506 1001
506 576
802 450
994 582
450 900
450 61
450 742
450 272
450 776
519 178
771 137
771 83
771 742
866 239
866 423
197 38
107 320
107 670
107 5
107 553
107 464
107 335
107 201
107 980
107 381
301 469
15 731
15 680
15 422
106 402
7 810
98 401
98 592
153 1001
25 918
290 214
858 991
915 718
915 61
915 136
915 428
915 952
915 857
594 581
291 401
332 500
332 885
332 294
332 191
550 500
543 991
134 644
134 592
740 879
740 157
250 886
659 798
908 765
908 133
469 207
469 614
469 188
469 795
469 421
469 954
469 990
469 424
469 817
469 167
469 547
469 957
469 241
469 35
469 512
469 851
731 572
731 584
731 120
731 284
731 422
428 857
428 160
428 316
428 122
428 136
428 953
885 586
885 111
885 256
885 416
462 415
324 706
324 415
559 622
76 1001
840 698
157 577
157 718
157 61
843 407
843 522
30 765
662 443
662 267
189 718
414 8
414 530
414 891
110 674
401 454
401 429
401 415
883 407
424 207
424 630
424 795
327 381
548 879
281 491
209 356
209 765
209 168
609 572
609 592
447 586
949 168
294 817
294 586
133 602
540 698
540 231
540 955
82 572
240 126
795 207
850 199
101 246
101 423
928 761
104 648
104 523
104 765
104 416
987 56
499 723
499 41
499 558
70 950
70 534
70 343
70 90
339 178
687 718
687 214
812 700
812 790
812 119
38 2
534 388
534 125
78 178
337 939
337 505
334 388
125 622
125 206
253 151
482 990
482 56
592 454
333 178
500 586
500 159
500 120
500 814
500 416
232 126
232 912
232 260
232 472
232 168
118 365
685 630
685 530
685 643
435 686
423 246
423 175
67 963
67 344
67 207
67 561
947 774
538 178
538 700
176 546
991 178
991 61
340 61
670 175
415 338
607 696
607 159
873 698
957 951
950 663
260 472
260 168
381 643
558 207
558 684
723 41
723 73
166 586
676 622
53 581
53 193
53 629
124 722
402 139
402 788
37 356
37 256
955 311
955 925
223 879
0 178
295 178
113 542
159 712
159 214
159 127
159 900
159 56
159 951
159 742
159 147
159 572
159 963
159 416
480 1001
13 516
912 52
912 356
716 718
716 724
887 383
832 388
832 663
832 509
832 90
976 178
935 966
952 200
952 971
2 790
120 542
120 572
120 586
454 429
316 267
517 267
517 186
517 256
418 178
418 1001
418 996
966 933
966 168
542 485
542 62
542 823
542 530
684 458
684 318
663 343
561 280
407 754
407 16
407 225
407 907
407 779
127 293
318 319
979 119
718 904
718 61
718 724
718 754
718 377
718 595
718 388
718 980
718 591
718 851
718 502
531 383
231 698
231 502
918 844
569 178
644 996
644 1001
256 356
256 112
256 478
256 648
256 267
256 186
256 416
996 1001
658 24
522 61
801 1001
710 178
761 516
6 178
586 461
586 267
586 690
586 762
586 416
586 984
267 112
267 674
267 186
267 530
267 648
267 630
267 478
730 356
698 245
698 764
164 879
178 470
178 249
178 862
178 409
178 228
178 767
178 693
178 502
591 530
851 167
851 978
851 891
152 443
629 891
629 530
90 356
90 191
90 509
90 765
90 416
175 246
746 671
35 207
170 581
335 29
168 356
168 472
581 936
143 862
399 1001
74 416
356 52
356 61
356 790
356 126
356 313
356 77
356 765
356 472
356 416
167 951
1001 924
546 220
700 790
924 199
674 112
322 879
630 530
239 230
220 75
220 91
56 214
509 388
230 951
386 319
502 228
502 724
388 343
293 246
77 313
988 207
472 52
458 319
52 765
52 91
52 45
52 66
956 844
715 147
383 528
530 891
530 24
984 416
890 416
5 491
200 136
126 790
368 879
186 112
186 648
857 136
648 765
416 313
416 147
862 909
891 24
900 742
568 379
672 844
879 420
319 216
779 225
742 951
936 765
