599 29
644 702
580 143
275 849
996 418
996 541
996 199
362 695
703 784
866 377
285 277
522 854
535 250
720 628
720 587
720 159
780 950
780 977
923 746
373 207
105 418
934 595
256 104
256 356
256 885
424 207
424 421
424 795
586 762
586 111
586 197
586 557
586 782
586 166
586 885
586 38
586 332
586 435
586 447
647 817
647 165
647 857
624 994
977 487
977 950
977 514
977 208
977 1004
977 103
977 423
977 153
267 142
243 61
698 245
698 987
698 873
698 231
698 840
698 764
698 540
164 638
274 469
274 614
994 764
994 987
450 695
364 987
591 746
591 712
591 324
591 322
161 35
161 572
113 542
28 987
629 280
629 685
629 891
629 288
197 38
641 987
429 401
573 126
573 74
235 946
746 413
746 542
746 214
746 687
746 665
746 692
746 935
377 159
98 401
170 581
153 633
206 324
537 320
290 783
290 687
290 159
290 214
891 353
95 987
1004 181
19 16
558 48
291 134
291 401
332 782
332 250
332 435
1001 506
432 987
433 987
550 443
388 132
250 886
270 657
270 502
702 14
908 77
908 765
715 926
41 565
41 499
485 513
581 855
731 15
731 422
885 126
885 166
885 447
885 416
849 987
844 918
74 104
74 416
356 868
356 61
356 209
356 472
356 313
356 37
356 765
356 602
167 469
167 547
167 159
559 420
582 987
840 987
572 53
30 104
30 648
700 812
14 506
119 812
401 165
401 415
136 857
867 589
872 987
883 225
883 166
883 779
883 184
322 159
322 334
605 228
605 789
239 978
239 168
327 381
327 657
251 987
469 207
954 614
341 915
609 592
838 952
280 281
488 568
199 381
949 266
294 126
184 166
133 602
482 987
953 207
502 178
149 293
795 207
795 421
266 790
266 168
988 188
987 245
987 789
987 338
987 873
987 809
987 925
987 480
987 540
987 311
987 361
987 68
987 764
987 531
987 231
987 56
987 955
481 565
680 15
692 932
52 762
207 990
710 228
754 272
378 950
776 159
510 125
984 126
111 759
890 193
334 607
471 415
540 697
445 288
500 126
500 435
232 416
126 782
435 782
857 17
857 316
150 416
493 288
978 817
978 614
978 547
947 568
704 565
272 595
178 862
790 812
790 868
595 159
648 416
648 765
648 602
416 782
416 602
950 514
950 103
381 192
577 147
53 193
405 932
925 697
568 495
602 765
188 614
338 193
759 762
422 15
159 316
159 951
13 791
935 413
868 765
542 646
721 765
420 96
61 718
561 288
