275 327
275 849
275 175
703 550
703 771
248 462
248 506
535 927
535 369
720 587
720 383
720 680
720 855
780 103
347 933
347 966
923 890
923 334
229 607
229 628
229 306
439 949
439 912
439 416
329 245
624 245
624 540
122 428
977 497
977 189
977 236
977 1004
977 418
977 1001
506 333
506 783
506 644
506 670
506 996
506 173
506 16
506 199
506 921
506 364
506 688
506 541
994 338
994 231
450 135
450 233
450 462
450 272
450 742
450 851
450 602
771 546
113 927
107 381
301 493
106 510
865 214
865 471
377 246
377 729
377 101
98 429
98 592
98 268
98 401
656 280
260 949
260 266
260 77
260 168
25 48
290 166
290 159
290 214
915 857
915 341
915 200
915 316
915 136
915 428
915 280
915 742
915 739
915 851
915 159
839 335
291 429
291 268
291 401
92 17
1001 607
273 951
433 987
445 891
557 586
557 266
134 850
134 454
134 268
134 592
388 607
388 687
266 949
266 912
266 575
266 77
266 168
659 742
52 416
52 168
428 200
428 17
428 31
428 857
462 783
462 223
462 517
462 742
462 542
462 718
462 157
462 670
462 591
462 851
840 540
840 231
483 607
483 86
30 908
662 61
401 454
401 165
401 683
401 415
401 429
401 268
526 280
837 924
837 881
392 674
663 322
605 333
605 470
605 789
605 710
605 862
605 228
605 249
605 0
605 502
327 381
327 14
327 657
808 670
783 231
846 67
846 561
303 103
111 586
294 586
184 710
133 648
540 245
540 264
540 233
540 764
540 955
58 909
149 293
795 424
795 493
850 90
647 280
135 581
135 920
135 90
135 233
987 925
680 12
680 707
680 284
687 607
687 951
654 738
534 607
534 920
534 334
534 822
534 591
534 322
241 280
334 607
334 159
334 75
188 280
188 528
646 927
499 684
499 321
220 159
220 75
333 178
638 164
638 322
546 61
546 857
546 873
421 280
421 362
435 500
435 586
435 782
67 207
67 165
67 561
67 963
67 344
48 956
48 558
48 458
48 319
48 216
369 927
602 908
602 356
602 743
602 416
165 990
165 316
165 344
165 31
670 175
40 90
607 500
607 586
607 75
607 299
607 231
309 1
650 90
777 16
934 595
950 103
371 4
371 951
166 586
372 404
812 790
812 935
812 119
812 661
223 343
338 193
422 280
159 787
159 633
159 214
159 742
159 116
159 147
752 927
752 775
335 537
335 790
13 516
912 949
912 472
912 168
104 765
832 423
565 684
565 321
935 277
935 746
137 936
704 684
704 321
2 790
168 949
168 232
168 575
168 472
168 77
454 429
454 268
454 592
454 120
712 398
103 514
418 105
1002 319
264 245
542 927
542 823
684 321
684 918
684 679
684 844
990 424
990 280
415 978
415 191
415 416
561 280
561 629
997 75
24 280
24 891
718 980
231 245
791 32
644 996
644 199
256 313
362 383
362 152
722 927
737 849
737 175
761 924
761 881
6 178
586 500
586 762
586 332
586 416
823 927
823 485
267 112
267 629
164 322
575 949
575 77
178 693
178 502
851 167
851 920
851 35
851 978
851 280
152 443
152 742
117 268
444 927
629 530
629 493
629 891
90 900
90 742
429 925
175 5
175 849
713 268
35 280
142 280
196 268
618 321
42 322
854 927
120 927
41 679
167 502
927 485
927 513
927 191
927 592
927 551
927 250
927 770
268 633
268 592
700 890
136 200
924 881
322 139
322 649
322 509
322 879
630 920
239 857
353 891
772 75
280 530
280 631
280 978
280 920
280 891
280 547
280 360
280 32
488 568
299 96
774 947
502 862
724 246
424 207
77 949
988 978
472 62
758 672
692 191
908 765
904 479
85 844
200 857
764 245
191 75
272 61
272 742
623 214
660 306
978 493
891 493
233 245
900 742
568 947
568 379
782 790
920 742
214 951
214 742
214 321
742 306
216 321
91 75
