599 333
599 178
580 143
275 114
275 849
703 863
703 771
278 609
535 444
535 113
535 369
720 135
720 587
720 383
720 752
720 91
780 106
780 514
780 103
923 738
923 633
923 546
923 609
923 197
923 910
923 502
923 120
229 194
373 190
251 987
424 469
424 978
424 188
329 624
329 233
996 506
996 418
996 977
996 644
996 541
996 199
699 168
38 324
802 450
952 344
952 200
952 316
952 136
994 987
450 718
450 900
450 61
450 695
450 272
450 40
450 662
587 454
771 900
771 742
771 306
771 388
771 137
769 194
769 233
769 1002
769 306
28 987
197 32
197 546
197 550
107 670
107 201
107 175
107 5
107 464
107 335
107 985
107 980
107 236
107 537
107 652
107 381
107 118
107 664
107 810
107 898
107 532
107 1004
107 468
107 553
107 808
107 29
107 737
69 950
573 586
301 469
301 978
301 493
106 402
106 103
957 469
957 978
815 1004
98 454
98 566
98 592
98 713
433 987
153 977
371 4
497 977
25 844
25 918
290 566
915 428
915 61
915 200
915 530
122 200
291 454
582 987
550 546
550 743
134 454
134 592
976 491
976 178
976 349
388 638
388 61
388 214
388 742
388 534
388 280
377 718
377 61
377 609
166 602
166 743
166 110
166 574
659 306
52 416
141 978
141 530
731 189
731 718
731 680
428 160
428 200
428 953
428 883
428 530
428 857
885 984
885 294
885 256
885 313
885 648
885 416
65 193
324 638
324 586
324 415
559 622
76 733
76 399
76 1001
840 245
840 698
840 987
840 231
157 740
157 743
628 135
483 696
30 730
662 443
189 181
189 61
189 629
189 410
189 724
189 491
189 883
189 502
603 514
110 112
110 674
110 803
401 454
401 165
401 415
392 90
392 112
392 91
663 322
663 343
883 200
883 293
883 184
883 724
883 404
883 595
883 716
883 423
605 333
605 178
605 693
605 228
327 849
527 456
808 898
378 514
954 469
954 978
209 356
609 617
609 581
609 151
609 772
609 687
609 120
439 168
568 379
568 40
568 947
568 495
586 984
586 500
586 700
586 240
586 528
586 126
586 326
586 762
586 267
901 194
184 754
184 907
184 225
184 711
184 407
184 779
184 843
241 469
540 698
540 987
540 855
540 641
540 233
540 955
546 629
546 807
546 522
807 120
149 0
795 469
795 978
372 572
78 333
78 178
101 246
101 423
135 581
135 61
135 870
160 200
160 629
987 245
987 789
987 809
987 872
987 641
987 338
987 849
987 873
987 432
987 764
987 482
987 311
987 361
987 95
987 68
987 698
987 531
987 231
987 56
987 364
987 955
987 925
499 844
499 48
499 918
499 704
499 565
499 684
499 679
499 318
499 321
70 334
339 178
487 879
687 607
687 739
687 75
687 692
687 120
977 950
977 1004
977 418
977 423
977 1001
534 696
133 602
142 316
337 1
393 843
334 607
334 416
125 622
125 103
630 167
630 493
630 530
630 24
592 454
592 713
879 420
879 164
879 322
333 862
333 470
333 6
333 710
333 409
333 228
333 0
333 767
333 693
333 178
333 569
333 312
333 249
333 538
333 502
317 374
118 732
810 381
421 469
421 978
685 1001
685 724
435 500
788 634
788 103
67 920
67 165
48 319
947 774
947 254
947 40
947 60
822 514
165 707
165 316
165 267
670 61
670 5
40 193
40 900
607 696
607 528
607 692
873 698
934 595
904 61
236 1004
236 743
236 980
705 733
950 103
260 356
260 168
260 912
260 416
381 643
381 192
381 29
558 565
558 458
558 319
723 41
723 956
676 622
402 103
37 356
37 256
754 61
789 531
188 862
188 469
188 614
188 920
188 280
188 530
188 988
188 35
188 978
188 656
188 851
188 502
0 178
0 249
0 716
495 862
422 410
295 178
159 940
159 742
335 2
335 119
912 356
912 949
912 168
912 77
912 416
13 704
716 61
735 514
104 549
832 103
565 458
935 413
935 277
935 214
704 684
704 743
120 454
120 528
454 772
454 429
454 713
316 200
316 971
316 629
517 356
517 61
517 267
103 514
103 46
103 423
103 206
542 61
542 646
684 743
684 956
684 458
512 978
190 181
190 196
190 274
190 353
190 656
514 395
514 505
990 633
990 469
187 272
561 493
24 629
24 530
24 891
718 356
718 61
718 293
718 724
718 980
718 423
231 698
231 245
951 552
951 299
569 178
389 471
791 32
791 693
644 506
256 648
256 313
256 416
362 909
362 383
743 602
658 280
522 843
737 849
956 41
956 319
956 844
956 458
761 804
6 178
848 4
267 700
267 851
730 356
730 868
698 245
698 764
552 978
552 614
178 470
178 991
178 710
178 249
178 502
178 862
178 409
178 228
178 767
178 693
178 519
178 538
364 233
591 696
591 61
591 322
851 469
851 61
851 547
851 614
851 978
629 200
629 288
629 530
90 984
90 193
90 356
90 61
90 472
90 313
90 416
175 849
175 423
784 863
784 742
817 469
817 978
374 306
35 469
35 978
170 697
170 855
1004 29
168 984
168 356
168 232
168 313
168 266
168 77
168 416
715 577
581 936
581 855
399 46
399 322
855 697
356 416
356 61
356 112
356 313
356 765
356 472
167 469
167 978
1001 14
1001 724
410 696
410 595
46 1
572 724
980 61
700 272
14 924
14 506
306 790
306 742
924 506
924 199
674 112
674 91
322 368
322 343
803 112
553 5
469 614
469 547
469 207
469 978
614 978
772 75
280 547
280 502
423 246
423 710
423 779
502 862
502 696
502 61
502 724
293 862
724 181
250 886
194 863
988 978
458 577
458 319
458 321
458 844
692 61
692 191
692 233
207 978
530 200
530 281
530 891
984 416
62 646
5 228
464 214
696 742
200 857
493 978
493 288
45 66
764 245
978 547
272 900
595 404
415 233
862 547
233 245
900 742
590 171
590 147
863 742
171 147
672 844
16 61
281 61
313 416
216 319
742 214
4 91
214 343
416 790
61 343
