599 710
599 976
275 479
275 849
644 506
644 1001
644 199
248 607
248 746
248 915
248 591
248 334
92 316
720 746
720 383
720 680
720 527
720 90
819 955
923 772
923 193
923 90
923 915
923 120
373 280
251 987
169 595
424 207
424 421
424 795
997 235
997 120
948 416
948 586
948 112
948 356
948 674
948 392
948 517
948 912
948 267
948 765
948 803
624 245
624 329
624 231
624 692
122 718
977 497
977 200
977 629
977 428
977 418
977 120
506 996
506 541
506 199
658 280
802 695
994 746
994 987
994 752
450 746
450 662
828 516
587 936
769 245
769 798
769 830
769 231
769 742
769 525
113 513
113 854
28 987
107 98
107 468
107 980
107 808
69 50
573 166
573 586
573 447
15 731
15 680
289 899
377 718
98 117
98 278
98 401
98 429
98 291
98 707
98 713
98 454
98 134
98 268
98 592
656 353
921 783
497 773
915 142
915 586
915 61
915 316
915 280
915 428
915 857
915 120
427 540
427 955
291 454
291 196
291 134
291 429
291 1003
332 61
332 782
332 416
332 435
332 500
1001 924
273 951
468 643
550 500
543 200
543 316
543 142
388 534
388 90
250 369
195 595
659 306
52 912
141 188
731 746
731 563
731 584
731 739
731 284
731 680
731 422
428 920
428 200
428 316
428 214
428 136
428 173
428 851
428 530
885 416
324 939
324 70
324 38
324 591
324 460
559 622
559 50
840 245
840 874
840 540
840 987
840 231
157 542
157 356
157 586
157 684
157 517
157 746
157 765
30 765
662 900
662 86
662 214
662 443
189 181
189 200
189 120
189 951
189 280
189 502
401 454
401 429
401 165
401 415
392 674
663 410
663 343
883 718
883 951
605 685
527 870
783 650
846 280
609 905
439 949
439 912
439 266
439 168
568 947
568 379
447 586
447 416
329 264
294 586
294 416
184 225
184 423
540 264
540 874
540 987
953 316
149 866
149 101
149 716
664 537
850 90
823 120
135 581
135 628
135 746
160 120
160 857
987 245
987 789
987 809
987 872
987 641
987 338
987 849
987 873
987 432
987 764
987 480
987 482
987 433
987 311
987 361
987 752
987 95
987 68
987 582
987 698
987 531
987 231
987 56
987 955
987 925
499 758
499 321
70 633
70 50
70 90
487 939
687 772
687 746
687 586
654 650
874 245
874 873
874 231
874 764
38 586
38 832
534 939
534 746
534 591
534 935
776 746
142 274
142 647
142 280
142 31
142 316
337 323
337 505
554 90
589 383
334 586
334 75
125 939
125 622
223 746
102 939
482 531
798 245
798 742
500 814
232 425
232 949
232 790
232 472
232 912
232 765
232 168
293 724
834 746
834 120
421 630
435 416
386 319
67 963
67 165
67 344
630 24
48 319
132 399
132 842
50 943
50 879
50 420
947 774
284 422
165 344
165 31
165 316
477 939
946 425
946 356
607 718
607 591
607 692
607 231
650 738
650 682
934 318
302 316
302 136
364 764
260 762
260 266
381 192
558 207
558 956
558 321
558 458
558 319
558 216
166 586
166 416
676 939
676 622
53 772
53 951
53 214
402 139
955 925
939 139
939 323
939 510
939 206
188 988
188 90
188 280
188 120
759 416
0 512
0 432
335 899
58 909
159 940
159 214
159 920
13 516
13 532
912 586
912 356
912 472
912 214
912 313
912 168
311 773
716 718
716 866
104 721
104 425
104 765
887 383
935 746
935 813
952 200
952 316
952 136
220 383
220 75
220 90
323 622
502 746
502 214
502 951
502 724
502 772
502 178
502 280
502 120
168 586
168 356
168 949
168 472
168 765
316 990
316 200
316 971
316 647
316 838
316 136
316 349
316 344
316 17
316 857
316 31
316 120
517 542
517 356
517 586
517 684
103 310
264 581
542 586
542 746
684 586
684 746
235 425
415 978
561 280
940 214
24 493
24 280
24 530
979 996
718 16
718 61
718 724
718 75
718 746
718 692
718 114
668 746
231 239
231 742
231 245
231 2
918 854
918 844
918 319
909 862
909 362
791 693
791 544
996 924
996 90
362 225
362 383
866 772
866 365
813 746
813 214
544 8
544 143
544 563
544 669
586 984
586 356
586 74
586 416
586 868
586 765
586 762
586 854
586 602
647 280
249 409
249 693
267 936
532 516
532 118
178 120
963 120
591 746
851 920
851 746
851 90
851 978
851 280
547 280
629 280
629 360
629 857
629 120
90 670
90 193
90 746
90 978
429 196
746 530
746 980
746 739
746 920
746 277
746 775
746 692
746 742
35 280
31 493
541 10
541 199
120 862
120 865
120 772
120 857
120 742
120 200
120 671
74 416
943 310
582 764
582 686
46 310
980 464
14 924
136 200
136 857
924 199
344 200
322 368
322 343
239 772
239 595
239 951
516 804
553 118
772 75
772 857
772 890
772 951
772 742
280 862
280 920
280 530
299 509
118 732
118 5
724 491
724 890
585 673
472 949
472 765
758 844
458 956
692 191
692 233
692 775
971 200
383 138
530 857
984 416
890 193
696 61
200 857
126 790
857 951
45 66
648 2
648 765
416 782
577 147
577 214
830 245
830 742
863 306
171 933
425 633
319 216
525 245
525 742
214 951
214 255
742 245
66 227
721 765
790 2
