437 516
580 143
275 849
275 175
703 771
644 924
644 516
38 334
535 823
720 456
347 171
923 193
923 516
923 994
923 782
923 2
923 912
923 890
229 607
229 469
229 790
229 106
251 540
251 987
251 2
329 910
329 540
329 624
948 586
122 924
977 189
977 969
977 1004
977 796
977 418
977 1001
977 423
516 783
516 996
516 719
516 654
516 653
516 682
516 199
516 738
516 650
516 532
516 13
516 921
516 761
516 14
516 790
516 197
516 881
516 979
516 837
516 850
516 747
516 743
516 1001
516 270
516 173
516 506
516 327
516 702
516 657
516 924
516 131
516 745
516 508
516 541
516 576
708 866
802 607
802 712
802 187
802 450
802 40
802 466
994 987
994 231
994 95
994 764
994 540
450 754
450 696
450 572
450 695
450 187
450 40
450 60
450 742
450 595
450 947
450 272
416 313
416 256
416 126
416 517
416 573
416 74
416 984
416 586
416 472
416 214
416 927
416 147
416 471
416 30
771 742
28 540
28 987
197 540
107 1004
107 98
107 214
15 731
15 584
15 680
15 422
106 634
106 788
511 540
511 987
377 866
377 457
815 433
98 268
98 454
98 429
98 707
98 592
98 713
656 190
656 165
656 274
25 585
290 193
290 253
290 159
290 214
858 812
858 552
915 428
915 316
915 159
796 540
291 454
291 268
291 401
332 782
332 318
1001 506
723 565
723 41
326 687
326 692
550 607
550 542
134 454
134 592
226 540
250 782
52 126
731 406
731 563
731 422
428 160
428 316
428 838
428 408
428 142
462 762
324 534
840 749
840 987
840 196
840 540
840 318
840 32
840 338
157 607
157 171
157 590
157 586
843 718
30 743
30 209
662 443
401 454
401 429
401 165
401 415
392 517
305 765
783 650
783 682
954 167
926 147
846 67
846 561
209 912
209 765
609 772
303 950
303 103
586 264
586 58
586 160
586 126
586 165
586 762
586 984
586 356
586 479
586 294
586 120
586 161
586 947
586 912
586 541
586 310
901 90
133 984
540 245
540 68
540 789
540 641
540 338
540 849
540 461
540 873
540 809
540 855
540 482
540 433
540 311
540 836
540 95
540 361
540 764
540 582
540 432
540 698
540 987
540 231
540 56
540 364
540 955
540 692
540 925
546 614
82 135
149 718
101 246
101 423
880 890
135 617
135 4
135 870
135 371
135 581
135 170
135 692
987 245
987 789
987 872
987 641
987 338
987 849
987 873
987 432
987 809
987 764
987 482
987 433
987 311
987 361
987 95
987 68
987 588
987 582
987 531
987 231
987 56
987 364
987 955
294 256
294 765
654 650
654 576
754 272
754 595
754 718
334 147
334 159
253 566
223 663
630 978
592 927
592 454
592 268
638 700
638 410
431 988
293 716
435 500
435 267
423 246
423 103
423 175
67 165
67 344
369 62
602 765
538 239
538 693
538 502
165 344
165 151
870 362
40 272
40 572
40 695
607 700
607 56
309 832
650 682
873 697
950 103
950 663
173 506
166 743
166 674
166 112
53 193
53 311
53 343
402 42
812 790
188 988
759 984
759 782
159 617
159 214
159 742
159 940
159 912
159 671
159 713
335 2
335 980
311 697
912 984
912 472
912 126
912 168
104 765
935 746
935 568
254 187
185 191
429 454
454 117
454 278
454 196
454 772
454 1003
454 713
454 264
454 147
454 268
316 214
517 112
517 674
517 803
517 267
103 514
418 105
966 168
542 927
542 62
542 646
542 823
612 415
684 841
684 844
190 353
190 181
190 274
457 16
663 343
817 35
718 61
718 866
718 980
718 522
231 245
918 758
569 482
569 415
278 61
256 648
256 313
362 595
743 472
737 849
737 175
433 738
164 420
591 910
851 978
117 268
629 838
629 280
90 32
90 779
90 29
2 500
2 700
2 790
175 5
175 849
713 268
746 900
746 692
695 947
695 187
86 443
975 397
581 855
74 984
74 782
167 978
582 764
572 696
268 633
671 397
700 790
306 790
306 214
306 742
924 506
344 136
322 879
239 214
506 199
220 75
772 75
280 530
443 742
774 947
774 568
482 606
697 925
697 855
788 740
693 862
692 910
617 714
971 136
984 782
62 646
62 551
471 483
200 136
368 46
857 136
45 782
515 214
272 595
272 742
648 765
187 900
310 343
672 844
879 420
782 500
782 66
951 214
