599 605
599 178
599 789
278 334
278 151
278 214
319 558
580 143
256 104
996 418
122 718
122 915
703 771
779 883
866 377
248 920
535 823
720 581
720 833
720 405
720 383
780 139
737 1004
737 849
737 175
737 275
341 915
923 772
923 546
923 609
923 214
923 742
462 833
956 758
956 558
373 190
48 684
251 987
605 700
6 178
329 245
329 540
893 562
64 84
249 178
624 692
38 832
38 90
267 586
267 517
267 530
267 435
267 891
532 381
523 104
150 415
802 159
575 232
274 190
274 920
994 987
994 863
178 862
178 470
178 991
178 710
178 767
178 409
178 228
178 78
178 333
178 295
178 693
178 538
178 502
364 987
851 280
851 188
771 901
771 306
771 993
771 626
771 863
537 107
393 184
28 987
629 891
629 561
629 838
629 280
629 24
629 530
629 630
90 443
90 612
90 114
90 40
90 662
641 987
429 98
429 454
429 291
429 401
75 901
175 275
175 849
713 592
106 510
817 469
817 207
568 662
511 987
377 101
377 716
377 149
377 423
35 469
915 165
915 316
915 428
915 280
915 31
915 857
142 630
31 428
31 165
318 499
921 837
1 310
497 977
25 704
290 214
695 40
891 353
891 24
95 987
491 5
398 712
291 134
291 401
1001 977
273 951
1004 977
433 987
134 98
134 454
134 592
388 502
52 356
52 166
52 416
957 469
957 207
485 62
581 135
581 628
581 855
731 422
849 987
849 275
74 984
74 166
229 421
356 927
356 586
356 209
356 472
356 126
356 166
356 743
356 30
356 765
356 416
590 157
582 506
582 789
582 987
582 540
840 245
840 764
840 987
840 231
157 586
157 147
927 592
572 693
980 335
30 104
30 765
700 540
700 790
260 912
401 165
401 454
401 415
837 516
68 987
344 165
305 104
803 517
424 469
424 207
424 421
424 795
506 738
327 381
592 193
592 454
592 98
663 223
663 343
540 245
540 987
540 233
540 697
540 955
353 190
281 905
783 738
783 682
783 654
469 207
469 188
469 795
469 954
469 421
469 301
469 167
469 547
469 241
954 207
926 715
926 147
846 67
846 280
846 561
209 765
609 159
872 987
711 718
280 920
280 658
280 561
280 526
280 647
280 24
280 530
280 160
280 547
280 493
280 360
280 188
280 32
280 631
774 947
586 984
586 782
586 166
586 435
586 416
56 482
56 789
56 987
184 607
482 531
482 987
697 855
697 873
697 311
697 925
546 326
546 743
194 951
423 246
423 977
423 832
264 454
149 372
149 716
795 207
372 595
101 246
135 628
432 987
104 742
167 302
160 630
160 526
450 187
472 62
472 912
472 743
472 765
472 168
499 833
499 321
499 558
680 422
692 220
687 326
687 776
687 214
687 334
207 188
207 847
732 0
654 738
654 682
754 595
977 718
977 418
758 918
510 323
510 139
510 102
510 832
984 126
133 765
890 454
62 542
62 646
5 335
334 607
334 630
334 191
114 479
220 749
333 29
638 509
293 718
776 65
810 381
650 682
67 963
67 165
67 561
181 190
479 718
493 561
764 245
764 987
719 738
991 61
165 990
165 316
477 139
617 833
835 742
272 595
272 40
187 712
168 912
873 987
777 718
648 765
416 53
416 294
416 214
416 166
416 765
77 912
682 738
166 674
577 147
746 935
602 743
602 765
955 987
812 790
16 718
789 987
223 343
809 987
338 987
159 712
159 214
159 742
159 40
311 987
912 214
716 718
191 415
920 190
361 987
843 718
415 833
969 718
987 245
987 531
987 231
185 833
245 231
612 193
656 190
526 360
718 876
