248 506
248 75
248 334
535 927
720 731
720 383
720 90
347 933
347 91
923 193
923 687
923 53
923 738
923 528
923 214
923 617
923 65
923 278
923 159
229 241
373 190
251 506
424 207
424 990
424 421
424 795
329 245
711 907
624 245
977 497
977 996
977 1004
977 153
977 423
977 1001
977 418
506 783
506 442
506 158
506 208
506 29
506 14
506 5
506 377
506 670
506 249
506 921
506 189
506 6
506 414
506 381
506 881
506 643
506 1004
506 796
506 775
506 1001
506 605
506 808
506 364
506 226
506 541
994 245
994 764
994 540
994 338
994 231
450 61
450 306
450 742
587 415
771 660
771 306
769 185
113 927
107 98
107 201
107 464
107 5
107 90
573 416
377 457
98 117
98 454
98 401
98 449
98 429
98 291
98 707
98 713
98 278
98 134
98 268
98 592
433 641
433 482
575 782
575 232
260 912
260 266
260 472
260 77
260 168
25 704
25 48
290 253
291 429
291 454
291 401
582 764
445 891
134 592
740 788
702 78
617 607
617 833
617 159
469 2
731 584
731 284
731 196
428 990
428 316
428 160
428 647
428 302
428 857
65 687
840 698
157 577
483 316
30 313
30 765
189 607
189 718
189 595
189 410
603 514
401 454
401 165
401 415
401 429
526 629
837 682
392 316
883 716
605 862
605 470
605 710
605 228
605 502
605 249
605 0
605 333
327 381
808 670
808 29
783 650
783 850
783 541
846 67
846 629
846 561
609 772
609 927
609 996
111 586
817 978
180 958
241 302
482 531
546 738
546 542
546 873
546 629
546 272
546 850
795 207
850 738
823 927
101 246
135 772
135 942
135 581
135 549
135 90
160 658
160 24
160 530
160 629
987 540
987 809
987 955
499 607
680 284
680 422
687 278
687 528
687 553
654 738
534 334
534 510
679 565
589 383
334 607
334 159
253 566
188 607
188 978
188 851
646 927
646 542
646 62
540 245
540 698
540 774
540 855
540 955
592 454
592 927
592 343
592 713
333 6
333 249
333 502
500 356
500 586
500 692
500 435
232 782
232 147
232 168
293 61
685 629
685 1001
685 724
788 402
67 207
67 165
67 561
67 963
67 344
48 672
48 956
48 704
48 558
48 458
48 319
48 216
602 765
176 61
566 713
165 207
165 316
165 31
165 857
870 12
870 120
607 549
607 91
607 75
607 1001
607 356
607 231
607 927
607 178
607 147
607 692
607 502
650 738
650 682
873 698
847 207
847 658
847 274
847 142
950 91
371 90
381 29
166 74
53 193
402 42
955 773
955 925
754 718
754 595
223 322
759 74
495 862
495 568
634 832
159 738
159 214
159 704
159 178
335 537
13 516
13 682
912 356
912 472
912 416
716 718
719 682
719 410
935 413
935 746
969 1004
185 833
682 738
682 541
682 576
168 782
168 356
168 77
454 196
454 772
454 429
454 147
316 647
517 542
517 356
418 996
738 921
542 356
542 586
542 62
542 927
612 42
190 920
190 181
190 274
190 353
190 656
457 843
415 940
415 191
561 629
833 772
24 629
718 325
718 980
531 641
231 245
231 698
951 772
770 927
256 416
743 472
658 629
658 280
522 61
722 927
737 175
761 516
761 881
586 762
586 868
586 267
586 416
647 207
249 409
78 422
532 516
698 245
698 764
369 927
274 851
178 991
178 502
851 978
851 61
547 988
547 978
547 167
444 927
629 631
629 891
629 772
629 280
629 630
629 493
629 360
629 267
90 356
90 742
90 927
90 764
90 201
90 765
90 416
429 925
175 5
175 849
746 692
35 978
695 568
196 927
86 443
854 927
120 772
120 927
855 697
356 416
356 472
356 126
167 978
410 16
410 14
410 56
927 485
927 191
927 772
927 686
927 413
927 513
927 193
927 551
927 416
927 250
671 692
868 765
136 207
630 656
630 493
516 881
353 891
772 191
772 75
772 809
772 890
772 595
838 267
838 857
280 281
299 388
443 152
774 947
423 246
502 724
502 519
264 245
277 147
77 472
194 306
988 978
472 52
472 782
207 656
146 326
530 891
995 528
126 2
126 313
126 765
126 416
764 245
267 891
267 416
416 191
416 313
233 245
900 742
568 379
171 933
843 779
933 91
633 61
742 306
700 790
790 2
