599 178
565 684
565 318
565 48
979 738
285 715
248 692
535 722
535 854
535 444
535 61
347 715
347 147
347 966
923 617
923 738
923 546
923 633
923 90
229 61
373 190
595 71
595 934
595 372
595 91
251 987
251 410
251 671
169 91
439 912
68 987
711 907
624 540
362 870
362 371
38 939
38 907
38 61
38 324
38 91
516 13
516 14
516 532
999 907
994 987
994 582
994 410
450 695
519 178
769 736
769 306
113 586
28 987
197 32
197 546
107 320
107 670
107 393
107 208
107 201
107 175
107 29
107 737
107 464
107 335
107 985
107 688
107 980
107 236
107 537
107 381
107 118
107 664
107 1004
107 898
107 652
107 553
107 808
107 192
107 810
235 609
98 291
98 609
98 592
98 268
433 987
433 410
433 90
153 996
153 977
153 1001
153 410
153 418
921 738
921 14
260 356
260 168
25 499
25 318
25 684
25 918
290 193
290 566
858 552
915 316
915 647
915 428
915 142
915 267
915 857
427 955
291 117
291 454
291 609
291 401
291 134
291 429
291 713
291 1003
291 268
291 120
332 782
332 294
582 764
582 364
582 987
550 546
550 704
134 738
134 592
388 178
388 534
388 634
388 638
266 294
166 356
166 586
166 574
166 782
166 743
166 765
166 602
702 14
819 719
908 765
141 630
150 415
731 422
428 862
428 990
428 200
428 530
428 160
428 647
428 316
428 883
428 349
428 857
885 984
885 586
885 294
76 410
840 540
840 987
157 715
157 718
843 907
30 52
30 356
30 313
30 912
30 936
662 443
662 86
189 1004
189 862
189 0
414 891
401 454
401 429
401 415
526 629
837 14
837 410
392 112
883 907
883 857
424 421
424 795
327 192
657 14
818 330
783 738
783 850
783 14
783 16
783 506
954 630
954 851
926 715
846 629
209 356
609 633
609 890
609 90
609 772
609 53
609 592
597 738
447 586
447 294
382 14
586 176
586 517
586 126
586 782
586 168
586 765
586 74
586 984
586 356
586 435
586 294
586 159
586 912
586 762
586 416
294 256
294 648
294 313
294 984
294 133
294 74
294 416
184 907
339 178
540 245
540 987
540 700
546 841
546 522
823 193
101 423
880 707
104 126
104 790
104 765
160 629
987 245
987 789
987 809
987 872
987 641
987 338
987 849
987 56
987 432
987 764
987 482
987 311
987 361
987 95
987 90
987 698
987 531
987 231
987 873
987 364
987 955
987 925
499 48
499 918
499 618
499 91
499 558
499 318
490 907
70 178
279 907
680 15
635 907
687 696
687 912
687 746
687 718
654 738
977 1004
977 423
977 1001
977 996
977 491
977 236
977 418
534 42
534 696
78 178
337 634
337 695
678 568
334 696
334 742
253 151
223 696
243 61
630 629
630 851
220 607
333 178
232 126
232 790
232 356
232 112
232 168
421 795
685 629
435 782
67 963
67 344
67 561
67 165
259 907
602 61
602 743
538 178
991 178
991 61
40 572
40 196
607 629
650 14
650 410
777 907
777 410
934 951
900 742
236 537
236 364
950 514
950 103
950 343
381 643
558 684
558 956
558 844
558 318
558 458
173 14
508 14
53 193
53 61
402 42
850 196
850 996
850 90
955 311
955 925
754 718
754 907
188 862
0 249
0 178
422 15
295 178
58 909
159 214
159 233
752 413
752 191
752 120
613 91
480 399
480 482
912 984
912 356
912 472
912 949
912 52
912 416
912 168
13 738
13 14
393 907
719 14
976 178
473 1004
935 746
935 844
935 90
969 410
716 1004
716 724
682 14
541 761
541 738
541 506
541 14
541 410
541 16
168 52
168 949
168 356
454 196
454 772
454 429
454 268
454 592
517 478
517 356
517 61
517 256
517 267
517 186
103 943
103 423
418 105
418 996
738 644
738 14
738 996
738 1001
738 975
738 231
738 671
131 14
945 14
684 844
684 956
684 48
684 918
684 91
684 458
684 318
684 321
190 920
190 181
190 274
190 353
190 656
990 647
415 772
415 191
415 429
415 833
561 629
407 907
833 772
24 91
24 629
24 647
652 907
718 696
718 61
718 746
718 907
718 692
718 591
531 482
478 112
478 648
478 267
478 256
918 318
644 14
644 199
256 356
256 112
256 313
256 648
256 267
256 186
996 506
996 14
122 410
779 907
866 423
866 91
522 907
522 61
710 178
761 14
761 90
6 178
6 881
267 52
267 530
267 112
267 648
267 186
532 700
532 175
730 356
575 472
178 470
178 75
178 249
178 502
178 862
178 409
178 228
178 605
178 767
178 693
178 569
591 696
591 746
591 692
851 978
851 817
117 268
117 120
629 658
629 280
629 891
629 91
629 838
629 2
629 288
629 530
629 493
629 360
629 631
90 193
90 891
90 809
90 120
429 196
175 491
175 410
713 268
713 592
746 413
746 775
746 692
249 537
249 16
318 956
318 458
318 844
537 181
196 147
196 268
196 120
618 321
409 767
42 139
120 193
120 633
120 772
120 268
715 171
715 931
715 686
715 972
715 933
715 577
715 590
715 748
715 147
907 16
907 320
907 201
907 615
907 884
907 426
907 732
399 46
399 322
966 227
356 52
356 61
356 648
356 313
356 765
356 472
356 416
1001 506
1001 14
1001 410
410 16
410 924
410 696
410 482
268 633
671 692
700 2
14 199
14 881
14 924
14 506
14 16
14 270
14 576
239 854
506 199
854 528
592 257
353 891
485 646
119 790
772 890
772 75
280 862
280 530
299 509
697 855
423 246
502 862
502 696
901 91
293 724
724 246
834 692
472 52
472 61
458 844
458 48
692 245
692 696
692 233
692 272
692 775
692 830
692 742
52 868
52 765
956 844
41 73
530 493
530 891
984 762
984 782
696 742
200 857
126 790
186 112
186 648
32 214
949 416
686 577
413 191
77 762
617 193
879 420
66 227
231 245
61 193
790 2
