599 178
599 0
703 443
703 720
92 316
720 587
720 383
720 680
780 103
347 933
347 2
347 966
229 374
373 190
251 987
439 266
439 77
439 168
329 264
329 415
624 873
38 638
516 743
516 532
802 40
802 61
802 159
994 789
994 987
450 135
450 61
450 692
450 398
450 568
450 742
450 765
828 738
828 783
828 719
828 745
828 837
828 13
658 280
658 629
658 24
28 987
107 810
107 98
107 192
107 5
107 236
573 120
301 795
15 680
15 422
511 540
377 718
98 117
98 278
98 707
98 401
98 134
98 429
98 291
98 268
98 592
98 713
656 190
575 782
575 912
575 77
575 168
260 912
260 266
260 77
260 168
497 977
25 458
290 253
858 991
858 614
915 428
915 280
915 200
291 454
291 401
291 134
291 429
291 268
291 713
966 933
966 935
1001 977
433 987
550 546
543 316
134 454
134 592
976 178
976 0
250 607
250 886
702 690
908 743
908 30
908 765
731 630
731 422
428 609
428 61
428 200
428 316
428 214
428 32
428 142
159 783
159 209
159 719
159 743
159 356
159 142
159 738
159 506
159 214
159 742
159 178
159 912
159 798
159 502
462 223
559 622
840 245
840 987
157 147
483 5
483 646
30 313
30 765
30 168
662 40
662 90
189 718
189 410
189 716
401 454
401 165
401 415
401 429
526 280
526 383
837 738
663 950
663 534
305 356
305 912
305 743
305 168
424 207
424 421
424 795
327 381
657 921
281 718
783 738
783 506
783 979
783 120
846 67
846 280
846 112
209 356
609 772
609 120
303 103
447 868
447 586
949 266
949 77
184 423
133 648
133 765
133 416
540 987
540 415
540 641
540 955
540 231
540 24
546 334
664 192
850 738
647 838
647 316
647 561
101 423
135 581
135 607
135 718
135 942
160 280
160 629
160 24
987 245
987 789
987 872
987 641
987 338
987 849
987 873
987 432
987 809
987 764
987 482
987 311
987 361
987 95
987 68
987 582
987 531
987 925
987 56
987 364
987 955
987 231
481 565
499 684
499 321
680 422
680 790
687 742
654 738
654 991
977 236
977 1004
977 423
977 418
534 591
534 343
142 316
589 318
334 607
334 322
253 566
188 207
188 421
630 280
630 167
630 629
333 178
333 75
333 19
333 0
638 164
232 782
232 912
232 168
232 416
293 61
293 724
421 795
685 280
685 629
435 586
435 267
788 634
67 207
67 165
67 963
502 0
502 178
502 718
502 32
538 178
538 0
176 591
566 713
165 316
165 17
165 344
165 31
870 362
40 379
40 187
40 596
40 695
40 272
40 572
40 488
415 245
415 233
607 696
607 61
607 969
607 91
607 299
302 316
236 208
236 537
950 103
371 951
381 532
381 643
558 207
558 319
558 332
723 41
166 61
166 517
795 207
955 925
812 700
812 790
812 119
789 364
0 862
0 470
0 991
0 710
0 767
0 409
0 228
0 605
0 78
0 295
0 6
0 693
0 178
0 249
422 563
295 178
912 356
912 168
912 416
13 738
716 866
719 738
832 103
637 120
935 746
952 316
969 178
969 532
704 743
745 738
2 119
2 231
541 996
168 765
168 782
168 356
168 77
168 472
454 429
454 592
712 398
316 990
316 200
316 971
316 136
316 857
316 214
316 17
316 344
316 31
517 565
517 542
517 356
517 61
103 514
103 310
103 423
418 996
264 245
264 231
235 951
190 920
190 181
190 629
190 274
190 353
990 482
561 280
407 299
318 332
24 629
24 493
24 280
24 530
565 61
718 356
718 61
531 641
531 482
231 738
231 245
231 170
909 862
791 32
791 90
256 313
256 648
996 506
996 199
362 167
105 374
105 582
956 700
956 319
956 918
761 738
761 881
6 178
586 984
586 868
586 120
586 416
823 120
249 178
78 178
921 738
178 991
178 710
178 470
178 862
178 409
178 228
178 605
178 767
178 214
178 693
364 764
591 61
851 280
851 61
629 891
629 280
629 530
629 493
629 360
629 120
605 228
175 5
713 592
746 413
746 692
746 214
374 660
398 61
95 383
86 443
86 152
42 649
120 443
120 326
120 61
120 772
41 758
491 32
143 32
332 500
356 61
356 743
356 765
356 472
356 416
356 602
927 413
927 854
927 592
572 951
700 119
14 881
465 119
322 879
469 61
119 790
280 920
280 891
280 530
280 493
280 360
280 631
443 152
443 936
697 925
423 246
602 61
602 743
266 77
472 782
472 61
472 416
758 918
146 326
530 267
530 891
890 951
5 29
114 32
200 857
126 416
32 61
515 214
272 61
660 75
416 313
416 743
891 360
900 61
879 420
742 61
147 193
