437 738
723 565
644 738
644 850
644 670
644 506
644 199
512 978
256 356
996 738
996 418
996 541
996 199
687 290
687 586
687 356
743 356
847 207
278 316
248 762
248 586
248 915
248 157
248 450
248 595
248 502
248 684
248 492
522 61
722 927
499 75
347 933
347 966
923 738
923 159
923 742
923 134
923 921
923 541
923 231
710 832
736 231
788 634
761 738
578 214
6 249
586 52
586 126
586 356
586 984
586 772
586 762
586 435
586 294
586 159
586 157
586 416
586 120
647 142
31 428
31 165
624 540
38 324
506 738
532 738
532 335
164 634
272 772
369 927
369 513
369 646
575 168
274 841
552 978
994 764
994 582
178 693
963 67
587 720
706 322
591 324
591 61
591 718
591 334
851 988
851 207
851 978
732 0
980 718
980 670
653 738
444 927
719 738
197 738
90 542
90 997
90 629
90 460
90 292
90 530
90 953
641 540
429 401
301 207
301 978
15 731
15 422
106 322
817 207
817 978
377 422
35 207
35 978
537 335
537 440
921 738
260 762
260 77
260 168
497 977
25 318
25 704
915 731
915 428
125 622
460 322
427 399
1004 977
398 712
291 401
1001 738
1001 977
1001 702
86 443
8 772
8 293
550 812
550 546
685 629
685 643
704 684
557 168
120 927
250 927
270 738
702 738
702 192
737 440
41 565
141 978
453 595
581 135
731 284
731 584
731 422
810 159
849 951
74 984
324 622
324 172
828 969
582 686
410 189
157 772
927 454
927 629
927 609
927 515
927 513
927 147
927 592
927 191
572 450
843 772
843 61
843 779
30 356
30 313
868 294
14 738
119 812
401 454
401 165
401 415
306 194
306 214
306 742
837 738
392 674
392 112
392 630
344 67
344 165
344 838
53 482
322 139
322 832
322 323
322 102
322 299
322 510
424 207
424 990
424 421
424 978
424 795
516 738
854 646
327 738
657 738
563 422
485 646
24 629
783 738
469 207
469 978
954 207
954 978
614 978
846 67
209 356
500 772
772 629
772 669
772 136
772 517
772 75
772 356
772 684
772 912
772 640
772 13
838 200
280 629
418 977
443 152
774 947
329 540
56 159
241 207
540 245
540 264
540 231
540 697
540 955
423 977
502 565
502 718
502 293
388 638
206 622
149 718
149 977
795 207
795 978
266 790
850 738
477 622
77 168
988 978
160 530
659 214
659 742
472 52
472 356
472 912
131 738
763 214
692 159
413 746
52 201
52 648
52 168
207 188
207 421
207 957
207 67
207 167
207 547
207 978
956 565
956 318
654 738
654 650
939 622
534 622
133 168
957 978
530 629
530 891
530 2
530 630
510 622
510 223
984 168
542 62
542 646
62 646
334 607
334 746
334 220
334 159
855 697
102 622
630 112
630 493
220 75
220 214
904 718
232 168
200 136
200 952
200 857
293 716
126 700
126 790
126 2
126 356
126 416
646 551
646 513
421 978
368 950
435 267
857 17
67 165
67 561
181 724
764 245
764 364
978 188
978 167
978 547
284 422
40 450
40 712
40 159
187 450
553 335
607 168
650 738
450 712
450 159
997 193
199 738
950 663
112 674
112 159
881 738
891 629
891 360
2 700
2 790
173 738
508 738
724 246
676 622
900 742
746 159
746 935
925 697
747 738
576 738
171 933
812 700
812 790
812 465
313 765
524 622
634 603
159 561
159 742
159 713
159 712
159 214
159 912
311 697
311 987
912 168
61 790
61 718
13 738
716 718
979 738
214 742
745 738
769 951
682 738
541 738
245 231
700 790
700 415
738 231
738 924
216 321
465 790
139 622
