437 738
599 0
599 78
979 738
285 571
92 316
445 288
780 977
347 147
923 738
923 772
923 506
923 746
229 742
373 391
251 987
169 595
169 372
605 228
605 0
329 264
329 231
329 448
329 624
329 775
329 819
948 592
948 416
977 497
977 950
977 514
977 996
977 153
977 1004
977 103
977 418
977 1001
977 423
506 738
506 670
506 236
802 568
994 540
994 987
994 410
450 571
450 568
828 738
587 720
597 738
113 823
28 987
28 231
107 120
235 369
377 729
377 866
377 423
377 149
377 883
98 592
98 401
656 838
921 738
371 4
290 253
915 189
915 718
915 200
915 530
915 684
915 142
915 851
915 857
291 401
332 500
582 987
273 5
433 987
720 668
720 935
543 316
543 971
134 738
134 260
134 592
388 638
388 534
250 823
270 738
659 742
52 356
52 209
52 472
52 91
52 912
52 868
141 469
485 62
485 823
136 200
136 316
731 920
731 746
731 571
731 752
731 189
428 189
428 200
428 316
428 647
428 173
428 857
428 953
885 984
885 586
885 232
885 294
885 571
885 648
885 313
885 416
885 256
885 447
885 74
159 239
159 746
159 334
159 214
840 698
840 987
157 577
483 696
30 765
189 883
189 718
189 200
189 530
189 595
189 24
189 236
189 502
401 454
401 165
401 683
401 415
401 429
526 360
837 738
883 595
883 951
883 857
424 207
424 421
424 795
327 738
657 738
808 899
783 738
954 630
609 592
439 912
439 416
568 60
447 416
447 586
447 294
447 74
949 912
949 168
294 984
294 416
294 256
294 74
184 754
679 499
540 698
540 987
124 823
795 207
795 421
850 738
850 75
823 646
823 854
823 394
823 513
823 821
823 62
823 542
823 535
823 722
823 369
823 444
823 551
823 927
823 556
135 337
135 628
135 855
135 581
135 942
135 936
160 571
160 857
987 245
987 789
987 809
987 872
987 641
987 338
987 849
987 480
987 873
987 432
987 764
987 482
987 311
987 361
987 95
987 68
987 698
987 531
987 231
987 56
987 364
987 955
987 925
499 120
901 742
70 638
654 738
346 638
38 309
391 288
776 571
776 334
142 316
253 566
253 151
223 772
630 951
592 738
592 454
333 0
638 634
638 96
638 832
638 509
638 299
232 425
232 356
232 782
685 530
685 724
435 586
435 416
538 0
165 990
165 31
165 316
946 918
835 742
650 738
873 698
302 316
236 1004
260 168
381 738
381 335
381 192
381 532
173 738
166 517
166 743
166 74
211 628
372 595
812 746
812 790
812 465
812 119
812 2
812 700
188 988
188 421
188 178
188 502
0 862
0 470
0 991
0 710
0 767
0 409
0 228
0 78
0 295
0 6
0 693
0 976
0 249
0 502
60 187
912 168
912 74
912 416
13 738
719 738
591 534
591 61
591 746
832 700
976 349
935 746
935 668
935 813
935 571
952 316
323 951
745 738
2 335
2 790
2 500
541 738
168 790
168 77
168 472
168 556
168 575
168 74
316 200
316 971
316 647
316 857
316 990
316 953
769 742
517 356
517 61
517 602
517 803
103 423
418 996
758 844
684 956
684 571
684 120
512 978
190 120
514 1001
663 571
663 343
561 288
682 738
127 890
127 281
127 724
24 629
565 41
718 754
718 61
718 724
718 866
668 920
668 746
231 738
231 698
231 863
791 693
644 738
644 90
256 74
996 738
362 695
362 854
362 383
400 742
813 746
813 571
133 984
931 147
931 951
761 738
586 984
586 500
586 120
586 782
586 74
586 383
586 416
571 870
571 277
571 530
571 542
571 900
571 742
571 62
571 394
571 534
571 161
78 710
78 951
532 738
698 245
698 764
369 535
274 546
178 502
534 32
851 920
851 547
851 724
851 978
851 280
851 530
629 891
629 288
629 978
629 530
629 416
90 280
945 738
784 742
746 920
746 700
746 214
746 739
374 83
374 306
542 62
542 854
335 516
335 790
196 120
86 742
120 356
120 226
120 75
975 738
581 936
581 742
143 410
83 742
74 984
356 743
356 383
356 77
167 978
1001 738
1001 724
572 246
671 738
14 738
14 924
14 724
283 214
306 890
306 742
924 738
674 112
516 738
516 743
772 75
280 502
280 530
299 509
443 742
416 782
502 951
502 228
738 199
738 881
738 702
738 397
738 576
724 862
993 742
585 660
152 742
692 742
710 246
971 200
530 920
530 891
530 857
62 646
855 936
200 857
126 648
126 790
857 951
493 288
233 61
577 951
590 171
863 742
602 743
782 500
340 743
739 920
951 255
