599 693
275 849
275 175
703 61
688 808
644 506
535 722
445 288
780 514
347 933
923 159
923 609
923 214
923 772
923 880
923 120
229 306
373 190
251 987
251 977
251 410
169 372
605 789
605 693
605 0
605 685
329 443
948 915
948 90
948 126
948 75
948 530
948 730
948 356
948 765
948 742
948 912
948 592
948 120
362 383
977 189
977 514
977 423
977 16
977 418
506 14
506 921
506 996
506 541
506 199
304 317
994 56
994 764
994 540
994 987
994 410
450 214
450 662
587 720
771 170
771 863
28 987
657 178
89 61
107 335
107 980
107 553
301 978
15 731
106 509
377 457
377 951
353 190
98 401
656 67
656 280
656 188
656 920
153 418
153 410
921 14
858 61
915 200
915 136
915 772
915 428
915 122
915 883
915 530
915 857
915 718
915 160
915 684
915 316
427 955
19 333
291 454
291 401
291 120
332 500
332 112
1001 514
1001 410
1001 702
433 987
433 410
720 383
720 527
134 592
388 280
388 90
250 607
166 232
166 112
166 782
166 674
166 74
166 803
702 14
617 687
617 316
617 65
141 920
141 978
150 147
150 415
731 189
731 422
731 668
428 189
428 207
428 200
428 316
428 122
428 851
428 857
885 586
159 718
159 724
159 334
159 214
65 752
324 638
324 38
559 622
559 50
76 410
840 245
840 874
840 540
840 987
840 231
843 711
662 443
662 900
189 629
189 951
189 178
189 24
189 595
189 883
189 502
414 24
401 454
401 165
401 415
401 429
526 280
526 629
526 360
837 410
392 674
663 337
663 950
663 534
663 399
663 343
883 595
883 951
883 184
305 425
424 207
424 421
527 870
808 898
378 514
926 607
846 35
846 67
846 629
846 561
846 288
609 772
609 684
609 592
863 790
6 333
447 586
949 912
949 168
294 586
184 710
184 410
184 832
184 585
184 423
241 280
985 664
482 987
482 410
58 909
149 372
149 716
664 537
664 335
664 440
664 737
664 381
664 643
664 810
372 934
372 404
823 772
823 120
101 246
101 779
101 423
104 765
160 629
160 214
987 245
987 789
987 872
987 641
987 338
987 849
987 873
987 432
987 809
987 925
987 480
987 311
987 361
987 95
987 68
987 764
987 582
987 698
987 540
987 531
987 231
987 56
987 955
987 120
499 684
499 321
499 48
499 120
70 90
70 120
680 707
680 422
874 245
874 873
874 231
874 764
874 540
38 586
38 61
38 197
38 832
534 862
534 740
534 120
534 591
776 334
142 207
142 280
337 628
337 505
334 214
125 622
540 231
540 873
540 925
540 855
540 697
540 955
540 311
540 120
592 454
333 249
638 700
638 832
546 577
546 220
293 862
293 280
810 473
810 737
810 881
421 280
421 630
421 795
685 267
685 629
685 643
435 586
435 267
67 207
67 561
67 165
67 344
67 963
67 391
630 629
630 288
48 956
947 774
947 187
947 568
538 693
165 344
165 31
165 316
946 425
946 356
946 743
40 214
87 90
607 591
607 75
607 231
650 410
847 207
777 410
934 790
364 764
950 514
381 537
558 207
723 758
723 73
795 207
795 953
676 622
53 614
53 120
850 90
850 120
955 773
188 920
188 614
188 772
188 178
188 978
188 280
188 502
151 2
0 178
422 280
422 383
976 409
976 349
752 120
13 693
13 532
13 120
912 586
912 356
912 168
912 416
311 773
887 383
832 514
832 319
832 582
565 120
935 813
935 668
935 746
952 200
952 971
393 249
2 119
2 700
2 790
2 231
541 410
120 841
120 629
120 72
120 772
120 865
120 997
120 316
120 190
120 257
120 127
120 775
120 267
120 765
120 684
120 191
120 178
454 772
454 429
712 214
316 629
103 514
103 423
418 383
418 996
349 207
425 232
425 472
425 168
235 997
990 280
187 695
561 280
561 629
561 288
997 75
127 281
833 772
24 920
24 718
24 61
24 629
24 891
24 280
24 530
718 692
718 61
718 595
718 724
718 674
718 830
718 980
718 851
668 746
231 112
918 672
918 854
918 956
918 319
918 844
909 862
278 90
122 693
122 410
658 629
400 585
956 758
956 216
956 600
416 633
416 890
586 126
586 383
586 267
586 984
586 762
586 854
586 168
586 74
586 602
647 280
249 865
267 577
267 112
267 629
267 530
267 936
532 516
730 356
552 978
178 710
178 90
178 951
178 280
178 502
706 310
391 288
851 862
851 547
851 502
547 862
547 280
547 614
547 502
629 891
629 288
629 280
629 530
629 493
629 360
629 631
90 765
90 502
429 415
175 670
175 410
175 849
35 280
170 855
510 622
537 440
409 862
86 443
168 356
168 472
168 266
841 920
41 758
41 73
491 5
143 544
399 343
855 581
855 697
855 112
74 782
74 803
356 112
356 472
356 765
167 978
582 764
980 464
700 696
700 790
14 924
306 61
924 516
924 410
674 61
674 782
674 803
803 782
803 112
516 790
220 75
484 288
469 207
772 775
772 742
772 75
772 857
772 951
772 502
838 530
280 631
280 953
280 502
280 360
280 32
299 951
953 207
443 245
443 379
232 782
232 472
423 246
502 862
502 693
502 951
669 544
988 207
693 862
693 710
693 228
472 61
758 844
136 920
692 581
692 500
692 61
692 233
52 868
207 493
544 8
544 563
530 493
530 857
5 29
814 500
365 732
696 61
844 672
200 857
126 782
493 288
707 951
272 568
764 245
648 765
112 782
577 147
900 742
830 61
925 951
568 379
16 410
214 147
742 61
147 193
61 233
