437 738
599 569
599 710
275 327
285 147
248 692
92 731
92 915
92 647
720 617
720 628
720 855
720 170
720 75
720 456
720 680
780 788
347 933
347 147
347 966
923 738
462 833
380 32
380 712
424 978
424 421
424 207
424 795
502 569
502 862
948 592
624 231
122 428
38 460
38 832
506 738
506 921
802 40
802 568
994 764
450 718
450 695
450 159
450 596
450 568
450 595
450 272
450 187
828 804
528 383
771 443
771 863
771 86
769 951
113 927
658 143
658 629
197 738
197 607
107 236
107 713
301 978
15 731
15 406
15 680
15 422
106 832
377 718
377 457
98 454
98 291
98 707
98 592
466 40
921 738
921 605
921 14
921 881
921 724
921 1004
921 796
921 249
921 541
260 232
497 773
497 977
290 454
290 915
290 159
290 214
290 253
290 595
290 866
915 687
915 165
915 971
915 772
915 428
915 280
915 142
915 344
915 302
915 31
915 953
915 316
915 696
915 990
915 200
915 136
915 647
915 952
915 857
915 543
915 17
291 117
291 454
291 401
291 134
291 429
291 713
291 268
291 120
535 927
1001 738
1001 977
1001 685
326 65
543 428
853 638
134 454
134 592
740 832
250 927
250 607
270 738
270 945
702 738
27 147
141 978
141 165
141 188
485 927
485 62
485 646
731 870
731 406
731 584
731 284
731 680
731 422
65 569
65 517
65 280
65 834
65 499
65 997
65 220
324 638
324 951
614 978
281 189
281 280
157 933
157 577
157 718
157 926
157 590
157 277
483 540
30 356
662 40
662 568
189 470
189 904
189 114
189 652
189 716
189 6
189 1004
189 718
189 365
189 410
189 595
189 249
189 201
189 236
401 429
401 454
401 165
401 415
526 629
837 738
605 569
327 738
327 761
327 381
657 738
657 541
548 164
783 738
954 978
926 933
926 715
926 147
846 280
846 629
846 561
209 602
609 53
609 454
609 951
609 633
609 772
609 707
609 235
609 193
609 239
609 890
609 159
609 214
609 927
609 120
568 572
568 695
568 187
568 40
568 488
568 198
568 712
568 900
568 379
568 254
568 495
568 596
568 60
568 947
568 272
303 103
303 788
447 984
817 35
817 978
180 217
133 602
540 698
540 214
795 207
795 421
795 978
372 239
372 595
823 927
823 513
823 369
823 646
880 707
747 738
135 607
135 628
135 942
160 629
987 364
987 185
987 159
987 872
499 684
499 2
294 586
294 256
680 707
680 422
654 738
977 1004
977 32
977 418
534 223
534 692
241 630
142 159
142 316
142 267
337 320
859 743
589 383
334 607
334 628
334 746
334 61
334 692
334 586
334 220
334 159
125 323
253 566
292 942
630 24
630 685
630 629
630 493
592 454
592 927
592 75
592 268
592 713
333 569
638 239
638 951
638 832
638 788
638 509
232 166
293 718
421 978
685 629
685 724
435 500
67 963
67 344
67 207
67 165
48 684
782 475
947 40
538 569
165 31
406 12
406 422
40 695
40 187
40 272
40 488
40 198
40 900
40 712
40 254
40 159
40 596
40 60
40 572
607 243
551 927
551 646
873 698
847 569
847 482
847 31
777 32
944 267
236 32
950 103
950 788
308 933
308 147
381 32
173 738
166 416
676 788
53 193
850 738
850 75
850 541
159 712
159 214
159 143
159 193
159 62
159 595
812 790
789 470
188 978
338 185
0 569
0 32
295 569
444 927
976 569
715 933
13 738
912 52
912 356
912 214
912 168
311 697
716 167
719 738
735 788
34 997
34 855
832 388
832 103
832 456
935 966
220 75
745 738
185 364
2 61
2 790
2 700
541 738
120 454
120 765
120 416
454 772
454 429
454 713
712 714
103 514
418 105
418 32
738 644
738 996
738 653
738 682
738 945
738 199
738 650
738 532
738 761
738 14
738 881
738 979
738 508
738 516
738 924
738 131
738 576
612 90
190 353
190 415
514 395
415 569
561 629
951 306
951 569
951 482
951 707
127 718
318 332
24 629
24 530
332 500
718 61
718 724
231 698
19 32
569 470
569 991
569 710
569 482
569 249
569 862
569 6
569 409
569 228
569 693
770 927
256 416
362 383
722 927
761 804
586 762
586 267
586 416
267 988
267 854
698 245
698 840
698 764
369 927
369 646
477 788
552 978
706 239
591 746
851 978
117 268
230 147
629 493
629 891
629 280
629 530
629 890
629 202
629 894
629 360
629 631
90 280
713 707
746 214
746 692
35 978
170 581
170 32
170 855
249 32
456 97
460 788
854 927
854 646
168 52
168 356
168 868
957 978
143 739
399 788
966 933
356 52
356 416
356 765
356 472
356 743
356 602
590 171
590 933
590 147
582 764
927 646
927 513
927 542
927 416
868 52
257 640
136 838
136 200
239 596
469 978
772 75
280 739
697 925
697 855
788 368
602 52
602 416
277 933
277 147
432 32
988 978
988 167
472 52
758 918
692 233
52 765
52 416
207 978
383 909
383 922
530 493
530 891
542 62
62 646
972 147
596 187
365 32
126 416
513 646
978 167
978 547
707 633
707 214
707 1003
272 900
686 147
748 933
96 420
595 214
32 791
32 843
682 650
577 933
577 147
192 29
171 933
171 147
933 147
700 790
660 306
