437 738
275 428
275 849
275 175
278 98
92 280
720 135
720 587
720 383
720 334
819 61
923 738
923 2
923 921
251 159
329 510
329 388
329 427
329 343
502 862
502 189
502 746
502 188
502 724
502 178
502 280
502 980
711 718
122 200
38 638
38 586
38 388
708 718
450 40
450 712
828 738
771 863
771 137
771 83
771 306
597 738
866 718
866 423
866 724
28 338
197 738
107 320
107 670
107 118
107 381
107 98
107 201
107 532
107 713
107 29
107 553
107 464
107 335
107 808
107 980
107 898
107 5
573 617
573 294
573 515
573 166
573 648
573 30
573 765
573 416
301 469
301 280
15 731
15 422
377 718
98 117
98 707
98 401
98 429
98 291
98 454
98 713
98 134
98 268
98 592
656 838
656 280
153 769
153 364
575 500
260 912
497 491
497 773
25 458
25 844
25 48
858 572
915 746
915 280
915 31
915 629
915 428
291 117
291 454
291 401
291 134
291 268
291 713
332 586
332 250
332 74
582 925
273 581
273 306
723 758
723 41
723 73
468 335
550 746
550 388
550 900
134 738
134 454
388 900
388 832
388 90
388 280
388 746
388 299
250 178
250 648
250 662
270 738
702 738
702 745
702 644
617 415
141 614
485 62
731 189
731 422
731 284
731 680
428 200
428 316
428 647
428 31
428 857
428 142
885 111
885 586
885 294
885 74
324 415
614 469
559 402
559 622
559 50
76 399
76 1001
76 74
840 698
840 873
840 987
30 294
30 515
30 790
30 166
30 416
30 648
30 765
30 936
662 443
189 862
189 718
189 891
189 1004
189 716
401 454
401 165
401 415
401 429
526 280
837 738
392 316
392 803
883 718
305 232
424 469
424 280
424 421
424 795
327 738
327 657
657 738
281 905
783 738
783 214
954 469
954 280
846 280
863 194
863 900
447 294
447 74
586 500
586 126
586 383
586 166
586 435
586 718
586 762
586 294
586 782
586 416
817 469
817 280
133 74
133 602
482 531
546 712
795 469
850 738
647 920
647 280
101 246
101 423
135 628
135 942
135 581
135 362
160 280
987 698
987 269
987 809
481 752
499 704
499 48
499 918
499 679
499 565
499 216
499 684
499 844
499 318
499 321
294 256
294 515
294 166
294 765
294 74
294 984
294 762
294 648
294 416
70 607
70 299
70 90
654 738
552 951
534 862
534 746
534 64
534 951
534 206
241 469
241 280
337 942
334 607
253 607
188 469
188 280
292 769
540 698
540 231
540 955
220 633
879 223
879 740
879 164
879 368
879 322
500 435
500 74
232 416
118 335
810 381
421 469
421 280
685 1001
435 782
423 246
67 165
630 469
48 565
48 956
48 704
48 558
48 684
48 319
48 216
48 458
132 832
947 774
284 422
165 31
165 316
40 712
40 187
40 90
607 178
607 75
650 738
873 698
957 469
957 953
236 90
950 402
950 663
950 343
308 418
381 192
381 532
173 738
664 335
53 798
402 50
955 231
754 907
754 127
789 849
223 746
338 58
338 231
0 1004
0 410
422 491
422 280
634 788
159 56
159 719
159 214
159 742
159 695
159 963
335 537
13 738
912 266
912 168
716 6
716 718
719 738
832 638
832 96
832 299
565 684
935 413
935 746
935 277
952 200
704 684
704 743
745 738
745 644
682 738
541 738
541 644
120 454
454 117
454 196
454 772
454 429
454 268
454 713
712 90
316 990
316 200
316 214
316 142
316 953
769 194
418 105
418 996
738 644
738 975
738 996
738 924
738 945
738 199
738 532
738 921
738 761
738 14
738 881
738 979
738 1001
738 506
738 231
738 671
738 576
542 62
175 849
175 553
684 918
684 679
684 844
684 318
684 321
784 900
784 83
990 280
990 31
990 561
663 322
663 343
561 280
127 293
24 280
24 629
24 891
718 16
718 293
718 724
718 61
718 595
718 980
231 698
231 178
951 724
256 74
996 506
996 199
362 201
362 31
362 568
658 280
801 764
737 849
848 4
267 854
267 112
267 629
532 1001
243 61
698 245
698 764
274 280
178 767
178 90
591 746
591 61
851 978
851 280
851 167
851 214
629 633
629 891
629 838
629 530
90 638
90 891
90 472
90 628
90 581
746 665
746 530
746 413
746 742
746 692
35 469
35 280
170 855
142 280
86 443
168 782
168 472
491 905
399 1001
74 648
74 313
74 984
74 733
74 266
356 472
167 469
167 978
167 280
1001 506
1001 724
1001 733
572 32
671 193
671 692
868 790
136 280
136 953
674 166
344 200
322 310
322 343
469 280
469 547
469 207
469 978
772 696
280 493
280 207
280 530
280 953
280 408
280 920
280 293
280 547
280 360
280 32
280 631
299 509
697 855
602 166
602 743
293 862
724 246
472 782
472 313
472 416
758 41
758 319
137 936
692 191
692 448
956 844
62 646
696 75
200 857
126 313
126 790
216 321
581 936
764 925
515 648
790 2
790 306
648 416
648 166
648 765
187 214
112 166
925 269
672 844
782 166
782 416
870 633
918 844
416 166
416 765
