599 569
599 710
275 849
275 175
852 214
92 428
720 587
720 680
720 214
347 933
347 171
347 966
923 841
923 782
923 772
229 607
229 241
229 306
251 994
251 482
251 935
424 847
424 207
424 990
424 362
424 795
424 421
329 176
239 596
624 245
977 497
977 1004
977 32
977 418
977 1001
977 423
506 1001
802 187
994 56
994 809
994 764
994 338
994 433
450 26
450 712
450 61
450 159
450 596
450 462
450 572
450 692
771 65
769 176
769 660
658 838
658 629
107 537
107 381
107 118
107 664
107 810
107 643
107 75
107 569
107 468
107 5
107 214
107 335
107 985
107 980
69 343
301 207
301 656
15 731
15 680
106 740
377 189
377 718
377 214
377 700
377 729
377 696
98 429
98 592
575 232
260 912
858 629
915 607
915 746
915 200
915 971
915 647
915 772
915 428
291 454
291 429
966 933
966 935
550 546
543 971
134 592
740 735
740 75
78 569
659 306
908 104
141 469
469 406
469 207
150 415
731 563
731 214
731 422
428 990
428 200
428 971
428 647
428 838
428 136
428 952
428 142
428 214
428 857
428 31
428 953
428 316
65 927
324 214
157 147
843 754
843 16
843 711
843 687
843 407
843 534
843 388
843 718
843 591
30 313
189 236
401 454
401 165
401 429
401 415
392 517
605 569
808 898
783 772
783 650
954 207
846 67
609 927
447 416
184 423
241 207
540 680
149 127
149 423
795 207
372 404
101 423
880 707
135 628
135 170
135 292
135 176
987 214
680 707
680 284
339 569
687 326
654 650
812 772
812 746
534 746
534 510
776 214
510 622
334 718
334 159
334 214
334 502
125 622
681 729
292 581
482 569
482 176
482 56
592 454
592 927
592 268
592 713
333 569
638 514
232 472
232 168
646 542
646 62
421 207
435 782
435 415
435 500
423 246
423 866
423 710
423 832
423 103
423 779
423 716
67 165
67 344
67 561
947 774
538 569
176 245
176 836
176 641
176 588
176 581
176 746
176 692
176 855
176 764
176 68
176 995
991 569
165 207
165 838
165 344
165 31
835 214
40 712
40 159
607 75
607 851
650 682
950 514
371 214
2 746
2 790
676 622
53 416
402 42
850 738
159 841
159 712
159 56
159 214
159 220
159 502
754 127
188 988
188 207
0 569
295 569
113 535
976 569
613 772
912 356
716 718
104 765
104 416
832 139
832 514
565 684
935 746
935 531
137 936
429 454
168 126
168 356
454 196
454 147
712 398
316 214
517 112
517 459
517 674
517 803
517 267
103 663
738 214
542 485
542 356
612 388
684 321
684 214
784 83
190 75
990 31
990 362
663 368
663 343
561 207
940 214
997 772
997 75
127 61
127 569
127 32
127 75
833 696
817 207
718 61
718 980
231 245
569 470
569 710
569 249
569 502
569 862
569 6
569 415
569 409
569 228
569 767
569 693
569 214
74 166
278 61
278 214
256 313
256 416
362 126
362 360
743 356
743 214
743 472
743 602
722 927
952 838
956 458
971 200
761 516
586 984
586 782
586 416
586 500
501 879
243 772
274 200
364 764
591 746
851 207
851 746
851 75
629 214
90 927
175 5
175 849
746 665
746 530
746 900
746 692
746 502
35 207
196 147
957 207
957 547
491 5
332 500
356 52
356 416
356 472
356 765
590 171
927 515
927 191
927 75
927 416
268 1003
868 383
868 765
868 416
344 200
220 214
220 75
553 5
353 891
485 513
485 62
500 782
772 528
772 993
772 280
772 775
772 75
772 56
299 388
56 633
509 788
502 710
502 228
293 547
277 458
988 978
988 207
472 416
472 602
692 191
692 214
692 233
692 326
207 136
207 167
207 547
544 214
530 214
984 762
984 416
62 214
855 581
200 920
200 136
126 790
453 595
581 936
181 61
551 556
32 891
648 765
978 167
187 379
865 214
900 379
900 742
568 379
568 61
313 765
313 416
920 214
415 147
633 75
762 166
214 844
147 416
416 193
