599 178
275 849
275 175
703 443
278 214
278 609
278 415
248 415
627 890
92 316
720 135
720 833
720 587
720 383
720 680
780 337
780 950
923 746
923 415
923 214
923 591
373 190
840 698
840 987
251 987
424 978
424 990
624 873
699 416
38 474
38 939
38 309
516 761
802 450
802 40
994 987
450 754
450 900
450 415
450 90
450 272
450 595
450 40
450 662
771 697
771 742
442 899
442 29
866 718
28 987
197 32
107 98
107 664
69 879
301 978
15 731
15 680
15 422
98 117
98 454
98 707
98 401
98 134
98 429
98 268
98 592
98 713
656 190
921 14
921 657
25 684
25 704
290 151
290 214
858 552
915 607
915 189
915 718
915 316
915 428
915 502
291 429
291 454
291 401
332 782
332 435
582 2
582 987
433 987
543 316
543 971
226 440
250 334
659 742
908 356
908 765
141 978
428 207
428 61
428 316
428 17
428 349
885 111
885 762
885 586
954 978
324 534
559 420
559 622
559 50
559 402
281 905
157 933
157 746
157 926
157 415
157 120
30 790
189 14
189 977
189 506
189 0
189 605
189 718
189 236
189 178
189 68
189 716
189 502
401 454
401 165
401 415
401 429
526 629
837 719
883 114
883 716
605 178
605 538
327 381
808 670
783 761
783 738
783 415
535 823
846 67
846 629
846 561
209 356
209 765
17 857
586 984
586 500
586 762
586 111
586 126
586 267
294 782
294 416
133 356
133 602
540 698
540 338
540 987
540 955
953 316
953 857
82 135
82 362
149 718
664 335
850 90
101 246
101 718
135 628
135 870
135 371
135 549
135 581
135 534
135 120
135 4
135 942
135 170
135 292
135 415
160 658
160 360
160 629
160 24
987 245
987 789
987 809
987 872
987 641
987 338
987 849
987 873
987 432
987 764
987 482
987 311
987 361
987 95
987 68
987 120
987 698
987 531
987 231
987 56
987 364
987 955
987 925
499 684
499 844
499 48
70 607
70 334
687 607
687 415
687 214
654 650
939 638
552 817
552 978
534 607
534 64
534 188
534 334
534 746
534 692
142 207
142 316
337 854
337 505
334 617
334 506
334 415
334 739
223 415
482 531
798 692
333 178
333 364
333 19
333 29
232 356
232 313
232 648
232 575
232 74
118 862
118 732
118 365
118 502
834 692
421 978
685 629
685 630
435 782
67 920
67 207
67 165
67 344
630 629
630 493
48 193
48 558
947 774
538 178
538 502
402 103
402 50
402 634
566 120
165 207
165 316
165 344
165 31
165 857
870 12
477 310
40 695
40 187
40 90
40 572
415 517
415 542
415 670
415 416
415 91
415 617
415 718
415 851
415 742
415 591
415 692
607 700
607 61
607 127
607 356
607 718
607 569
607 591
607 502
873 698
302 316
236 537
236 977
950 514
950 1001
371 572
371 120
381 335
381 192
381 532
558 684
558 318
558 618
558 704
723 41
166 168
795 978
53 245
372 595
372 404
812 700
812 119
812 120
188 614
188 90
188 178
188 978
188 851
188 502
0 178
182 356
295 178
159 214
159 517
159 321
159 719
159 502
335 899
335 737
335 2
335 192
335 29
311 697
912 416
912 168
912 120
716 718
716 6
719 14
719 541
976 178
935 746
935 844
935 700
952 316
429 454
168 782
168 949
168 112
454 772
454 120
293 862
316 990
316 971
316 647
316 90
316 136
316 857
316 344
316 214
316 200
316 31
517 356
517 61
517 459
517 267
517 803
103 343
418 105
738 231
922 362
684 565
684 844
684 318
512 978
190 353
190 181
190 274
990 838
663 399
561 838
561 629
561 530
940 214
127 522
24 629
565 844
565 321
718 16
718 711
718 724
718 19
718 595
231 698
644 491
644 506
644 199
256 356
256 313
362 383
362 464
658 629
522 61
737 175
710 178
710 693
933 686
6 178
647 547
249 178
249 502
78 178
243 61
698 245
698 764
575 472
274 181
178 862
178 470
178 991
178 767
178 409
178 228
178 693
178 502
364 764
364 233
364 120
591 746
851 978
851 167
851 891
547 978
629 288
629 891
629 280
629 530
629 493
629 360
629 631
90 854
90 14
90 191
2 126
2 790
175 849
661 692
746 413
746 692
35 978
537 440
42 649
1004 977
730 356
120 920
120 775
120 416
83 784
966 45
966 700
966 790
966 66
356 126
356 52
356 313
356 743
356 765
356 472
356 602
356 648
356 416
167 978
927 413
268 633
136 207
344 971
322 343
553 670
353 891
469 978
614 978
772 669
838 493
280 891
280 502
443 742
697 925
423 246
423 319
817 978
502 862
724 246
266 790
988 207
988 978
472 782
692 191
692 233
692 775
617 191
207 891
207 978
956 672
956 844
383 909
957 978
530 891
530 493
530 360
596 187
844 672
844 321
126 648
126 602
581 936
493 891
978 891
208 977
595 214
648 416
267 112
267 891
416 313
91 830
900 61
137 936
214 765
216 321
