599 333
275 114
275 175
285 147
278 98
248 506
92 990
720 135
720 170
720 383
720 680
720 936
780 106
780 514
819 329
923 738
923 921
923 880
923 235
229 194
229 334
229 742
251 987
251 410
169 372
68 987
699 168
977 208
977 950
977 410
977 1004
977 423
977 1001
304 4
304 111
994 987
994 410
450 776
450 586
450 61
450 695
416 52
416 586
416 260
416 256
416 90
416 2
416 313
416 743
416 447
416 332
416 232
416 334
416 168
416 912
416 166
416 629
771 742
771 306
769 194
442 506
113 535
28 641
28 540
28 987
197 32
107 537
107 98
107 118
107 236
107 214
15 731
15 680
15 943
106 740
377 506
98 117
98 401
98 429
98 291
98 707
98 713
98 454
98 134
98 268
98 592
433 987
433 410
466 40
466 947
153 410
575 912
290 53
858 165
915 776
915 586
915 990
915 200
796 506
291 429
291 454
291 134
332 232
332 586
332 759
332 74
1001 506
1001 410
432 987
432 0
550 920
550 546
543 990
557 168
134 117
134 454
134 592
388 189
388 638
388 718
388 61
388 742
388 832
388 178
388 280
388 591
388 851
388 502
266 912
266 74
347 147
52 30
52 868
52 912
52 356
141 512
141 530
731 196
731 527
731 362
731 8
731 584
731 284
428 990
428 200
428 316
428 857
885 294
885 74
324 139
324 589
559 622
840 245
840 987
157 776
157 718
157 586
30 356
30 232
30 472
30 602
30 868
30 765
30 730
662 443
662 53
662 214
662 40
662 546
662 86
144 143
189 506
189 181
189 90
189 718
189 236
189 502
401 429
401 165
401 454
401 415
837 410
392 674
392 61
392 90
883 200
883 716
605 862
605 470
605 506
605 789
605 710
605 293
605 228
605 502
605 249
605 0
605 333
527 456
808 506
783 506
378 514
926 147
926 931
209 356
609 334
17 990
447 586
447 294
447 74
299 509
586 687
586 776
586 782
586 2
586 517
586 530
586 984
586 542
586 356
586 334
586 684
586 671
586 126
586 166
586 435
586 718
586 854
586 742
294 104
294 984
294 313
294 256
294 166
294 648
294 74
184 779
184 710
184 423
133 74
540 641
540 855
540 987
540 955
953 990
82 135
372 404
477 139
101 246
880 707
135 628
135 746
135 549
135 581
135 936
135 61
160 200
160 629
987 245
987 789
987 809
987 872
987 641
987 338
987 849
987 873
987 764
987 482
987 311
987 361
987 95
987 582
987 698
987 531
987 231
987 56
987 364
987 955
987 925
499 321
499 48
499 558
499 565
499 684
499 844
499 318
901 194
70 164
487 139
687 772
687 334
687 692
754 718
38 474
38 939
38 534
38 591
534 139
534 502
534 879
534 125
776 542
776 356
776 214
776 684
776 517
776 530
510 939
510 139
510 164
337 505
154 139
334 696
334 191
334 75
334 718
334 159
334 692
334 502
125 139
223 879
102 139
482 410
220 75
333 862
333 470
333 6
333 710
333 409
333 228
333 78
333 0
333 767
333 693
333 569
333 312
333 249
333 538
333 502
638 164
638 832
638 951
638 509
232 912
232 168
232 313
293 862
293 587
293 724
421 90
685 630
435 500
67 165
947 774
284 422
165 200
165 316
165 344
165 31
165 990
670 506
288 629
288 493
40 187
607 696
97 91
650 410
777 410
302 990
950 514
950 663
587 415
260 912
260 168
381 506
166 356
166 704
166 74
676 139
53 193
402 42
37 730
850 199
939 139
188 920
188 656
188 530
188 851
188 502
759 362
0 249
0 118
222 1004
752 147
715 686
912 949
912 77
912 730
912 356
912 472
912 168
362 126
362 528
716 718
716 127
716 724
735 509
104 648
104 256
832 710
979 951
935 413
935 746
935 90
952 990
969 410
704 684
323 139
429 454
541 16
541 506
541 410
168 949
168 356
168 472
168 782
168 77
454 592
316 200
316 136
316 990
517 356
517 674
103 514
418 105
418 996
738 921
738 592
425 633
684 956
190 920
329 842
990 344
990 200
990 647
990 136
990 857
990 142
990 633
990 31
990 408
990 971
940 214
682 1004
127 718
833 257
833 61
24 530
24 629
24 493
24 647
718 904
718 61
718 724
718 692
718 281
718 980
718 591
718 851
718 502
951 695
951 552
909 383
909 528
791 32
644 924
256 313
256 74
996 379
122 410
737 537
737 440
6 506
893 509
249 506
249 181
78 404
730 356
369 646
921 506
274 181
178 693
178 502
206 139
851 280
732 118
230 147
629 200
629 196
629 493
629 280
629 530
90 191
90 356
90 313
90 506
90 472
90 147
90 997
2 782
2 356
2 96
175 5
175 849
175 410
713 592
568 379
568 60
170 697
170 855
542 646
537 440
537 181
335 119
196 413
1004 470
1004 506
1004 283
1004 208
890 500
86 443
174 139
581 936
581 855
399 310
74 194
74 648
74 313
74 984
356 112
356 313
356 743
356 765
356 472
167 181
868 765
924 410
924 199
674 61
674 91
344 971
322 343
630 493
630 530
812 700
812 119
506 208
506 29
506 14
506 881
506 643
506 226
506 5
553 5
553 118
614 978
280 502
280 547
697 925
697 855
423 246
502 862
118 5
118 29
724 181
277 700
277 147
77 762
194 863
472 313
758 956
692 61
692 191
692 233
617 214
956 844
530 200
530 493
984 782
62 646
5 228
814 500
200 857
513 646
191 415
272 187
187 700
187 60
686 147
355 147
595 410
648 762
112 313
91 147
577 147
900 546
900 742
590 147
863 742
602 743
171 933
171 147
16 410
64 139
972 147
933 147
742 61
742 214
742 306
4 700
942 936
