644 924
256 104
256 885
256 313
256 416
996 506
996 418
996 410
122 915
658 160
285 147
288 445
288 561
288 493
535 62
535 369
722 62
347 147
923 862
923 506
923 528
229 306
373 207
899 335
6 951
586 500
586 687
586 166
586 885
586 383
586 447
586 435
586 573
586 762
586 294
586 648
586 267
586 416
823 62
31 165
267 405
267 466
708 716
698 245
698 873
698 231
698 840
698 764
698 540
369 62
994 746
178 862
178 693
178 629
178 502
828 745
591 746
851 978
851 316
851 951
851 90
104 908
104 765
769 292
113 62
113 854
28 338
629 160
629 24
629 891
629 90
197 746
90 160
90 167
90 898
90 978
641 338
2 413
2 500
2 700
2 854
2 812
2 768
2 388
15 731
15 680
15 422
746 687
746 223
746 665
746 731
746 534
746 776
746 530
746 157
746 684
746 844
746 980
746 920
746 775
746 935
746 992
746 718
746 742
746 32
746 692
374 46
35 207
915 160
915 316
25 918
25 48
290 151
695 450
95 951
19 407
291 401
1001 506
432 56
516 702
854 62
250 62
737 335
617 193
908 765
731 284
125 139
125 622
83 784
74 110
356 912
356 765
356 416
590 147
559 622
157 686
268 500
316 200
316 392
316 165
700 630
14 506
110 674
110 803
401 98
401 165
136 165
136 200
136 857
837 924
344 165
239 951
485 62
926 147
447 313
443 152
111 885
817 167
133 951
482 364
482 56
482 951
540 855
602 61
602 912
602 416
149 716
724 293
232 472
232 946
277 147
585 660
77 260
135 932
160 857
693 951
472 765
56 987
56 338
458 956
458 48
680 790
692 193
692 932
692 214
207 165
956 48
931 147
230 147
230 951
963 67
355 147
530 891
510 622
984 782
984 762
984 168
62 646
62 513
62 542
62 551
62 444
500 762
500 782
500 166
500 416
200 857
643 335
810 335
646 542
972 147
857 165
181 61
48 558
48 319
48 216
802 450
502 862
502 951
885 313
946 721
208 335
272 900
686 147
65 193
648 721
416 147
416 313
416 765
112 166
260 762
891 414
676 622
171 147
159 951
159 214
159 742
716 718
933 147
214 951
214 742
168 790
454 147
951 569
721 765
147 577
784 306
139 622
528 389
