599 569
852 214
92 424
720 617
720 587
720 214
720 306
347 966
923 609
923 120
424 165
424 136
424 978
424 953
424 142
329 264
329 427
948 517
948 592
948 416
239 629
239 609
977 1004
977 497
977 718
977 969
977 418
516 837
516 13
516 790
802 572
994 764
450 572
450 596
450 568
587 415
771 870
771 306
771 901
771 533
771 82
771 83
771 65
769 292
113 927
107 810
107 98
115 671
301 978
865 214
248 692
248 157
377 246
377 607
377 718
377 866
377 101
98 117
98 454
98 429
98 707
98 592
98 268
433 738
921 796
921 14
308 926
25 458
25 48
915 428
915 912
427 955
594 454
291 429
291 454
291 401
966 232
966 935
1001 506
1001 14
1001 685
1001 724
543 428
557 168
134 454
134 592
388 343
250 927
702 761
702 837
702 850
702 14
52 126
52 201
52 168
141 978
141 421
485 927
150 415
731 789
731 159
428 990
428 136
428 302
428 31
428 159
159 920
159 718
159 866
159 209
159 334
159 136
159 940
159 724
159 416
65 927
65 120
65 220
320 337
281 838
483 326
30 185
30 356
30 765
662 86
144 650
189 718
401 429
401 165
401 454
401 415
526 267
526 561
837 924
837 13
837 122
883 718
605 569
605 789
605 693
327 381
548 42
548 879
540 698
540 925
540 855
540 697
540 311
540 955
783 738
954 978
926 748
926 590
846 631
846 561
609 454
609 633
609 927
609 372
609 772
609 707
17 2
303 663
303 343
180 958
180 727
133 586
133 168
482 569
482 531
482 847
546 607
546 743
82 135
149 716
795 978
850 987
850 196
850 185
850 833
850 75
101 423
880 707
135 628
135 870
135 581
135 942
135 292
135 692
135 120
987 531
987 214
499 565
680 406
680 707
687 607
687 920
654 738
38 90
776 214
78 506
337 505
678 696
859 743
859 765
334 220
334 612
334 214
223 879
223 343
630 167
630 421
630 851
592 454
592 927
592 268
592 713
879 164
879 740
879 368
879 322
333 569
500 782
500 166
232 168
293 718
421 978
685 724
435 448
67 963
67 165
67 207
48 956
48 558
48 458
48 319
48 216
48 684
132 842
369 927
369 722
502 749
502 700
502 569
502 572
502 249
502 538
538 569
991 569
165 344
165 31
165 142
835 214
40 26
40 712
40 187
40 572
40 488
40 198
607 168
607 91
607 843
607 591
607 75
650 467
650 849
650 175
650 423
777 718
934 595
236 383
950 663
371 214
381 192
381 532
173 454
173 506
173 541
166 126
53 193
53 454
53 311
124 854
955 773
754 718
789 470
789 422
188 978
0 569
295 569
444 927
976 569
752 120
335 532
335 118
335 464
311 697
912 356
912 90
912 472
912 168
716 718
716 118
719 14
34 997
34 855
969 718
185 830
541 16
541 506
541 951
168 984
168 790
168 77
168 472
168 765
454 614
454 772
454 488
454 429
454 198
454 713
454 193
454 633
454 120
158 997
418 105
264 581
264 469
542 62
542 854
542 646
684 214
784 83
190 75
663 343
561 631
940 214
127 32
833 415
833 416
817 552
817 978
718 16
718 122
718 866
718 749
718 410
718 595
718 423
718 904
718 61
718 724
718 114
718 32
718 591
531 641
951 707
951 506
951 809
951 214
951 306
951 569
951 711
951 724
951 31
951 267
569 862
569 470
569 710
569 415
569 409
569 228
569 6
569 749
569 693
569 249
770 927
866 423
722 927
586 126
586 854
823 927
31 491
267 838
532 118
552 167
552 978
851 978
629 631
629 214
629 891
629 927
629 280
629 530
90 927
383 909
175 246
175 849
713 707
749 220
746 692
374 953
35 978
86 443
854 535
854 927
854 120
120 772
120 927
120 198
120 765
332 782
356 765
356 126
356 313
356 743
356 602
356 416
927 772
927 513
927 515
927 147
572 696
980 61
14 410
26 379
220 75
220 214
353 891
469 978
614 978
772 75
838 631
280 631
443 692
443 742
774 947
167 978
697 855
697 925
423 246
602 743
738 214
724 246
988 978
693 228
659 306
472 743
692 660
207 978
544 214
530 214
984 790
5 246
631 891
126 416
707 193
707 633
707 214
707 1003
191 415
191 75
595 410
648 765
978 547
416 214
416 147
313 765
920 214
743 214
743 765
214 844
