599 178
644 738
248 506
92 316
720 617
720 609
720 855
720 833
720 587
720 383
720 680
780 950
347 171
347 933
347 966
923 738
923 687
923 890
923 591
923 214
462 687
462 833
251 987
439 912
329 233
948 586
977 497
977 969
977 418
802 450
994 764
994 987
994 863
450 61
450 572
450 187
450 40
450 517
450 900
450 712
450 596
450 568
450 695
450 595
450 947
450 272
450 692
450 662
771 697
771 306
771 870
771 742
597 738
28 987
197 32
107 98
107 381
15 731
865 159
377 729
377 101
98 117
98 707
98 401
98 134
98 429
98 713
98 278
98 592
98 268
433 32
433 987
921 738
308 418
290 278
290 159
290 214
915 428
915 280
915 200
915 517
915 742
427 955
291 429
582 987
550 746
543 316
557 356
557 912
557 168
134 738
134 592
976 178
388 337
388 607
388 612
388 299
388 322
266 168
270 381
617 607
617 334
141 469
469 207
469 630
731 586
731 680
731 584
731 517
731 284
731 630
731 422
428 200
428 207
428 951
428 647
159 783
159 160
159 316
159 381
159 233
159 214
159 850
159 742
159 502
229 241
405 135
840 987
843 127
843 779
30 908
30 313
30 765
30 936
662 443
662 90
662 86
189 718
189 0
401 429
401 165
401 415
526 280
526 383
526 629
837 586
392 674
305 356
305 168
305 912
305 765
305 416
605 178
818 438
818 58
535 823
846 67
846 629
846 561
209 356
17 316
949 168
241 280
540 698
540 987
540 925
540 214
540 233
540 641
540 697
540 855
540 311
540 955
58 586
149 127
795 207
307 586
101 423
135 628
135 936
135 855
135 517
135 692
135 61
160 586
160 658
160 630
160 530
160 629
987 245
987 789
987 809
987 872
987 641
987 338
987 849
987 873
987 432
987 764
987 482
987 311
987 361
987 95
987 68
987 531
987 231
987 214
987 56
987 364
987 955
499 458
499 844
499 48
499 679
687 334
654 738
812 790
812 362
534 64
133 602
142 280
142 316
142 951
337 310
334 638
334 586
223 310
223 322
223 343
646 485
646 542
646 62
646 178
630 629
630 638
630 530
592 927
592 454
333 178
638 628
638 164
232 912
232 313
118 862
118 0
118 502
421 280
685 629
435 586
435 267
67 207
67 165
67 561
67 963
67 344
48 684
48 458
538 178
538 502
402 950
991 178
165 586
165 316
165 344
165 31
415 607
415 416
607 500
607 696
607 233
607 231
607 692
607 629
302 316
236 29
950 514
950 1001
950 103
260 77
260 168
381 14
381 643
701 90
166 500
166 74
53 633
12 422
955 773
955 925
955 311
939 951
188 978
188 280
188 851
188 951
338 951
759 586
0 178
0 6
0 249
495 568
422 280
422 112
295 178
912 356
912 168
912 575
912 416
13 738
716 61
104 908
565 684
935 746
952 316
969 502
704 684
704 458
547 280
547 851
547 647
185 833
2 700
541 738
120 772
120 586
454 278
454 429
712 398
316 857
316 200
316 971
316 647
316 136
316 990
316 31
823 551
517 920
517 61
517 112
517 267
517 530
517 443
517 718
517 459
517 851
418 105
418 996
264 586
264 231
542 62
684 918
684 679
684 844
684 318
684 321
190 614
990 280
990 31
561 280
561 629
997 90
127 724
24 280
24 629
24 530
24 647
979 738
718 356
718 61
718 32
718 851
718 502
531 214
231 738
231 245
231 764
231 170
951 245
951 707
951 371
278 586
256 356
996 506
362 383
362 918
743 908
743 356
658 249
658 629
658 280
105 374
956 458
6 178
586 782
586 479
586 648
586 984
586 310
586 126
586 449
586 267
586 947
586 161
647 207
647 280
647 31
249 178
249 502
78 178
369 77
575 782
575 77
575 472
575 168
178 470
178 710
178 482
178 502
178 862
178 61
178 409
178 228
178 767
178 693
706 343
591 61
851 988
851 167
851 614
851 978
851 280
629 891
629 280
629 530
629 493
629 360
629 631
90 890
90 695
175 246
568 379
568 695
568 60
568 947
568 488
35 280
170 697
31 838
42 322
168 790
168 782
168 77
168 356
168 472
168 416
628 855
581 692
581 855
143 32
74 984
356 52
356 61
356 765
356 472
1001 738
572 862
868 416
14 738
803 112
239 854
838 656
280 530
280 656
280 631
280 920
280 293
280 633
280 360
280 32
443 908
443 61
443 152
443 742
697 925
423 246
423 700
502 862
502 693
502 710
502 32
293 724
881 804
424 207
77 782
988 978
472 782
472 61
458 844
458 319
763 528
692 233
908 762
908 765
908 602
544 214
383 528
530 891
984 126
5 208
114 32
126 500
513 139
45 227
32 862
32 891
32 281
32 61
416 313
416 765
416 742
310 863
900 61
830 633
782 500
739 214
742 214
66 227
245 233
214 765
61 306
