599 502
644 506
644 1001
319 229
319 736
319 423
256 356
256 30
996 506
362 201
703 443
658 629
248 746
248 334
248 75
248 530
248 591
92 207
92 165
92 915
720 607
720 415
720 214
720 65
720 629
720 936
400 742
952 915
952 200
229 742
82 135
803 459
544 214
242 769
586 500
586 294
586 447
586 416
275 5
647 915
38 324
267 944
267 459
456 936
698 245
698 873
698 231
698 840
698 764
698 540
863 597
863 134
863 592
863 742
969 977
963 67
416 126
416 356
416 90
591 61
851 135
851 746
851 141
851 915
851 280
771 742
771 65
117 98
497 977
866 761
629 280
629 846
629 894
629 772
629 530
629 24
629 214
629 147
629 631
629 630
629 220
629 196
629 561
629 526
629 136
629 685
629 160
629 202
629 891
629 493
629 360
629 120
90 223
90 924
90 595
90 885
90 612
2 700
2 61
2 231
2 77
713 98
749 220
817 294
374 306
377 457
377 423
98 707
98 107
98 134
98 429
98 268
656 630
31 915
153 977
575 77
575 472
260 126
260 168
537 208
537 236
550 595
290 40
915 344
915 953
915 971
915 428
915 280
915 142
915 990
915 595
915 302
915 739
915 716
915 61
915 200
915 165
915 136
915 746
915 857
915 543
915 17
196 997
196 609
196 940
196 147
196 401
196 75
196 220
196 65
1004 189
1004 114
1004 977
1004 716
491 5
291 401
136 24
1001 977
86 443
86 742
173 506
173 541
173 186
842 702
62 927
62 394
62 646
62 214
62 159
320 883
318 595
134 997
120 607
120 326
120 850
120 58
325 186
5 609
841 330
628 135
41 956
975 186
569 482
569 693
569 415
936 34
936 371
936 97
936 855
936 697
936 30
936 765
485 692
581 135
581 337
581 951
581 292
581 585
581 30
581 765
731 746
731 15
428 630
428 408
428 857
83 742
65 692
65 415
65 609
65 940
65 850
65 127
65 746
65 592
65 147
65 997
65 220
250 886
324 402
324 214
324 638
167 607
167 469
167 188
281 971
157 542
157 746
927 454
404 595
843 607
843 127
671 186
662 443
662 450
700 135
700 790
700 595
257 165
401 454
401 429
401 415
526 280
924 14
924 410
674 459
344 67
344 165
883 407
883 166
883 393
322 534
630 469
630 493
239 595
506 199
327 381
663 303
761 804
753 723
753 758
24 143
24 739
24 280
934 595
783 746
783 186
469 141
926 308
846 561
609 716
836 245
836 746
852 214
280 920
280 530
299 96
977 423
977 418
443 742
443 137
232 472
294 166
294 313
638 96
638 951
509 96
58 909
58 577
423 101
423 832
423 103
502 746
502 693
388 96
901 742
149 101
993 742
101 246
135 812
135 870
135 371
135 337
135 607
135 746
135 531
135 214
135 4
126 356
126 790
126 447
126 602
659 742
472 168
499 607
499 415
680 15
692 34
692 746
692 742
687 127
687 61
812 790
534 746
776 746
776 214
530 746
530 214
530 891
142 831
142 188
371 214
334 220
334 214
71 595
114 585
471 127
684 565
684 356
684 214
546 127
643 381
810 231
421 585
685 493
186 528
493 561
143 32
132 96
695 450
695 585
165 683
191 415
775 746
208 652
139 402
139 780
762 356
650 682
450 746
450 568
450 272
450 595
450 900
595 951
595 159
595 214
595 790
595 452
997 415
415 940
415 127
415 147
865 214
112 459
891 414
356 542
356 61
356 912
900 835
900 272
56 746
568 379
910 231
769 742
176 887
585 306
585 4
313 30
313 765
75 220
634 96
221 746
159 190
159 920
159 214
335 107
912 168
834 746
832 514
832 96
980 746
743 746
743 214
306 742
835 214
835 742
220 607
220 214
152 742
214 738
214 844
214 147
214 920
214 940
214 987
742 746
987 231
920 746
517 746
517 459
542 746
147 607
607 231
61 718
746 718
