171 590
754 718
16 718
405 135
840 764
782 854
782 868
782 586
782 112
782 602
782 166
782 416
782 912
782 435
782 168
305 765
313 356
643 685
765 356
356 52
356 586
356 209
356 232
356 762
356 718
356 61
356 168
356 472
356 912
356 648
356 416
281 718
855 135
13 516
912 260
912 472
980 718
630 288
716 718
439 77
700 532
14 924
502 228
502 718
502 0
591 718
924 199
267 891
532 516
516 804
232 472
742 900
450 718
904 718
851 718
168 472
168 260
168 77
176 586
316 915
189 718
517 718
103 423
199 506
542 718
377 718
942 135
915 718
416 77
61 718
260 790
409 790
371 135
343 718
135 718
718 692
718 388
