437 532
599 178
599 506
275 316
275 175
703 135
703 239
688 506
278 923
248 746
248 915
248 506
535 542
535 444
535 854
720 383
720 90
819 329
819 887
923 687
923 707
923 951
923 90
923 772
923 235
923 738
923 890
923 159
923 39
923 921
923 875
923 915
923 239
923 880
923 193
923 633
923 53
923 214
923 476
923 591
923 120
229 607
229 628
229 188
229 306
373 353
169 372
439 168
699 168
699 416
38 474
38 939
506 644
506 14
506 404
506 381
506 409
506 924
506 440
506 78
506 16
506 491
506 745
506 192
506 702
802 450
802 362
450 135
450 900
450 61
450 40
450 851
450 602
828 738
771 60
771 306
658 629
107 980
978 469
978 167
978 547
301 547
377 729
377 866
377 457
98 429
98 291
98 401
98 592
656 891
371 135
25 704
25 558
915 857
915 61
915 200
915 316
915 428
915 280
915 136
915 142
427 955
796 120
291 454
291 401
291 134
291 429
291 268
291 713
966 933
966 347
966 935
1001 14
173 14
550 671
543 838
134 454
388 534
266 77
702 644
702 14
347 171
347 147
908 443
908 30
908 765
141 547
469 207
469 851
469 547
150 415
731 680
428 316
462 670
324 415
559 420
559 634
840 698
840 231
843 779
843 883
843 184
30 104
30 313
30 765
662 86
189 6
189 61
189 718
189 410
603 474
414 891
401 454
401 165
401 415
401 429
526 629
837 738
837 516
663 410
605 178
605 502
327 381
657 90
783 738
954 547
846 424
846 67
846 629
846 561
846 739
846 547
609 239
609 454
609 618
609 918
609 772
609 499
609 927
447 762
447 586
294 868
180 847
133 416
133 168
133 648
133 765
133 602
540 698
540 697
540 955
82 135
795 424
795 207
795 421
795 547
850 90
823 542
823 485
135 628
135 870
135 233
135 581
135 90
135 72
135 4
135 170
135 936
160 630
160 530
160 629
987 531
987 925
499 684
499 558
680 2
687 338
687 502
654 738
812 700
812 790
552 547
534 223
534 591
534 343
241 547
142 316
334 607
334 159
102 510
482 178
482 847
592 927
592 454
592 268
592 713
333 178
638 591
232 313
232 575
232 168
293 724
421 424
421 547
685 629
435 586
67 207
48 458
48 704
48 558
623 214
284 422
538 178
991 178
165 31
870 32
40 196
40 568
40 927
40 572
40 488
40 198
40 187
607 231
607 280
607 299
607 220
607 415
650 410
873 698
934 372
422 152
260 2
260 168
558 207
558 956
558 458
558 319
558 216
558 41
723 41
166 52
166 743
53 193
53 633
402 395
402 788
372 404
955 773
955 925
188 988
188 547
0 178
709 547
295 178
634 788
113 927
113 542
159 920
159 844
159 742
311 697
912 104
912 52
912 168
912 416
13 738
13 693
629 561
629 891
629 280
629 530
629 24
629 493
629 360
629 927
629 631
629 630
104 765
104 416
976 178
935 413
935 746
952 200
952 971
952 857
745 738
2 700
2 61
541 644
541 199
168 52
168 416
168 472
168 782
168 74
454 927
454 772
454 429
454 120
712 116
316 647
316 857
316 415
517 356
517 61
103 514
418 996
1002 319
738 719
542 927
542 239
684 458
684 844
684 318
684 918
512 547
514 395
415 191
833 772
817 547
332 500
332 318
718 746
718 61
718 724
231 698
231 245
231 233
231 178
951 772
791 32
644 14
644 996
644 924
644 199
193 927
193 633
362 4
362 152
743 927
722 927
737 440
956 458
544 143
761 14
761 532
761 881
6 178
586 868
586 120
586 416
586 356
249 178
249 280
78 178
532 516
532 881
532 491
532 804
698 245
698 764
164 420
575 782
575 472
178 862
178 470
178 710
178 767
178 409
178 228
178 693
178 502
364 220
591 61
851 61
851 167
851 547
851 614
851 280
152 86
152 443
230 147
719 14
719 410
90 283
90 927
90 479
90 742
90 114
90 220
429 925
175 670
175 5
175 849
746 692
746 233
35 547
537 440
196 927
86 443
767 710
120 927
120 772
120 742
120 356
491 5
143 410
356 61
167 547
927 191
927 686
927 413
927 147
927 646
927 513
927 75
927 854
927 416
927 250
671 692
14 724
14 924
14 199
306 742
674 112
824 547
630 493
220 75
353 891
614 547
119 700
772 75
280 920
280 530
774 947
697 925
697 855
502 61
502 710
502 228
440 226
277 171
424 207
424 547
693 228
472 782
458 321
458 319
692 191
692 233
207 547
957 547
530 891
530 24
530 267
114 61
126 765
126 416
493 24
790 782
997 75
648 765
900 742
602 765
171 933
171 147
171 700
214 742
245 233
420 96
