599 569
580 143
275 849
275 175
275 737
278 633
278 671
92 838
92 207
92 658
720 617
720 12
720 731
720 855
720 833
720 680
780 634
780 103
819 329
819 955
923 550
923 776
923 197
923 159
923 214
462 617
462 833
462 157
373 190
840 698
251 873
251 95
424 207
424 990
424 167
424 795
424 978
424 847
424 421
329 264
329 910
122 127
977 497
977 423
977 996
977 1004
977 153
977 1001
977 418
506 189
506 644
506 461
506 670
506 377
506 364
506 849
506 29
994 245
994 764
994 338
994 226
828 106
828 1001
416 927
416 166
416 517
416 305
771 4
771 568
769 292
197 687
197 718
107 335
107 808
107 5
107 381
107 553
301 978
301 647
15 731
15 680
15 422
106 1001
377 696
377 729
98 592
98 268
98 401
656 190
656 629
575 782
575 472
575 168
260 2
260 912
260 790
260 77
260 168
497 491
25 499
25 844
25 704
290 159
290 214
858 552
858 991
858 165
858 849
915 920
915 696
915 316
915 136
915 772
915 428
915 280
915 530
915 857
915 739
915 160
915 281
915 595
915 630
915 851
291 454
291 268
291 401
332 782
332 318
173 428
550 940
550 546
134 454
134 592
226 440
250 927
250 535
250 886
166 52
166 74
166 383
347 147
52 743
141 978
150 415
731 718
731 772
731 584
731 595
731 284
731 422
428 136
428 302
428 267
428 952
428 857
65 220
229 607
324 1
281 239
281 127
483 5
30 104
30 765
662 443
662 272
662 379
662 86
189 718
189 29
189 502
401 454
401 165
401 415
401 429
526 629
526 360
392 674
883 127
605 569
327 381
783 208
783 761
954 978
954 167
846 67
846 629
846 561
609 772
586 126
184 423
133 90
540 245
540 698
540 231
540 855
546 607
795 207
795 167
795 978
372 595
372 934
101 423
880 680
104 765
160 629
680 707
680 12
680 406
680 284
687 338
687 671
654 682
754 127
552 978
552 167
552 951
534 746
534 334
230 159
78 569
589 383
188 978
292 135
499 607
220 75
333 569
333 249
500 435
232 356
232 759
232 74
293 127
810 335
421 978
685 629
685 643
423 246
423 832
423 103
423 175
67 207
67 165
67 561
67 963
67 344
132 842
164 420
164 103
538 569
538 502
991 718
991 61
165 200
165 316
165 31
165 857
670 335
477 139
607 718
607 56
607 415
873 698
847 31
847 24
236 537
236 532
950 103
371 4
723 41
898 5
664 90
53 193
812 790
223 746
223 343
338 433
759 984
0 569
0 249
0 502
495 568
634 388
634 788
634 509
58 909
159 214
159 742
159 935
159 692
13 14
13 199
912 765
912 168
716 127
719 921
135 581
135 61
135 233
832 319
832 388
976 569
935 746
704 684
547 978
547 167
185 762
185 833
2 790
2 77
2 168
168 700
168 956
168 126
168 782
168 267
168 77
168 356
168 765
168 472
168 790
168 648
454 772
454 429
454 268
454 592
103 514
418 105
1002 319
922 585
190 920
190 181
190 891
190 274
190 353
514 395
990 31
415 833
561 207
561 629
127 114
127 732
127 724
127 32
127 325
817 978
817 167
565 746
718 629
718 569
718 630
718 530
531 231
231 698
231 170
951 369
256 356
362 585
658 629
722 927
722 535
737 849
737 175
956 790
740 788
740 322
761 738
761 516
6 569
647 214
267 790
267 700
267 136
698 245
698 764
369 513
369 535
591 420
851 978
851 167
851 280
152 86
117 268
444 535
629 891
629 838
629 280
629 530
629 24
629 493
629 360
629 631
629 630
90 927
90 321
175 849
713 268
746 214
35 978
35 167
249 569
249 502
86 443
409 569
767 569
535 854
470 569
957 978
74 126
356 743
356 472
167 988
167 978
167 207
927 854
927 191
927 515
927 62
927 592
268 633
42 322
700 790
14 924
14 516
136 344
322 879
322 343
630 530
239 577
516 738
516 881
469 978
614 978
772 581
772 75
488 568
299 388
774 947
502 569
388 96
198 568
988 978
693 569
472 782
472 743
758 918
458 844
458 918
207 978
710 569
530 891
542 62
542 528
62 646
696 563
844 672
126 790
228 569
862 569
947 568
925 269
568 379
633 193
633 75
216 321
