599 178
599 0
275 849
275 175
703 135
285 571
92 207
720 587
720 383
780 103
923 53
923 707
923 875
923 214
923 633
923 772
923 90
923 39
923 880
923 235
923 193
923 239
923 890
923 159
923 951
923 476
923 120
462 135
462 833
373 190
736 692
251 159
169 934
169 372
424 207
424 421
424 795
329 910
329 692
329 233
624 692
122 772
977 189
304 4
802 450
994 582
994 161
450 754
450 61
450 571
450 568
450 272
450 947
450 595
450 187
828 738
771 161
107 335
107 850
107 320
107 192
107 464
69 939
573 166
15 731
15 680
377 246
377 718
377 457
377 729
377 423
377 716
98 454
98 592
98 401
433 987
433 432
466 662
575 332
371 4
915 428
915 31
915 630
915 90
796 921
291 401
332 700
332 586
332 539
332 782
332 250
582 764
582 364
468 664
445 891
550 443
550 546
550 743
550 692
134 592
976 0
388 96
702 14
908 765
141 469
141 978
469 207
731 78
428 207
428 302
885 126
229 607
324 139
614 53
614 280
614 891
840 698
840 318
843 61
30 313
662 443
662 161
662 86
189 718
189 236
189 410
401 454
401 165
401 415
401 429
526 629
837 783
883 772
883 718
605 228
605 0
327 1001
783 650
954 585
926 715
846 67
846 561
524 139
441 628
586 984
586 868
586 294
586 166
586 383
586 267
586 435
586 416
294 817
184 201
540 698
540 987
540 233
540 338
540 697
540 955
546 443
807 772
795 207
823 542
823 62
823 485
101 246
101 423
135 72
135 549
135 742
135 581
135 942
135 170
135 292
135 161
160 838
987 53
987 849
987 872
487 139
654 738
654 991
654 650
812 700
812 790
812 119
534 772
534 139
776 159
776 571
78 0
337 42
337 634
337 1
337 832
337 84
337 822
337 514
337 936
154 139
334 607
334 696
334 61
125 139
102 139
499 138
499 956
499 321
499 684
499 318
499 44
592 927
592 454
592 713
333 767
333 0
333 502
500 542
500 814
500 435
232 126
232 356
232 313
232 966
232 472
118 862
118 32
118 502
421 978
685 528
435 633
67 207
67 165
67 561
67 963
67 344
72 772
48 216
947 774
947 568
538 0
538 724
566 772
165 31
165 316
477 139
835 161
40 159
817 274
607 696
607 191
607 91
607 692
607 159
97 84
650 738
650 682
873 698
847 207
934 595
934 372
950 402
950 103
950 663
950 343
260 168
260 77
260 416
381 192
558 684
723 933
723 758
723 41
166 517
166 416
676 46
402 139
372 404
955 773
939 139
188 978
188 274
188 851
0 862
0 470
0 991
0 710
0 767
0 409
0 228
0 295
0 6
0 693
0 732
0 249
0 502
495 568
159 707
159 844
159 56
159 940
159 963
752 191
752 416
335 537
335 192
716 772
104 765
565 41
935 746
935 684
137 692
137 936
969 178
704 458
185 833
185 502
541 16
541 418
120 272
120 707
454 429
454 713
316 90
316 415
316 629
316 647
517 478
517 112
517 256
517 648
517 267
517 186
517 803
103 514
103 423
418 105
418 996
542 62
684 318
190 920
190 181
190 274
190 353
190 656
663 1
561 493
940 833
318 196
24 143
24 629
24 891
718 866
718 61
718 754
718 595
718 724
718 90
231 698
918 758
909 862
791 32
278 214
278 713
256 478
256 648
256 267
256 186
256 416
362 585
362 383
362 152
522 61
522 415
710 502
6 772
656 274
571 900
571 277
647 838
647 274
267 186
267 648
267 478
243 61
698 245
698 764
369 513
369 535
274 167
178 415
178 90
178 75
178 502
152 443
152 86
591 746
851 167
851 547
161 443
161 900
161 581
629 493
629 891
629 630
629 530
90 191
90 283
90 233
90 535
90 692
90 927
90 220
90 416
175 849
175 5
746 413
746 692
374 953
170 697
170 855
142 207
537 181
537 440
86 443
478 648
168 782
168 416
630 280
174 139
581 855
581 936
356 313
167 214
927 416
868 782
138 867
306 742
924 199
322 740
119 700
772 203
772 8
772 16
772 595
488 568
443 900
443 742
443 272
423 246
953 207
502 724
206 139
585 4
585 568
77 416
194 951
988 978
510 139
472 782
472 313
472 416
758 956
692 448
692 233
207 493
956 844
956 216
956 700
383 68
530 891
62 646
596 187
696 181
696 61
200 136
126 648
126 790
186 648
181 61
45 66
272 568
648 869
891 360
568 379
602 743
602 416
313 416
216 321
214 233
245 233
