599 569
599 502
275 327
275 5
275 149
703 443
285 147
278 98
92 658
92 915
720 135
720 587
720 833
720 680
347 147
347 966
462 833
736 540
424 469
424 978
977 1001
977 423
977 153
977 921
977 418
802 450
952 838
952 344
450 900
450 742
450 272
450 40
450 662
828 106
587 629
771 137
771 742
769 772
769 292
769 531
769 58
769 95
658 142
658 915
658 629
658 647
107 772
107 569
107 98
107 90
573 617
301 978
301 547
15 731
106 1001
377 605
377 246
377 61
377 457
377 866
377 630
377 423
98 401
98 429
98 707
98 592
656 988
260 356
260 912
260 77
260 168
290 253
290 159
290 214
915 200
915 316
915 136
915 428
915 280
915 142
535 927
535 444
1001 685
134 147
134 592
740 788
250 927
250 886
250 332
250 662
659 306
27 147
617 714
141 978
485 927
485 542
150 415
731 8
428 630
428 122
885 294
885 168
65 193
65 542
65 586
65 742
65 927
65 338
65 90
229 319
324 534
324 591
405 135
840 605
840 540
840 61
840 318
840 32
157 542
30 126
30 356
30 168
30 472
30 256
30 581
30 166
30 602
30 648
30 765
30 936
414 158
401 429
526 383
526 629
32 569
605 569
605 700
605 693
808 693
954 469
954 978
926 147
846 629
846 561
609 772
609 707
863 592
863 742
303 950
303 663
447 586
111 602
294 984
294 586
294 817
184 779
184 686
241 469
241 630
58 338
795 469
795 978
372 595
372 415
823 927
101 246
101 423
135 337
135 922
135 531
135 628
135 581
135 326
160 920
160 629
160 530
987 789
987 56
987 531
499 684
499 73
680 707
339 569
687 593
552 978
534 591
534 663
534 334
534 510
230 193
230 633
230 147
510 323
337 870
337 649
337 505
337 509
334 326
681 718
482 569
220 214
220 90
333 569
500 193
500 586
232 168
118 732
421 469
421 978
685 629
685 724
435 782
788 634
788 509
67 963
630 167
630 629
48 558
602 356
602 912
538 569
538 693
538 502
566 253
670 175
670 532
835 272
835 233
40 196
40 214
40 90
40 569
40 272
415 569
607 167
607 75
650 686
236 537
308 147
381 90
53 443
402 323
850 90
188 469
188 978
188 851
151 253
338 951
0 569
0 732
495 862
495 568
295 569
113 927
976 569
776 502
912 356
912 743
912 77
912 168
716 1004
716 724
104 77
104 765
704 743
323 42
185 586
429 454
541 738
168 356
168 472
168 868
168 790
168 575
168 77
454 772
454 264
454 416
158 775
418 105
1002 319
542 927
684 844
713 707
514 395
663 343
561 629
127 569
24 629
24 891
593 718
593 591
593 724
718 61
718 980
718 591
231 910
951 171
951 707
951 369
951 581
951 595
569 470
569 991
569 710
569 629
569 356
569 249
569 502
569 862
569 6
569 409
569 228
569 78
569 767
569 693
569 978
770 927
644 738
256 356
256 416
866 423
722 927
722 444
722 267
105 364
737 440
956 758
956 844
956 790
6 249
586 984
586 356
586 782
369 927
369 77
851 469
851 978
851 167
547 469
547 978
444 927
629 891
629 280
629 530
629 890
629 493
629 360
629 631
90 14
90 695
90 201
90 464
90 205
90 742
2 167
175 423
784 306
817 469
817 978
35 469
35 978
86 443
1004 643
854 927
854 61
120 772
120 326
120 416
957 978
975 397
581 855
855 692
356 868
356 743
356 502
356 472
167 469
167 978
927 646
927 772
927 513
927 592
927 551
927 62
980 464
671 397
868 765
868 416
257 881
306 742
306 214
674 112
344 200
322 343
803 112
578 214
469 207
469 978
614 978
772 75
838 857
443 193
423 246
724 246
993 742
277 147
585 909
585 4
988 978
472 743
758 918
763 214
207 978
530 891
62 646
45 227
45 66
707 633
707 214
707 1003
272 900
686 147
577 147
590 147
171 147
991 61
972 147
205 528
933 147
633 193
214 765
66 227
700 790
