644 745
644 506
644 670
644 923
644 924
644 199
580 143
580 563
580 791
256 885
256 232
256 313
256 294
996 418
362 383
703 159
703 784
15 731
15 680
658 838
288 445
288 629
288 561
288 391
288 493
288 662
248 746
248 550
535 542
535 823
105 764
105 418
82 135
373 207
31 428
949 168
948 500
823 542
466 572
122 915
122 426
38 322
38 832
304 936
698 245
698 873
698 231
698 840
698 764
698 540
10 657
50 402
50 559
477 310
994 540
994 746
178 772
963 67
534 70
534 746
534 334
851 817
851 167
851 746
851 978
851 547
732 718
769 194
306 659
306 742
197 746
107 98
2 812
2 790
2 77
2 334
2 509
175 650
175 710
175 849
175 423
713 98
106 740
746 687
746 223
746 992
746 731
746 776
746 413
746 542
746 530
746 157
746 739
746 900
746 980
746 684
746 502
746 920
746 844
746 915
746 834
746 277
746 775
746 935
746 135
746 718
746 668
746 692
746 214
746 742
746 450
746 591
35 207
98 707
98 592
170 135
170 626
988 207
249 716
575 168
984 880
695 337
695 239
381 670
381 327
1004 977
291 454
966 168
582 832
86 443
173 657
720 628
720 383
550 334
543 200
780 514
780 977
702 14
617 214
617 334
715 590
715 926
41 723
926 748
469 207
469 512
581 135
581 757
581 692
581 90
143 696
428 915
885 648
885 313
885 294
885 447
849 650
849 423
332 500
332 586
356 126
356 762
356 912
356 472
356 721
356 313
356 30
356 168
559 622
1001 506
410 14
30 765
662 992
662 443
868 790
14 924
14 506
14 719
260 168
904 479
526 160
52 126
52 45
52 66
344 200
322 638
322 139
322 334
950 977
424 207
424 421
74 112
485 62
833 185
378 514
378 977
954 207
280 160
280 891
280 530
846 67
846 561
119 790
568 379
953 207
953 316
774 947
294 817
540 987
58 159
423 650
423 710
423 977
423 779
502 185
388 70
388 343
724 718
372 404
167 978
160 530
472 946
472 168
712 450
712 40
712 159
712 214
680 284
680 422
692 334
692 233
687 334
207 67
207 795
710 650
971 200
628 135
992 935
977 514
977 832
977 103
530 61
530 891
510 103
334 231
500 782
232 425
232 648
200 316
200 136
118 0
643 685
421 795
857 316
67 561
493 978
493 795
493 561
731 284
870 135
870 405
946 425
208 236
104 721
369 263
413 935
650 779
873 660
997 159
648 313
236 214
657 541
77 790
371 135
891 360
795 561
577 458
53 193
863 790
910 546
171 147
223 343
782 168
425 765
912 168
716 718
135 4
135 90
135 942
887 138
832 514
935 668
185 915
316 392
103 514
721 765
936 315
61 718
