599 710
275 849
285 571
248 684
248 762
248 670
248 157
248 915
248 185
248 591
248 502
38 2
535 927
535 444
720 617
720 855
720 731
720 833
720 680
720 456
347 933
347 966
923 95
923 197
923 159
923 609
923 528
229 607
229 742
229 306
840 540
840 987
251 987
605 470
68 772
68 987
624 329
122 428
122 479
977 153
977 1004
977 796
977 32
977 418
977 1001
977 423
516 761
516 790
802 466
994 764
994 987
994 692
450 900
450 712
450 695
450 571
450 398
450 272
450 530
450 662
416 912
416 256
416 927
416 782
416 147
416 313
416 435
771 742
771 90
769 742
658 629
28 987
107 537
107 5
107 236
107 393
107 90
107 652
107 808
107 201
107 532
107 553
301 978
301 167
15 731
15 680
15 422
106 322
511 987
377 607
98 454
98 592
433 772
433 987
921 738
921 506
25 585
290 159
290 214
858 991
915 990
915 200
915 316
915 647
915 731
915 428
915 953
915 607
915 530
915 157
915 739
915 857
427 849
427 955
291 134
291 454
291 401
966 933
966 935
582 764
582 987
835 742
853 159
134 454
134 592
740 322
250 927
898 808
898 90
659 742
659 306
141 469
141 978
141 167
485 927
485 542
485 62
731 809
731 739
731 422
428 17
428 90
428 200
428 136
428 857
885 571
159 841
159 783
159 214
159 209
159 607
159 787
159 987
159 334
159 912
159 692
462 833
320 1004
320 843
320 980
281 127
157 542
157 586
157 775
843 61
843 718
843 779
843 127
662 90
189 607
189 506
189 6
401 454
401 429
401 165
401 415
526 629
526 360
305 743
305 472
424 207
424 167
424 795
424 585
424 978
424 421
424 990
548 337
540 245
540 987
540 692
540 955
783 607
783 761
783 506
783 650
783 738
783 609
783 90
783 682
954 978
954 167
846 629
209 765
609 772
609 454
609 951
609 633
609 927
609 850
609 362
609 267
863 742
586 984
586 356
586 294
586 655
586 782
586 383
586 267
586 435
294 313
482 987
58 909
795 207
795 167
795 421
795 978
850 881
850 90
823 927
101 246
135 772
135 530
135 581
135 942
135 292
135 692
160 571
160 629
987 245
987 789
987 809
987 872
987 641
987 338
987 849
987 873
987 432
987 764
987 311
987 361
987 95
987 588
987 531
987 231
987 56
987 364
987 955
481 565
499 318
499 704
791 669
680 12
680 32
687 607
687 75
699 232
654 991
654 650
654 682
812 700
552 978
552 167
552 614
534 607
534 939
534 102
142 92
334 607
334 692
334 220
334 591
253 151
630 530
630 493
630 629
630 891
592 454
592 927
592 268
592 713
333 767
638 862
232 74
421 978
421 167
685 1001
685 629
685 493
685 643
435 500
435 267
67 963
67 344
67 207
67 165
947 774
538 502
991 61
991 280
165 207
165 344
165 31
870 772
870 12
704 12
704 216
704 321
607 718
607 851
607 591
607 692
650 738
650 682
847 207
934 372
236 1004
236 208
236 537
950 663
950 343
173 506
166 112
166 674
166 743
372 595
372 404
955 773
955 925
955 311
939 42
789 470
789 364
188 978
188 167
759 74
113 927
77 782
335 5
311 697
13 772
13 743
13 532
104 765
935 746
935 568
952 200
185 762
2 790
2 891
2 322
2 500
541 506
541 16
168 472
454 264
454 429
712 398
738 682
542 927
542 62
612 879
684 571
512 978
512 167
190 353
190 181
190 656
190 274
190 920
663 343
561 629
127 718
817 978
817 167
718 61
718 522
531 306
231 170
951 245
951 660
951 866
909 362
770 927
256 313
362 957
362 383
722 927
400 742
6 470
571 900
571 62
571 394
571 277
249 470
267 112
267 891
369 927
575 472
364 764
364 506
364 95
591 322
851 920
851 978
851 167
851 530
152 742
444 927
629 280
629 891
629 24
629 530
629 493
629 360
629 631
90 61
90 191
90 784
90 443
90 270
175 849
746 692
746 233
374 742
374 306
35 978
35 167
86 742
318 758
325 595
957 978
957 167
581 855
581 692
581 936
855 697
83 742
167 469
167 614
167 988
167 547
167 207
167 978
1001 724
927 646
927 513
927 854
927 551
572 246
980 464
700 530
136 207
924 199
674 112
322 343
506 670
506 192
220 75
553 5
353 891
469 988
469 978
614 978
772 233
772 326
772 739
838 857
280 891
443 742
697 925
423 246
901 742
293 569
724 246
993 742
988 978
758 956
758 918
458 956
692 233
692 742
52 790
207 92
207 978
530 891
530 742
530 24
62 214
857 17
978 547
595 590
688 404
648 765
891 24
8 739
590 171
415 91
214 765
214 306
742 306
216 321
790 306
