437 738
379 568
278 462
278 61
275 849
275 175
996 738
362 528
362 415
779 407
688 898
658 280
658 24
644 738
644 924
644 1001
644 90
248 462
248 746
248 90
935 746
246 423
535 444
535 369
720 833
780 832
737 849
923 738
923 633
923 159
923 214
923 462
462 783
462 687
462 223
462 670
462 692
462 617
462 517
462 833
462 65
462 542
462 718
462 742
462 334
462 450
462 157
462 591
462 851
803 112
840 698
256 356
256 294
256 133
256 313
256 30
256 416
761 738
761 866
761 881
578 214
586 984
586 500
586 356
586 294
586 157
586 912
586 383
586 168
893 509
647 428
647 915
647 24
983 2
466 662
624 329
122 980
977 491
977 969
977 153
516 738
516 790
532 738
532 13
164 879
698 245
698 873
698 231
698 764
698 540
863 769
863 692
863 306
863 229
863 993
863 626
863 83
863 784
802 428
802 159
575 472
575 168
450 746
450 712
450 568
963 67
591 746
591 97
851 920
851 746
851 167
851 188
851 915
851 32
851 280
851 530
795 424
117 268
653 738
866 718
866 101
629 193
629 280
629 891
629 65
629 630
629 530
629 75
197 738
90 841
90 500
90 900
90 381
90 40
90 65
90 984
682 738
682 924
175 849
713 268
749 220
746 783
746 776
746 920
746 731
746 534
746 517
746 542
746 568
746 56
746 530
746 157
746 980
746 502
746 836
746 915
746 415
746 834
746 743
746 775
746 135
746 221
746 718
746 550
746 742
746 692
980 718
980 61
377 718
377 101
377 630
377 422
141 614
98 268
31 718
31 165
31 971
31 428
921 738
1 309
537 236
984 416
984 912
984 168
290 151
290 214
290 220
290 159
423 101
915 920
915 428
915 280
915 32
915 530
196 850
95 251
1004 236
291 454
291 134
291 429
291 268
291 401
92 428
92 207
1001 738
1001 924
1001 685
468 432
767 333
544 193
66 227
250 927
270 738
702 738
702 924
5 491
5 732
715 951
975 397
469 188
731 920
731 32
731 56
428 990
428 200
428 971
428 160
428 136
428 952
428 142
428 61
428 857
885 168
65 193
65 687
65 220
65 927
65 692
356 607
356 868
356 294
356 912
356 743
356 30
356 765
356 416
405 135
582 173
582 440
809 987
157 542
927 416
572 32
590 171
268 633
268 454
671 397
316 165
189 718
189 969
189 724
189 280
189 883
189 716
700 812
700 277
700 293
14 738
14 924
14 506
401 454
401 429
401 165
401 415
136 200
924 738
924 173
924 506
924 199
344 67
344 165
344 952
630 530
630 415
424 207
424 421
239 538
239 509
506 738
506 159
854 185
327 738
327 381
97 334
657 738
540 697
540 736
540 955
783 738
783 159
485 62
614 552
846 561
209 765
609 951
500 515
500 782
500 166
500 332
500 435
772 75
581 936
280 920
280 32
280 530
199 738
443 159
443 742
294 126
294 416
509 788
499 565
499 318
499 558
505 337
502 920
502 32
440 335
881 738
724 685
993 343
993 692
993 233
850 738
850 75
101 718
988 167
160 891
160 530
987 531
332 318
332 435
332 782
472 912
131 738
758 318
758 844
758 956
758 918
680 406
692 233
207 67
207 241
207 142
971 200
654 738
470 789
552 858
552 188
534 890
534 343
530 920
530 891
530 32
530 24
337 634
890 220
890 233
62 542
708 718
334 75
855 697
855 170
697 170
697 311
697 925
220 159
638 832
232 416
118 732
643 685
643 381
126 790
126 260
67 165
798 769
38 309
32 920
602 912
602 743
602 168
176 887
566 151
191 75
617 416
704 318
835 233
40 900
40 712
40 159
283 214
722 444
650 738
29 732
900 272
900 568
236 2
416 193
416 752
416 91
416 868
862 569
77 2
77 868
112 2
260 868
173 738
508 738
53 193
53 633
53 712
568 272
568 712
568 495
568 662
771 306
747 738
576 738
75 127
159 214
912 168
912 868
13 738
663 343
719 738
920 718
832 514
633 193
214 940
214 844
4 371
745 738
541 738
168 868
245 231
454 429
738 979
738 837
684 318
61 718
