599 605
599 178
599 710
703 936
688 335
248 334
92 915
445 891
445 288
780 950
780 514
780 977
923 53
229 790
373 190
251 987
424 207
424 951
997 53
997 75
997 334
948 868
948 61
948 214
948 120
948 356
948 592
948 416
38 337
38 309
38 534
38 474
516 761
994 764
994 987
994 214
994 410
994 777
450 700
450 742
587 720
771 697
771 870
771 82
771 83
771 742
769 660
113 485
28 987
197 120
107 214
573 782
235 946
106 740
106 299
98 401
98 592
656 190
656 920
153 977
575 77
260 912
260 790
497 977
915 165
915 971
915 90
915 428
915 349
915 142
915 344
915 302
915 31
915 953
915 316
915 990
915 200
915 136
915 647
915 122
915 952
915 857
915 718
915 543
915 214
915 17
427 955
291 401
291 120
332 500
332 232
332 586
332 250
332 318
332 435
1001 950
1001 514
1001 977
1001 685
273 951
173 428
468 810
468 335
720 746
720 668
720 935
720 214
550 546
226 440
250 886
659 742
659 306
141 214
469 207
469 167
469 188
469 274
150 415
731 8
731 284
731 680
731 214
428 990
428 316
428 214
428 136
428 31
428 159
885 782
885 232
885 294
885 447
885 416
159 577
159 214
159 772
159 935
159 713
324 214
559 420
559 622
840 987
840 231
157 577
157 740
157 586
628 135
843 407
843 754
843 779
30 765
189 6
189 595
189 977
189 24
189 236
189 120
414 891
401 454
401 165
401 415
401 429
526 629
837 783
392 112
883 407
883 951
605 178
605 506
605 228
605 502
327 381
808 335
808 5
783 850
783 214
378 950
378 514
378 977
535 762
926 715
846 67
846 280
846 629
846 561
609 772
439 168
447 984
447 782
447 313
447 294
111 782
111 256
111 602
294 984
294 313
294 256
294 126
294 74
294 416
180 727
184 407
339 178
985 335
482 56
482 531
482 987
82 135
795 207
850 738
880 119
104 425
104 256
160 629
987 245
987 789
987 809
987 872
987 641
987 338
987 849
987 873
987 432
987 925
987 480
987 433
987 540
987 311
987 361
987 95
987 68
987 764
987 582
987 698
987 531
987 231
987 56
987 364
987 955
687 607
687 692
812 2
812 790
812 465
812 119
812 700
977 950
977 514
977 996
977 1004
977 2
977 103
977 418
977 410
977 423
534 32
534 649
534 214
534 343
776 214
776 334
78 178
337 135
337 695
337 505
334 834
334 940
334 775
334 586
334 671
334 742
334 963
334 433
334 220
334 322
125 622
540 231
540 955
220 75
879 322
333 178
232 472
232 946
232 782
293 862
810 335
810 381
685 530
685 629
435 782
435 586
435 267
435 416
67 207
67 165
67 561
67 963
67 344
67 391
132 139
502 61
502 790
502 976
502 228
502 772
502 178
502 388
502 538
538 178
165 31
165 344
870 135
271 746
946 425
946 472
40 214
607 817
607 231
607 591
607 75
650 890
29 335
847 207
777 410
963 214
236 537
236 1004
236 743
236 335
705 890
950 514
950 103
950 206
371 4
371 135
371 214
381 761
381 335
381 670
381 192
381 532
558 758
558 684
723 758
723 41
166 782
166 74
166 602
166 416
664 335
591 742
676 622
53 890
955 773
955 925
955 311
754 407
188 629
151 700
0 178
0 249
495 568
335 670
335 208
335 201
335 175
335 737
335 464
335 980
335 537
335 790
335 118
335 643
335 532
335 899
335 1004
335 553
335 5
976 178
976 349
752 120
912 214
912 782
912 168
912 77
912 74
135 4
135 214
135 581
135 170
832 514
565 844
935 746
935 668
935 214
935 890
952 200
952 838
704 743
323 139
2 61
541 924
541 693
168 472
168 556
168 782
168 966
454 772
454 120
316 214
517 542
517 586
517 267
517 854
517 602
103 514
418 105
418 996
1002 890
738 214
190 181
190 274
190 353
190 120
329 264
514 206
990 207
415 833
561 629
561 288
407 907
407 225
407 91
407 779
407 369
127 718
127 32
127 595
127 281
817 167
817 851
718 595
718 692
718 61
531 214
668 746
231 61
951 855
569 178
569 214
791 32
644 670
256 356
122 167
122 629
122 61
743 782
743 602
658 629
722 444
105 374
956 758
813 746
544 214
761 804
761 790
6 178
586 214
586 772
586 782
586 126
586 984
586 542
586 416
267 142
267 891
267 120
730 356
369 646
369 551
178 862
178 470
178 710
178 409
178 228
178 767
178 693
178 214
178 249
391 288
851 35
547 280
629 891
629 214
629 280
629 288
629 530
629 24
629 493
629 360
629 631
629 630
90 4
90 239
90 280
90 91
746 542
746 890
746 214
35 207
537 440
196 120
398 214
86 443
854 782
854 62
120 772
120 191
120 572
120 592
120 416
143 24
855 697
855 315
83 697
74 112
356 472
356 61
356 214
356 126
356 416
582 764
572 568
868 782
868 765
868 416
306 742
674 782
674 416
630 493
630 530
630 288
239 245
353 920
485 62
485 551
649 343
772 214
772 75
838 349
280 595
280 388
280 24
443 152
386 758
602 782
388 343
77 890
472 762
758 844
692 214
692 233
530 24
530 214
890 315
890 32
62 646
62 551
844 319
844 214
126 648
126 782
513 646
513 551
775 214
493 288
32 214
551 646
515 214
272 742
648 782
416 112
416 782
416 313
416 762
862 909
947 568
112 782
891 24
577 147
577 214
900 742
590 171
568 379
24 483
920 214
214 147
214 742
742 61
420 96
216 321
