599 693
275 114
275 327
275 849
275 175
703 135
703 443
278 798
278 220
278 159
535 462
720 628
923 193
923 772
923 159
923 197
923 120
462 833
462 356
373 344
251 987
605 362
329 338
329 624
948 191
38 334
516 850
420 164
802 662
952 142
994 540
450 947
450 398
450 662
450 596
450 233
528 469
771 4
769 116
769 951
866 718
107 670
106 185
377 607
98 291
433 540
433 90
466 187
466 662
575 77
25 458
290 566
915 200
915 214
915 731
915 428
915 280
915 142
427 955
796 540
291 117
291 454
291 609
291 401
291 134
291 429
291 1003
291 268
291 713
966 168
1001 738
1001 850
550 546
543 891
134 592
740 612
270 850
270 704
659 159
659 374
659 306
52 313
141 978
141 362
150 147
150 415
731 159
731 422
428 90
428 214
428 142
885 984
885 648
885 256
65 193
65 135
65 191
65 334
65 629
229 75
76 185
281 189
157 356
483 607
662 430
662 572
662 695
662 187
662 838
662 40
662 488
662 198
662 712
662 26
662 900
662 379
662 60
662 596
662 568
662 947
662 272
189 249
401 454
401 429
401 165
401 415
526 280
526 629
897 327
883 907
424 207
424 421
424 795
327 737
327 850
327 702
327 849
657 173
657 850
783 738
783 850
783 654
954 978
846 838
846 629
846 561
609 193
303 950
303 343
111 362
294 256
180 958
180 727
184 407
133 765
482 569
482 987
546 193
546 565
546 890
546 844
795 207
850 644
850 719
850 996
850 682
850 199
850 738
850 13
850 921
850 761
850 14
850 881
850 979
850 924
850 173
850 506
850 702
850 541
850 576
101 423
101 724
135 628
135 72
135 581
135 942
135 540
160 685
160 629
160 530
160 24
987 540
987 531
987 231
687 334
654 738
977 1004
977 418
534 102
534 692
534 174
142 990
142 200
142 971
142 214
142 302
142 159
337 505
337 125
334 530
334 629
334 75
334 671
540 245
540 836
540 68
540 789
540 95
540 338
540 849
540 361
540 56
540 231
540 698
540 364
540 697
540 311
540 955
592 927
592 454
592 268
500 166
58 909
293 724
421 362
685 629
67 963
67 165
67 344
67 207
72 581
48 718
48 956
48 704
48 669
48 458
48 29
369 444
165 207
165 31
670 5
670 175
40 159
40 187
415 569
415 833
415 191
607 231
607 978
607 591
607 75
309 1
873 698
847 207
364 764
364 582
236 185
236 90
950 663
950 343
381 532
381 643
558 318
558 684
558 844
558 956
558 458
701 220
53 311
53 233
402 299
402 343
871 628
372 595
955 231
188 978
188 280
159 712
159 316
159 143
159 356
159 531
159 612
159 214
159 912
335 532
912 356
912 602
912 168
716 249
719 738
137 443
704 458
704 684
704 321
541 199
120 193
120 454
454 772
454 429
517 61
517 362
418 996
190 629
561 280
561 629
561 360
24 280
24 629
24 631
24 360
718 904
718 61
718 362
718 980
231 698
231 840
951 569
951 581
951 865
951 692
644 199
362 167
362 870
362 383
362 216
658 629
737 175
586 984
647 280
267 988
267 112
698 245
698 840
698 764
116 272
851 978
851 280
161 193
629 493
629 891
629 214
629 280
629 530
629 202
629 894
629 360
629 978
629 631
629 630
90 746
90 200
175 849
175 423
749 569
749 692
746 692
374 306
35 978
170 697
537 440
1004 724
168 868
168 77
975 397
491 506
356 743
356 765
167 978
167 630
671 397
924 199
674 112
630 469
630 530
553 5
353 891
469 978
614 978
280 920
280 530
280 890
280 547
280 360
280 32
280 631
299 509
953 207
443 742
697 855
423 246
440 226
458 956
458 577
458 319
692 233
692 660
956 319
956 216
146 326
530 891
984 762
984 416
62 646
126 416
228 569
595 696
648 765
978 547
416 762
416 633
171 933
672 844
840 245
214 765
