599 693
599 0
599 122
278 923
319 216
319 48
319 558
580 143
275 175
996 506
996 644
996 418
996 541
996 199
362 152
362 383
362 528
362 168
688 532
658 92
658 629
658 891
687 739
687 923
687 120
644 506
644 977
92 731
92 207
92 847
720 587
720 383
105 418
347 933
347 157
347 91
923 591
923 951
923 120
229 469
710 0
373 190
722 927
256 313
256 294
256 416
761 837
424 207
424 990
424 421
424 547
424 795
6 333
6 0
586 500
586 356
586 111
586 383
586 573
823 927
249 409
249 470
249 0
122 693
977 497
977 189
977 1004
977 418
977 1001
977 423
78 0
532 118
561 67
561 629
52 416
52 912
52 168
719 783
719 837
719 13
719 14
719 738
802 450
274 190
178 333
178 862
178 693
178 0
178 502
963 67
591 746
851 469
771 4
771 306
113 927
393 184
90 107
90 915
90 5
90 662
924 837
429 98
429 454
429 291
429 401
573 500
573 111
175 737
175 849
713 98
713 592
106 139
106 322
746 812
746 191
746 334
746 935
746 692
516 13
684 25
684 458
684 704
684 48
684 321
942 135
98 107
98 592
656 190
31 165
31 915
575 912
575 266
575 260
575 77
575 168
310 103
310 343
537 335
858 991
915 200
915 428
915 136
891 700
891 629
891 353
891 630
891 530
427 540
427 329
409 0
398 450
332 500
332 318
86 483
767 0
767 29
550 920
550 546
543 344
557 111
557 912
134 592
168 77
168 62
168 260
168 472
168 912
168 266
168 305
168 416
266 912
266 260
266 77
702 14
908 602
470 0
41 723
41 956
323 139
485 927
581 135
581 855
731 680
428 200
428 857
74 126
74 984
356 62
356 912
590 171
582 364
840 540
927 646
927 854
927 513
927 542
927 535
927 369
927 592
927 551
927 444
927 250
927 770
927 416
980 718
189 181
700 605
700 2
14 738
14 327
14 381
14 410
638 534
609 75
401 165
401 415
306 450
306 742
306 660
837 881
674 166
566 120
53 633
305 294
305 912
305 65
803 112
605 228
605 0
239 542
506 541
506 199
327 381
220 75
220 334
663 950
663 343
353 190
783 738
783 682
783 654
535 444
846 67
846 629
649 322
119 812
439 912
772 75
838 857
280 629
199 541
774 947
329 540
294 984
294 817
294 313
184 333
184 607
184 754
482 606
540 264
546 873
546 920
423 246
423 101
423 832
602 450
602 912
738 682
738 654
740 879
795 207
795 421
795 978
250 75
850 13
850 987
850 107
101 246
77 912
77 260
135 549
135 233
135 272
135 692
810 335
810 107
160 629
693 228
693 0
659 742
472 62
472 912
499 191
499 48
499 75
576 541
136 207
136 200
680 584
413 191
617 214
207 547
956 565
956 216
956 48
732 0
654 991
754 450
754 272
754 595
534 343
383 887
530 629
267 112
984 313
111 762
62 912
62 770
334 607
334 987
334 416
855 697
808 107
646 542
102 139
630 629
630 493
630 685
592 454
547 421
547 301
333 0
500 515
500 120
631 629
200 971
118 0
126 912
228 0
685 629
629 526
629 24
629 493
629 360
629 415
67 165
181 190
978 167
538 0
949 912
991 0
272 450
510 139
415 940
415 324
0 862
0 295
0 976
0 502
873 819
450 542
450 900
450 742
450 233
648 912
416 912
416 147
416 313
623 214
260 912
381 107
166 392
324 402
900 742
925 697
925 987
372 404
159 940
159 214
16 541
127 75
127 716
223 343
879 606
879 322
912 770
311 697
191 661
920 190
832 139
832 612
107 75
935 966
633 193
987 75
120 326
337 32
190 75
607 75
997 75
