52 868
939 337
939 534
732 118
996 418
581 135
318 558
534 125
313 356
530 718
356 232
356 790
356 209
356 472
356 126
356 912
356 743
356 602
167 547
575 232
159 742
281 718
912 439
30 868
700 532
169 372
439 266
439 168
868 790
14 924
14 506
14 1001
14 702
654 783
654 738
643 381
228 502
743 135
977 418
506 1001
532 516
532 790
516 790
214 742
742 718
742 900
742 306
942 135
416 168
538 502
168 949
168 472
168 334
168 260
168 232
168 266
404 372
823 542
299 509
542 62
199 924
921 101
502 693
135 692
