599 702
278 290
278 776
278 923
256 356
256 294
256 74
996 506
996 977
996 418
996 541
996 199
362 189
954 207
15 680
658 35
658 92
658 530
285 277
288 530
535 762
535 62
722 62
737 107
341 915
923 617
923 687
923 151
923 609
923 772
923 534
923 890
923 193
923 53
923 159
923 334
373 190
840 698
275 849
761 881
439 912
439 168
586 267
586 416
586 294
586 885
586 74
586 332
586 435
586 447
647 915
647 630
647 142
249 178
249 977
249 410
624 329
624 719
38 2
267 581
267 478
267 142
532 107
243 159
698 245
698 873
698 231
698 764
698 540
802 40
274 190
994 752
450 712
450 695
450 187
450 568
450 40
450 947
591 534
851 920
851 817
851 207
125 622
113 542
113 62
719 738
107 320
107 670
107 393
107 208
107 201
107 175
107 29
107 810
107 5
107 464
107 335
107 985
107 688
107 980
107 236
107 537
107 381
107 118
107 664
107 1004
107 898
107 652
107 468
107 553
107 808
107 192
2 790
2 517
2 526
573 74
175 849
713 239
746 413
746 700
746 214
746 157
746 935
746 692
746 630
516 783
516 924
353 190
915 165
915 200
915 971
915 160
915 428
915 136
915 24
915 952
915 857
915 142
915 739
915 302
915 31
915 630
915 316
656 190
31 142
318 684
318 499
921 837
921 14
1 309
25 684
25 844
25 918
290 159
290 214
695 40
891 445
891 414
891 630
891 530
891 24
398 159
1004 320
19 890
95 873
302 142
136 200
136 142
582 338
86 443
854 62
478 517
308 418
134 592
740 879
250 500
250 62
600 672
702 688
702 14
908 30
908 765
957 951
469 207
581 135
581 855
291 429
291 401
428 207
428 142
885 984
885 111
885 294
885 447
885 74
74 984
74 104
74 294
74 912
74 447
74 168
324 890
320 843
1001 506
1001 14
1001 977
1001 418
410 189
410 977
46 343
678 696
572 40
980 335
30 52
30 104
30 868
30 209
30 765
30 168
662 40
662 900
189 718
189 127
868 126
14 506
14 173
14 924
14 644
14 199
260 232
260 912
260 168
119 335
401 454
401 98
401 429
401 415
526 383
526 530
674 517
344 142
814 500
424 207
239 159
239 609
553 5
543 142
485 62
485 823
92 142
926 748
846 530
209 356
209 472
609 592
638 334
280 530
488 40
447 294
447 332
153 977
153 418
774 947
466 40
294 984
294 416
349 976
499 684
953 142
602 52
379 40
388 534
98 429
98 592
266 168
266 416
823 62
585 922
77 912
135 233
988 547
160 24
160 530
987 433
987 531
987 56
987 789
332 435
472 52
472 356
472 743
472 416
458 684
458 321
680 790
692 191
692 233
52 126
52 45
52 66
52 416
207 990
207 188
207 547
207 795
207 421
207 301
956 684
971 200
971 142
977 418
534 223
534 310
534 343
776 687
776 334
530 561
530 685
530 24
530 445
530 493
530 360
530 631
530 630
142 990
142 952
142 857
142 165
142 200
880 707
890 190
890 168
62 646
62 513
62 752
62 542
62 369
62 159
62 551
62 444
334 617
334 696
334 550
334 687
71 595
630 493
630 512
592 454
500 782
500 435
232 126
232 790
232 168
810 335
181 190
731 284
45 126
947 40
201 393
670 688
670 381
191 912
208 335
40 187
40 272
40 254
40 900
40 712
40 60
40 568
126 66
413 935
502 178
595 169
595 404
648 168
416 214
416 912
950 343
381 192
558 565
558 684
898 335
356 168
556 912
672 844
789 433
159 951
159 940
912 949
912 168
687 414
505 337
832 514
415 429
949 168
164 343
454 429
918 684
316 190
738 951
684 321
684 565
684 844
216 321
663 343
565 321
