599 178
644 491
423 184
256 416
996 418
362 383
703 120
723 41
248 746
38 474
38 309
38 324
38 832
535 369
445 891
952 200
923 772
923 334
306 587
306 61
306 214
306 771
373 190
373 207
818 250
761 516
605 178
605 502
6 178
6 249
6 236
586 500
586 166
586 294
586 267
586 356
322 69
355 577
647 990
31 990
122 178
977 418
977 236
78 178
78 422
532 516
532 13
164 638
684 500
684 458
684 746
50 559
274 190
994 338
994 746
994 582
450 746
450 695
364 189
587 720
591 338
591 746
851 978
851 746
851 90
771 742
980 746
497 773
442 189
113 542
629 630
629 891
629 178
629 24
629 685
629 530
629 471
908 765
107 236
107 471
159 578
159 746
159 334
159 951
159 147
159 776
159 935
2 790
2 236
75 609
301 978
301 24
301 547
784 4
784 742
106 740
746 687
746 530
746 223
746 992
746 731
746 534
746 776
746 542
746 157
746 870
746 739
746 662
746 920
746 834
746 775
746 935
746 135
746 718
746 900
746 668
746 692
746 214
746 742
746 502
865 90
377 729
942 135
35 207
98 592
170 135
656 190
466 802
802 568
537 236
858 991
695 947
381 189
381 327
409 178
509 638
509 832
92 990
86 443
86 662
8 696
720 700
720 668
550 834
134 592
740 157
270 924
617 334
617 214
628 135
907 184
975 397
569 178
485 513
485 369
428 990
428 200
428 136
428 915
428 302
428 857
885 294
74 294
74 392
74 112
74 166
74 674
356 743
356 416
410 249
410 293
46 310
483 190
30 765
671 397
671 692
189 783
189 440
189 670
189 201
189 506
189 690
189 718
189 5
189 249
189 502
868 889
868 790
868 765
868 416
14 924
609 454
609 692
609 592
526 160
526 360
526 90
392 112
392 267
344 67
305 946
305 416
424 207
424 547
424 795
239 951
506 173
506 541
767 178
353 190
353 891
469 207
954 207
954 547
846 67
800 62
439 416
772 120
1004 249
581 135
863 901
299 622
953 990
727 180
443 743
443 602
774 947
294 313
294 126
294 447
294 416
184 595
184 843
700 870
700 112
700 790
499 758
82 135
602 743
602 765
241 547
388 178
118 862
118 502
795 207
795 421
795 978
795 547
372 595
135 870
135 371
135 90
135 471
135 337
135 4
135 936
987 531
987 471
332 500
472 946
249 716
249 178
249 114
249 595
249 0
249 236
692 500
692 233
692 775
687 500
207 67
207 547
710 178
971 200
470 178
421 547
534 334
776 214
776 752
383 891
957 547
530 200
530 891
530 90
530 24
142 990
142 316
142 136
542 500
334 500
334 214
516 13
516 790
857 990
592 454
664 192
333 178
696 563
232 447
200 316
126 790
126 730
228 178
228 502
435 782
990 302
990 136
990 165
67 165
67 561
67 963
181 190
978 90
991 178
946 633
946 53
946 425
946 416
40 214
40 471
686 577
502 862
502 178
502 724
447 313
178 0
178 295
178 976
178 339
178 862
178 471
178 693
178 519
178 538
416 425
416 166
416 313
862 909
950 343
112 267
112 674
891 414
891 24
173 541
166 743
724 718
724 716
577 933
53 633
925 955
850 471
171 214
812 790
267 120
127 471
0 716
976 349
752 471
311 773
920 190
471 190
471 316
90 712
137 936
547 512
214 712
214 951
214 147
214 415
429 454
712 415
316 915
758 844
721 765
790 765
