278 214
580 383
580 91
256 294
996 173
996 506
996 418
362 909
362 664
866 377
285 147
764 226
764 987
248 506
248 157
522 61
535 250
535 369
720 587
720 935
780 514
780 977
347 147
169 372
169 595
813 746
373 190
736 135
931 147
31 24
605 228
605 693
605 502
6 61
586 617
586 762
586 166
586 383
586 267
586 573
586 74
586 447
586 294
586 133
586 602
586 416
948 517
948 471
823 250
648 126
900 746
977 950
977 514
977 1004
977 103
977 423
977 1001
977 418
267 838
267 971
267 435
532 13
532 828
730 126
730 61
52 868
684 499
684 956
684 558
50 559
274 190
274 920
274 817
274 841
994 90
178 135
178 629
178 519
178 249
178 0
178 502
963 67
963 471
534 90
851 469
851 957
851 141
851 188
851 795
851 724
851 421
851 207
851 301
851 424
851 817
851 167
851 547
851 241
851 512
771 697
771 306
771 626
771 83
771 742
125 622
230 147
629 160
629 946
629 891
629 136
629 90
629 288
629 530
197 746
90 482
90 850
90 742
90 530
90 542
90 56
90 509
90 802
90 70
90 416
682 783
682 738
682 850
682 650
682 654
573 447
746 668
746 214
746 530
746 776
746 935
746 502
746 591
377 729
35 207
142 428
249 1004
249 0
802 568
915 428
381 14
381 327
618 499
618 321
427 471
427 955
1004 208
796 143
332 500
332 435
1001 383
1001 514
42 402
723 565
723 499
644 506
445 288
541 173
541 506
722 250
976 349
250 886
250 444
250 471
78 422
702 924
908 765
378 514
491 5
143 696
428 316
428 349
885 294
83 697
74 294
74 110
74 447
356 61
356 416
590 147
559 622
559 96
559 420
559 402
559 299
157 743
30 765
241 61
868 126
868 790
14 924
110 674
110 803
110 112
288 561
288 391
288 493
674 392
674 112
344 67
883 61
322 879
424 207
424 421
424 795
542 62
542 500
542 113
506 173
506 199
435 416
995 775
995 671
761 516
540 264
540 955
353 190
353 891
485 369
111 133
469 207
954 207
954 630
926 147
926 61
846 67
846 561
772 135
772 65
538 239
568 450
568 947
310 638
310 103
310 477
299 96
447 416
447 294
447 782
447 232
447 313
774 947
329 510
294 817
294 313
294 416
509 638
509 832
509 96
482 951
499 73
499 458
499 48
499 366
499 216
499 844
499 318
499 471
546 334
423 246
602 133
738 654
830 61
795 207
993 863
277 147
101 246
135 4
135 870
135 371
135 581
135 942
135 692
104 126
104 425
988 207
160 530
987 56
987 955
56 951
70 471
692 775
692 191
692 233
687 334
687 65
207 558
207 67
654 650
133 765
530 891
530 493
530 630
841 920
656 190
656 920
62 646
62 159
334 607
334 65
334 471
253 471
857 316
220 471
676 622
232 416
200 136
67 165
67 561
126 790
429 454
972 147
471 700
471 940
471 147
471 416
181 190
181 24
630 24
630 493
731 584
355 147
239 951
991 61
48 458
191 190
946 607
946 425
208 107
686 147
2 812
2 700
2 790
450 187
595 683
302 316
416 168
416 313
862 909
950 514
950 832
112 166
891 414
891 24
166 743
724 718
724 61
577 147
53 951
372 404
955 773
955 311
171 147
171 214
338 264
313 765
216 321
0 512
0 732
159 147
159 776
159 214
776 935
716 718
920 190
832 514
935 668
933 147
633 193
633 951
168 966
316 392
103 514
425 765
936 765
61 392
61 718
