599 409
599 569
599 710
599 693
275 849
248 462
248 746
535 927
720 617
720 628
720 581
720 731
720 135
720 680
923 193
923 738
923 2
923 159
923 214
229 607
229 742
251 987
605 228
605 693
329 660
329 910
329 427
977 1004
977 423
977 153
977 1001
977 418
506 189
506 14
506 670
506 541
506 364
506 850
506 921
590 171
590 147
952 200
994 764
994 987
450 462
450 746
450 947
450 596
450 742
771 90
597 738
113 927
28 56
28 987
197 850
107 980
15 680
106 740
865 159
511 987
377 607
377 696
377 101
377 423
377 716
377 422
98 454
98 592
98 401
433 987
433 951
921 541
290 193
858 654
915 746
915 200
915 157
427 955
796 14
594 135
291 454
291 401
966 933
966 746
1001 685
1001 724
550 607
550 746
134 738
134 454
134 592
861 896
388 534
250 927
250 886
702 738
702 14
485 927
731 696
731 746
731 809
428 857
428 200
428 90
65 927
65 586
462 783
462 687
462 223
462 833
462 517
462 742
462 542
462 718
462 157
462 670
462 591
462 851
840 987
157 586
157 746
157 926
843 127
843 61
401 454
401 165
401 415
401 429
526 360
837 738
392 674
392 267
663 343
663 612
663 90
305 765
305 472
424 585
424 951
327 381
783 738
783 746
954 978
954 167
926 147
846 561
609 927
609 239
609 454
447 416
447 74
901 83
133 602
540 698
540 987
540 925
540 855
540 697
540 231
540 311
540 955
546 607
82 135
82 772
850 682
101 423
104 765
987 245
987 789
987 872
987 641
987 338
987 849
987 873
987 809
987 764
987 482
987 311
987 432
987 361
987 95
987 68
987 588
987 582
987 193
987 531
987 231
987 56
987 364
987 955
499 607
499 844
499 321
499 918
499 679
680 707
680 12
680 284
680 422
687 746
687 75
654 738
38 410
534 746
534 649
534 90
534 102
534 510
267 674
334 607
334 586
125 622
253 151
188 547
292 135
630 629
220 383
333 569
333 470
333 767
638 862
638 700
834 746
821 927
685 629
685 724
435 586
423 246
423 710
423 832
67 963
67 344
67 207
67 165
48 684
369 927
369 700
602 515
538 569
538 470
538 862
402 42
402 164
402 649
991 569
165 344
165 31
870 135
40 696
40 187
607 1004
607 591
607 716
607 191
650 738
847 569
847 31
236 537
236 2
236 393
950 832
371 135
173 14
166 674
166 586
166 112
166 762
166 416
639 215
676 622
53 629
955 773
955 925
955 311
812 790
338 193
0 470
0 6
295 569
159 841
159 718
159 214
776 746
719 14
135 628
135 746
135 581
135 942
832 514
935 746
935 568
137 936
393 907
682 738
541 199
454 117
454 772
454 429
454 592
454 713
712 380
712 398
769 830
517 746
517 564
542 927
542 746
542 62
612 90
612 509
684 844
512 432
990 31
187 568
127 61
24 31
24 629
718 746
718 61
531 641
531 482
531 95
531 306
569 862
569 470
569 710
569 415
569 767
569 409
569 228
569 78
569 6
569 693
569 482
569 249
74 782
770 927
122 693
779 710
522 61
722 927
105 374
737 849
761 516
586 356
586 692
586 416
586 383
823 927
983 2
249 470
532 790
274 656
274 631
706 322
591 910
591 746
851 746
851 167
851 891
117 592
444 927
629 280
90 927
90 32
641 56
2 700
2 790
175 670
175 849
713 592
746 920
746 56
746 530
746 980
746 502
746 836
746 743
746 775
746 221
746 742
746 692
374 659
510 622
318 332
854 927
491 5
167 891
927 191
927 515
927 147
927 592
927 416
927 646
927 513
927 551
572 568
700 790
14 410
14 724
14 924
14 199
306 660
306 790
306 659
322 64
469 207
119 790
256 313
256 416
443 742
774 947
56 482
697 855
788 740
724 246
585 957
988 978
692 910
692 742
421 978
62 646
855 581
200 136
126 416
453 595
581 936
978 547
191 415
595 404
416 147
568 379
568 61
171 147
933 147
633 75
762 765
214 844
