275 849
275 175
285 147
92 316
720 746
720 668
720 527
720 833
720 813
720 383
720 935
780 977
347 147
923 609
923 193
923 915
923 951
923 151
923 772
923 53
923 890
923 880
923 738
923 239
923 506
923 541
923 214
923 120
923 921
923 502
373 190
373 280
251 987
605 789
605 538
605 314
68 987
948 52
948 112
948 392
948 517
948 267
948 803
948 30
948 890
948 75
948 674
948 592
948 120
624 90
38 474
38 309
38 324
38 832
506 173
506 14
506 1001
994 687
994 718
994 531
994 987
994 809
994 334
994 56
994 127
450 595
450 517
416 607
416 782
416 586
416 912
771 697
771 306
771 855
769 153
658 280
658 629
28 987
197 586
107 468
15 731
15 584
15 422
289 262
511 31
511 849
377 246
377 866
377 951
377 393
377 362
353 190
353 391
98 592
656 190
656 181
656 188
656 267
153 977
153 418
921 327
921 657
915 517
915 200
915 316
915 428
915 280
915 883
915 530
915 142
915 160
915 952
915 857
427 955
332 500
332 232
332 782
1001 14
433 987
433 199
445 629
445 288
543 316
134 592
388 772
388 132
388 70
388 334
266 790
659 742
908 765
136 316
731 584
731 517
731 284
428 838
428 302
428 316
885 294
65 334
324 638
559 622
840 874
840 764
840 987
157 499
662 443
662 272
189 693
189 6
189 977
189 236
189 502
414 891
401 454
526 629
883 724
883 120
424 207
424 421
424 795
830 185
657 178
808 29
281 280
281 905
926 147
846 67
846 280
846 629
846 561
846 288
609 239
609 890
609 951
609 592
609 235
17 316
447 232
447 294
111 935
294 104
294 817
133 602
522 546
522 460
540 245
540 890
540 987
540 855
540 874
540 873
540 955
953 316
664 537
101 866
101 423
135 517
160 629
160 630
987 245
987 334
987 789
987 809
987 872
987 641
987 338
987 849
987 873
987 432
987 764
987 480
987 482
987 311
987 361
987 95
987 582
987 698
987 531
987 231
987 56
987 955
987 925
499 147
70 772
70 103
70 334
70 343
687 586
687 334
874 245
874 873
874 231
874 764
977 418
977 514
977 950
977 1004
977 491
977 103
977 423
391 67
391 629
391 288
230 147
142 207
142 200
142 316
142 647
142 280
142 267
334 190
334 61
334 534
334 776
334 75
334 718
334 746
334 586
334 159
334 214
334 127
253 454
292 364
102 293
482 531
220 214
638 534
232 607
232 472
232 946
232 782
232 313
232 168
293 862
293 32
293 16
810 7
421 795
685 643
685 630
685 629
435 500
435 586
435 782
67 344
48 684
48 73
48 956
947 774
947 187
165 344
165 31
165 316
670 688
271 668
946 918
946 629
946 214
40 772
607 696
607 586
607 231
607 782
607 415
847 207
302 316
260 762
260 168
260 90
381 537
381 14
381 192
381 532
558 565
558 844
558 214
723 41
795 207
676 622
53 193
53 633
53 890
53 951
53 239
955 925
188 920
188 167
188 280
188 502
338 849
0 249
335 516
113 854
159 920
159 214
159 713
752 443
311 773
912 425
912 356
912 472
912 168
735 310
887 383
976 349
935 746
935 668
935 214
935 813
935 739
952 316
704 743
429 454
541 996
168 425
168 356
168 472
454 193
454 592
316 629
316 971
316 647
316 349
316 344
316 990
316 200
316 857
316 31
517 530
517 112
517 256
517 920
517 565
517 267
517 186
517 443
517 851
517 648
517 478
103 310
418 105
418 996
542 646
542 120
235 849
190 181
190 274
190 90
190 75
190 629
190 120
990 207
561 280
561 629
561 288
318 956
817 274
718 61
718 24
718 724
668 746
478 267
951 239
951 278
951 502
256 267
866 423
35 280
737 849
813 746
6 178
586 984
586 782
586 534
586 267
647 280
267 112
267 891
267 344
267 186
267 648
730 790
164 943
164 879
274 120
178 693
178 502
534 862
534 214
534 343
851 920
851 280
547 862
547 280
629 280
629 530
629 24
629 631
629 630
629 891
629 288
629 493
629 360
629 484
629 978
629 120
90 570
2 700
2 790
2 231
175 423
175 849
713 592
193 633
170 697
170 855
510 622
695 568
618 319
618 216
86 443
120 772
120 530
491 5
399 343
464 980
849 890
356 721
167 978
167 614
167 630
582 764
700 782
700 790
700 891
468 643
322 740
322 879
322 343
630 530
516 804
484 288
772 900
772 742
772 75
280 920
280 24
280 530
280 502
299 509
443 602
423 246
502 862
502 228
740 91
250 886
250 551
277 147
692 775
692 191
692 233
52 126
52 868
52 648
207 91
931 147
530 493
530 24
984 782
62 646
855 315
365 732
126 782
493 24
493 288
355 147
686 147
310 343
891 24
617 191
577 147
577 214
900 742
590 147
602 721
602 743
171 147
782 500
787 214
972 147
743 721
933 147
721 765
