437 738
599 569
599 693
275 849
275 175
703 135
703 443
703 771
688 335
979 738
644 738
644 541
644 702
535 854
535 444
535 722
535 369
535 462
535 927
535 124
535 250
720 135
347 966
923 193
923 462
923 738
462 189
462 586
462 223
462 334
462 687
462 449
462 591
462 692
373 344
251 987
605 569
68 540
68 987
948 267
948 165
948 112
948 191
948 126
948 674
948 75
948 629
948 65
948 890
948 859
948 459
948 392
948 927
948 120
948 803
948 592
948 416
624 692
977 1004
977 32
977 541
516 738
994 540
994 987
450 712
450 398
450 596
450 233
828 14
771 4
771 137
771 65
769 830
769 692
113 927
28 987
197 987
107 201
107 5
107 464
301 978
106 185
106 702
106 1001
511 540
511 987
511 849
511 338
433 249
433 32
433 987
433 540
433 159
575 439
575 260
575 77
575 168
308 926
308 418
290 56
290 159
290 765
858 700
915 687
915 718
915 200
915 316
915 591
915 647
915 731
915 428
915 280
915 185
915 857
427 955
796 540
291 454
291 401
291 134
291 429
291 268
291 713
966 933
966 935
1001 738
1001 506
1001 650
1001 685
1001 921
723 41
468 335
550 565
134 454
134 592
134 416
740 788
250 927
250 332
270 738
702 738
141 978
141 188
469 978
469 207
731 680
731 159
428 31
428 90
885 294
885 256
885 416
159 629
159 940
159 935
159 809
159 343
159 356
159 62
159 167
159 692
159 214
159 4
159 912
159 220
65 220
65 629
65 334
840 698
840 987
157 926
628 135
843 32
662 443
189 470
189 904
189 114
189 652
189 716
189 6
189 1004
189 718
189 365
189 410
189 595
189 249
189 201
189 236
401 429
401 454
526 360
837 738
392 517
424 978
327 738
657 738
657 541
540 245
540 836
540 789
540 955
540 95
540 338
540 698
540 361
540 56
540 231
540 925
540 987
540 364
540 311
808 335
783 738
954 978
926 748
609 772
303 103
586 166
586 294
294 256
294 313
294 648
294 416
180 727
184 700
133 765
985 335
482 569
482 987
58 909
82 135
795 978
795 207
850 738
101 597
880 707
135 34
135 72
135 870
135 581
135 942
135 4
135 371
160 360
987 245
987 789
987 872
987 641
987 338
987 849
987 873
987 582
987 809
987 764
987 311
987 361
987 95
987 588
987 432
987 531
987 231
987 56
987 364
987 955
380 32
131 738
680 790
687 776
687 334
687 742
654 738
552 978
552 188
534 84
534 388
534 64
534 174
679 684
510 174
337 870
337 505
859 565
859 743
859 765
334 671
334 692
334 220
125 174
253 191
223 90
292 718
292 201
292 502
102 174
499 844
592 927
333 569
500 782
500 435
293 569
776 53
776 591
810 335
650 738
421 978
421 188
685 724
685 541
685 643
67 165
67 344
67 963
67 207
67 656
72 581
48 565
48 684
48 956
48 704
947 774
947 568
538 569
566 713
165 31
704 684
704 321
309 1
551 927
873 698
847 207
777 32
167 978
167 207
236 335
236 185
236 32
950 103
260 77
260 168
381 335
381 32
381 14
381 643
173 738
173 541
166 602
664 335
53 638
402 42
747 738
955 773
955 925
955 311
188 569
188 978
0 569
0 32
495 568
295 569
976 569
976 951
335 670
335 208
335 201
335 175
335 5
335 464
335 980
335 537
335 118
335 228
335 643
335 532
335 1004
335 553
335 29
335 737
311 383
912 356
912 232
912 472
912 168
912 602
13 738
13 532
716 249
719 738
34 997
34 855
565 684
565 321
137 443
969 418
393 61
745 738
185 762
185 231
185 833
2 700
2 790
2 231
2 322
541 738
541 506
541 576
541 199
168 868
168 232
168 472
168 126
454 772
454 429
712 61
517 61
517 674
517 803
103 514
418 32
418 996
738 653
738 682
738 945
738 199
738 532
738 921
738 761
738 14
738 996
738 881
738 508
738 506
738 231
738 924
738 576
542 927
542 854
684 918
684 844
684 318
684 321
663 84
663 343
663 410
663 362
561 631
561 360
940 633
940 278
318 332
24 629
24 530
24 360
718 904
718 61
718 732
718 980
231 698
569 991
569 710
569 470
569 749
569 249
569 502
569 862
569 6
569 415
569 409
569 228
569 693
569 951
770 927
256 313
256 416
362 111
362 854
362 369
362 695
362 547
658 31
658 360
722 927
105 220
823 927
249 693
249 32
267 988
267 112
532 192
698 245
698 764
369 927
274 851
364 582
851 35
851 978
851 280
851 90
547 978
444 927
629 631
629 360
629 891
629 136
629 280
629 530
90 233
90 660
90 978
90 200
749 220
817 978
374 523
35 978
170 32
523 306
537 440
695 187
695 692
854 927
19 32
120 772
715 277
581 942
581 936
143 544
356 472
356 126
356 743
356 765
590 933
410 595
927 485
927 646
927 513
572 862
572 32
868 765
638 622
136 857
674 112
506 881
220 75
614 978
772 951
772 75
280 920
280 890
280 360
280 530
488 568
443 742
697 855
953 207
502 951
388 84
724 246
198 568
432 32
988 978
758 844
692 746
692 233
207 493
207 978
544 8
530 360
530 493
530 891
890 147
62 646
365 32
493 360
191 415
272 900
686 933
660 306
660 568
648 765
648 416
416 762
891 631
577 933
568 379
602 743
171 933
991 61
787 214
743 765
762 765
942 936
84 343
631 360
61 193
