437 738
599 178
580 791
275 122
703 135
979 738
285 147
278 98
852 214
38 939
92 915
92 316
720 135
720 687
720 371
720 214
720 855
720 617
720 587
720 383
720 680
819 329
923 738
923 801
923 617
923 159
923 151
373 190
251 987
251 159
169 372
169 404
605 178
605 789
605 78
605 228
711 843
122 915
977 1001
977 1004
977 418
977 236
977 423
506 738
506 783
802 40
952 915
952 344
952 200
952 316
994 987
450 900
450 596
450 40
450 334
828 738
771 900
771 742
771 306
771 697
771 863
771 83
769 292
769 692
658 629
658 281
28 987
197 987
107 381
107 214
107 553
107 118
107 90
107 335
107 98
107 120
107 29
107 5
573 648
573 260
301 978
15 731
15 680
15 943
106 740
230 147
377 127
377 423
98 117
98 707
98 253
98 134
98 429
98 268
98 592
98 713
656 190
656 920
153 418
921 738
371 772
371 135
371 214
371 362
290 253
858 991
915 165
915 316
915 428
915 530
915 142
915 607
915 334
915 344
915 302
915 31
915 953
915 971
915 990
915 200
915 647
915 136
915 883
915 857
915 718
915 543
915 17
427 955
796 14
291 134
291 429
332 500
332 586
332 126
332 782
332 435
332 416
582 2
582 987
723 41
433 987
550 546
543 316
557 586
134 738
388 900
388 843
388 299
250 607
250 178
78 178
78 607
78 502
702 738
702 90
896 195
617 151
141 469
141 978
141 188
485 62
136 200
136 316
136 629
731 120
731 680
731 214
731 422
428 316
428 857
885 586
885 294
324 214
324 206
559 50
281 491
281 90
157 171
157 926
843 687
843 440
843 407
843 534
843 16
843 718
843 591
30 356
30 765
662 443
662 40
662 86
144 90
189 410
189 0
189 595
189 127
189 114
189 883
401 429
401 165
401 415
526 280
526 629
867 383
392 112
663 950
663 343
883 61
883 724
883 127
883 716
305 425
270 738
424 207
424 421
424 978
424 795
18 195
327 738
657 738
783 738
783 682
783 654
954 978
926 748
926 147
846 67
846 629
846 561
209 166
209 765
597 738
568 379
568 40
568 947
568 488
568 495
447 586
447 294
299 607
294 762
294 586
294 90
638 90
679 499
540 987
58 909
82 135
795 978
850 738
850 682
850 90
101 246
101 607
101 423
135 170
135 628
135 870
135 4
135 334
135 942
135 581
160 629
160 530
987 245
987 789
987 809
987 872
987 641
987 338
987 849
987 873
987 432
987 840
987 925
987 482
987 311
987 361
987 95
987 68
987 764
987 698
987 531
987 231
987 214
987 56
987 364
987 955
987 120
380 440
499 120
499 704
499 48
499 918
499 565
499 684
499 844
499 318
499 321
70 534
70 90
70 322
70 120
680 707
680 284
680 422
687 671
687 151
654 738
654 991
812 700
812 790
552 978
534 862
534 188
534 334
534 951
534 159
534 510
776 214
142 316
337 942
337 514
678 696
334 920
334 530
334 214
334 742
334 607
334 851
125 622
253 566
253 151
223 879
630 629
630 685
220 772
220 465
220 214
220 75
879 740
879 164
879 368
879 322
333 178
500 166
500 586
500 112
500 435
546 522
293 862
421 978
685 629
435 782
435 586
435 267
48 956
48 704
132 842
369 407
947 40
947 774
284 422
538 862
538 178
566 772
566 120
165 31
165 316
870 90
835 214
40 572
40 695
40 187
40 772
40 272
40 214
40 900
40 712
40 254
40 596
607 696
607 61
607 647
607 531
607 933
607 62
607 231
607 112
607 178
607 978
607 591
607 502
650 738
650 682
847 207
302 316
963 159
381 335
558 565
558 684
173 738
590 147
166 356
166 586
166 565
166 648
166 765
53 193
53 890
53 120
402 514
402 50
37 126
372 572
372 404
955 773
955 311
955 925
754 127
789 2
188 862
188 957
188 978
188 280
188 851
188 502
338 415
0 178
0 410
0 118
495 862
422 857
295 178
159 56
159 316
159 214
752 178
752 316
752 629
752 415
613 362
335 737
13 738
13 516
912 77
912 214
912 168
716 61
719 738
104 126
104 356
104 648
104 765
976 178
935 413
935 214
935 530
137 581
704 565
704 684
704 743
745 738
682 738
682 90
541 738
541 16
120 544
120 178
120 772
120 517
454 429
712 991
316 971
316 90
316 344
316 31
316 953
316 990
316 200
316 647
316 857
316 214
316 17
316 978
103 423
418 996
738 644
738 945
738 199
738 532
738 595
738 761
738 14
738 996
738 881
738 837
738 1001
738 516
738 231
738 214
738 924
738 576
684 956
684 214
512 469
512 978
190 181
190 274
190 353
190 978
514 510
990 633
990 953
187 596
561 280
561 629
940 214
127 904
127 724
127 32
127 595
127 866
127 522
24 280
24 629
565 956
565 618
565 178
565 458
718 502
231 178
231 978
231 2
951 214
569 767
569 214
644 924
256 313
256 648
362 922
362 695
362 126
362 383
105 233
737 440
710 178
761 516
761 790
6 1004
6 178
586 126
586 782
586 984
586 762
586 648
586 416
647 280
31 857
267 112
532 516
532 201
532 175
178 470
178 991
178 249
178 502
178 862
178 409
178 228
178 767
178 693
178 214
851 978
851 167
851 547
152 443
444 416
629 891
629 288
629 280
629 214
629 530
629 493
629 360
629 978
629 631
90 763
90 482
90 147
90 416
90 168
175 849
175 423
784 900
784 83
817 978
35 978
243 61
170 855
537 440
695 596
1 368
86 443
730 356
168 356
168 112
168 472
168 416
957 978
581 855
581 936
356 602
356 743
356 472
356 313
356 648
356 765
167 469
167 978
14 724
674 112
833 61
469 978
469 91
614 978
772 416
280 631
280 547
280 360
280 32
696 595
232 416
697 855
423 246
423 633
502 862
502 724
118 365
277 147
988 978
988 547
692 746
692 191
692 214
692 233
908 765
207 978
956 844
544 214
530 891
530 214
62 112
62 646
5 29
978 547
707 416
686 147
355 147
595 404
648 214
648 483
648 765
648 416
416 782
416 313
862 547
77 790
865 214
91 415
577 147
900 633
900 742
746 413
910 193
602 743
171 147
313 765
991 61
972 147
920 214
743 214
933 147
933 347
214 844
214 306
214 765
214 742
942 936
147 347
61 2
790 2
