437 738
599 178
599 693
599 0
275 175
703 771
688 506
278 462
248 462
92 915
92 316
720 617
720 855
720 12
720 587
720 383
720 680
720 833
780 103
780 322
347 966
923 53
923 707
923 875
923 915
923 214
923 633
923 772
923 90
923 687
923 39
923 880
923 235
923 193
923 239
923 890
923 159
923 951
923 462
923 476
923 120
462 783
462 687
462 223
462 670
462 692
462 617
462 517
462 356
462 542
462 718
462 742
462 334
462 450
462 157
462 591
462 851
605 228
605 693
605 0
329 176
977 1004
977 189
977 208
977 796
977 423
977 1001
977 418
516 738
802 450
450 356
450 586
450 742
450 915
450 776
450 530
828 738
828 837
587 454
771 4
771 697
769 176
769 742
866 423
866 377
107 810
107 320
107 980
107 643
573 586
301 547
15 680
15 422
377 729
377 883
377 423
377 422
98 454
98 401
98 429
98 707
98 592
98 268
433 432
433 881
921 738
371 135
497 773
25 458
858 991
915 341
915 953
915 316
915 428
915 776
915 530
915 142
915 607
915 356
915 990
915 765
915 344
915 684
915 302
915 31
915 671
915 971
915 586
915 200
915 891
915 647
915 165
915 136
915 952
915 857
915 17
915 543
915 742
915 517
427 955
291 454
291 429
291 268
291 401
966 933
966 935
1001 738
1001 685
1001 724
723 758
723 41
543 316
557 168
134 454
134 268
134 592
388 638
388 534
388 832
250 886
270 738
659 306
52 356
52 168
141 469
141 188
141 241
485 542
485 513
150 617
731 422
428 838
428 316
885 111
159 127
159 306
159 940
159 40
159 607
159 239
159 900
159 72
159 214
159 742
159 798
159 542
65 334
840 698
157 356
157 776
157 166
157 530
30 908
30 356
30 912
30 313
662 443
662 900
662 272
662 596
189 470
189 904
189 652
189 201
189 6
189 883
189 1004
189 718
189 236
189 365
189 410
189 595
189 249
189 114
189 716
401 454
401 165
401 683
401 415
401 429
526 2
837 738
392 803
883 127
305 912
305 168
424 990
424 421
327 738
327 381
657 738
783 738
783 682
783 650
535 369
846 67
209 356
209 868
209 168
609 772
609 528
609 362
447 586
949 260
949 168
901 552
184 875
184 779
241 817
241 547
241 795
241 645
241 957
540 698
540 697
540 955
199 738
82 628
795 207
795 421
850 738
850 196
101 423
135 337
135 176
135 72
135 942
135 581
135 870
135 170
135 692
160 530
160 658
160 24
160 891
160 629
987 890
987 531
987 185
987 471
987 833
987 849
987 955
499 607
499 684
499 918
499 91
294 586
294 313
294 416
680 422
687 61
687 214
654 738
654 991
654 650
654 682
534 676
534 64
534 84
133 168
133 648
133 416
78 693
78 0
111 586
334 772
334 178
334 383
125 174
253 191
188 988
188 630
188 851
243 61
482 176
333 178
333 693
333 0
638 410
232 356
232 472
232 168
118 335
685 838
685 493
685 724
423 246
423 103
423 175
67 207
67 165
67 561
67 963
67 344
630 629
630 530
630 360
48 458
48 684
48 319
48 277
602 126
602 356
602 260
602 168
284 422
538 693
538 0
176 245
176 836
176 641
176 588
176 581
176 746
176 692
176 855
176 764
176 68
176 995
991 696
991 693
991 2
991 0
991 61
165 316
165 344
165 31
40 596
415 607
607 546
607 927
607 542
607 356
607 168
607 742
607 569
607 416
607 591
607 502
97 84
650 738
650 410
650 682
650 686
873 698
302 316
236 208
236 506
236 980
950 103
950 663
260 126
260 912
260 168
381 90
173 738
173 506
173 541
166 356
166 586
166 74
53 633
955 773
955 925
955 311
223 343
0 862
0 470
0 710
0 767
0 409
0 228
0 295
0 6
0 693
0 976
0 249
0 502
422 696
422 613
295 693
976 693
912 356
912 868
912 266
912 168
13 738
629 891
629 493
629 90
629 530
629 24
104 908
832 103
832 410
952 200
952 316
220 75
220 471
704 458
745 738
2 908
2 231
541 738
541 16
168 868
168 362
168 765
168 356
168 77
168 472
168 266
454 196
454 772
454 429
454 713
454 268
454 592
454 120
316 90
316 990
316 200
316 971
316 647
316 136
316 857
316 142
316 344
316 17
316 31
316 953
517 530
517 256
517 776
517 459
517 186
517 267
103 514
103 164
418 996
738 644
738 719
738 682
738 231
738 945
738 761
738 14
738 996
738 881
738 979
738 506
738 532
738 702
738 924
738 576
542 890
542 62
684 356
684 586
684 742
684 776
684 318
684 458
684 530
190 951
990 31
663 410
663 239
940 383
127 718
24 143
718 980
718 61
692 233
951 707
256 478
256 313
256 648
256 267
256 186
256 416
362 618
522 61
522 75
105 374
105 233
956 758
6 693
586 868
586 126
586 776
586 267
586 530
586 984
586 356
586 281
586 742
586 671
586 416
647 267
647 90
267 478
267 112
267 648
267 186
730 356
698 245
698 231
698 764
274 920
178 502
591 61
851 978
851 167
732 383
117 268
776 356
776 765
776 891
776 530
90 193
90 787
90 56
90 742
90 283
429 196
175 849
713 268
713 592
35 207
249 693
1 46
196 147
196 120
86 443
409 693
767 693
41 758
975 397
596 272
581 72
849 700
83 697
74 356
356 530
356 671
356 416
356 868
356 765
356 472
356 742
167 214
927 592
927 416
268 633
268 257
268 683
268 592
671 397
671 530
868 416
136 200
674 112
344 838
506 775
469 207
500 814
772 75
838 700
696 61
443 908
774 947
697 855
697 925
788 740
502 693
266 77
277 147
585 547
693 862
693 470
693 710
693 228
472 782
758 216
758 918
908 762
908 700
908 743
908 765
530 891
530 765
530 742
530 493
62 214
126 700
186 648
45 227
707 193
648 416
32 61
416 313
577 147
672 844
313 765
633 75
66 227
245 233
