599 605
599 0
275 849
703 135
278 98
248 772
535 927
535 772
535 444
535 646
720 135
720 628
720 772
720 587
720 383
720 680
819 951
923 135
923 738
923 534
923 609
923 235
229 194
373 190
251 987
424 990
424 421
424 891
424 136
329 842
329 832
329 427
711 843
624 338
38 534
38 843
420 559
420 740
420 96
994 987
450 772
450 900
450 187
828 650
771 900
771 863
771 528
771 742
771 90
771 388
771 306
771 784
769 194
769 315
769 742
113 927
113 646
28 987
107 810
107 464
107 772
107 98
107 236
107 120
69 399
573 586
15 731
15 680
15 422
377 738
377 866
377 101
377 630
377 423
98 117
98 401
98 429
98 291
98 707
98 713
98 454
98 134
98 268
98 592
433 987
153 977
575 500
575 472
260 266
290 253
290 159
290 214
915 772
915 316
291 454
291 401
291 713
332 500
332 586
332 435
582 987
173 506
550 193
134 592
659 374
659 306
347 171
617 471
141 772
141 188
150 718
731 189
731 718
731 422
731 772
731 584
731 502
731 284
428 200
324 534
324 591
324 609
405 628
559 622
281 905
157 772
157 147
157 926
843 907
843 320
843 393
843 407
843 615
843 779
843 883
843 522
843 184
843 999
843 426
30 104
30 868
30 648
30 256
30 845
662 443
189 772
189 200
189 120
189 24
189 595
189 127
189 0
189 502
414 891
401 454
401 165
401 415
401 429
392 112
32 891
32 214
883 595
883 127
883 716
883 293
305 232
605 789
605 0
605 228
327 381
527 422
808 5
783 772
783 506
609 772
568 379
447 984
447 586
447 294
586 500
586 772
586 782
586 166
586 383
586 267
586 984
586 762
586 294
901 194
133 232
133 313
133 602
540 698
540 987
58 909
82 135
82 628
807 546
149 716
850 193
850 644
850 90
848 4
101 246
101 866
880 119
135 628
135 870
135 371
135 549
135 772
135 581
135 4
135 942
135 692
987 245
987 789
987 809
987 872
987 641
987 338
987 849
987 873
987 432
987 840
987 764
987 482
987 311
987 361
987 95
987 68
987 120
987 698
987 772
987 220
987 531
987 231
987 56
987 364
987 955
987 546
987 925
499 684
499 73
70 772
70 164
70 334
687 500
754 772
977 1001
977 120
534 862
534 939
534 334
534 477
534 84
534 388
534 502
78 0
337 505
111 845
334 193
334 607
334 696
334 993
334 220
253 566
188 656
292 772
102 323
482 983
482 531
482 90
592 927
592 454
333 0
500 782
500 435
500 416
232 648
232 37
232 472
293 862
293 546
293 127
810 335
810 381
810 7
685 630
67 561
67 963
67 165
67 344
67 207
369 927
369 646
947 774
538 0
566 713
165 316
165 136
165 344
165 31
40 772
40 900
607 159
650 90
873 698
236 537
950 402
371 772
381 772
381 14
381 643
558 844
723 758
166 845
166 416
676 622
53 193
53 633
53 190
402 50
37 356
223 772
0 862
0 991
0 710
0 470
0 409
0 228
0 295
0 6
0 693
0 976
0 732
0 249
0 767
0 502
159 61
159 214
613 738
335 737
912 77
912 196
912 472
912 845
716 718
716 546
716 127
716 423
104 765
832 423
935 413
952 200
969 423
547 862
2 854
541 506
541 199
168 984
168 196
168 77
168 845
454 772
454 429
454 268
712 214
316 200
316 718
316 136
517 186
517 256
517 772
517 459
517 648
517 267
517 478
517 61
103 423
418 996
738 231
542 927
542 772
612 193
684 565
684 772
684 844
684 956
512 193
190 181
190 274
190 772
190 353
190 656
190 120
990 31
997 120
127 16
127 724
127 772
127 423
127 120
24 530
24 891
24 136
718 61
718 120
531 772
531 692
692 772
692 61
918 844
770 927
256 356
256 313
256 478
256 648
256 186
256 267
996 506
743 602
522 460
722 927
722 646
737 849
956 458
6 772
501 772
823 927
823 646
823 120
31 200
267 186
267 648
267 478
730 356
730 868
698 245
698 231
698 840
698 764
921 231
552 951
178 772
178 762
178 120
178 502
364 772
364 764
364 842
591 772
591 61
851 772
851 978
152 443
117 268
444 927
444 646
629 891
629 772
629 280
629 630
629 530
629 120
175 849
746 844
801 1001
510 622
537 181
86 443
120 865
120 927
120 147
143 696
399 194
464 214
356 845
356 112
356 472
356 91
356 772
356 313
356 765
590 171
590 546
1001 506
1001 14
46 622
572 724
980 772
268 633
868 790
868 765
136 200
136 838
674 112
322 343
630 493
630 530
506 199
506 576
854 927
854 646
220 772
220 546
220 75
553 5
485 927
485 646
772 201
772 927
772 920
772 306
772 834
772 742
772 416
772 280
772 530
772 978
772 502
772 865
772 75
772 830
772 388
280 388
443 742
697 855
423 246
502 693
388 790
388 214
724 181
724 546
250 927
250 646
277 171
194 863
693 862
472 112
472 782
458 844
530 493
530 891
984 313
62 646
5 670
513 927
513 646
186 648
45 227
551 927
551 646
272 900
790 306
595 546
595 404
648 765
646 927
227 66
863 742
602 845
171 933
171 147
16 546
762 765
762 845
214 765
742 306
765 845
193 546
