599 178
599 767
703 771
248 135
248 830
535 444
720 587
780 509
347 171
347 933
347 147
347 966
347 157
923 193
923 278
923 776
923 159
923 214
462 356
462 531
462 830
462 233
803 112
251 987
251 410
439 168
329 910
329 819
122 915
122 410
122 857
516 14
802 40
994 987
994 56
994 410
771 306
769 742
28 987
107 335
107 393
626 807
573 166
573 586
301 469
301 978
301 493
15 731
15 680
106 622
106 788
511 987
377 729
377 422
98 429
98 592
98 401
656 267
153 410
575 782
575 912
575 232
575 472
575 168
25 672
290 739
290 278
290 159
290 214
858 552
858 165
858 614
915 746
915 200
915 316
915 428
915 857
427 955
796 506
594 135
291 134
291 429
291 454
291 401
966 935
1001 506
1001 14
1001 410
433 987
433 410
557 912
557 168
134 454
134 592
250 886
270 90
702 173
702 14
52 356
52 168
52 166
52 416
141 241
150 75
150 415
731 90
731 630
731 422
428 173
428 160
428 136
428 847
885 586
159 787
159 712
159 724
159 944
159 40
159 742
229 421
229 790
405 170
840 987
157 686
30 104
30 356
30 168
189 410
401 454
401 165
401 415
401 429
526 629
837 719
837 410
663 42
663 343
305 765
605 506
327 381
783 654
954 469
926 748
846 67
846 629
846 561
209 356
609 927
609 53
609 997
447 984
447 586
111 935
901 742
180 727
184 607
184 393
241 469
540 697
540 987
540 955
58 909
795 424
795 469
795 978
795 421
795 207
372 404
823 927
135 628
135 292
135 334
135 581
135 942
160 857
160 629
160 136
987 245
987 789
987 809
987 872
987 641
987 338
987 849
987 873
987 432
987 764
987 482
987 311
987 361
987 95
987 68
987 582
987 531
987 231
987 56
987 364
987 955
499 607
499 833
294 817
294 868
680 422
654 738
654 682
654 650
776 278
510 622
337 936
125 622
292 581
292 942
482 178
482 410
592 454
592 316
592 927
592 268
592 713
638 164
638 96
638 832
669 546
421 424
421 469
685 629
67 207
67 165
67 561
67 963
67 344
48 704
132 46
132 842
502 362
502 724
165 552
165 344
165 31
835 233
835 742
40 900
40 712
40 272
40 572
40 187
607 912
607 75
607 91
650 410
777 410
934 595
236 208
236 537
260 762
260 790
260 77
260 168
381 335
558 207
558 458
166 356
166 74
676 622
53 193
53 633
53 772
53 311
53 120
955 773
955 925
955 311
812 700
812 790
789 772
188 988
188 362
188 469
338 773
338 231
0 249
634 96
77 912
77 168
311 697
912 356
912 586
912 472
912 168
13 14
629 190
629 658
629 891
629 561
629 280
629 24
629 530
629 493
629 360
629 631
629 630
629 416
832 710
935 746
935 56
952 971
969 410
429 454
429 196
541 506
541 410
541 90
168 586
168 782
168 313
168 356
168 472
168 416
454 278
454 927
454 120
712 398
517 112
103 310
418 105
418 996
1002 319
684 458
684 844
684 356
784 742
990 31
187 568
940 193
127 415
318 758
746 214
332 416
718 61
231 2
918 758
278 214
256 313
256 416
996 506
996 90
362 4
362 383
722 927
761 90
416 927
416 313
416 126
586 984
586 356
586 126
586 782
586 74
647 214
267 112
477 310
552 851
178 710
178 569
178 409
178 120
963 633
851 614
444 927
90 841
90 479
90 881
90 927
90 978
90 199
2 838
2 790
2 782
175 849
175 410
817 469
35 469
31 838
1 310
196 927
1004 506
120 927
120 772
957 469
74 984
356 515
356 765
356 472
167 469
167 978
582 764
927 75
927 147
927 191
14 192
14 506
306 742
924 410
630 493
630 530
506 881
833 415
469 424
469 988
469 547
469 207
469 978
341 942
772 75
838 971
838 530
280 530
443 742
774 947
697 925
602 743
993 742
424 207
988 978
472 782
692 191
692 214
617 714
971 200
530 891
530 24
984 126
62 646
714 193
978 547
191 415
648 765
32 862
171 933
16 410
633 75
214 742
216 321
139 622
