599 569
599 693
580 791
285 571
278 61
278 151
248 462
248 185
535 927
535 62
720 628
720 870
720 371
720 581
720 731
720 304
720 82
720 135
720 4
720 12
720 170
720 587
720 456
720 936
780 106
347 933
923 193
923 239
923 53
923 159
923 334
923 687
923 11
229 306
251 987
605 569
605 470
605 693
605 228
996 850
996 90
624 738
977 1004
977 791
977 418
977 1001
977 423
506 850
506 226
506 249
506 199
802 40
994 764
994 231
450 462
450 443
450 40
587 907
113 927
113 62
197 850
107 201
107 670
107 5
301 978
301 656
301 91
15 731
15 680
15 422
106 788
106 1
377 700
377 630
377 423
98 401
921 850
921 541
25 704
25 558
290 253
290 159
290 214
915 696
915 160
915 200
915 316
915 136
915 731
915 185
915 157
915 595
915 428
427 738
427 955
291 401
332 318
1001 644
1001 685
1001 850
1001 724
468 432
550 443
550 546
543 971
853 548
853 343
134 454
388 843
388 299
250 927
250 62
702 850
617 334
141 978
469 978
469 207
469 630
731 680
428 302
885 571
65 687
462 783
462 517
462 223
462 157
462 833
462 542
462 718
462 742
462 670
462 591
462 851
157 586
157 159
157 214
843 687
843 718
843 711
843 407
843 534
843 16
843 591
900 40
662 40
662 272
189 718
401 454
401 165
401 415
401 429
526 629
837 850
883 718
883 127
424 207
424 990
424 421
424 978
424 795
327 850
327 381
657 850
548 164
808 29
818 592
783 761
783 850
783 159
954 978
846 629
609 454
568 40
817 978
184 82
679 565
499 558
546 607
546 772
546 614
149 423
149 91
795 978
850 644
850 719
850 90
850 682
850 199
850 738
850 650
850 13
850 761
850 14
850 881
850 173
850 516
850 131
850 745
850 541
850 576
101 423
880 193
880 890
880 528
104 126
160 571
160 530
160 629
987 56
987 955
687 127
687 334
812 790
38 42
534 139
534 591
534 510
510 102
678 696
334 746
334 159
334 75
334 692
253 566
253 151
188 978
102 322
540 955
220 75
333 569
638 164
638 299
124 62
293 569
421 978
421 91
685 724
685 267
685 629
685 643
435 500
788 740
788 509
67 963
67 344
48 704
369 927
369 62
947 774
947 40
538 569
566 772
670 185
670 175
732 0
732 90
40 572
40 187
40 272
40 383
40 254
40 596
607 696
607 528
607 231
309 1
551 927
551 62
236 208
950 103
381 192
558 207
558 956
558 321
558 319
558 216
173 90
166 586
166 74
955 773
955 925
955 311
955 582
754 718
789 470
223 164
223 343
0 569
295 569
740 164
740 879
159 891
159 127
159 787
159 359
159 62
159 214
159 569
159 316
752 191
716 423
135 942
135 851
832 103
976 569
935 746
935 971
952 971
704 321
704 565
704 458
704 844
704 318
704 684
185 762
185 684
185 502
168 585
454 772
454 429
454 592
712 380
103 514
418 105
966 686
542 927
542 62
542 646
612 415
612 75
684 571
512 978
663 879
663 343
561 629
561 493
127 32
24 629
24 891
718 61
718 724
718 522
531 482
531 306
531 95
231 245
951 245
909 528
770 927
644 138
362 528
866 423
722 927
722 62
761 516
761 700
6 569
586 984
586 500
586 356
586 126
586 782
586 267
586 416
571 62
571 394
571 277
823 927
823 62
267 674
267 530
164 879
164 420
164 368
164 322
552 978
552 851
364 482
851 978
161 239
444 927
444 62
629 658
629 891
629 214
629 280
629 530
629 493
629 360
629 631
629 630
90 984
90 193
90 199
2 790
2 119
175 5
175 423
746 692
746 233
35 978
249 569
695 187
86 443
86 152
409 569
854 927
854 62
470 569
957 978
491 5
143 32
399 879
356 743
167 978
927 485
927 646
927 513
927 62
927 416
700 530
306 383
306 214
322 343
630 493
239 742
239 692
767 569
553 201
553 5
353 891
485 62
614 978
500 313
280 530
256 416
443 152
443 214
697 855
423 246
502 569
585 126
988 978
693 569
472 743
758 918
458 918
207 978
710 569
383 922
383 528
530 891
530 493
62 646
62 513
596 187
547 978
228 569
857 17
581 936
45 227
191 75
191 415
272 595
648 765
862 569
862 519
310 343
672 844
991 569
787 214
415 569
214 147
942 936
66 227
569 193
216 321
