599 178
599 710
599 693
275 849
275 175
285 147
285 157
248 90
627 890
535 369
535 356
535 250
535 542
720 833
720 680
780 337
347 147
923 738
923 193
923 890
923 987
923 214
923 910
923 746
923 591
229 306
251 482
251 987
439 232
439 260
624 873
38 309
38 324
802 428
802 61
802 159
802 596
994 987
450 40
450 695
771 306
771 321
771 742
769 58
28 987
28 955
107 98
107 808
573 617
573 294
573 447
15 731
15 680
15 422
377 729
98 429
98 713
98 707
98 454
433 987
153 482
921 738
371 362
25 684
25 704
290 159
290 214
915 189
915 200
915 316
915 136
915 428
915 857
915 31
915 883
915 502
796 14
796 724
291 429
291 454
332 500
332 435
582 364
582 987
445 280
550 746
134 178
388 32
388 280
388 742
388 343
250 890
195 410
702 644
52 356
52 232
141 614
141 61
731 189
731 422
428 207
428 990
428 316
428 647
428 136
428 349
428 142
428 61
428 17
428 302
885 984
885 586
885 294
885 74
462 415
324 638
559 420
559 50
840 987
157 171
157 577
157 356
157 926
157 590
157 931
157 542
157 277
157 61
590 147
30 126
30 356
662 443
662 86
189 718
189 280
189 236
189 595
189 127
189 0
189 530
189 502
401 454
401 429
401 165
401 415
526 867
526 280
526 629
663 343
883 724
605 178
605 228
783 738
954 851
926 147
846 280
846 629
609 772
609 581
609 214
609 120
447 984
447 586
447 294
447 313
447 759
447 74
294 984
294 586
294 256
294 313
294 759
294 74
294 104
294 232
294 648
294 630
294 416
133 356
540 987
664 381
372 404
823 646
101 246
101 718
101 423
928 881
104 765
104 74
160 280
160 629
987 245
987 789
987 809
987 872
987 641
987 338
987 849
987 873
987 432
987 764
987 482
987 311
987 361
987 95
987 68
987 120
987 833
987 698
987 531
987 231
987 56
987 364
987 955
987 925
680 12
680 422
654 991
654 650
552 614
534 862
534 84
534 32
534 510
534 322
534 343
241 851
510 692
337 42
337 634
337 1
337 942
337 514
337 97
334 607
334 762
334 75
188 35
188 920
188 280
188 851
243 61
220 752
333 178
333 969
638 164
232 472
232 74
293 862
810 381
685 280
685 629
435 515
435 586
435 267
788 634
67 207
48 319
48 600
132 842
947 774
538 178
538 502
402 50
566 120
165 990
165 31
165 316
670 553
40 890
40 196
607 531
607 61
607 517
847 207
847 493
366 972
236 537
236 532
236 90
950 514
950 343
558 684
173 924
166 356
37 313
812 119
223 415
223 343
338 193
338 415
338 120
759 74
0 249
0 178
295 178
159 443
159 629
159 214
159 343
752 191
752 120
912 356
912 730
912 868
912 168
716 595
135 581
135 942
135 531
135 692
976 178
935 746
704 319
704 216
429 454
541 738
541 951
168 356
168 112
168 472
454 890
454 772
454 147
316 120
316 142
517 542
517 356
517 61
517 472
517 674
517 459
418 105
418 996
349 207
738 644
738 231
542 356
542 586
542 684
542 743
684 356
684 956
684 565
684 844
684 318
990 561
990 207
990 493
415 772
561 838
561 629
561 280
318 472
24 280
24 629
565 956
718 356
718 61
718 120
791 32
644 491
256 356
256 313
256 74
996 199
362 695
658 280
658 629
956 844
761 700
761 516
761 881
6 178
586 984
586 762
586 5
586 356
586 267
647 920
78 178
78 710
78 404
532 516
730 126
730 356
730 61
178 862
178 470
178 991
178 710
178 767
178 409
178 228
178 693
178 249
178 502
364 764
591 61
591 692
851 61
851 614
851 978
230 147
629 891
629 214
629 838
629 280
629 530
629 493
629 360
629 631
629 630
90 500
90 692
90 891
90 147
2 790
175 849
746 692
35 207
142 207
249 280
196 147
398 61
120 772
581 692
581 936
399 46
74 984
74 313
74 648
74 416
356 868
356 61
356 674
356 743
356 765
356 472
167 988
671 245
14 724
306 61
924 199
674 61
344 971
322 343
630 280
630 614
630 493
516 881
485 62
838 267
280 631
280 891
280 530
280 493
280 360
953 207
953 136
56 423
502 862
724 5
277 147
988 978
472 61
472 782
472 743
692 830
692 191
908 765
207 136
544 890
530 891
890 147
420 96
814 500
696 595
126 648
126 790
857 136
857 17
491 281
272 900
272 61
686 147
355 147
595 790
32 862
32 61
416 313
862 547
891 920
891 267
577 147
577 936
900 61
900 742
602 743
171 147
782 500
972 147
933 147
633 193
214 765
245 193
