379 662
278 633
278 151
278 923
711 718
122 718
703 443
703 86
248 746
627 752
35 469
35 207
92 990
92 316
720 587
720 870
105 582
819 955
923 617
923 883
82 135
251 482
933 715
933 347
933 577
416 356
416 586
416 648
586 356
586 111
586 294
586 948
586 166
586 885
586 332
586 573
948 356
948 267
948 517
823 369
249 716
624 329
977 497
532 899
532 335
730 126
477 534
994 746
450 746
450 947
963 67
706 239
591 746
591 334
851 469
851 207
851 746
851 188
851 978
547 469
547 207
306 134
306 742
629 493
629 288
90 718
90 890
90 220
90 526
2 126
2 577
2 790
2 236
2 77
573 74
301 469
15 731
106 96
746 687
746 223
746 731
746 534
746 776
746 542
746 530
746 157
746 739
746 980
746 684
746 502
746 920
746 834
746 692
746 775
746 935
746 135
746 718
746 900
746 668
746 742
746 550
377 718
801 572
98 454
170 135
656 188
31 990
31 316
371 135
537 335
290 589
290 214
915 160
915 200
915 316
915 136
915 428
915 883
915 530
915 857
427 540
427 955
535 356
332 500
332 782
86 443
86 152
42 402
42 322
173 428
445 891
445 288
550 692
543 654
388 634
266 949
702 664
347 715
347 577
617 500
628 135
957 469
957 953
141 428
141 530
926 715
926 577
581 135
428 200
428 316
428 990
885 356
74 392
74 112
356 687
356 209
356 772
356 517
356 542
356 61
356 912
356 602
356 500
356 91
356 743
356 765
356 718
356 472
356 120
356 250
356 168
167 469
167 207
559 420
559 622
1001 506
1001 14
1001 685
1001 724
534 322
572 568
843 407
843 718
843 883
30 765
662 443
662 288
189 718
868 790
14 924
14 506
119 812
136 990
136 316
392 674
392 112
392 316
344 67
883 718
322 939
322 879
322 102
322 38
630 288
424 469
424 207
424 421
424 795
767 333
540 311
540 231
469 207
469 990
469 188
469 795
469 421
469 954
469 817
469 614
469 241
846 67
609 159
638 164
299 96
953 990
953 316
443 152
774 947
949 260
949 168
241 207
199 996
788 832
830 61
149 372
149 716
647 990
647 316
647 24
135 4
135 870
135 942
135 692
135 936
104 648
104 765
988 978
693 791
472 782
472 232
499 458
499 844
499 321
458 321
692 191
692 233
207 188
207 795
207 421
207 67
207 817
207 847
956 844
956 321
971 200
38 832
391 288
776 752
383 577
41 723
530 891
530 493
530 24
142 990
142 316
516 790
292 942
814 500
333 712
904 718
232 912
200 857
126 648
126 782
126 790
421 795
972 715
972 577
857 990
857 316
754 718
67 165
67 561
493 288
862 32
165 990
946 425
946 918
890 193
413 935
168 912
168 790
61 718
61 742
748 715
748 577
96 420
96 634
302 990
648 765
32 891
236 6
415 107
415 670
415 742
246 175
246 724
950 663
891 24
715 171
715 590
715 577
577 171
577 590
925 955
812 790
188 920
313 765
0 716
752 316
311 773
716 718
976 349
935 668
724 718
633 193
762 185
214 343
429 454
316 990
316 349
425 765
216 321
561 288
