599 333
580 32
275 849
275 175
644 850
248 334
535 722
535 542
535 444
535 369
445 288
780 977
780 509
819 955
923 193
923 738
923 334
923 235
229 607
251 987
439 77
948 416
948 112
948 120
948 392
948 674
948 517
948 267
948 803
977 950
977 514
977 1004
977 103
977 418
977 153
506 783
506 996
506 951
506 173
506 508
506 199
506 657
506 541
506 576
304 4
304 441
994 789
994 987
450 712
450 214
828 745
416 868
416 586
416 126
416 782
416 313
416 77
416 104
416 633
416 356
416 294
416 159
416 147
416 648
416 120
771 697
771 362
771 863
769 830
28 987
950 514
950 103
950 663
573 586
573 120
235 335
377 731
377 68
377 729
377 364
98 592
433 633
433 987
433 91
153 996
153 1001
153 418
921 738
25 684
290 253
858 614
915 160
915 200
915 316
915 428
915 857
915 883
915 530
915 142
332 500
582 987
173 428
468 432
468 643
720 813
720 746
720 668
720 935
550 546
550 743
853 164
557 326
134 592
134 168
388 178
388 718
388 638
388 509
250 178
659 742
659 306
347 171
617 334
485 823
731 15
731 284
731 422
428 165
428 316
428 214
428 857
159 712
159 951
159 214
159 166
159 572
159 534
324 70
324 38
559 420
559 622
559 50
559 509
840 698
840 764
840 987
157 517
189 546
414 530
414 891
401 165
837 783
837 924
837 199
392 316
883 754
883 120
883 200
605 333
605 228
830 185
830 540
657 335
393 249
393 184
783 738
783 541
783 120
378 509
954 614
926 748
926 147
609 772
609 334
609 592
568 495
447 294
447 602
294 817
294 313
638 164
638 634
638 790
638 509
133 313
133 602
540 698
540 774
540 987
540 925
540 855
540 641
540 697
540 311
540 955
953 838
953 383
82 628
795 207
795 630
795 493
850 120
101 246
135 581
135 628
135 337
135 137
135 942
160 200
160 838
160 857
987 245
987 789
987 872
987 641
987 338
987 849
987 56
987 432
987 809
987 764
987 480
987 482
987 311
987 361
987 95
987 68
987 698
987 531
987 231
987 873
987 364
987 955
987 925
70 310
70 534
70 322
70 214
680 15
680 422
687 334
654 738
346 634
38 586
534 649
534 546
534 510
230 577
142 469
589 607
334 278
334 191
334 772
334 75
334 890
334 220
334 692
334 322
253 566
253 151
102 509
630 957
630 685
630 288
592 454
333 862
333 470
333 6
333 710
333 409
333 228
333 743
333 78
333 0
333 767
333 693
333 569
333 312
333 249
333 538
333 502
500 126
500 782
500 586
546 841
546 542
546 920
546 679
546 522
293 4
685 614
972 366
788 402
788 509
67 353
67 963
67 344
48 319
48 956
132 634
132 509
947 774
165 316
165 136
165 344
165 31
165 857
946 425
40 572
40 214
40 712
415 178
607 718
607 231
607 178
607 696
873 698
236 537
815 1004
260 790
260 313
260 912
260 168
381 192
558 216
558 207
558 956
558 321
723 565
723 758
166 782
166 674
166 743
724 502
53 742
53 56
53 343
402 509
372 595
939 509
0 249
0 502
634 832
634 509
634 299
335 107
335 737
13 738
13 516
912 168
716 866
104 425
104 762
104 721
104 648
104 743
104 765
887 383
832 509
565 844
565 321
107 718
107 201
935 746
935 668
935 517
254 187
704 743
323 509
429 454
541 738
541 16
120 454
120 586
120 823
120 772
120 522
120 854
454 772
454 193
712 214
316 629
316 214
316 90
316 200
316 136
517 854
103 514
103 423
103 943
418 105
418 996
738 231
684 319
684 844
684 918
561 288
817 957
718 61
718 595
231 698
231 178
951 577
951 214
951 410
951 239
951 772
951 552
951 707
278 1003
996 90
996 199
362 105
362 383
362 220
866 365
710 693
710 502
813 746
813 900
761 516
586 602
586 782
586 435
893 509
31 344
698 245
698 764
178 502
391 288
851 424
444 854
629 280
629 288
90 147
90 891
2 228
175 849
784 83
749 523
746 214
510 509
206 509
695 585
854 782
168 782
83 697
74 674
74 743
167 988
868 790
257 147
924 14
924 199
674 112
344 200
322 879
239 577
516 743
220 471
353 920
469 207
772 75
299 509
56 482
528 310
509 139
509 96
697 855
697 925
423 246
423 315
502 61
502 693
881 804
425 721
425 765
585 862
758 41
758 319
758 956
530 200
530 493
984 602
62 646
435 267
200 857
126 313
126 790
126 782
857 17
493 288
96 420
648 782
267 112
862 909
602 782
602 743
171 147
313 765
