599 178
599 710
599 29
344 165
344 952
344 136
275 487
996 418
362 82
688 107
248 746
720 135
737 107
421 469
421 795
229 343
710 178
373 207
595 184
424 469
424 207
424 795
6 178
586 746
647 920
647 24
647 274
249 178
249 181
267 581
267 838
267 891
267 142
561 846
698 245
698 873
698 231
698 840
698 764
698 540
164 638
274 353
178 687
178 991
178 188
178 629
178 470
178 280
178 0
178 65
178 295
178 976
178 339
178 502
178 862
178 189
178 409
178 228
178 78
178 333
178 605
178 767
178 693
178 569
178 519
178 538
364 418
591 746
851 552
851 614
851 469
547 469
125 322
444 483
629 24
629 530
629 502
197 32
197 923
107 320
107 670
107 393
107 208
107 201
107 175
107 29
107 810
107 5
107 464
107 335
107 985
107 980
107 236
107 537
107 381
107 118
107 664
107 1004
107 898
107 652
107 468
107 553
107 808
107 192
159 607
159 696
301 469
817 469
413 746
353 891
35 469
35 161
510 322
31 165
802 40
537 980
25 684
915 857
381 980
1001 506
86 443
42 337
468 432
550 746
388 746
266 260
659 306
617 338
957 469
957 953
141 302
926 415
581 135
581 405
581 936
731 284
731 422
428 316
923 193
923 738
923 890
923 772
923 120
74 126
74 166
324 322
167 469
167 978
281 280
157 746
572 40
483 316
209 765
700 812
700 790
700 293
14 702
401 165
526 360
52 126
52 782
52 416
663 223
663 343
883 184
322 939
322 139
322 477
322 534
322 102
322 206
630 24
605 693
542 746
506 890
553 980
783 738
469 954
469 614
469 188
469 795
469 241
469 207
320 980
614 978
638 832
299 585
774 947
949 416
528 742
482 990
499 319
499 956
499 48
499 458
499 844
499 216
58 909
58 577
502 746
502 118
118 862
118 732
149 716
149 293
716 32
716 293
432 531
135 942
135 193
810 980
70 890
70 415
692 746
687 980
207 795
956 684
956 844
654 738
534 746
776 890
776 746
450 568
337 505
223 746
223 343
500 515
844 684
844 85
844 48
200 952
293 724
643 685
834 746
439 77
439 168
775 746
48 684
355 577
32 862
32 891
201 29
679 684
315 936
187 40
707 416
670 980
40 712
40 568
40 272
40 662
246 724
447 313
777 16
978 795
416 984
416 790
416 759
416 313
416 37
416 120
891 24
558 684
577 458
746 812
746 935
746 718
746 684
976 349
812 790
127 193
127 718
313 885
29 980
335 980
565 684
980 718
319 684
633 120
704 684
742 306
942 936
66 227
120 193
120 190
120 569
316 190
868 790
214 951
684 918
684 318
684 321
684 458
684 216
216 321
61 718
