437 532
599 569
599 693
580 791
979 532
285 571
278 98
278 566
248 696
38 591
38 609
92 847
445 891
819 329
923 193
923 841
923 532
229 607
373 190
605 569
329 414
624 245
977 1004
977 497
977 418
977 1001
977 153
516 13
516 532
802 450
802 40
994 482
994 789
994 231
994 531
450 571
828 106
416 586
416 868
416 257
416 334
416 133
416 126
416 166
416 743
416 168
113 927
197 987
197 532
950 343
573 166
573 586
301 656
106 1001
377 630
377 422
98 117
98 401
98 107
98 449
98 429
98 291
98 707
98 713
98 454
98 134
98 268
98 592
433 738
433 815
433 987
466 662
575 232
575 472
260 77
25 684
290 566
290 321
796 14
796 724
291 134
291 429
966 933
966 935
966 347
1001 685
1001 532
1001 724
720 4
720 82
543 200
557 168
134 454
134 592
976 569
740 788
250 927
250 886
250 332
898 29
702 924
702 532
52 168
485 927
485 62
485 551
150 415
731 414
428 160
885 571
954 847
65 927
65 499
65 544
65 671
614 851
157 171
843 61
843 779
843 883
843 184
30 313
30 765
662 900
662 272
662 40
662 267
189 470
189 904
189 114
189 652
189 716
189 6
189 1004
189 718
189 365
189 410
189 595
189 249
189 201
189 236
414 687
414 6
414 891
414 8
414 530
414 135
414 746
414 364
414 980
414 739
414 692
401 429
401 165
401 415
526 90
526 160
526 629
526 891
526 360
837 532
663 42
663 571
663 343
305 743
305 318
424 207
424 847
424 421
424 795
327 532
327 381
657 532
393 1004
783 682
783 532
535 927
846 629
846 561
846 891
209 356
609 528
294 765
184 686
133 168
540 955
58 577
58 338
82 135
149 718
149 716
795 978
795 421
795 207
850 761
850 738
850 138
850 532
823 927
135 607
135 628
135 870
135 371
135 581
135 942
135 170
135 4
160 571
160 629
160 891
987 531
987 257
987 482
987 789
987 955
499 607
499 73
499 321
499 558
499 684
265 127
654 738
654 650
654 532
552 951
776 571
776 334
78 569
337 322
337 505
334 607
334 483
334 692
125 676
630 493
630 891
630 685
630 952
630 629
592 927
592 454
333 569
638 634
638 832
232 168
118 502
810 107
685 891
685 724
685 629
435 782
435 332
435 500
423 849
67 207
67 165
48 458
48 704
48 558
369 927
369 62
369 551
602 126
602 743
602 472
538 569
538 239
538 951
165 344
165 31
165 847
670 5
670 553
274 190
40 187
40 568
40 272
40 572
415 612
606 482
607 870
607 940
607 517
607 530
607 231
607 684
607 502
607 692
607 168
650 532
650 686
847 316
847 482
847 31
847 207
236 208
236 1004
236 716
381 532
381 643
558 565
558 319
558 207
173 532
166 586
166 759
676 46
676 622
402 42
747 532
955 311
955 925
939 634
188 469
188 978
338 700
759 586
0 569
295 569
634 832
634 299
634 509
159 841
159 61
159 220
159 214
159 283
13 532
912 168
716 61
719 532
104 648
104 765
887 383
832 42
832 139
832 299
107 980
107 643
935 746
935 571
952 200
704 841
704 684
745 532
682 532
541 532
168 984
168 868
168 126
168 77
168 586
168 472
454 264
454 429
712 380
712 398
418 105
418 7
418 996
738 532
542 927
542 138
542 571
542 646
612 633
684 356
684 571
684 458
190 181
190 656
190 629
190 353
514 395
457 16
561 629
561 493
561 891
127 16
127 718
24 629
24 530
24 891
652 1004
718 591
718 61
951 239
951 724
569 862
569 470
569 991
569 710
569 767
569 409
569 228
569 6
569 693
569 249
569 502
644 924
644 506
644 532
644 996
996 532
122 924
743 765
743 472
658 838
658 629
658 891
522 61
722 927
105 374
137 936
971 200
761 532
586 984
586 500
586 782
586 267
571 870
571 277
571 900
571 742
571 62
571 394
571 910
571 161
647 838
267 530
532 653
532 199
532 921
532 700
532 14
532 881
532 506
532 924
532 131
532 270
532 508
532 576
164 139
164 477
477 139
364 764
591 61
851 978
161 239
444 927
629 891
629 280
629 530
629 493
629 360
629 631
90 500
90 742
429 925
175 5
746 665
746 900
746 692
35 978
170 581
1004 320
86 443
42 139
42 879
42 368
581 855
143 696
849 506
356 472
167 988
167 978
136 200
924 199
674 112
344 200
322 343
506 192
506 199
854 927
854 62
854 551
353 891
469 978
838 530
280 891
443 272
443 742
774 947
56 482
502 32
502 693
669 696
724 16
724 14
277 458
277 73
988 978
659 306
152 742
692 830
692 742
692 233
617 714
530 891
62 646
62 551
62 214
62 513
71 595
770 927
696 563
631 891
126 790
513 927
513 551
551 646
551 927
45 66
493 891
272 900
648 765
646 927
947 568
891 360
879 420
782 193
633 75
547 293
214 844
214 306
742 306
942 936
790 2
