599 178
599 710
275 316
275 175
703 135
703 306
703 120
92 280
92 200
445 280
780 337
780 514
819 329
923 738
923 120
229 306
373 190
251 159
605 178
605 249
329 245
329 692
711 120
699 294
977 153
977 969
977 996
977 1001
977 418
516 850
516 532
802 61
952 200
952 316
994 135
994 540
450 754
450 61
450 40
450 572
450 272
450 595
450 692
771 4
771 161
771 61
771 306
769 671
107 980
107 5
573 782
573 586
573 120
301 280
15 731
98 134
98 429
98 454
98 592
656 190
656 280
153 432
921 738
260 126
260 168
290 566
290 214
118 335
915 189
915 200
915 316
915 431
915 462
915 428
915 280
915 32
915 739
915 502
122 628
122 178
122 502
796 724
291 134
291 429
291 454
966 933
966 227
1001 423
1001 553
433 987
433 95
550 746
550 546
550 743
550 61
543 428
543 200
853 343
134 454
134 592
388 132
388 638
166 759
166 586
166 112
166 803
659 61
659 306
347 157
908 765
731 809
731 584
731 284
731 680
731 422
428 316
428 200
428 857
462 566
462 586
462 980
462 739
462 833
462 718
462 75
213 374
559 50
840 698
843 407
843 907
843 883
843 184
843 393
30 126
30 256
30 936
662 443
189 718
189 236
189 410
189 724
401 454
401 429
401 165
401 415
526 280
526 629
392 696
392 267
663 223
663 612
663 950
663 343
424 207
424 280
424 421
424 795
327 381
808 335
378 514
954 280
926 577
846 67
846 280
846 629
846 561
439 168
17 200
447 586
294 112
294 803
294 74
294 168
133 256
985 335
540 135
540 641
540 698
540 161
540 95
540 955
664 335
664 90
850 881
101 246
101 423
135 61
135 371
135 549
135 233
135 581
135 987
135 942
135 692
135 161
160 280
160 629
160 493
987 531
987 872
987 835
987 361
987 482
987 338
987 576
499 48
70 334
654 979
812 500
812 700
812 790
812 119
534 334
339 178
78 178
337 42
337 942
337 505
337 936
334 607
334 612
188 280
482 178
592 927
592 454
333 178
333 6
333 767
638 832
232 607
232 168
669 32
810 335
421 280
421 795
685 280
685 629
435 500
435 74
67 190
67 207
67 165
67 561
67 963
67 344
630 739
630 280
630 629
630 493
630 423
48 684
48 458
164 420
947 774
947 568
538 178
165 31
165 200
870 12
870 362
704 684
40 572
40 695
40 120
40 90
607 61
607 591
607 159
309 832
873 698
934 595
302 200
364 671
236 335
236 898
950 514
371 362
381 335
381 670
381 506
223 343
338 181
759 586
0 178
0 423
495 568
422 280
295 178
976 178
976 349
752 185
335 670
335 208
335 201
335 175
335 5
335 29
335 464
335 688
335 980
335 537
335 643
335 1004
335 468
335 553
335 737
311 697
912 472
912 168
716 718
104 868
104 648
935 413
935 746
137 936
641 432
745 738
185 833
2 700
541 738
541 16
541 199
120 617
120 586
120 782
120 306
120 416
454 429
316 90
316 990
316 200
316 647
316 857
316 142
517 478
517 256
517 90
517 648
517 267
517 186
517 459
103 514
103 310
418 996
738 231
542 746
542 62
684 918
684 679
684 565
684 844
684 318
684 321
190 181
190 951
190 274
190 353
990 280
990 200
187 90
561 280
561 629
561 493
940 159
817 280
332 782
332 586
332 575
332 918
332 500
565 321
718 61
478 648
478 267
478 256
459 267
459 90
644 423
644 199
256 356
256 416
256 648
256 267
256 186
658 280
658 629
761 700
761 790
6 178
586 984
586 782
586 383
586 416
647 200
647 274
647 838
647 280
647 547
249 178
267 112
267 24
267 416
267 648
267 186
267 803
698 245
698 231
698 764
575 782
274 280
178 470
178 991
178 710
178 628
178 502
178 862
178 409
178 228
178 767
178 693
963 159
591 692
851 469
851 280
851 614
161 61
629 891
629 280
629 24
629 530
629 493
629 360
629 739
629 631
90 900
90 32
90 742
159 56
159 214
159 724
159 142
159 978
175 423
746 62
746 692
374 306
35 280
170 697
170 855
142 280
142 200
142 214
31 200
537 181
537 440
695 61
695 596
196 147
42 322
168 472
168 126
168 782
841 920
581 233
581 936
143 32
849 700
849 423
74 112
74 803
167 280
927 413
927 854
671 764
671 692
14 506
14 724
306 214
306 742
306 660
674 112
674 803
344 200
468 506
322 343
803 112
506 5
506 199
854 193
553 670
553 5
469 280
280 207
280 530
280 281
280 739
280 408
280 920
280 631
280 293
280 136
280 547
280 493
280 32
280 953
280 241
280 891
280 24
280 360
488 568
697 925
423 246
502 628
502 5
502 75
724 181
585 4
432 809
472 782
472 743
692 191
692 233
692 742
207 547
971 200
62 646
5 670
200 136
200 857
126 790
186 648
857 61
857 136
32 61
272 61
595 404
416 782
310 343
891 24
568 379
568 61
910 193
602 743
171 147
782 500
991 61
415 61
500 193
742 61
61 233
61 136
