607 334
599 178
275 479
362 866
362 854
866 718
535 854
445 288
105 374
347 577
347 966
341 915
923 738
923 746
229 469
229 343
229 790
229 742
956 918
373 190
169 372
605 178
605 502
6 178
586 447
586 746
586 294
586 762
586 885
586 383
586 332
586 435
586 74
31 428
31 165
624 245
624 329
699 912
38 324
38 700
267 988
267 112
267 142
532 743
658 280
510 534
369 646
274 190
274 656
274 167
274 181
178 470
178 991
178 710
178 0
178 295
178 976
178 700
178 339
178 249
178 502
178 333
178 862
178 409
178 228
178 78
178 767
178 693
178 569
178 519
178 538
591 910
591 746
591 534
851 469
851 696
851 167
851 188
851 547
851 552
851 978
161 239
125 534
617 890
113 854
629 190
197 32
107 335
107 898
641 633
429 454
175 246
784 901
784 659
784 306
784 863
784 83
784 771
746 687
746 812
746 935
746 413
746 542
746 356
746 550
746 684
746 692
374 306
35 978
170 855
656 190
153 977
921 738
142 915
25 918
858 991
915 136
915 428
915 316
638 164
638 634
638 96
1001 924
42 951
1004 977
468 810
854 542
854 918
550 546
685 630
685 643
853 890
853 343
780 950
401 165
266 949
266 912
266 168
702 14
939 534
957 978
141 469
141 978
150 343
731 422
428 990
428 316
428 200
428 857
885 984
885 74
74 984
74 447
74 294
74 112
74 392
74 912
74 166
74 168
167 469
167 964
167 188
167 920
167 978
167 280
167 181
167 502
840 698
46 310
483 696
483 283
268 454
662 443
662 900
189 120
700 812
700 53
700 232
700 335
700 24
14 924
14 506
260 439
260 912
260 77
260 168
288 561
288 493
924 516
392 112
392 316
900 413
424 978
424 165
424 421
424 795
327 381
540 245
540 698
353 190
469 207
469 978
469 630
954 978
614 978
846 561
209 356
119 335
119 812
119 790
439 912
103 977
581 135
581 890
581 936
280 281
447 294
199 506
199 541
443 193
443 53
329 245
329 910
990 165
499 458
546 850
423 246
423 977
602 166
602 743
738 541
332 435
795 978
250 542
250 124
850 650
101 246
77 912
195 595
135 405
135 692
988 978
160 24
693 228
472 356
472 159
294 817
70 534
70 334
70 343
692 910
692 191
687 120
207 978
672 918
552 978
41 565
530 630
890 190
890 479
890 193
62 542
62 513
62 646
62 416
188 978
114 718
646 513
630 951
630 493
592 134
707 1003
696 844
232 168
200 316
200 952
293 716
126 868
126 416
228 502
421 978
67 165
181 190
479 337
764 245
764 698
32 791
502 718
949 912
949 168
165 316
477 310
946 648
40 264
40 120
873 698
595 372
978 301
978 817
978 547
978 512
416 356
416 168
950 977
558 684
558 319
558 318
723 758
918 758
918 319
918 844
166 759
166 743
356 168
356 730
356 912
905 281
577 933
577 171
830 245
168 912
863 789
372 404
812 790
16 832
223 663
223 343
810 335
159 316
698 245
698 231
912 730
104 721
104 30
832 951
979 541
935 413
742 306
2 790
541 951
120 326
245 264
245 231
245 233
684 318
936 360
61 718
663 343
565 321
718 569
