599 569
275 327
275 849
275 175
703 86
703 443
703 581
703 771
703 306
278 151
852 214
535 927
535 444
535 823
720 135
720 617
720 680
720 214
720 855
923 253
923 687
923 591
923 500
229 607
229 628
229 483
229 742
251 987
424 795
688 335
977 410
977 1004
977 32
977 153
977 1001
977 418
952 200
994 987
450 40
450 947
771 137
771 568
113 927
28 987
197 32
197 987
197 630
107 980
107 381
626 936
301 978
15 731
15 680
106 740
106 509
865 214
865 90
511 987
377 718
98 592
433 738
433 987
371 135
371 214
25 48
290 589
290 151
290 214
858 469
915 607
915 428
915 280
915 159
915 17
19 16
291 401
92 647
582 650
582 987
582 175
468 335
550 546
550 743
557 927
134 592
388 299
250 927
195 880
659 742
52 30
52 868
52 232
52 356
52 126
52 201
52 313
52 166
52 765
52 168
141 469
141 614
141 241
485 927
428 165
428 122
428 17
428 647
428 857
885 447
65 220
324 168
840 987
157 590
157 692
483 607
30 356
30 762
30 868
662 443
662 267
144 8
189 718
401 454
401 429
401 165
401 415
526 280
526 629
883 718
605 569
808 335
783 738
783 506
783 850
954 978
846 67
846 280
846 629
209 912
439 77
17 857
447 586
294 126
294 817
294 586
294 790
294 416
985 335
540 311
540 987
546 607
82 135
795 207
795 421
850 644
850 752
647 847
647 142
647 31
647 136
647 953
647 857
101 246
135 628
135 870
135 581
135 214
135 742
135 4
135 942
135 692
135 120
160 280
160 629
987 245
987 789
987 872
987 641
987 338
987 849
987 873
987 809
987 764
987 482
987 311
987 361
987 95
987 68
987 588
987 432
987 531
987 231
987 214
987 56
987 364
987 955
499 844
687 607
687 500
754 718
133 416
133 602
142 857
142 267
142 90
337 927
337 904
334 607
334 214
125 477
292 120
482 531
220 75
220 214
333 569
500 782
500 435
58 577
293 718
293 724
776 214
776 502
810 335
646 927
646 823
685 629
685 643
423 246
67 207
67 165
67 561
67 963
67 344
48 956
48 558
48 458
48 319
48 216
48 684
132 842
602 416
602 472
538 569
538 862
991 569
165 316
165 31
165 857
835 214
40 568
415 607
415 91
607 696
607 891
607 920
607 91
607 167
607 5
607 591
607 716
607 231
309 1
873 528
777 718
904 718
236 208
236 335
236 359
236 381
236 90
260 168
381 335
558 565
558 956
664 335
639 1004
939 84
188 469
188 978
0 569
295 569
634 788
159 841
159 695
159 214
752 541
715 277
311 925
912 214
912 168
719 682
976 569
704 684
185 32
2 782
2 749
2 790
2 849
2 629
541 506
541 951
168 472
168 356
168 416
454 147
454 429
454 592
517 356
738 214
542 927
612 633
684 918
684 214
684 565
684 458
684 679
684 318
684 844
684 321
512 469
663 343
561 280
561 629
561 493
940 214
718 122
718 724
718 32
718 980
718 595
531 641
918 758
569 862
569 470
569 710
569 409
569 228
569 6
569 693
569 249
569 502
791 32
644 506
644 702
644 996
644 90
644 1001
644 199
256 472
256 416
996 506
658 280
658 629
722 927
105 774
105 947
737 335
544 214
761 881
6 470
6 1004
823 927
823 513
823 790
267 674
267 951
532 335
532 700
369 927
477 139
444 927
629 214
629 493
629 891
629 530
629 24
629 280
629 202
629 894
629 360
629 631
629 630
90 927
175 335
175 5
175 849
713 592
749 692
746 692
326 146
31 410
537 335
335 670
335 208
335 201
335 464
335 980
335 118
335 228
335 643
335 1004
335 553
335 29
335 5
86 443
854 927
841 214
470 862
975 397
581 936
399 46
855 697
855 936
849 700
356 112
356 472
167 988
167 207
167 978
927 513
927 592
927 551
927 674
927 770
927 416
671 397
136 857
630 207
630 614
630 530
239 596
506 5
506 951
506 199
469 207
280 360
280 631
443 742
774 947
788 740
724 246
724 5
277 147
472 313
472 743
758 844
692 233
207 978
971 200
530 24
530 891
530 214
669 739
696 200
844 672
844 214
764 245
32 862
416 762
416 313
416 75
310 343
891 24
891 360
8 739
577 147
577 936
568 379
782 790
920 214
743 214
742 306
66 227
