599 178
580 544
580 791
275 849
979 1001
285 571
278 923
248 746
248 609
248 90
535 444
535 62
445 288
780 603
780 514
923 609
923 502
229 769
229 993
373 190
251 482
251 531
251 987
439 266
439 168
329 540
329 775
329 692
948 356
948 61
948 112
948 517
948 392
948 674
948 120
948 912
948 267
948 592
948 803
624 540
122 980
977 178
977 514
977 418
506 1001
506 996
506 199
994 746
994 987
994 214
994 809
450 746
450 571
828 1001
587 833
587 24
771 901
769 317
769 273
306 790
866 90
28 987
527 720
197 32
197 586
197 120
107 737
69 879
978 851
573 126
573 586
15 731
15 680
15 422
377 718
377 729
377 724
484 288
98 429
656 190
921 327
921 1001
371 214
25 458
25 216
290 253
290 589
290 214
858 552
915 181
915 341
915 112
915 316
915 200
915 280
915 953
915 857
291 429
966 168
582 987
582 849
273 951
173 1001
433 738
433 987
720 746
720 668
720 214
720 813
720 680
720 935
550 546
543 165
853 951
134 592
388 534
388 299
388 120
250 332
270 1001
702 1001
617 586
617 471
141 214
731 53
731 189
731 746
731 571
731 239
731 584
731 284
731 680
731 422
428 189
428 316
885 294
885 571
65 193
324 638
324 586
324 214
559 50
840 987
157 746
843 407
30 743
30 765
144 90
189 193
189 629
189 362
189 502
603 735
603 378
603 514
603 505
603 509
603 822
603 337
414 8
414 891
414 90
401 429
401 165
401 196
526 629
837 1001
883 166
883 225
883 718
883 936
605 178
605 502
327 1001
327 381
657 1001
657 996
657 541
808 5
783 738
783 214
783 1001
378 514
954 585
926 607
846 629
846 561
846 288
609 633
609 220
609 772
609 592
447 586
949 168
294 817
294 586
294 126
294 313
294 74
339 178
540 697
540 987
540 855
149 585
149 716
664 335
850 738
850 804
850 1001
850 120
307 90
135 746
160 200
160 629
160 530
160 571
987 245
987 789
987 809
987 872
987 641
987 338
987 849
987 873
987 432
987 764
987 480
987 482
987 311
987 361
987 95
987 68
987 698
987 531
987 231
987 56
987 955
987 925
499 844
70 120
680 422
687 500
687 746
687 549
654 1001
812 790
552 167
534 862
534 746
534 649
534 571
776 193
776 746
776 571
776 214
142 24
142 200
142 316
142 267
334 607
253 566
253 151
188 862
188 167
188 585
188 502
630 629
630 493
630 288
333 178
333 383
638 788
232 168
232 416
293 862
810 335
810 643
685 629
435 586
435 267
788 740
67 963
67 165
67 344
48 216
48 41
48 956
48 458
48 558
391 288
538 178
538 502
165 207
165 990
165 316
165 344
165 31
165 707
870 772
870 571
946 104
946 425
946 765
40 214
415 429
415 127
607 231
650 1001
873 95
934 595
950 514
950 663
950 343
260 762
381 335
381 192
558 216
558 956
723 216
166 586
53 193
53 147
53 120
161 571
939 951
223 746
0 178
295 178
159 738
159 577
159 718
159 214
159 940
752 120
311 697
912 356
912 472
912 782
912 313
912 416
912 168
13 1001
719 738
719 1001
719 410
104 425
104 133
887 782
832 514
976 178
976 410
935 746
935 668
935 571
935 214
935 813
935 696
952 838
952 517
952 200
952 316
952 971
704 458
323 139
745 1001
2 790
541 1001
541 996
541 199
120 190
120 586
120 356
120 765
120 530
454 147
454 429
316 200
316 971
316 136
316 953
316 214
316 857
316 31
823 62
517 356
103 514
418 996
738 531
738 214
738 1001
738 231
542 746
542 62
542 571
684 746
684 571
684 565
684 458
684 844
684 356
235 890
190 181
190 274
190 90
190 353
190 530
514 1001
990 857
663 399
663 571
663 951
663 343
561 629
561 288
997 90
24 629
24 891
24 136
565 679
718 724
718 356
718 61
718 742
718 90
718 746
718 281
718 602
531 383
531 214
668 746
951 239
951 706
569 178
569 214
644 1001
256 356
996 1001
996 199
362 695
658 629
522 546
737 849
710 178
813 746
813 571
544 214
761 516
6 178
586 868
586 782
586 332
586 762
586 214
586 326
586 416
571 910
571 277
571 530
571 900
571 742
571 62
571 394
647 136
249 178
249 29
78 178
532 516
730 168
369 646
178 470
178 991
178 628
178 482
178 502
178 862
178 616
178 409
178 228
178 767
178 693
178 214
963 214
591 746
851 746
851 547
547 862
547 90
629 891
629 214
629 280
629 288
629 530
629 493
629 360
90 920
90 787
90 220
175 849
746 920
746 530
746 980
746 739
746 502
746 500
746 834
746 775
746 692
746 214
746 742
35 167
170 697
318 844
318 332
537 440
695 572
695 568
618 216
168 984
168 472
168 77
168 416
41 73
41 216
491 5
399 343
849 423
332 500
943 343
356 52
356 868
356 61
356 743
356 313
356 765
356 472
356 214
356 721
356 416
356 602
167 957
1001 199
1001 14
1001 881
1001 516
1001 924
1001 576
546 844
868 52
868 416
14 924
14 410
136 857
136 200
924 199
674 112
344 200
239 214
220 471
485 513
772 502
280 953
280 502
953 181
443 152
774 947
56 482
56 410
697 855
697 925
423 246
502 862
502 228
502 693
77 416
195 595
472 425
472 313
458 216
692 191
692 214
692 233
956 216
530 200
530 214
984 762
62 646
857 214
696 479
126 648
126 790
513 646
775 214
493 288
32 214
515 214
809 8
416 790
416 782
416 193
416 147
416 602
577 147
577 214
900 742
568 379
171 147
672 216
16 410
782 193
782 500
920 214
319 844
319 216
633 193
73 216
214 742
700 790
216 321
61 765
