599 333
275 849
275 175
703 443
703 120
703 306
278 454
248 185
248 506
248 75
535 854
535 369
535 823
720 617
720 581
720 833
720 587
720 383
720 680
780 103
347 966
923 738
923 53
923 921
923 214
923 120
251 987
169 372
439 168
439 260
439 416
329 540
329 798
948 586
239 854
239 161
239 742
977 1001
977 423
977 236
516 761
952 200
952 316
994 338
994 987
994 863
450 26
450 900
450 187
450 272
450 572
450 662
416 868
416 191
416 126
416 166
416 356
416 120
97 84
597 738
866 53
28 987
107 98
107 192
107 980
107 381
15 731
15 680
15 422
106 788
106 509
377 754
98 707
98 454
98 592
656 920
921 738
25 684
858 891
915 428
915 316
915 857
19 333
291 454
332 500
582 987
433 987
543 316
557 912
557 77
134 738
134 454
134 592
388 96
388 528
250 886
195 277
702 14
908 765
141 469
141 789
141 614
485 542
485 62
428 302
428 316
428 857
179 193
159 607
159 746
159 517
159 200
159 316
159 214
159 742
159 940
159 32
159 776
159 502
324 362
840 698
840 987
157 686
843 407
843 711
30 313
30 256
30 765
662 443
414 572
414 891
401 454
401 165
526 160
837 738
837 586
837 719
392 674
605 333
327 381
783 738
783 654
954 630
926 715
926 147
926 334
447 586
949 168
294 803
180 958
184 754
133 256
482 56
482 987
58 586
58 585
82 628
795 424
850 90
823 369
823 513
101 246
101 423
880 83
135 72
135 679
135 581
135 942
135 318
135 161
160 586
160 658
160 629
160 360
987 245
987 789
987 872
987 641
987 338
987 849
987 873
987 432
987 809
987 764
987 311
987 361
987 95
987 68
987 540
987 531
987 231
987 56
987 364
987 955
499 684
499 48
680 707
687 742
654 738
654 682
654 650
654 991
939 534
534 638
534 64
534 102
534 591
776 935
142 207
142 316
337 505
337 832
334 607
334 746
334 629
646 62
540 855
540 698
540 231
540 863
540 72
540 697
540 161
540 955
333 862
333 470
333 6
333 710
333 409
333 228
333 78
333 0
333 767
333 693
333 178
333 569
333 312
333 249
333 538
333 502
638 164
638 96
638 832
232 912
232 168
118 335
118 732
421 424
435 782
423 246
423 103
423 849
67 963
67 165
630 24
630 739
630 629
132 96
947 586
538 502
991 178
165 586
165 31
165 316
670 553
40 572
40 187
40 90
607 700
607 591
309 1
873 698
302 316
236 208
950 103
260 77
260 168
381 192
558 844
558 216
558 319
166 803
166 74
676 139
53 272
372 595
372 404
754 16
223 322
223 343
338 581
338 692
759 984
759 586
634 96
113 854
432 56
752 191
335 737
912 168
912 472
912 120
912 730
13 738
719 738
719 541
832 96
979 738
935 413
935 746
935 966
935 530
137 581
704 684
704 743
547 207
2 64
2 231
541 738
541 996
541 90
168 126
168 782
168 266
168 77
168 74
454 264
454 429
454 592
316 857
316 990
316 200
316 971
316 647
316 136
316 344
316 92
316 214
316 31
316 953
517 267
103 514
103 310
418 996
966 933
264 586
264 231
542 746
990 424
663 322
663 343
940 120
318 679
24 891
565 73
231 738
231 698
231 693
231 245
231 671
951 170
951 707
644 738
644 506
644 199
256 356
996 738
996 120
996 90
362 586
105 233
710 175
761 738
586 984
586 310
586 479
586 120
586 161
249 506
78 178
698 245
698 764
274 469
274 920
178 502
591 506
591 671
591 742
851 746
161 900
161 443
161 581
629 891
629 739
629 530
90 862
90 506
90 321
90 572
175 246
175 849
746 920
746 214
746 692
746 775
746 530
746 413
746 120
374 213
196 193
120 617
120 443
120 927
120 326
581 72
581 233
581 936
74 126
356 868
590 171
1001 738
927 592
671 738
671 692
14 738
14 506
14 365
306 660
306 742
924 199
674 112
674 803
468 506
322 343
803 267
506 738
553 5
353 891
469 614
119 790
299 96
199 738
509 96
697 925
697 855
738 576
277 147
77 762
472 782
458 918
692 742
956 844
530 493
530 891
5 246
596 187
814 500
696 61
200 136
126 790
368 343
857 136
493 891
686 933
595 16
415 233
310 343
891 920
577 936
910 193
602 743
782 500
46 343
73 321
214 343
214 742
4 867
216 321
