599 491
599 569
599 710
996 173
996 850
996 418
996 506
362 383
362 530
703 83
688 808
866 377
285 933
285 147
764 987
764 120
248 746
883 724
127 772
535 542
445 288
780 950
780 977
347 933
347 147
229 742
229 863
710 569
710 175
373 207
736 135
840 987
971 316
169 595
830 185
830 91
6 569
6 249
586 617
586 500
586 762
586 294
586 356
586 687
586 166
586 602
586 447
586 984
586 416
372 595
948 267
647 656
647 24
810 107
977 497
977 950
977 514
977 189
977 103
977 423
977 418
267 443
267 40
267 662
164 487
164 106
164 139
164 46
164 103
164 299
698 987
150 987
150 415
369 823
274 920
274 181
994 746
994 987
178 569
178 718
178 249
178 978
178 502
963 67
534 939
534 746
534 334
851 207
851 167
851 746
547 207
547 978
537 236
776 746
28 987
629 891
629 530
629 288
90 464
90 881
90 742
90 107
90 850
90 233
90 530
641 987
2 812
2 790
605 569
605 293
573 416
175 849
175 423
784 306
120 772
746 687
746 223
746 731
746 542
746 530
746 157
746 739
746 980
746 684
746 502
746 920
746 834
746 775
746 935
746 135
746 718
746 668
746 214
746 742
746 450
746 591
746 692
377 729
35 207
35 978
98 107
656 316
249 189
249 716
249 410
249 1004
249 114
249 569
249 595
249 236
249 0
497 491
847 207
720 935
720 214
915 341
381 192
381 327
618 73
95 987
1004 189
796 14
796 724
966 472
966 168
1001 950
1001 383
409 569
433 987
854 416
544 772
543 891
740 157
250 485
898 980
659 306
245 987
41 565
41 499
41 956
767 569
569 862
569 470
569 991
569 228
569 78
569 333
569 295
569 693
569 976
569 339
569 0
569 538
569 502
926 933
926 147
378 950
428 316
855 581
855 697
849 987
590 933
590 147
559 420
559 50
582 987
157 933
499 319
499 956
499 558
980 464
241 207
662 900
662 214
189 772
189 0
189 236
868 416
14 924
609 454
609 592
288 561
288 391
288 493
674 112
674 416
322 879
424 207
677 443
761 783
761 418
540 987
353 630
353 891
251 987
783 650
485 513
485 62
485 646
954 207
846 561
800 62
872 987
772 16
772 669
772 843
581 135
581 936
863 790
447 313
447 416
199 850
774 947
111 416
294 817
294 313
133 602
482 987
58 909
58 818
423 246
817 207
502 791
738 682
738 650
226 361
795 207
101 246
101 867
432 987
135 870
135 371
135 942
135 692
988 978
160 526
693 0
693 159
450 712
472 232
472 416
56 987
458 216
458 383
458 321
136 200
692 53
692 61
692 191
692 742
207 469
207 188
207 421
207 957
207 301
207 167
931 933
931 147
654 682
654 650
812 790
992 935
230 933
230 147
957 951
530 891
530 493
530 630
435 782
334 591
464 107
315 936
630 790
365 732
232 313
232 946
200 952
107 208
972 933
972 147
326 416
181 920
181 167
978 188
438 818
885 416
946 425
946 53
208 236
686 933
686 147
809 987
650 682
873 987
355 933
355 147
595 951
68 987
648 416
364 987
416 112
416 425
416 782
416 166
416 313
416 743
416 147
416 912
416 602
416 168
950 514
950 832
950 103
891 24
723 933
723 565
166 762
577 933
577 147
167 951
925 987
568 379
277 933
277 147
602 765
955 773
955 311
955 987
171 933
171 147
789 987
879 103
338 264
338 987
313 765
0 159
478 818
480 987
311 987
912 425
912 168
716 718
361 987
987 531
987 231
832 319
935 214
724 718
724 61
933 147
762 185
214 306
742 61
454 147
316 392
700 790
61 718
415 718
