437 738
599 502
275 849
275 175
703 443
703 771
285 171
278 98
278 151
535 444
535 369
720 135
720 617
720 855
720 731
720 587
720 833
720 680
780 337
819 592
923 738
923 715
462 450
462 185
595 372
840 605
840 698
840 540
605 789
605 5
122 428
38 2
38 890
516 738
516 761
708 718
802 450
994 764
450 596
450 568
450 40
450 947
828 132
771 137
771 306
197 738
107 98
107 737
107 553
107 90
573 447
573 416
301 978
15 731
15 680
15 422
98 117
98 454
98 401
98 449
98 429
98 291
98 707
98 713
98 134
98 268
98 592
656 190
153 977
921 738
921 924
921 506
921 977
921 270
497 977
497 281
290 53
290 614
290 629
290 214
290 305
290 159
915 32
915 31
291 268
966 933
966 347
966 935
582 105
326 146
326 120
853 638
853 322
557 168
134 592
388 638
388 324
388 951
270 738
659 229
896 724
617 11
141 978
731 584
731 32
731 422
731 284
731 680
428 857
428 207
428 302
428 136
65 586
65 416
65 742
229 568
324 638
324 477
324 84
324 534
324 591
281 491
157 586
30 104
30 356
30 256
662 443
662 112
189 718
401 454
401 429
401 165
401 415
526 280
526 383
526 629
526 362
837 738
305 193
305 765
305 416
424 978
424 795
327 738
327 381
657 738
548 164
783 738
783 761
783 719
954 978
846 629
846 561
209 53
439 77
863 742
447 984
447 868
447 586
294 817
184 423
133 602
540 698
540 873
540 925
540 855
540 987
540 697
540 736
540 311
540 955
82 870
499 383
664 737
850 607
850 738
822 337
160 629
131 738
680 284
687 586
654 738
812 700
812 790
977 418
977 1001
977 1004
977 32
977 423
534 322
534 477
241 630
510 477
337 649
337 505
337 509
337 740
337 299
154 477
334 607
334 586
334 11
334 90
125 477
681 718
188 978
102 477
482 364
482 531
482 56
220 90
333 16
232 168
293 724
421 978
685 629
435 782
423 710
67 963
67 207
630 415
630 629
48 193
48 684
48 956
164 223
164 879
164 420
164 740
164 368
164 322
538 502
566 772
566 120
165 31
477 939
477 139
477 524
477 174
477 322
477 206
40 214
607 61
650 738
873 698
302 207
260 168
381 90
558 458
558 956
558 207
173 738
795 978
53 416
53 159
747 738
789 470
223 322
151 706
338 633
338 692
159 551
752 322
752 120
335 532
311 697
912 868
912 356
912 168
13 738
629 658
629 561
629 891
629 136
629 280
629 24
629 530
629 493
629 360
629 631
104 742
104 765
104 90
979 738
952 200
704 684
745 738
185 586
2 790
2 700
541 738
541 16
120 190
120 772
120 454
120 416
454 147
454 416
454 429
454 592
454 268
738 644
738 996
738 719
738 653
738 682
738 199
738 1001
738 761
738 14
738 881
738 508
738 506
738 532
738 702
738 924
738 576
542 62
542 646
684 356
512 978
190 920
190 274
190 353
663 322
746 692
718 32
718 61
231 698
951 171
951 239
569 356
569 249
569 502
362 980
362 383
737 440
956 216
956 790
761 804
586 984
586 356
586 267
586 782
586 168
267 552
267 838
532 670
532 5
698 245
698 764
575 472
575 168
274 920
552 978
591 32
591 322
851 32
851 978
851 547
547 978
117 268
719 16
719 14
719 56
719 410
90 692
90 205
90 742
90 29
90 523
90 168
175 849
713 268
713 592
817 978
35 978
1004 208
86 443
86 152
168 868
168 790
168 77
168 984
168 356
168 472
168 602
957 978
356 868
356 126
356 743
356 472
356 502
356 602
590 171
1001 506
927 592
927 416
268 633
268 592
465 700
136 200
322 310
803 112
239 660
553 5
353 891
469 207
469 167
469 978
614 978
119 700
772 416
280 32
280 112
280 700
443 743
443 765
443 602
697 855
697 925
788 740
502 32
988 978
52 126
207 978
530 32
530 24
114 479
643 201
126 790
45 66
32 920
272 379
978 167
112 700
891 24
568 379
782 448
214 765
742 765
700 790
216 321
