599 178
275 114
644 924
644 14
644 996
248 185
883 915
535 513
535 722
535 267
720 214
780 603
780 622
923 617
923 278
923 53
923 915
923 214
923 151
923 742
923 90
923 687
923 890
229 334
251 987
169 372
169 595
605 178
605 228
302 629
948 586
362 383
362 356
362 802
977 189
977 418
977 236
802 40
994 214
450 662
519 178
771 951
771 742
28 809
107 192
107 980
107 29
107 381
573 868
573 332
301 978
301 188
301 91
98 429
98 401
656 280
153 891
371 214
497 773
25 704
290 214
858 991
915 142
915 718
915 316
915 185
915 280
915 91
915 530
915 857
291 429
291 401
92 838
1001 381
1001 506
1001 14
1001 850
1001 702
468 335
550 742
134 454
134 592
388 280
388 509
388 832
702 14
617 586
141 978
141 214
485 542
731 870
731 196
731 422
428 189
428 122
428 857
428 629
428 838
885 294
324 402
324 214
559 622
559 50
559 299
840 698
662 443
662 900
662 40
662 838
189 862
189 470
189 904
189 114
189 652
189 6
189 530
189 0
189 1004
189 718
189 236
189 365
189 410
189 595
189 181
189 249
189 201
189 716
189 502
401 454
401 429
401 415
526 280
526 629
837 586
663 832
424 978
424 630
18 622
808 335
783 214
954 978
846 629
209 356
609 53
609 592
609 772
609 454
609 880
609 629
439 77
439 90
447 586
447 294
447 332
949 260
294 586
294 416
294 313
294 500
294 74
241 469
241 280
985 335
482 990
953 280
953 136
795 978
795 421
850 752
850 996
850 199
101 246
880 629
135 581
135 628
160 586
160 629
160 857
987 633
987 338
987 432
499 684
499 704
70 91
680 422
339 178
687 214
654 991
939 139
552 978
534 862
534 402
534 591
534 477
776 214
510 402
510 139
337 509
334 586
334 159
334 742
334 591
334 530
334 629
125 402
125 139
125 622
730 356
540 698
540 546
540 582
592 454
333 178
638 700
58 586
118 335
810 335
421 469
421 978
421 280
685 629
685 530
67 963
67 344
67 207
67 561
947 774
947 586
538 178
538 502
991 178
991 61
313 37
313 356
313 416
40 712
40 187
40 214
40 568
40 695
40 272
40 572
415 429
415 587
607 696
873 698
904 479
236 335
236 208
260 416
260 790
260 912
260 743
260 168
381 335
381 643
558 684
558 216
173 506
664 335
676 402
676 139
676 622
53 193
53 633
53 629
53 581
402 139
402 832
402 42
402 622
402 50
402 477
402 206
161 586
372 404
976 178
976 349
812 790
188 469
188 978
188 280
0 178
422 280
295 178
752 178
752 629
613 90
335 670
335 208
335 201
335 175
335 737
335 464
335 688
335 980
335 537
335 643
335 532
335 1004
335 553
335 29
335 5
13 693
912 356
912 762
104 126
832 139
832 936
979 119
952 2
952 971
185 213
185 670
185 684
185 762
185 502
2 790
2 872
120 586
120 629
120 416
454 278
454 429
712 214
316 267
316 214
316 629
517 356
517 61
517 112
517 267
517 546
418 996
264 586
542 356
684 546
684 458
512 978
190 267
190 629
990 178
990 280
990 136
561 658
561 280
561 629
127 595
127 423
127 281
817 978
332 984
332 500
332 586
332 191
332 782
332 765
565 844
718 61
718 591
531 214
231 698
951 239
951 957
951 167
951 742
569 178
569 214
278 214
256 356
256 416
122 693
122 857
658 629
710 178
761 790
6 178
586 984
586 310
586 165
586 765
586 416
586 479
586 214
647 280
647 91
78 178
78 502
532 175
243 61
698 245
698 764
477 139
178 470
178 249
178 862
178 409
178 228
178 90
178 767
178 693
178 214
178 502
963 214
591 61
591 742
851 978
851 167
851 280
547 469
547 978
547 280
629 90
629 772
629 280
629 288
629 530
629 24
629 75
629 890
629 159
629 493
629 630
629 631
629 196
629 891
629 91
629 267
629 471
629 214
629 360
629 978
90 56
90 891
90 742
90 416
159 171
159 214
784 798
746 413
746 214
746 692
35 469
35 978
35 280
170 697
142 280
196 413
86 443
168 356
168 472
957 978
143 862
356 52
356 500
356 112
356 126
356 765
356 472
356 762
356 214
356 602
167 207
167 978
980 464
868 52
14 506
14 924
136 200
924 199
674 267
630 530
630 493
353 267
469 978
614 978
838 700
838 857
280 530
280 631
280 502
280 862
280 920
280 293
280 91
280 24
280 360
280 32
488 568
443 267
443 152
443 742
423 246
423 988
423 319
502 693
738 214
724 246
724 862
724 181
988 978
693 91
458 844
458 321
692 61
692 191
692 214
692 742
52 45
52 648
52 66
207 978
207 891
956 844
544 214
530 214
530 891
530 857
530 267
530 24
5 670
464 214
814 500
696 61
126 765
775 214
493 24
45 227
978 267
515 214
272 900
660 568
688 670
416 91
891 24
900 742
568 379
602 743
672 844
267 24
340 61
920 214
214 742
66 227
700 61
139 622
