437 828
599 178
599 767
565 723
565 684
565 41
278 462
248 462
248 185
248 157
92 316
92 647
720 587
720 383
347 147
923 783
923 687
923 707
923 951
923 90
923 772
923 235
923 738
923 890
923 159
923 39
923 462
923 921
923 875
923 239
923 880
923 193
923 633
923 53
923 231
923 214
923 828
923 476
923 541
923 120
462 783
462 687
462 223
462 670
462 692
462 617
462 517
462 135
462 542
462 718
462 742
462 334
462 450
462 157
462 591
462 851
373 190
736 540
251 987
169 372
439 416
439 260
439 168
329 540
502 628
502 506
502 5
502 951
502 178
502 538
502 159
711 718
711 843
977 189
977 236
977 996
977 1004
977 153
977 1001
977 418
506 1004
506 828
506 644
802 450
802 40
802 90
994 540
994 987
450 754
450 187
450 695
450 40
450 572
450 272
450 595
828 783
828 644
828 719
828 654
828 682
828 945
828 199
828 738
828 650
828 532
828 13
828 921
828 761
828 14
828 996
828 881
828 979
828 924
828 850
828 1001
828 173
828 516
828 327
828 702
828 657
828 837
828 745
828 270
828 541
828 576
771 4
771 83
769 660
866 718
866 549
28 987
107 810
107 98
107 980
107 90
573 166
573 586
573 120
377 718
98 117
98 707
98 401
98 134
98 429
98 268
98 592
98 713
433 987
433 629
433 95
153 996
153 1001
153 418
371 4
371 120
915 136
915 200
915 316
915 857
291 401
535 159
535 823
582 987
326 120
445 891
550 61
543 316
134 592
388 324
388 299
388 534
388 528
250 886
702 14
908 765
141 978
731 658
731 563
428 302
428 857
428 316
428 214
428 136
159 190
159 920
159 334
159 493
159 891
159 160
159 607
159 746
159 193
159 854
159 704
159 214
159 147
229 306
324 534
324 591
840 987
157 746
843 407
843 16
843 184
30 52
30 61
30 313
30 256
30 936
662 40
662 161
189 718
189 236
189 951
189 410
189 716
401 454
401 165
401 415
401 429
526 629
663 322
663 343
883 718
605 178
605 951
327 381
540 581
540 987
540 338
540 955
540 161
281 905
783 120
783 682
954 630
926 748
926 147
846 67
846 629
846 561
447 586
586 2
586 800
586 383
586 166
586 759
586 74
586 984
586 332
586 782
586 416
586 267
586 120
294 782
294 803
180 829
184 754
241 630
482 178
482 987
58 909
149 423
795 424
795 207
795 421
850 13
850 752
823 120
101 423
880 707
135 549
135 233
135 581
135 942
135 161
135 692
135 120
160 360
160 838
160 658
160 24
160 629
987 245
987 789
987 809
987 872
987 641
987 338
987 849
987 873
987 432
987 764
987 311
987 361
987 95
987 68
987 531
987 231
987 56
987 364
987 955
499 41
499 956
499 918
499 618
499 558
499 723
499 319
499 73
499 321
499 704
499 679
499 758
499 458
499 844
499 216
654 991
552 951
534 607
534 951
534 334
534 591
230 454
142 207
142 316
337 942
337 822
337 612
337 187
337 832
334 607
334 746
334 61
223 322
223 343
630 629
630 739
630 423
630 24
592 927
592 454
592 713
333 178
333 29
500 332
500 800
500 814
904 61
232 607
232 912
232 332
232 168
669 32
810 7
421 647
421 188
685 629
435 984
67 207
67 165
67 561
67 963
67 344
48 458
48 956
947 774
538 178
991 178
991 61
165 316
165 136
165 344
165 31
40 900
40 596
40 272
40 572
607 528
607 61
309 832
934 595
302 316
950 42
260 762
260 575
260 126
260 2
260 912
260 77
260 168
558 956
701 423
166 356
166 782
166 803
166 765
166 416
664 90
53 321
53 316
372 404
754 718
338 581
338 692
0 178
495 568
295 178
634 299
77 168
912 120
912 472
912 730
912 168
912 416
716 724
719 541
719 410
104 868
976 178
976 349
935 746
952 316
704 321
704 214
541 199
168 949
168 800
168 126
168 782
168 74
168 356
168 472
168 575
168 416
454 429
316 990
316 971
316 647
316 136
316 857
316 344
316 214
316 200
316 31
316 415
517 718
517 61
517 120
517 267
517 803
103 310
418 996
738 761
738 951
542 746
612 46
612 343
867 4
684 746
684 844
684 321
190 181
190 629
190 274
190 90
190 353
190 656
187 695
561 629
24 629
24 891
24 267
24 530
332 782
332 575
718 61
718 724
718 595
918 758
256 356
256 416
658 838
658 629
710 178
133 602
133 648
133 416
931 800
761 790
6 178
249 178
78 178
532 118
274 920
178 862
178 470
178 415
178 767
178 409
178 228
178 693
591 61
591 746
591 692
161 443
161 900
161 581
161 572
161 120
776 193
629 631
629 415
629 891
629 136
629 280
629 530
629 493
629 360
629 978
90 920
90 900
90 862
90 42
175 423
746 233
746 775
746 530
746 413
746 214
746 692
858 891
35 207
170 245
695 596
618 321
1004 114
120 306
120 61
120 443
120 854
120 927
120 416
600 956
581 628
581 855
581 233
74 126
74 803
356 800
590 147
809 951
927 416
671 692
700 2
14 881
306 214
52 126
322 420
322 822
803 800
803 112
803 267
854 193
469 207
469 614
800 472
800 762
800 267
733 617
423 246
602 743
633 75
472 782
758 844
758 956
458 844
458 956
692 415
692 233
692 595
692 742
692 775
617 415
207 891
956 844
956 216
544 415
530 493
530 891
114 61
696 61
200 857
200 136
126 2
857 136
479 61
493 891
679 844
191 891
416 782
416 2
112 267
310 343
577 936
910 193
171 147
415 61
415 91
415 147
216 321
