275 327
275 316
275 175
275 849
644 702
644 199
535 823
720 587
780 950
780 514
780 103
780 1001
780 303
819 329
923 738
923 633
373 353
251 987
251 159
169 372
424 469
424 990
424 421
424 795
329 624
948 586
624 764
624 338
122 904
38 388
506 173
506 189
506 14
506 199
802 596
994 550
994 364
994 987
994 540
994 90
450 746
450 272
771 697
771 83
113 823
28 987
28 231
197 32
107 98
107 120
301 469
301 978
15 731
15 680
15 422
377 422
98 117
98 278
98 401
98 429
98 291
98 707
98 713
98 454
98 134
98 268
98 592
433 987
466 712
153 977
575 232
575 332
25 684
25 956
915 857
915 428
915 120
915 502
427 955
796 14
332 500
332 586
332 435
332 782
582 987
273 581
173 541
550 214
550 661
543 316
543 952
557 168
388 832
250 823
702 14
52 586
469 954
469 614
469 188
469 795
469 421
469 957
469 817
469 167
469 547
469 241
469 35
469 207
150 471
731 422
731 680
731 502
428 316
428 349
428 142
885 984
885 759
885 586
885 294
885 447
559 420
559 622
559 50
840 698
840 987
157 334
843 718
662 443
189 718
189 0
189 530
189 502
414 891
401 165
526 160
526 629
526 360
837 761
837 586
392 2
605 789
605 693
327 381
808 5
281 905
783 738
954 362
926 413
926 715
926 577
846 67
846 629
439 232
863 784
863 742
303 514
303 103
447 586
949 90
949 168
294 586
184 710
241 421
482 987
58 586
82 135
149 423
795 207
795 421
850 120
850 90
823 485
823 646
823 854
823 394
823 513
823 821
823 62
823 542
823 722
823 369
823 444
823 551
823 927
823 556
823 124
101 866
101 423
135 628
135 4
135 870
135 371
135 581
135 170
135 692
160 333
160 586
160 629
160 493
160 552
987 245
987 789
987 809
987 872
987 641
987 338
987 849
987 873
987 432
987 764
987 540
987 311
987 361
987 95
987 68
987 90
987 698
987 531
987 231
987 56
987 364
987 955
987 925
70 90
687 739
699 168
812 790
812 465
977 1004
977 423
534 591
534 90
133 602
142 316
337 320
337 505
334 607
334 423
334 742
125 460
223 343
540 698
333 364
333 19
333 29
638 96
685 629
685 1001
67 207
67 165
67 561
67 963
67 344
630 493
630 530
630 629
48 672
48 956
947 774
947 586
284 422
566 120
165 586
165 31
165 316
870 362
40 572
607 231
309 1
309 97
873 698
873 697
777 718
963 159
950 514
950 663
950 103
950 322
950 343
381 192
558 684
558 956
558 207
723 956
166 743
53 306
402 50
372 404
955 773
955 311
955 925
754 718
789 470
338 801
338 245
0 178
495 862
495 568
422 696
422 143
422 739
159 443
159 56
159 343
159 844
752 471
311 697
912 168
912 416
629 658
629 561
629 891
629 288
629 24
629 280
629 214
629 530
629 493
629 360
629 631
104 313
104 549
104 765
565 684
935 413
935 746
952 200
952 971
429 454
541 16
541 719
168 586
168 790
168 90
168 232
168 313
168 966
168 765
168 984
168 356
168 77
168 472
168 782
168 416
316 647
316 857
517 120
517 803
103 514
103 423
103 1001
418 996
738 761
738 516
738 881
542 485
542 62
612 890
684 956
684 321
684 458
684 844
684 318
514 1001
663 322
746 900
718 904
718 61
718 724
718 32
718 16
718 791
718 243
231 698
231 2
791 32
791 90
319 956
362 383
866 423
35 207
737 440
737 849
737 175
710 767
710 423
761 516
761 881
586 782
586 2
586 267
586 984
586 356
586 120
586 479
586 264
586 310
586 762
586 161
951 239
951 936
532 175
698 245
698 764
274 920
591 502
591 742
851 502
90 537
90 924
90 809
90 416
90 32
2 790
175 1004
175 849
175 423
537 423
695 187
86 443
120 91
120 220
581 855
581 936
855 697
83 697
868 471
14 724
306 742
344 200
322 343
239 596
516 881
220 214
485 513
485 62
119 790
772 75
772 91
280 530
164 879
443 152
443 214
232 472
697 925
423 246
502 920
502 530
502 724
988 207
472 782
472 416
472 743
758 956
458 844
458 956
458 918
692 775
692 191
692 798
908 765
956 672
956 41
956 216
544 415
383 315
530 658
530 493
530 891
530 24
62 214
464 688
126 782
126 602
368 343
493 891
272 595
272 900
272 742
96 420
648 765
416 602
425 765
415 91
214 765
700 790
