599 693
599 0
275 114
275 175
703 306
248 462
535 927
720 4
720 870
720 371
720 628
720 581
720 833
720 170
720 587
720 383
720 82
780 139
347 966
923 633
923 53
923 214
923 197
923 462
923 416
462 783
462 687
462 278
462 517
462 223
462 670
462 692
462 617
462 833
462 718
462 542
462 762
462 742
462 334
462 157
462 450
462 591
462 851
373 190
251 987
605 470
605 693
605 0
329 427
624 873
624 231
122 718
977 189
977 32
977 418
977 1001
977 423
802 450
994 764
994 987
994 231
450 443
450 233
450 40
450 306
450 161
771 4
771 306
113 927
28 987
197 32
107 98
107 643
573 586
301 469
301 978
15 943
511 987
377 246
377 457
377 729
377 423
377 716
377 422
98 117
98 454
98 401
98 429
98 291
98 707
98 713
98 278
98 134
98 268
98 592
433 987
466 712
575 782
371 135
290 193
290 589
290 214
915 278
915 341
915 200
915 647
915 428
915 142
427 955
291 429
291 401
291 134
92 17
1001 685
273 951
445 24
445 891
550 546
134 454
134 592
861 934
740 612
250 927
898 5
659 306
659 742
896 407
896 189
896 237
617 833
617 416
141 978
141 241
469 954
469 188
469 795
469 978
469 421
469 957
469 424
469 817
469 167
469 547
469 241
469 35
469 207
469 630
428 17
562 612
159 171
159 214
159 713
65 687
614 552
614 978
559 420
559 299
840 987
843 407
30 356
30 313
30 765
30 936
662 443
662 272
911 1004
189 718
401 454
401 165
401 415
401 429
526 2
526 160
526 629
526 530
867 589
392 674
663 879
883 718
424 207
424 990
424 795
424 978
424 421
327 381
808 5
783 738
783 516
783 654
954 978
846 67
846 629
846 561
609 927
609 865
609 334
609 951
568 272
568 379
568 488
568 495
447 984
447 168
447 74
586 687
586 126
586 166
586 383
586 762
586 74
586 984
586 542
586 356
586 168
586 267
586 416
817 978
184 423
133 984
133 256
133 765
985 664
540 987
540 231
540 955
546 920
546 13
546 120
82 135
149 718
795 978
823 927
823 542
101 423
135 628
135 870
135 835
135 581
135 772
135 443
135 4
135 170
135 292
135 936
160 136
160 838
160 24
160 629
987 245
987 789
987 872
987 641
987 338
987 849
987 873
987 432
987 809
987 482
987 311
987 361
987 95
987 68
987 90
987 582
987 531
987 56
987 231
987 764
987 364
987 955
499 41
499 956
499 918
499 618
499 558
499 723
499 319
499 833
499 321
499 48
499 679
499 844
499 216
680 790
687 40
687 214
654 738
754 718
552 978
142 90
142 24
142 647
111 416
589 909
589 383
589 528
334 772
334 890
334 612
334 191
334 752
188 988
188 978
188 280
188 547
292 581
630 200
630 493
630 530
630 629
592 927
592 416
333 0
500 772
500 416
293 718
293 693
810 664
421 978
685 629
685 643
685 530
685 724
67 207
67 344
67 963
67 561
369 927
538 0
538 951
991 0
165 17
165 31
165 316
165 136
670 5
40 193
607 927
551 927
446 175
260 472
381 664
558 956
723 565
723 758
723 41
166 762
166 356
166 74
664 537
664 335
664 440
664 737
664 643
53 193
53 633
53 454
402 164
812 790
151 2
0 862
0 470
0 710
0 118
0 767
0 409
0 228
0 78
0 295
0 6
0 693
0 976
0 249
0 502
335 737
311 383
912 984
912 356
912 416
912 168
912 74
13 693
716 718
735 612
104 765
935 413
935 746
935 966
952 838
952 200
429 454
502 178
120 927
454 927
454 713
712 187
712 380
103 423
418 105
418 996
966 933
542 927
612 893
612 75
684 565
784 306
190 920
190 181
190 274
190 353
190 656
990 647
415 997
415 833
561 629
833 278
24 647
24 629
565 41
565 321
565 679
718 904
718 61
718 724
718 114
718 281
718 595
718 980
718 32
531 482
231 245
918 758
770 927
996 924
996 541
996 199
362 383
779 423
658 629
522 61
722 927
105 374
737 175
710 423
761 804
647 280
532 537
921 1004
591 61
851 978
547 978
444 927
629 891
629 280
629 136
629 530
629 493
629 360
629 927
629 631
90 693
90 927
90 143
90 530
2 700
2 61
2 790
175 849
175 423
746 692
35 978
170 581
170 267
31 838
618 321
168 984
168 790
168 782
168 885
168 74
957 978
975 865
491 5
491 281
855 581
855 697
83 443
74 984
74 885
74 782
356 52
356 313
356 927
167 978
927 485
927 191
927 147
927 413
927 646
927 513
927 854
927 416
980 5
671 865
868 52
14 881
136 200
136 857
344 857
578 214
516 743
516 881
553 5
772 416
443 152
443 306
443 602
443 742
774 947
423 246
602 765
118 5
77 472
988 978
693 862
693 228
472 782
472 765
758 844
758 956
763 214
692 245
692 214
52 313
207 978
383 922
984 782
984 885
62 646
5 464
5 29
714 193
857 17
493 891
355 171
272 900
272 379
648 765
416 257
416 765
830 193
742 951
742 306
245 233
700 790
216 321
233 306
