275 849
275 175
278 98
278 290
278 61
248 506
248 670
248 5
248 921
248 6
248 29
720 617
720 855
720 581
720 587
720 383
720 680
923 193
923 687
923 53
923 159
923 214
923 782
923 546
923 75
462 185
736 193
251 410
439 77
329 624
362 868
362 324
38 832
38 343
802 450
802 40
994 764
994 531
994 410
994 777
450 61
450 398
450 272
450 233
450 306
450 443
450 900
450 712
450 742
450 602
450 692
450 662
828 1001
771 306
442 29
197 987
107 98
107 236
301 978
301 547
15 731
15 680
15 422
106 402
511 987
377 696
377 729
377 29
98 117
98 401
98 429
98 291
98 454
98 713
98 134
98 707
98 268
98 592
433 987
433 410
153 977
153 410
575 472
497 977
25 499
290 718
290 321
427 955
796 29
291 429
291 454
291 401
1001 14
1001 977
1001 410
1001 724
273 951
326 692
550 546
134 454
134 592
740 879
250 886
702 506
702 14
617 193
617 714
469 424
469 207
469 167
469 188
469 547
469 795
469 35
469 241
469 421
469 954
469 817
150 772
731 607
731 143
731 789
731 680
159 62
159 61
159 283
159 233
65 75
229 334
840 698
840 987
840 231
843 61
30 2
30 313
30 765
662 214
189 249
189 977
189 29
414 8
414 506
401 454
401 165
401 415
401 429
526 160
526 360
526 629
526 561
526 90
837 410
305 765
424 547
424 795
327 381
808 29
783 738
783 682
783 29
783 881
783 921
846 67
846 629
209 765
609 772
609 633
609 454
609 951
863 83
184 650
184 686
133 765
540 698
540 193
540 697
540 245
540 987
149 716
795 207
795 547
795 978
795 421
850 738
101 246
880 890
135 607
135 628
135 581
135 371
135 942
160 685
160 280
160 629
987 432
987 789
987 338
987 582
987 361
987 56
987 482
987 364
987 955
499 684
499 321
939 42
977 1004
977 418
977 423
534 32
241 547
337 505
334 61
630 629
630 530
592 927
592 454
879 42
879 420
879 501
879 402
638 42
638 164
638 96
232 782
669 633
421 547
685 629
685 643
788 634
67 963
67 165
67 207
67 561
48 684
132 96
947 774
947 568
538 951
538 832
566 151
165 344
165 31
165 316
670 506
670 29
670 381
607 542
607 890
607 231
607 739
607 997
607 591
607 692
309 1
650 686
650 410
873 698
777 410
236 383
381 29
381 532
558 207
723 704
166 586
402 735
402 139
402 164
955 773
955 311
955 925
812 700
812 790
422 143
634 96
752 191
335 385
311 697
912 984
912 168
716 249
719 410
104 765
887 138
832 42
832 710
832 84
832 96
832 423
935 746
935 214
952 200
969 410
704 41
547 957
547 512
547 978
547 207
2 790
541 16
541 996
541 29
541 410
541 199
120 772
454 772
454 429
712 900
712 398
418 105
418 996
542 62
612 42
684 356
663 42
663 410
561 360
561 629
561 493
127 916
24 31
24 629
718 61
718 980
531 641
531 482
531 746
531 231
231 698
231 245
918 758
569 482
569 249
791 32
644 924
644 506
644 199
122 410
658 629
105 582
105 374
6 506
6 29
586 984
586 868
586 515
586 782
586 168
586 267
586 416
31 838
267 112
267 891
698 245
698 764
164 42
921 506
921 29
477 64
364 764
364 582
161 35
629 891
629 772
629 280
629 530
629 493
629 360
629 631
90 360
90 742
605 29
175 410
175 5
249 29
1004 29
86 443
42 139
42 368
854 646
168 984
168 472
143 32
143 739
356 743
356 472
410 16
410 14
410 924
410 56
410 482
868 765
14 506
14 924
14 29
306 214
924 199
674 112
239 951
506 192
506 29
506 5
485 513
772 75
280 739
280 281
299 96
443 742
443 152
509 96
697 855
697 925
423 246
423 315
602 126
602 743
602 765
388 96
118 732
881 29
724 951
585 360
988 978
659 61
472 416
472 743
692 61
692 233
692 742
52 45
52 66
52 416
530 891
984 762
62 513
62 646
62 214
5 29
714 193
643 29
126 416
216 321
226 29
493 978
32 891
208 29
595 404
648 765
8 633
900 746
900 742
568 61
672 844
313 765
739 633
743 765
214 742
700 790
