599 178
275 175
278 61
248 75
92 207
720 942
720 587
720 833
720 90
780 395
819 329
923 738
923 782
923 159
923 334
462 135
462 833
251 987
169 404
605 178
329 176
329 231
38 591
516 828
708 718
802 40
994 764
994 987
450 135
450 40
450 662
450 742
828 532
769 176
442 1004
866 718
28 987
197 987
107 670
107 980
301 656
15 943
15 731
15 680
15 422
106 788
511 987
377 422
98 454
98 707
433 245
433 987
153 977
921 738
921 1004
371 135
371 185
25 672
915 718
915 200
915 647
915 428
915 953
915 952
915 142
427 955
796 14
796 724
594 135
966 933
966 347
966 935
582 987
273 951
173 506
173 14
173 644
173 657
173 541
557 168
134 738
388 299
270 532
659 61
347 933
52 586
52 648
52 168
469 978
469 630
150 75
731 422
428 31
428 267
428 17
885 168
405 135
405 170
840 698
840 987
483 5
30 133
30 313
30 765
30 168
662 443
662 40
662 86
189 546
189 334
526 629
526 561
837 738
897 180
32 977
305 415
424 630
424 795
327 381
540 698
540 1004
540 697
540 987
540 955
783 738
783 650
378 395
954 978
846 67
846 629
846 561
609 707
17 546
17 857
447 762
447 586
294 817
294 868
180 727
339 178
482 176
482 531
482 987
82 135
149 718
795 421
372 595
823 542
135 628
135 870
135 176
135 581
135 942
135 170
160 629
987 245
987 789
987 872
987 641
987 338
987 849
987 873
987 432
987 809
987 764
987 311
987 361
987 95
987 68
987 772
987 531
987 231
987 56
987 364
987 955
680 707
687 586
687 334
654 738
812 790
812 119
977 423
977 996
977 1004
977 1001
977 418
133 168
142 280
142 647
337 187
337 505
334 607
334 746
334 692
334 159
334 591
334 851
334 502
630 629
630 685
220 75
333 178
500 782
500 435
232 168
293 19
810 1004
685 629
685 1001
685 724
435 586
435 267
435 686
788 950
67 963
67 344
67 561
48 956
369 801
369 62
947 774
947 40
538 178
538 693
176 245
176 836
176 641
176 588
176 581
176 746
176 692
176 855
176 764
176 68
176 995
991 178
991 61
835 233
40 712
40 695
40 187
40 272
40 254
40 900
40 159
40 596
40 568
40 572
607 356
607 502
607 231
607 168
650 738
650 682
873 698
847 207
260 912
260 168
558 565
558 458
558 956
723 565
723 758
723 73
723 704
166 586
166 648
402 634
955 773
955 925
955 311
597 738
223 343
0 178
295 178
159 746
159 712
159 752
159 62
159 944
159 865
159 147
159 502
335 726
335 790
311 697
912 356
912 586
912 168
912 575
912 77
912 120
13 738
716 718
629 280
629 561
629 891
629 658
629 24
629 530
629 493
629 360
629 631
735 395
104 765
832 322
976 178
935 746
952 344
704 565
704 41
704 743
745 738
185 833
185 742
429 454
541 16
454 904
454 990
454 91
454 865
454 1003
454 75
454 243
454 890
454 379
454 360
454 909
454 857
454 707
454 426
454 416
712 398
517 267
418 105
418 996
264 96
542 62
542 646
542 844
612 740
514 395
415 833
407 779
127 595
127 404
817 978
718 754
718 61
718 595
531 641
231 738
231 698
231 245
644 506
644 14
644 702
644 996
644 924
644 1001
644 199
658 530
522 61
35 978
710 178
761 804
6 178
586 868
586 126
586 782
586 267
586 74
586 984
586 648
586 168
249 178
78 178
532 14
698 245
698 764
164 322
575 168
178 862
178 470
178 767
178 409
178 228
178 693
178 502
364 764
591 746
851 978
851 280
547 978
547 167
719 738
90 581
90 170
90 283
641 809
784 742
746 214
746 692
170 700
170 581
170 855
395 505
1004 506
1004 29
168 790
168 782
168 313
168 77
168 74
168 356
168 472
168 648
168 416
491 5
855 697
167 978
1001 724
14 738
14 924
14 724
14 506
14 199
465 119
306 742
674 267
239 951
854 62
553 464
485 62
119 2
119 790
119 700
838 493
838 857
280 978
443 152
697 112
697 925
423 646
669 544
724 181
724 228
724 700
758 956
458 577
458 216
458 319
458 956
956 319
956 216
530 24
984 126
62 551
62 513
62 646
5 670
857 267
581 936
493 267
707 951
707 1003
686 577
568 61
602 743
171 933
843 61
790 2
