644 14
275 849
996 199
687 746
658 629
288 561
288 445
288 629
288 493
248 746
535 854
445 629
322 223
322 879
322 164
322 740
322 368
322 343
923 214
923 168
229 769
788 634
329 540
948 586
948 75
31 165
31 316
90 978
90 192
78 422
698 245
698 873
698 231
698 840
698 764
698 540
802 450
274 841
274 817
994 540
994 746
450 746
963 67
416 356
591 746
851 978
851 746
152 443
769 736
629 846
629 561
629 891
629 526
629 280
629 530
629 24
629 160
629 685
629 493
629 360
629 631
629 630
908 765
107 810
429 401
75 334
301 978
15 731
15 284
15 680
323 139
817 978
817 167
377 423
35 978
98 401
170 135
656 920
466 947
575 168
260 168
25 48
423 101
196 454
1004 236
291 401
92 316
1001 506
1001 14
550 546
543 316
543 891
388 509
250 886
659 306
720 680
628 135
957 978
141 978
485 62
581 135
581 742
731 746
731 422
428 165
849 175
83 306
332 586
356 602
356 586
356 946
356 168
356 472
356 721
356 912
356 743
356 30
356 765
926 715
582 764
157 746
157 740
843 407
700 135
700 790
14 924
14 702
465 790
401 165
401 454
526 136
526 360
924 516
392 316
392 267
344 67
344 165
344 316
583 509
424 978
424 421
239 353
239 147
353 951
469 978
954 978
614 978
609 454
609 592
500 762
500 586
500 435
500 334
500 166
500 692
447 586
443 742
774 947
586 294
586 762
586 334
586 782
586 166
586 692
509 638
509 96
540 245
540 193
540 987
540 231
546 721
82 135
502 746
502 530
149 880
795 978
795 421
880 32
880 306
135 870
135 371
135 932
135 746
135 214
135 4
135 942
135 936
988 552
988 978
693 333
693 530
472 782
472 946
126 782
249 0
758 723
758 956
458 48
136 316
680 422
680 284
692 932
692 746
692 334
207 978
956 684
956 844
956 48
971 316
654 991
992 746
992 935
552 978
534 746
776 746
530 746
530 891
142 165
62 214
223 746
471 752
592 454
696 935
200 316
216 48
513 551
421 978
857 165
67 165
48 558
48 319
978 188
978 167
978 547
978 512
284 422
165 990
165 316
775 746
757 936
686 577
413 935
790 812
790 306
790 2
790 168
302 316
415 718
77 168
682 650
381 192
664 192
660 633
271 746
782 912
782 168
338 193
338 633
495 633
205 997
739 746
834 746
104 765
980 718
980 746
935 746
935 668
137 936
742 746
742 306
454 147
454 1003
316 990
920 746
542 746
542 646
721 765
684 746
746 718
746 668
