599 569
580 362
275 175
644 506
644 199
248 506
248 670
248 5
248 921
248 6
248 29
92 915
720 581
720 628
720 587
720 383
720 214
819 329
923 738
923 633
923 881
923 197
923 687
923 940
923 921
462 231
251 245
251 987
605 569
329 624
977 1004
977 32
977 423
977 1001
516 881
802 450
802 40
802 466
952 200
952 543
952 915
952 630
952 971
994 245
994 987
450 61
450 187
450 398
450 40
450 233
450 662
450 306
450 443
450 900
450 742
450 572
450 272
450 692
450 602
587 858
771 374
769 292
866 718
28 987
107 1004
107 670
107 214
107 90
107 335
107 985
573 126
301 851
301 547
301 493
15 731
15 680
511 987
377 696
98 454
98 401
433 245
433 987
371 214
25 499
290 253
915 990
915 200
915 971
915 647
915 428
915 280
915 136
915 857
915 142
915 165
915 543
915 17
915 344
915 302
915 31
915 953
427 399
796 245
594 135
291 454
291 401
332 586
332 318
332 416
582 105
582 364
582 987
445 891
550 534
550 746
543 200
134 454
388 534
388 612
388 299
250 886
78 569
52 45
52 356
52 912
52 868
52 416
141 547
141 851
485 823
150 415
731 214
428 316
885 586
65 850
65 147
324 214
840 170
840 987
157 500
157 586
662 947
662 214
189 127
189 716
110 674
110 112
110 166
110 803
401 454
401 165
401 415
401 429
526 846
526 629
526 561
526 360
837 738
392 630
663 42
663 239
663 951
663 343
883 936
305 356
424 207
424 167
424 547
424 851
424 795
327 381
746 534
746 935
746 233
783 738
783 682
954 978
954 547
954 851
926 147
846 67
846 629
209 356
447 260
294 586
180 958
184 832
241 547
241 851
985 335
540 987
546 534
546 640
795 207
795 167
795 547
795 421
795 851
823 513
135 581
135 628
160 607
160 629
987 245
987 789
987 872
987 641
987 338
987 849
987 873
987 432
987 809
987 764
987 482
987 311
987 361
987 95
987 68
987 531
987 231
987 214
987 56
987 364
987 955
499 704
687 335
687 586
552 978
552 547
552 851
534 139
534 510
230 193
230 214
337 187
337 936
334 159
334 214
334 591
253 566
253 151
482 245
482 531
592 454
333 569
500 586
500 435
500 782
500 2
500 692
58 338
293 718
810 335
421 547
421 851
685 629
685 1001
685 643
67 207
67 165
67 561
67 963
67 344
630 188
630 415
630 629
947 774
538 569
538 502
566 278
165 207
165 31
670 335
670 5
670 553
835 214
40 572
40 187
40 191
607 696
607 61
607 231
607 440
607 692
607 591
309 1
309 97
551 790
847 207
934 595
709 547
709 851
236 335
950 343
260 77
898 90
955 311
955 399
812 790
789 245
188 469
188 978
188 851
188 547
338 245
338 531
0 569
335 29
335 208
335 591
311 697
311 196
311 855
912 984
912 586
912 472
912 214
912 168
719 738
719 159
104 765
887 159
832 936
976 569
137 581
220 214
704 841
704 684
745 738
185 940
185 762
185 742
2 772
2 790
541 506
541 90
541 700
541 199
159 214
159 233
159 997
159 32
454 772
454 429
712 272
712 398
418 105
418 996
738 214
738 881
542 62
612 415
512 547
512 851
561 629
940 214
127 732
24 31
24 629
24 891
718 32
718 980
718 61
531 245
531 231
231 245
231 170
569 862
569 470
569 6
569 710
569 409
569 228
569 767
569 693
569 214
569 249
569 502
791 32
278 61
278 528
256 313
996 506
362 383
658 838
658 629
722 927
722 854
105 374
105 471
737 175
133 648
133 90
544 214
761 881
586 416
586 762
586 765
586 74
586 984
586 356
586 868
586 602
586 168
267 166
267 112
532 881
164 420
164 879
477 310
851 469
851 614
851 824
851 280
851 957
851 817
851 167
851 35
851 207
851 502
851 547
851 978
776 214
629 891
629 214
629 280
629 530
629 493
629 360
629 631
90 862
175 849
784 83
817 547
374 742
35 978
35 547
142 469
523 306
95 245
409 862
86 443
86 152
168 984
168 868
168 356
957 978
957 547
491 5
74 166
356 984
356 868
356 126
356 416
167 978
167 547
1001 724
809 245
868 416
136 200
674 112
344 200
824 547
506 199
469 978
469 547
614 193
614 547
852 214
280 920
443 152
443 214
56 245
697 855
502 862
264 193
881 700
724 246
988 978
692 214
692 233
207 547
971 200
530 891
530 214
984 765
984 762
984 602
656 920
855 581
684 214
696 563
844 214
126 765
581 936
978 547
191 416
648 765
32 862
865 214
112 166
891 360
590 147
171 147
920 214
743 166
743 214
633 193
214 343
214 742
742 91
216 321
