599 178
599 951
644 924
644 506
644 14
644 1001
644 199
275 849
275 175
996 506
687 923
285 147
278 923
248 746
38 309
38 591
445 288
347 147
923 193
923 617
923 890
923 506
923 738
923 951
923 239
923 772
923 235
373 207
48 499
6 951
949 260
948 416
362 912
977 423
267 166
267 586
267 530
698 245
698 873
698 231
698 840
698 764
698 540
164 943
274 920
178 607
178 693
178 231
178 90
178 772
178 862
178 502
178 591
178 629
963 193
963 67
851 530
776 90
629 288
629 2
629 90
629 630
629 530
908 425
90 625
90 718
90 940
90 569
90 166
90 168
90 24
90 416
2 700
175 423
175 849
784 742
784 83
784 306
746 413
746 992
746 935
746 692
746 271
374 46
35 207
98 401
31 165
575 168
497 491
290 566
290 214
506 14
506 541
506 951
506 1001
506 199
381 192
250 854
95 951
291 401
332 586
854 542
66 782
557 168
740 157
266 912
702 516
957 167
957 795
141 630
141 241
485 513
485 62
485 159
491 281
731 284
731 680
74 166
356 912
356 765
356 472
356 602
590 147
281 905
157 686
30 104
662 443
700 790
585 742
401 165
401 415
883 166
814 500
814 586
239 951
516 881
540 231
783 881
469 207
954 207
926 147
609 951
447 586
586 500
586 126
586 782
586 166
586 762
586 984
586 648
586 416
56 482
56 951
349 165
184 193
133 168
482 987
482 951
499 844
499 558
423 246
423 101
423 103
602 721
602 912
602 743
602 765
542 62
232 472
232 168
277 147
101 246
135 932
104 126
810 107
693 951
472 946
472 912
472 765
472 168
692 932
52 782
52 168
207 988
207 558
931 147
552 951
230 147
230 951
530 891
530 24
530 197
530 630
984 762
630 920
200 857
643 335
513 646
685 24
972 147
493 288
355 147
165 316
165 136
288 561
946 425
946 416
686 577
686 147
997 214
416 425
416 633
416 782
416 147
416 168
260 912
891 24
558 319
577 147
171 147
812 790
707 951
159 951
912 214
912 765
912 168
716 718
719 738
319 216
319 1002
933 147
214 951
214 765
168 607
168 790
245 231
951 569
