599 506
275 849
275 175
278 98
92 915
720 628
720 870
720 371
720 581
720 833
720 383
720 304
720 680
720 135
720 170
720 527
720 855
720 4
720 12
720 697
720 587
720 871
720 82
720 456
720 936
923 738
251 987
169 372
439 416
329 135
329 540
329 159
502 607
502 178
502 118
711 293
624 231
699 77
977 1004
977 418
977 1001
977 423
304 441
994 540
994 987
994 231
450 546
771 306
771 901
771 83
771 742
597 738
113 854
28 987
107 670
107 532
107 810
107 98
107 898
107 236
107 713
573 586
301 469
15 731
15 680
15 422
7 810
98 117
98 454
98 401
98 429
98 291
98 707
98 713
98 607
98 134
98 268
98 592
433 987
921 738
371 362
497 281
290 40
915 165
915 971
915 428
915 742
915 142
915 341
915 159
915 344
915 739
915 302
915 31
915 953
915 316
915 990
915 200
915 647
915 136
915 952
915 857
915 543
915 17
427 540
291 429
291 268
291 401
332 782
1001 738
173 541
468 335
320 236
134 738
134 592
388 299
388 334
250 886
250 416
166 704
166 157
659 742
908 765
908 602
141 469
141 362
731 870
428 838
428 857
159 663
159 742
159 978
159 743
159 671
159 209
65 607
405 135
405 170
559 622
559 299
840 698
840 987
157 586
157 684
483 607
189 880
189 236
401 454
401 165
401 415
401 429
526 530
867 335
663 343
663 90
605 228
605 789
540 245
540 698
540 987
540 832
540 955
808 335
783 738
783 682
783 650
954 469
846 67
303 950
447 586
441 4
949 912
949 416
184 710
184 423
184 832
241 469
985 335
482 178
482 531
482 987
546 900
664 335
372 404
78 506
928 881
135 72
135 581
135 942
135 692
135 936
987 245
987 789
987 809
987 872
987 641
987 338
987 849
987 873
987 432
987 764
987 311
987 361
987 185
987 95
987 68
987 582
987 471
987 531
987 231
987 56
987 364
987 955
499 684
687 607
687 617
687 586
654 682
654 650
812 2
812 790
38 322
534 607
534 638
534 102
142 165
334 607
334 178
334 586
125 676
125 622
188 469
188 978
188 988
630 978
630 377
630 530
220 772
879 223
879 322
333 178
333 29
638 96
638 223
58 577
58 338
118 335
810 335
421 424
421 469
421 362
421 795
67 207
67 165
67 561
67 963
67 344
48 684
947 774
566 40
165 207
165 316
165 344
670 335
607 61
607 316
607 127
607 718
607 531
607 612
607 742
607 569
607 591
607 692
650 738
650 682
873 698
709 980
709 851
236 537
236 335
236 1004
236 980
950 514
260 416
381 335
2 119
2 700
2 465
2 77
723 565
795 424
795 469
795 207
795 978
53 416
955 832
939 223
223 96
223 322
77 266
77 575
335 208
335 201
335 175
335 737
335 464
335 688
335 980
335 537
335 643
335 532
335 1004
335 553
335 29
335 5
912 356
912 168
912 214
912 416
13 738
104 765
565 704
952 344
704 362
745 506
682 738
541 738
168 52
168 586
168 782
168 966
168 416
454 147
454 429
454 592
454 268
316 890
316 629
316 415
769 742
517 684
517 586
418 996
738 644
738 14
738 979
738 231
542 586
542 684
542 62
612 633
684 356
684 586
684 458
684 743
684 535
684 319
784 742
512 979
407 843
231 245
231 698
951 572
644 491
644 506
644 199
586 617
586 535
586 111
586 310
586 126
586 743
586 984
586 356
586 377
586 267
362 900
362 228
866 761
866 549
956 758
956 458
956 319
956 790
761 881
532 175
532 553
730 126
698 245
698 764
575 782
178 693
178 646
152 443
851 978
851 980
851 817
732 383
117 268
444 471
629 530
629 214
90 167
90 191
90 199
175 5
817 469
374 953
35 469
170 855
510 622
1 310
618 321
409 506
957 469
491 506
143 696
143 32
143 410
356 52
356 602
167 469
167 978
927 416
572 862
268 633
14 881
306 742
322 343
506 688
506 404
506 192
506 702
52 232
52 472
52 416
469 424
469 547
469 207
280 56
256 416
509 420
788 96
602 765
293 724
266 416
424 207
472 782
458 577
458 918
617 214
146 326
530 891
984 126
984 762
62 646
62 214
596 568
200 136
126 313
581 936
45 227
45 66
905 281
416 313
416 147
925 269
672 844
762 765
214 742
66 227
245 233
918 844
216 321
