437 828
599 693
275 849
275 175
703 771
38 474
38 782
38 324
38 309
38 939
535 854
535 369
445 288
780 950
780 977
780 832
923 617
923 687
923 278
923 738
923 609
923 151
923 772
923 890
229 568
229 742
251 987
424 552
329 775
329 582
948 425
948 416
948 912
948 592
948 120
122 428
977 497
977 950
977 514
977 208
977 1004
977 103
977 418
977 423
516 13
516 828
516 654
516 532
708 377
802 450
802 40
994 987
828 761
828 881
828 924
828 804
828 532
771 90
771 585
771 83
771 306
658 838
28 987
657 506
197 782
197 746
107 381
69 950
69 879
573 126
573 586
15 731
15 680
15 422
377 866
377 423
433 987
575 966
575 472
497 773
118 732
915 607
915 189
915 185
915 341
915 316
332 500
332 318
332 447
332 435
332 74
1001 950
1001 921
173 541
173 428
173 506
173 654
173 90
326 782
720 90
720 935
720 527
720 680
550 546
543 971
134 356
134 592
388 718
388 61
388 591
388 502
388 509
250 607
250 416
659 306
52 782
150 499
731 746
731 284
731 739
731 422
428 165
428 316
428 17
428 159
614 196
614 851
559 622
559 509
840 987
157 607
157 926
483 841
30 936
662 272
189 607
189 410
189 502
401 165
526 160
526 360
392 316
883 772
883 843
883 184
305 946
605 693
327 381
393 843
783 881
783 654
378 950
378 832
926 718
926 591
926 334
846 67
846 561
609 617
609 687
609 890
609 151
609 278
609 592
17 857
447 74
586 500
586 782
586 166
586 383
586 435
586 74
586 762
586 159
586 120
586 602
586 416
294 74
294 416
184 779
133 602
482 990
482 987
546 120
149 585
372 595
101 423
880 707
104 126
104 425
104 721
104 648
104 765
104 936
987 245
987 789
987 872
987 641
987 338
987 849
987 873
987 432
987 809
987 925
987 480
987 311
987 361
987 95
987 68
987 764
987 582
987 698
987 540
987 531
987 231
987 56
987 364
987 955
499 607
499 216
70 159
680 422
687 500
687 718
687 306
687 4
654 738
654 650
654 719
654 924
654 682
654 199
654 13
654 576
552 35
534 772
534 692
534 591
534 334
679 684
142 214
142 857
334 607
334 220
125 622
188 633
188 629
188 24
730 356
730 912
540 925
540 855
540 697
540 231
540 311
540 955
592 454
879 740
500 193
500 762
500 126
500 782
500 814
232 946
669 772
810 335
810 7
685 643
435 267
423 246
423 103
67 207
67 165
67 561
67 963
67 344
48 684
369 485
391 288
502 607
502 61
502 231
502 772
502 178
165 207
165 316
165 136
165 344
165 31
165 857
670 553
271 668
946 425
40 53
607 127
607 718
607 530
607 343
607 746
607 591
366 318
236 537
950 514
950 832
950 103
381 506
558 956
723 758
723 41
723 73
166 743
166 74
166 517
166 416
676 622
53 193
53 715
53 850
850 738
850 120
955 773
789 2
223 164
338 231
759 74
0 710
335 262
634 788
634 509
159 443
159 214
159 62
159 416
752 306
13 532
912 425
912 356
912 782
912 416
716 90
735 84
832 514
976 349
976 410
935 746
935 668
952 344
952 200
952 316
952 120
704 565
704 684
704 844
541 506
541 199
120 834
316 136
316 990
517 602
418 105
418 996
425 721
425 196
425 416
684 565
684 458
684 844
684 318
684 321
190 191
663 649
663 951
561 288
127 718
127 724
24 530
24 891
24 90
565 41
718 61
718 243
668 746
231 245
231 2
951 239
909 362
278 890
996 506
996 14
996 199
362 383
743 111
522 61
737 440
956 672
956 758
813 746
794 854
111 782
267 674
267 112
267 530
532 175
164 638
629 90
629 288
90 746
90 1003
2 790
2 961
175 849
817 547
35 239
170 855
510 622
542 746
854 485
168 782
168 790
41 758
581 742
74 984
74 674
74 112
943 310
356 416
356 648
590 171
410 724
572 772
700 638
700 790
14 924
14 702
638 790
288 493
288 630
288 530
506 508
506 199
506 576
220 75
485 62
800 62
772 862
772 547
772 293
772 75
838 530
443 214
697 925
697 855
602 782
740 84
881 804
693 228
758 918
692 746
692 191
692 233
207 136
530 61
62 551
62 214
62 646
5 491
126 782
126 790
595 746
648 790
648 782
648 765
648 416
416 790
416 782
416 147
900 742
746 920
746 214
568 379
171 214
843 61
843 779
214 147
868 790
721 765
