599 178
275 327
275 849
275 175
703 771
535 927
535 513
535 113
535 823
720 680
720 587
720 383
720 316
720 855
780 514
923 738
923 915
923 159
923 214
462 617
373 190
373 445
898 335
251 506
169 595
424 207
424 421
424 795
329 245
38 638
38 388
38 832
38 410
38 189
506 783
506 644
506 5
506 996
506 90
506 775
506 199
802 450
802 61
994 531
450 443
450 61
450 159
450 306
450 662
416 868
416 586
416 256
416 313
416 104
416 762
416 111
416 294
416 159
416 472
416 133
416 927
416 648
416 592
416 168
771 697
771 901
771 82
771 83
769 105
658 92
658 891
107 316
573 500
573 356
573 586
573 765
235 239
106 229
377 16
98 134
98 592
98 429
98 268
98 401
433 738
575 782
575 912
575 814
497 977
25 458
290 499
290 589
915 687
915 316
915 428
915 591
915 142
647 316
647 24
291 134
291 429
291 268
92 847
92 31
92 415
92 316
1001 607
1001 977
1001 299
445 353
445 24
445 891
550 61
550 546
543 316
557 586
134 454
134 592
250 927
78 178
659 306
896 700
896 18
141 469
469 851
731 316
428 316
428 142
159 920
159 712
159 214
159 742
159 40
159 912
324 415
840 698
840 540
483 190
30 868
30 313
662 90
662 214
662 443
189 249
189 127
401 429
401 165
401 1003
401 415
526 160
526 891
837 783
32 316
32 381
32 249
32 127
32 977
32 0
32 432
32 418
32 365
32 19
32 777
32 170
32 843
32 236
32 380
305 472
605 178
605 228
327 90
657 173
783 738
783 682
378 514
926 748
846 67
846 739
846 891
846 561
568 379
111 586
294 586
679 684
540 698
540 697
540 231
540 855
795 207
795 421
795 547
850 738
850 316
212 214
101 246
880 707
135 61
135 549
160 838
160 891
987 316
654 738
977 969
977 1004
977 423
977 921
977 418
534 638
534 663
534 510
142 316
589 383
334 607
334 220
125 622
499 565
499 684
220 75
333 178
333 19
232 126
118 532
685 891
435 500
435 332
67 207
67 165
67 561
67 963
67 344
630 891
48 458
602 356
602 586
538 178
991 178
165 316
165 344
165 31
165 857
40 90
40 316
607 500
873 698
847 207
934 595
302 316
364 582
950 514
260 912
260 168
381 14
173 10
173 541
918 168
166 356
166 586
166 74
676 622
53 193
53 633
955 311
812 746
812 119
789 56
431 316
0 178
0 732
295 178
113 927
976 178
13 738
912 356
912 586
912 472
912 214
912 168
912 77
311 697
104 765
565 684
935 746
952 344
952 200
952 316
323 42
323 622
547 167
547 851
2 790
2 119
168 52
168 472
168 782
168 266
454 429
454 268
454 592
316 971
316 629
316 344
316 739
316 31
316 978
316 502
316 190
316 990
316 200
316 136
316 857
316 544
316 17
316 569
517 478
517 112
517 256
517 313
517 648
517 267
517 186
103 514
418 105
418 996
738 531
542 927
542 762
684 321
684 844
684 318
684 458
784 83
190 353
190 629
663 343
561 629
561 891
127 904
127 404
127 491
127 595
127 325
127 999
318 356
746 193
746 413
746 900
746 692
746 591
332 500
718 916
718 866
718 61
531 641
531 482
692 214
770 927
770 472
644 199
256 313
256 112
256 478
256 648
256 267
256 186
996 633
362 922
743 193
722 927
761 881
6 178
586 500
586 126
586 762
586 765
586 984
586 356
823 927
823 513
267 478
267 112
267 891
267 186
267 313
267 648
267 530
532 688
532 5
698 245
698 231
698 764
369 927
369 513
178 470
178 710
178 862
178 767
178 409
178 228
178 693
178 249
178 502
851 978
152 443
117 268
444 927
629 891
629 24
629 530
90 891
90 927
713 268
817 978
510 622
767 29
120 927
143 24
399 622
356 762
356 472
356 868
356 765
167 988
927 485
927 191
927 513
927 854
927 551
927 592
927 646
268 633
268 592
14 702
465 119
322 879
803 112
516 700
353 891
119 790
119 700
772 75
280 24
280 891
947 774
443 61
697 855
697 925
423 246
502 231
266 77
693 228
472 782
623 214
478 313
478 648
727 951
530 891
890 193
631 891
186 112
186 313
186 648
857 214
648 112
648 313
648 765
865 214
112 313
891 493
891 360
891 24
577 147
590 171
879 606
782 790
313 765
24 739
920 656
231 245
700 790
909 528
