268 117
599 569
278 983
512 708
580 862
256 356
256 472
362 383
703 581
703 443
703 40
703 135
423 103
423 977
658 629
248 135
248 670
248 692
535 369
722 927
780 950
737 849
737 175
923 687
923 591
923 609
462 542
462 670
462 450
930 326
622 125
424 207
424 990
424 421
424 795
6 569
6 670
586 984
586 500
586 356
586 294
586 166
586 648
586 267
586 168
307 159
307 692
983 196
249 569
122 718
38 69
532 13
164 548
58 909
116 159
450 135
450 572
450 670
450 398
963 67
587 40
587 720
591 542
591 502
851 135
851 552
851 670
61 718
61 398
769 692
866 189
866 718
866 377
629 846
629 493
629 891
629 526
629 136
629 561
629 280
629 685
629 530
629 24
629 160
629 202
629 894
629 360
629 631
629 630
90 927
90 191
90 692
90 742
641 809
682 850
682 650
682 654
75 165
75 609
75 220
15 731
15 680
646 485
646 62
749 220
746 692
746 935
746 334
568 229
377 605
377 718
377 457
377 772
377 630
377 422
98 454
98 713
170 231
31 165
575 168
310 322
984 447
290 253
290 891
720 617
720 731
720 4
720 12
720 855
720 680
915 135
915 428
915 17
1 548
409 569
647 428
491 461
491 977
594 135
291 454
638 548
1001 685
1001 724
842 702
62 542
543 428
853 322
557 168
134 454
134 592
388 951
388 322
250 927
250 607
898 808
347 966
347 168
52 126
628 135
907 127
381 327
581 135
581 329
581 855
731 696
731 422
399 548
65 920
65 530
65 191
65 891
65 927
65 220
65 120
324 612
324 369
167 469
713 454
840 540
840 318
157 542
157 670
927 444
927 191
927 609
927 515
927 823
927 607
927 854
927 147
927 592
927 120
572 696
980 135
980 718
30 104
30 942
30 356
30 765
30 168
662 193
662 40
662 112
189 716
189 718
189 410
189 214
700 812
700 2
700 151
260 232
260 762
260 912
260 77
260 168
401 454
401 165
526 561
526 360
344 67
344 165
566 253
900 742
322 223
322 534
322 663
322 548
322 343
803 517
605 569
605 506
239 609
506 783
506 364
592 454
548 46
540 245
540 697
540 231
808 752
783 738
783 670
469 207
469 630
92 207
341 135
846 561
209 602
609 454
609 707
609 214
609 633
609 772
500 356
500 159
500 214
500 782
500 435
772 454
280 631
303 950
303 343
904 718
904 479
953 207
727 180
443 742
232 168
184 333
499 684
317 692
82 135
502 135
502 569
502 890
502 228
740 832
118 0
542 812
542 718
542 670
542 334
850 804
120 454
77 2
77 912
77 356
77 168
135 870
135 534
135 530
135 942
135 292
135 920
135 371
135 834
135 718
135 531
135 692
135 4
135 364
160 159
693 569
472 356
472 912
472 168
472 313
472 743
472 602
458 25
458 684
458 704
458 48
680 12
680 707
692 334
692 607
692 775
687 127
687 334
207 67
207 847
207 795
710 569
654 650
654 991
812 790
552 951
383 311
383 185
383 589
530 630
530 493
530 891
530 24
530 561
530 631
530 685
78 5
337 505
678 696
859 765
334 220
253 151
630 493
333 569
333 743
714 712
844 672
844 684
293 718
643 685
228 569
421 795
857 428
857 17
754 718
67 165
470 569
48 684
45 66
369 951
32 24
602 416
538 569
890 607
607 231
873 231
2 790
847 428
595 718
648 166
416 168
862 569
950 514
950 103
558 565
356 684
356 912
356 743
356 168
53 159
925 429
17 428
771 137
159 214
159 940
672 922
223 670
223 343
313 765
0 569
976 569
670 517
670 742
13 743
912 168
716 718
191 415
987 531
935 966
137 936
724 718
933 966
885 168
704 214
429 454
868 765
216 321
663 343
