599 569
599 178
580 582
275 327
275 849
275 175
703 771
285 571
248 90
535 369
720 855
720 617
720 12
720 383
720 587
720 833
720 680
780 514
347 966
923 617
923 290
923 159
462 833
251 987
251 410
424 207
424 990
424 421
424 795
329 849
329 233
977 423
802 607
802 450
994 987
994 410
994 582
994 120
450 900
450 61
450 571
450 272
450 572
450 662
771 659
771 784
866 718
866 423
28 987
107 664
107 464
69 343
573 586
301 978
301 493
15 731
377 457
377 718
377 101
377 423
377 184
98 707
98 429
98 592
98 713
433 641
433 482
433 789
433 987
433 410
153 410
371 585
25 458
290 253
290 687
290 159
290 214
858 614
915 142
915 189
915 200
915 316
915 136
915 647
915 428
915 120
915 630
915 857
427 955
19 718
291 429
332 782
332 435
582 674
582 987
543 316
134 178
134 850
134 592
740 879
250 927
78 569
78 178
659 306
908 743
908 30
908 765
469 978
469 851
731 584
731 572
731 284
731 680
428 838
428 316
885 571
65 607
405 170
559 402
559 622
559 50
840 698
840 987
483 569
483 220
483 471
30 313
662 443
189 920
189 718
189 410
189 724
189 969
189 114
401 429
401 165
401 683
401 415
526 629
526 530
526 267
837 410
663 950
663 399
663 571
663 343
605 569
605 178
393 61
783 738
783 208
783 506
783 682
92 316
846 67
846 629
846 561
609 927
609 1003
439 260
568 379
447 586
294 586
540 698
540 987
540 231
317 692
807 306
850 752
850 996
850 924
647 24
647 316
101 246
101 718
135 337
135 742
135 549
135 90
135 581
135 170
135 292
135 692
135 120
160 571
160 629
160 530
160 857
987 245
987 789
987 809
987 872
987 641
987 338
987 849
987 873
987 432
987 764
987 482
987 311
987 361
987 95
987 68
987 531
987 231
987 56
987 364
987 955
499 607
499 687
499 321
499 758
499 684
499 191
687 607
687 754
687 159
654 738
654 682
754 718
38 474
38 939
534 607
534 102
534 571
776 571
142 316
337 32
337 505
589 752
334 607
334 940
334 696
334 75
253 566
253 151
223 343
630 167
630 188
630 629
592 927
592 454
592 713
333 569
333 178
500 782
500 814
500 435
232 77
293 724
685 629
685 1001
685 724
435 586
435 267
67 207
67 165
67 561
67 963
67 344
48 458
48 90
369 927
369 513
947 774
538 569
538 178
165 31
165 316
870 571
732 0
607 696
607 178
607 306
607 127
607 718
607 531
607 231
607 742
607 569
607 612
607 591
607 692
607 502
97 84
650 738
650 682
650 410
873 698
2 45
2 66
777 410
934 595
302 316
236 208
236 1004
260 74
260 416
260 266
260 77
260 168
381 192
558 758
558 844
723 758
166 586
166 743
188 978
0 569
0 178
295 569
295 178
113 927
159 62
159 544
159 214
159 940
159 233
159 29
159 502
335 537
912 77
912 472
716 718
104 126
976 569
976 178
935 413
935 746
935 571
952 200
952 316
969 178
969 410
704 458
704 743
323 139
682 738
541 16
541 410
120 927
120 343
454 927
454 429
316 990
316 971
316 90
316 136
316 257
316 344
316 17
316 200
316 857
316 31
316 629
103 423
418 105
418 996
738 14
542 62
542 571
542 823
684 458
684 318
684 571
415 522
561 629
561 493
817 978
565 178
565 216
718 16
718 61
718 90
718 724
718 595
231 178
231 698
951 552
951 707
569 862
569 470
569 991
569 710
569 767
569 409
569 228
569 6
569 693
569 249
569 502
770 927
644 506
644 14
644 199
256 313
996 506
122 410
658 838
658 629
658 267
522 61
722 927
137 936
710 178
761 700
6 178
586 984
586 416
571 910
571 277
571 900
571 742
571 62
571 394
571 161
823 485
249 178
267 112
267 629
243 61
698 245
698 764
274 181
178 470
178 991
178 75
178 502
178 862
178 409
178 228
178 762
178 767
178 693
152 443
591 502
851 978
161 272
444 927
629 891
629 280
629 530
629 24
629 493
629 360
629 631
90 220
90 927
90 765
90 843
90 199
175 423
175 410
175 849
746 692
35 978
170 697
170 855
510 42
86 443
796 724
168 782
168 868
168 472
168 77
581 936
581 855
143 696
399 343
849 423
356 126
167 181
167 978
167 214
1001 410
410 16
410 924
410 482
927 485
927 191
927 513
927 413
927 633
927 854
927 416
868 765
465 812
283 214
306 742
674 112
322 343
812 700
812 790
812 119
506 208
614 988
838 493
280 530
164 368
443 272
443 742
423 246
502 228
881 14
724 246
724 181
724 14
277 686
988 978
472 782
472 313
472 416
758 956
758 918
692 742
692 233
956 844
971 200
530 61
530 891
530 360
530 24
62 646
62 214
844 672
126 782
181 61
45 66
978 547
707 193
272 900
272 595
648 313
648 765
32 214
112 646
233 214
91 315
