866 718
599 569
599 710
580 143
248 550
248 915
248 157
38 159
535 684
535 854
535 75
347 933
347 577
347 966
923 500
923 53
923 541
229 483
229 306
373 190
818 438
818 58
605 333
605 470
605 693
605 293
605 377
605 569
605 228
329 624
624 245
624 364
977 153
977 996
977 418
516 790
708 718
450 712
450 159
769 742
113 854
107 5
107 118
573 868
301 978
301 656
15 731
15 680
15 406
15 422
106 634
865 90
377 607
377 423
98 429
98 592
656 190
656 920
575 232
260 790
260 77
260 416
915 920
915 316
915 629
915 428
915 356
915 75
915 542
915 718
915 765
915 472
915 157
915 684
915 912
915 980
915 168
427 955
796 143
291 454
291 429
291 1003
291 268
291 401
332 500
1001 14
550 443
550 546
550 75
134 592
134 515
250 854
702 644
702 14
702 842
617 714
617 75
141 978
141 188
469 207
469 978
469 954
150 415
731 422
428 316
885 648
65 220
462 75
614 978
840 698
157 542
157 684
483 607
30 135
30 356
30 765
30 936
662 443
662 572
662 267
189 1004
189 75
189 236
401 454
401 429
401 165
401 415
526 629
526 360
392 838
424 978
424 990
424 795
327 381
548 164
540 698
540 697
540 987
540 955
783 719
954 978
926 308
846 629
209 356
439 168
303 103
303 343
294 817
180 958
184 607
184 393
482 569
546 443
82 135
149 101
795 978
795 421
372 572
135 628
135 870
135 581
135 75
135 692
160 629
160 630
987 588
987 872
987 955
499 607
499 687
499 956
499 321
499 48
499 558
499 918
499 684
499 844
687 607
687 718
552 978
534 64
534 174
142 267
859 356
859 743
859 472
334 607
334 718
334 75
188 978
188 421
630 838
630 415
630 629
592 927
592 454
592 199
333 470
638 862
638 634
421 978
685 629
685 643
435 500
788 634
788 832
72 159
48 672
48 684
48 558
132 842
369 556
369 854
369 263
602 416
165 31
670 75
670 175
704 458
704 684
704 743
704 321
406 12
40 26
40 147
40 712
40 159
415 569
415 191
415 833
415 220
607 91
607 927
607 231
607 75
607 591
309 1
551 854
873 698
873 955
366 972
950 103
308 748
381 362
558 207
558 319
558 956
558 321
558 458
558 216
558 844
558 318
558 684
173 541
53 443
53 75
871 628
955 773
955 925
955 311
789 470
223 663
223 214
223 75
338 951
0 732
495 159
634 299
159 712
159 565
335 532
311 697
912 416
13 719
719 738
719 410
832 103
935 966
952 200
894 629
185 762
2 790
2 75
168 472
168 416
454 429
712 398
517 478
517 854
517 112
517 256
517 684
517 648
517 267
517 186
517 61
103 514
418 105
418 996
542 854
542 684
542 62
612 64
945 75
684 586
684 743
684 356
190 274
190 891
190 353
190 629
190 471
663 706
561 631
561 629
407 843
24 629
24 547
24 530
24 891
718 916
718 246
718 530
718 404
718 980
718 591
718 502
478 267
478 256
951 569
951 214
569 470
569 293
569 749
569 862
569 502
644 506
644 14
644 199
256 356
256 313
256 112
256 648
256 267
256 186
256 416
996 506
362 922
658 838
658 267
658 629
722 854
737 537
6 75
586 984
586 356
586 854
586 383
586 267
823 854
574 356
267 530
267 112
267 648
267 186
698 245
698 231
698 764
164 420
164 174
274 920
274 167
851 920
851 978
444 854
629 493
629 891
629 136
629 280
629 530
629 193
629 360
629 202
629 631
90 742
175 849
175 5
784 660
749 56
817 978
35 978
249 470
537 440
409 470
854 485
854 646
854 513
854 62
854 61
957 978
174 505
581 692
143 872
966 933
966 171
356 868
356 743
356 765
356 762
356 416
167 862
167 978
868 762
868 416
14 365
14 924
14 506
136 200
924 199
322 64
220 75
320 843
280 920
443 193
774 947
56 193
697 925
697 855
724 246
77 556
988 978
659 306
472 743
758 918
207 978
530 920
530 891
984 762
890 500
890 714
714 193
696 360
493 978
978 547
686 577
648 762
416 762
112 631
830 193
568 379
171 933
782 500
313 765
214 147
214 765
214 742
700 790
216 321
936 765
