599 569
275 849
275 175
275 737
703 90
285 147
285 915
248 506
535 927
535 542
535 500
535 823
720 617
720 628
720 587
720 680
347 147
562 510
229 769
229 343
229 306
373 353
251 987
242 994
242 540
439 77
329 769
711 843
977 497
977 702
977 1004
977 796
977 423
977 1001
977 418
516 532
994 540
994 987
450 272
450 947
771 769
771 901
769 835
769 692
769 772
769 2
769 83
769 443
769 873
769 159
769 152
769 233
769 400
769 993
769 95
769 306
769 86
769 135
769 581
769 506
769 231
769 951
769 863
769 901
769 364
769 659
769 120
113 927
28 987
197 987
301 658
15 731
15 680
15 422
511 987
377 522
98 454
98 592
433 987
466 712
575 472
308 748
308 147
290 253
290 147
290 614
290 159
290 214
858 160
915 200
427 245
427 343
427 510
427 388
427 955
291 454
291 401
332 500
332 782
1001 685
1001 724
468 808
557 168
134 454
250 927
250 886
659 742
659 306
896 281
141 978
485 927
731 739
731 563
731 422
428 31
428 122
159 500
159 695
159 214
159 609
159 940
159 283
159 542
159 551
159 56
159 334
159 927
159 220
65 687
840 987
157 356
843 718
843 127
30 356
30 256
30 765
662 443
662 86
189 249
414 891
110 112
401 454
401 429
401 165
401 415
526 658
526 629
526 530
526 360
837 738
883 32
305 912
605 470
605 502
605 693
605 228
327 381
548 164
540 193
540 987
540 231
540 697
281 127
783 738
783 682
954 547
926 715
926 147
926 590
846 629
294 762
294 586
294 817
294 166
294 416
180 958
184 710
184 779
482 569
482 987
482 847
953 207
953 658
149 790
149 716
795 424
795 207
795 421
850 738
823 927
823 542
823 369
101 423
880 193
135 569
135 628
135 942
160 629
160 891
160 658
160 530
160 857
987 245
987 789
987 872
987 772
987 338
987 849
987 873
987 809
987 764
987 311
987 361
987 95
987 68
987 588
987 582
987 432
987 641
987 531
987 231
987 56
987 364
987 955
499 723
499 956
499 321
499 704
499 558
499 565
687 334
654 682
654 650
944 267
534 510
230 147
230 214
510 939
510 139
510 524
510 622
510 174
510 322
510 154
510 489
510 477
510 125
510 102
510 206
589 383
334 607
334 356
334 75
125 622
681 718
188 469
188 978
188 658
188 988
646 927
102 950
630 920
630 530
630 493
630 629
592 927
592 454
638 164
232 260
151 253
118 365
685 530
685 629
435 193
435 500
67 963
67 344
67 207
67 165
48 956
369 927
947 774
538 693
566 253
165 31
165 316
670 506
274 190
274 772
274 658
40 272
40 695
40 147
607 356
607 546
650 682
873 697
847 569
847 424
847 207
847 408
260 77
260 472
558 684
166 984
166 500
166 586
166 782
166 743
166 416
53 311
53 56
53 343
372 595
789 470
223 343
431 988
335 532
335 29
311 697
912 472
912 356
912 77
912 214
912 168
716 127
716 249
629 658
629 561
629 891
629 280
629 24
629 530
629 493
629 360
629 631
832 710
565 704
935 746
935 90
704 356
323 139
682 738
502 228
168 500
168 472
168 126
168 77
168 416
454 890
454 772
454 429
316 857
517 674
517 586
542 927
542 854
190 920
190 181
190 772
190 353
190 656
990 658
990 31
663 343
561 207
561 658
561 585
127 718
127 16
127 724
127 114
127 904
833 549
817 658
718 61
718 522
231 245
231 170
951 171
569 862
569 356
569 415
569 32
770 927
644 506
996 506
658 92
658 408
658 493
658 280
658 207
658 142
658 167
658 35
658 631
658 656
658 647
658 136
658 24
658 547
658 360
722 927
737 849
737 175
710 423
761 700
6 506
586 984
586 854
586 782
647 24
249 1004
921 506
364 506
851 167
152 443
444 927
719 410
90 841
90 500
90 361
90 920
90 226
641 56
2 790
2 814
2 891
175 423
175 849
746 692
374 306
35 978
170 697
31 200
31 92
86 443
854 927
143 8
356 472
356 743
356 602
167 978
582 764
410 16
410 14
410 56
927 772
927 513
927 551
868 765
868 416
136 207
674 803
344 838
322 420
506 461
506 199
506 5
506 29
353 891
469 988
469 978
469 207
772 75
443 214
443 602
443 743
697 925
697 855
423 246
602 126
669 844
277 147
27 147
692 742
692 233
207 92
956 321
971 200
383 528
530 360
984 500
62 500
126 700
126 416
45 227
686 147
595 700
112 700
227 66
891 214
577 147
590 147
171 147
782 500
972 147
739 193
739 528
933 147
214 765
742 765
742 306
700 61
203 306
306 193
