599 333
599 569
599 409
275 327
275 316
852 214
720 214
780 638
780 514
819 329
923 193
923 239
923 738
923 214
923 951
923 134
923 231
923 921
923 880
229 306
373 190
251 159
169 372
605 333
605 228
605 569
329 582
38 638
506 404
506 996
506 670
506 541
506 381
304 4
729 377
994 245
994 338
994 433
994 56
450 40
450 572
450 272
450 712
416 356
416 112
416 256
416 90
416 126
416 294
416 166
416 313
416 868
416 260
771 769
771 742
771 798
771 863
658 280
658 629
658 142
107 98
107 890
107 214
107 90
978 890
573 112
15 731
106 638
377 866
98 117
98 278
98 454
98 134
98 707
98 592
98 268
656 190
656 838
656 280
921 1004
260 949
260 912
260 168
260 77
290 159
290 214
858 239
858 165
915 280
427 955
291 134
291 454
582 764
582 311
173 541
445 280
550 742
550 526
853 638
853 164
557 356
134 454
134 356
134 592
740 638
740 891
740 157
250 880
659 306
617 159
469 207
731 584
731 284
731 214
731 422
885 294
885 256
324 638
324 334
324 214
324 362
324 84
324 534
324 591
559 402
559 622
559 50
157 147
157 686
157 356
843 407
843 779
843 393
30 356
30 912
30 942
30 232
30 313
30 765
30 168
189 470
189 904
189 114
189 652
189 716
189 6
189 0
189 1004
189 718
189 365
189 410
189 595
189 249
189 201
189 236
401 454
401 165
401 415
526 280
526 629
392 267
305 356
424 280
327 849
327 381
783 738
783 654
378 514
846 67
846 280
846 629
846 561
209 356
609 528
863 784
447 294
299 638
299 509
889 126
294 313
294 256
133 52
133 356
499 684
199 90
807 951
795 207
850 193
850 90
822 638
822 509
104 356
104 765
160 280
160 360
160 629
160 857
987 214
901 552
680 790
680 422
687 586
687 214
654 738
654 682
654 650
654 991
346 638
241 280
142 280
142 630
111 52
111 586
334 607
334 586
334 61
334 214
334 502
223 638
223 343
292 135
630 280
630 685
630 629
333 862
333 470
333 6
333 710
333 409
333 228
333 78
333 0
333 767
333 693
333 569
333 312
333 249
333 538
333 502
500 586
500 435
232 912
232 472
232 168
293 280
293 724
810 90
421 280
421 188
685 280
685 629
685 1001
685 724
435 782
435 586
788 638
67 963
67 165
67 207
48 319
947 774
284 422
538 569
991 569
991 61
165 257
165 316
165 344
165 31
670 553
704 41
835 214
40 572
40 187
40 214
607 75
607 415
607 935
607 502
650 90
934 595
236 977
950 638
950 514
950 322
371 214
381 1001
723 758
723 41
723 73
166 762
166 602
676 638
53 890
955 773
955 925
812 52
812 700
812 790
188 280
0 569
422 696
422 280
295 569
634 638
113 542
976 569
752 220
335 1004
311 697
912 949
912 868
912 472
912 743
912 356
912 168
735 638
135 628
135 415
135 214
135 362
135 581
135 942
135 936
832 638
832 514
832 16
935 413
952 344
952 200
220 214
393 201
185 762
429 454
168 586
168 356
454 951
454 592
517 772
517 356
517 61
517 112
517 803
103 638
103 514
103 343
103 423
103 310
418 977
418 996
349 838
738 214
922 585
684 214
661 692
190 890
190 274
190 353
190 181
514 638
990 178
990 280
663 649
663 343
561 280
561 629
940 214
127 890
24 280
24 629
565 41
718 61
718 980
718 90
531 306
231 245
231 693
231 502
951 239
951 159
951 214
951 706
569 470
569 710
569 862
569 767
569 409
569 228
569 78
569 6
569 693
569 214
569 249
569 502
7 737
278 214
319 216
319 386
256 313
256 356
256 74
996 977
743 356
743 214
743 602
105 233
737 440
737 849
971 344
586 762
586 356
893 120
647 838
647 280
31 280
78 502
532 516
730 868
730 356
164 638
164 322
274 920
178 772
178 214
178 502
963 159
591 502
851 280
851 547
851 61
547 280
776 214
629 267
629 280
629 493
629 891
629 214
629 360
629 631
629 415
90 537
90 61
90 112
90 765
90 443
90 464
159 443
159 56
159 551
159 214
159 784
159 633
784 742
35 207
35 280
510 638
542 485
542 62
537 440
1004 977
42 638
767 201
143 696
74 648
356 515
356 313
356 984
356 648
356 602
356 868
356 61
356 765
356 762
356 472
1001 977
927 413
927 592
700 890
700 235
14 881
136 344
136 200
322 638
322 879
322 343
239 633
592 713
353 891
485 513
485 62
638 1003
638 139
638 509
638 84
638 388
638 96
638 310
638 890
638 343
280 530
280 891
280 631
280 953
280 920
280 493
280 360
280 32
443 214
443 152
56 482
697 925
697 855
423 977
502 118
502 693
724 246
458 577
692 61
692 214
544 214
530 891
530 214
880 707
62 646
696 61
45 66
493 891
515 214
187 568
413 214
790 595
267 112
865 214
891 360
660 306
920 214
214 844
742 306
942 765
868 765
216 321
