580 544
275 175
278 98
278 923
248 746
92 316
92 647
445 891
445 288
819 329
923 151
373 207
169 595
439 912
439 416
329 910
329 587
624 231
38 324
516 924
516 850
304 4
802 362
994 540
994 746
994 582
450 746
450 695
450 187
450 40
450 947
450 530
587 834
587 617
771 82
771 306
28 809
197 850
107 335
107 98
107 75
15 584
15 680
106 399
377 423
98 117
98 401
98 429
98 291
98 707
98 713
98 454
98 134
98 268
98 592
921 850
921 231
371 4
371 135
25 723
25 684
25 844
25 956
25 558
858 991
915 724
915 165
915 200
915 316
915 280
915 157
915 428
915 142
915 136
915 952
915 857
535 159
535 334
1001 850
1001 506
1001 14
1001 644
173 850
543 316
557 168
134 614
134 592
226 440
266 168
195 595
702 850
702 14
469 207
731 746
428 990
428 316
885 294
320 843
840 698
157 746
30 356
30 313
30 765
662 443
144 544
189 249
401 415
401 196
526 2
526 280
837 850
392 517
392 316
605 228
327 850
657 850
657 506
783 738
783 850
209 356
609 592
609 742
17 316
447 586
447 294
441 4
949 168
949 416
294 984
294 104
294 586
180 727
540 698
540 231
58 909
82 135
149 249
795 424
795 207
372 595
823 485
823 62
823 542
928 761
135 628
135 870
135 233
135 581
135 746
135 718
135 4
135 170
135 692
135 120
987 641
70 633
70 91
680 707
680 284
687 746
654 991
977 249
534 746
534 388
534 139
142 316
337 505
337 509
334 542
334 159
334 220
188 280
499 73
220 75
638 700
638 164
638 634
232 178
232 416
232 313
232 472
232 168
669 544
810 335
421 424
435 782
435 586
435 267
435 500
67 963
67 344
67 207
48 458
132 842
502 178
502 746
538 228
538 693
991 178
991 614
991 61
165 207
165 990
165 316
477 139
477 310
309 1
650 850
873 698
302 316
236 249
950 663
950 343
260 912
260 168
260 472
260 416
381 670
381 532
381 29
558 918
558 565
558 684
558 844
558 318
558 458
723 844
723 91
898 175
402 788
37 313
37 168
850 644
850 719
850 682
850 199
850 738
850 13
850 761
850 14
850 996
850 881
850 506
850 924
850 745
850 541
850 576
223 663
759 912
0 249
495 633
740 788
159 194
159 369
159 940
159 963
159 388
159 530
159 713
13 506
912 356
912 74
912 91
912 416
912 168
716 595
716 249
104 126
104 721
288 561
288 493
887 383
565 458
565 684
565 91
935 413
935 746
935 62
952 200
952 316
704 684
541 506
541 719
454 592
316 971
316 349
316 344
316 31
316 953
316 990
316 200
316 647
316 136
316 267
316 857
316 214
517 530
418 105
418 996
738 231
425 908
684 956
684 318
684 267
684 746
684 321
684 918
684 758
684 458
684 844
235 951
990 957
663 890
663 343
561 658
561 280
24 280
24 891
332 586
718 746
718 61
231 245
231 698
231 2
918 844
970 506
644 924
644 506
644 199
996 506
761 881
6 249
586 415
586 416
586 267
647 280
267 112
267 891
267 530
730 868
698 245
698 764
274 841
274 181
274 630
178 280
591 530
851 280
547 280
547 493
444 513
444 62
719 506
719 410
90 506
2 700
2 790
175 1004
175 5
175 849
713 592
746 700
746 920
746 742
746 775
746 542
746 530
746 739
746 980
746 692
35 207
170 697
249 409
249 201
249 1004
249 410
249 595
249 114
537 440
86 443
168 472
957 951
581 692
143 544
74 166
356 313
356 790
356 472
356 721
356 602
590 171
410 14
572 32
14 506
306 742
630 530
506 199
506 890
485 542
485 62
500 814
280 920
280 530
280 360
280 32
280 631
443 152
416 91
416 472
602 721
388 310
118 867
77 91
988 207
472 782
758 844
758 91
458 321
458 844
692 191
692 233
207 493
544 8
544 563
383 530
530 493
530 891
62 542
62 551
5 29
200 136
126 868
471 272
181 167
688 670
91 844
568 379
672 844
743 166
429 343
868 790
844 321
