599 976
644 506
644 14
644 702
644 173
644 924
644 1001
644 199
319 499
319 216
319 386
580 383
256 885
256 416
996 418
362 189
362 191
779 843
278 98
278 609
661 700
445 891
105 418
347 935
923 633
923 910
923 159
923 609
373 190
373 207
934 595
840 698
931 577
761 924
761 516
761 881
439 949
439 912
439 168
6 189
586 267
586 762
586 885
586 294
586 260
586 126
586 435
586 517
586 447
586 77
586 159
502 746
502 724
823 542
823 62
249 189
249 470
904 189
122 127
977 950
977 32
977 1001
267 190
267 316
267 166
267 517
267 684
267 530
532 790
532 381
730 30
698 245
698 873
698 231
698 764
698 540
802 159
575 912
274 190
274 181
116 772
178 862
178 189
178 188
178 231
178 418
178 692
178 75
963 67
152 443
526 280
851 978
851 724
771 863
117 98
90 890
90 912
2 700
2 517
2 790
605 228
301 978
713 98
106 740
746 700
746 692
746 935
746 530
746 630
568 660
993 534
374 306
377 423
808 5
808 29
35 978
35 280
98 707
98 107
98 134
98 268
98 592
656 190
656 280
466 947
685 643
921 101
537 107
537 664
25 684
25 558
858 991
915 724
915 696
915 647
915 120
915 91
915 136
915 530
915 142
381 643
381 664
618 499
618 321
1004 189
1004 320
1004 423
491 5
491 724
291 454
332 52
332 500
332 191
332 782
332 166
332 250
1001 14
1001 541
42 402
42 70
723 565
723 499
722 517
543 991
134 592
388 334
78 409
702 14
5 29
52 30
52 126
52 602
628 135
957 978
141 978
141 188
485 542
485 62
581 135
399 343
885 984
885 294
885 74
885 313
885 648
885 447
885 416
849 275
849 175
849 737
966 935
966 168
324 638
590 171
559 622
281 127
881 924
881 516
843 127
241 280
662 900
189 470
189 127
189 91
189 652
189 201
189 718
189 0
189 724
189 365
189 236
189 159
189 410
189 595
189 114
189 716
868 790
868 416
14 506
14 173
14 924
14 516
14 199
401 454
306 137
306 742
924 850
924 516
344 67
344 165
883 127
322 950
803 517
803 112
424 978
424 207
516 743
830 159
422 280
66 45
353 190
24 280
24 630
24 530
24 891
783 738
783 208
469 978
954 978
954 964
614 978
209 168
609 617
609 687
609 151
638 334
772 692
838 160
838 349
280 990
280 188
280 561
280 293
280 647
280 421
280 631
280 142
280 547
280 360
280 32
280 953
737 440
737 664
447 416
153 891
199 541
443 602
441 304
111 935
111 602
506 541
985 664
540 193
540 311
540 53
58 909
602 743
602 168
440 664
740 879
149 716
795 978
795 207
232 949
232 168
774 947
77 912
77 260
77 168
135 517
988 978
988 207
472 912
472 743
56 159
458 499
458 956
458 684
458 48
692 718
692 450
692 233
692 742
692 530
207 978
207 67
956 844
956 684
971 952
654 738
654 991
672 844
552 978
534 718
534 334
534 863
679 499
383 909
41 565
41 499
41 73
530 718
530 630
890 190
62 646
554 633
334 168
114 127
499 321
499 558
499 216
499 73
592 454
664 335
664 643
664 810
664 192
500 416
696 607
696 591
293 127
126 782
126 356
126 765
216 321
421 978
964 547
67 561
181 190
181 167
630 891
630 493
630 512
978 188
978 817
978 167
978 547
978 512
538 700
949 168
53 193
413 935
994 752
495 633
450 900
450 991
595 127
32 724
416 104
416 313
416 260
950 514
950 663
260 912
260 168
558 159
558 684
558 844
558 321
918 684
166 718
724 547
724 228
724 127
356 743
167 159
812 790
754 718
754 127
16 127
789 470
251 159
991 61
159 769
159 233
159 127
159 547
159 214
159 912
912 266
912 168
716 127
104 743
700 607
565 844
565 684
980 718
935 214
30 936
762 185
429 454
245 231
454 1003
517 718
684 321
684 844
684 318
844 321
61 718
663 343
127 718
