599 78
278 98
278 220
256 126
256 356
256 885
996 506
996 418
996 410
996 199
122 790
122 410
688 532
687 500
687 586
644 491
248 157
92 838
445 288
105 764
105 471
347 933
923 500
923 883
923 214
373 353
373 391
373 207
251 482
251 410
169 372
899 532
586 984
586 762
586 500
586 126
586 782
586 166
586 573
711 883
249 0
249 716
977 950
977 514
977 780
977 1004
977 103
977 418
977 423
267 112
532 13
532 236
532 175
243 61
10 657
802 466
274 181
994 540
994 410
225 2
963 67
416 168
534 334
851 978
851 817
117 98
537 335
537 236
629 288
90 356
90 14
90 870
90 316
90 388
90 850
90 997
90 648
90 70
90 765
90 857
2 700
2 854
2 790
2 812
573 260
175 410
175 423
15 731
15 680
746 135
746 668
746 935
746 692
942 135
35 207
98 707
98 107
98 134
98 429
98 268
98 592
98 713
170 135
656 978
153 410
260 790
260 168
497 773
497 739
423 246
423 650
423 103
423 101
423 849
915 428
915 160
915 316
915 857
291 454
291 429
332 782
1001 506
1001 14
1001 410
86 443
42 509
173 657
433 410
720 731
720 383
720 680
720 752
550 500
550 546
388 832
250 886
702 506
702 14
617 830
617 883
628 135
628 211
41 723
141 188
141 857
581 135
581 936
428 207
428 316
428 857
134 530
74 112
356 868
356 61
356 112
356 209
356 574
356 743
356 313
356 765
356 730
356 168
356 472
356 133
356 721
356 912
356 30
356 517
356 602
76 410
410 16
410 924
410 650
410 969
410 837
410 777
410 482
410 541
157 762
572 246
980 718
980 464
662 443
700 479
700 509
14 924
401 429
306 790
306 742
392 112
392 316
344 67
883 890
883 857
322 740
322 38
630 280
630 288
424 207
424 990
239 102
506 881
506 657
657 541
540 193
540 697
540 987
540 955
353 67
668 935
469 207
535 542
846 67
846 561
209 765
609 454
500 948
772 147
772 120
280 24
280 502
164 510
164 299
164 509
443 742
443 765
774 947
329 607
509 790
546 910
82 135
502 178
664 192
266 168
77 126
77 168
988 207
988 547
693 791
472 912
472 168
310 103
294 648
413 935
908 765
207 67
207 558
207 493
207 795
992 935
38 939
38 334
38 309
391 67
391 288
530 857
510 103
304 936
334 75
638 832
904 479
232 168
591 718
643 381
126 782
439 168
67 561
479 790
493 288
947 568
949 168
870 135
946 425
946 966
104 721
104 765
873 660
595 372
595 159
32 791
236 107
187 695
371 135
168 556
168 912
568 379
372 404
188 301
782 912
338 193
159 214
159 742
752 120
135 4
135 790
976 349
107 393
107 633
743 721
742 214
429 454
429 415
120 147
316 31
425 765
214 531
721 765
420 96
415 718
561 288
