275 479
275 849
275 175
688 898
248 506
248 364
248 334
248 157
535 444
535 722
720 383
720 746
720 587
720 833
720 668
780 603
780 977
923 783
923 687
923 912
923 609
923 921
923 506
923 235
923 193
923 239
923 53
923 541
923 951
923 134
923 199
923 592
923 502
251 987
424 469
424 207
424 421
424 795
329 245
329 540
948 52
948 592
948 416
624 245
699 168
977 950
977 514
977 1004
977 103
977 153
516 761
516 13
516 532
994 764
994 433
994 987
994 692
416 52
416 104
416 949
416 313
416 256
416 946
416 586
416 147
416 168
416 648
771 306
771 784
769 830
113 854
113 722
28 987
197 850
197 881
107 718
107 670
107 90
573 126
573 586
301 469
876 257
377 718
377 457
377 410
98 454
98 278
98 429
98 707
98 592
433 987
921 850
921 881
371 4
25 458
25 48
915 428
915 341
915 200
915 316
915 142
427 955
291 429
332 500
332 586
582 987
723 41
468 643
746 668
746 214
746 334
746 157
746 277
746 813
746 935
550 854
543 200
134 168
134 592
388 638
388 534
388 343
266 313
266 168
270 850
270 881
702 850
702 881
52 45
52 326
52 201
52 313
52 66
669 951
485 722
428 990
428 31
428 316
428 200
324 638
324 70
405 135
559 622
559 50
559 299
840 873
840 987
157 586
843 718
30 936
662 61
662 86
189 249
189 410
603 735
603 378
603 514
603 505
603 509
603 822
603 337
110 74
401 429
401 165
401 415
837 850
837 881
883 16
605 228
605 693
657 850
657 881
808 29
808 553
783 682
783 850
783 881
378 950
954 469
954 614
209 356
609 581
609 53
609 772
609 75
609 592
609 343
439 912
439 313
439 168
568 40
568 947
568 695
568 379
447 586
949 168
294 126
294 817
294 586
294 74
241 469
540 245
540 774
540 987
540 231
540 955
546 502
795 469
795 493
372 595
372 404
647 200
101 246
101 423
928 881
135 337
135 628
135 855
135 581
135 942
135 517
135 4
135 137
987 245
987 789
987 809
987 872
987 641
987 338
987 849
987 607
987 873
987 432
987 764
987 480
987 482
987 311
987 361
987 95
987 983
987 68
987 698
987 531
987 231
987 56
987 364
987 955
987 925
499 684
137 306
955 773
955 873
955 925
955 311
680 707
687 500
687 870
687 593
687 502
654 682
654 850
654 881
346 638
38 591
534 939
534 70
534 334
534 510
230 577
142 200
142 344
142 267
142 214
337 870
589 528
334 159
334 692
334 772
334 127
334 75
334 522
223 879
646 62
646 722
592 454
592 713
333 228
333 767
638 832
638 164
638 634
638 132
638 96
638 299
638 509
124 722
118 790
118 0
118 502
421 469
685 630
685 643
435 267
67 165
630 493
630 530
48 956
48 558
48 458
48 319
48 216
369 62
369 444
947 774
165 200
165 17
165 344
165 31
946 425
946 472
946 765
704 684
704 743
40 712
40 187
607 178
607 147
607 591
607 718
650 682
302 200
950 514
950 832
950 103
950 1001
260 790
260 912
260 313
260 168
381 192
558 684
558 458
173 850
173 881
166 782
166 232
166 743
166 586
166 602
664 335
53 343
850 719
850 199
850 738
850 14
850 996
850 881
850 1001
850 979
850 506
850 541
850 745
850 804
850 576
159 214
159 724
939 879
188 469
188 502
338 231
759 168
335 553
634 299
976 349
752 671
912 356
912 214
912 168
912 730
629 890
629 493
629 530
629 891
104 425
104 790
104 256
104 721
104 765
832 740
832 423
565 684
952 838
952 200
614 469
745 881
185 833
429 454
429 415
541 16
541 881
541 199
120 772
454 772
454 713
712 593
316 200
517 112
517 267
103 310
103 423
418 105
418 996
349 200
966 66
264 245
922 528
684 844
512 469
990 200
663 951
561 280
407 951
940 214
24 891
593 718
593 591
119 812
979 881
718 61
718 178
718 724
718 569
718 90
718 866
668 595
231 245
231 738
951 194
951 239
951 707
951 214
909 862
909 528
909 362
791 32
256 313
996 506
996 881
996 199
362 528
362 306
866 365
722 542
722 854
722 444
722 823
722 62
737 440
737 849
761 804
6 249
586 310
586 126
586 782
586 74
586 356
586 326
31 200
267 112
267 530
730 356
575 168
274 841
274 167
178 693
178 415
178 214
178 90
178 464
178 250
178 502
444 854
719 738
719 881
90 628
90 742
90 980
90 509
90 502
682 738
175 423
175 5
175 849
784 306
817 469
35 469
170 855
542 62
86 443
168 782
168 313
168 984
168 356
168 77
168 556
168 648
168 232
168 790
168 598
168 765
168 472
841 205
74 782
74 112
74 674
356 633
356 313
356 472
356 648
356 743
167 469
1001 506
1001 881
809 432
46 310
700 812
700 277
700 956
700 790
14 924
14 506
14 881
306 742
344 200
803 112
239 530
506 881
506 576
469 957
469 547
469 207
800 62
772 75
280 502
199 881
56 692
509 505
697 855
423 246
953 200
502 228
502 724
502 690
502 214
738 214
738 881
881 666
881 804
881 576
724 246
724 530
472 782
458 844
763 205
692 191
692 233
692 742
692 775
908 425
971 200
383 528
530 891
530 493
984 126
984 602
62 551
5 29
814 500
696 563
200 857
200 136
200 92
200 17
126 500
126 790
764 245
32 214
272 61
790 2
648 765
112 313
900 61
900 742
602 743
879 343
782 500
425 765
191 415
743 633
743 765
245 233
721 765
