599 178
599 78
565 723
565 41
275 175
644 1001
248 607
248 185
248 591
248 334
248 415
720 813
720 746
720 668
720 935
780 977
923 193
923 633
923 53
923 334
923 609
923 506
923 890
229 607
840 987
251 987
439 912
439 266
439 168
329 764
329 775
948 356
948 912
948 267
948 592
624 231
362 909
977 950
977 514
977 832
977 208
977 1004
977 103
977 423
977 418
506 199
506 249
506 1001
304 4
802 900
802 40
952 120
994 607
994 764
994 540
994 987
994 582
450 61
828 804
828 1001
587 181
771 863
771 90
771 697
771 306
771 82
771 83
866 716
28 987
197 32
197 515
107 537
107 468
107 5
107 810
107 98
107 201
107 192
107 75
107 236
69 879
573 586
15 680
106 91
377 718
377 249
377 522
98 117
98 278
98 401
98 429
98 291
98 454
98 713
98 134
98 707
98 268
98 592
433 987
153 782
575 912
575 814
575 168
371 441
25 704
290 253
858 614
915 607
915 185
915 61
915 316
915 136
332 500
332 542
332 318
332 435
332 782
1001 783
1001 719
1001 654
1001 199
1001 738
1001 650
1001 13
1001 921
1001 14
1001 996
1001 881
1001 979
1001 837
1001 850
1001 516
1001 173
1001 327
1001 702
1001 657
1001 924
1001 745
1001 270
1001 541
1001 576
468 664
550 812
550 546
550 334
134 316
134 592
388 132
388 383
388 334
266 912
617 607
617 752
617 91
428 17
428 122
559 420
559 622
559 50
281 280
281 585
281 905
157 607
157 586
157 356
157 517
157 684
483 61
30 313
189 862
189 440
189 951
189 178
189 546
189 249
414 891
401 429
401 165
526 629
837 924
837 719
837 199
392 316
883 772
883 407
883 951
605 178
605 249
540 53
540 987
540 641
540 697
540 955
393 843
783 607
783 654
783 334
846 629
846 561
609 772
609 890
609 592
863 742
447 356
111 782
111 586
111 743
111 416
294 126
294 586
294 313
294 416
184 407
184 779
339 178
482 987
58 909
149 372
149 716
850 91
850 75
850 199
101 246
101 423
880 707
135 607
135 61
160 629
987 245
987 789
987 809
987 872
987 641
987 338
987 849
987 873
987 432
987 925
987 480
987 311
987 361
987 95
987 68
987 764
987 582
987 698
987 531
987 231
987 56
987 364
987 955
499 41
499 73
499 956
499 48
499 618
499 679
499 723
499 458
499 216
499 321
680 707
680 422
687 334
654 738
654 576
534 607
534 546
776 278
776 159
78 178
334 278
334 607
334 633
334 546
334 692
334 502
253 566
253 151
630 629
592 454
592 713
333 178
546 841
546 920
546 522
546 542
546 746
546 679
546 595
546 416
118 365
810 7
685 629
435 586
435 267
788 402
67 963
48 684
602 356
538 178
538 293
176 586
566 278
165 31
165 316
670 185
946 633
946 765
946 268
946 214
40 572
40 187
40 568
606 90
607 629
607 517
607 746
607 684
607 502
607 920
607 75
607 343
607 718
607 231
607 591
607 851
934 71
236 537
950 343
260 168
381 335
381 192
381 921
381 532
166 984
166 586
166 782
166 674
166 416
166 759
166 74
53 193
53 120
812 790
759 984
759 586
759 313
759 74
0 178
0 732
295 178
159 586
159 214
752 191
752 306
311 697
912 868
912 949
912 472
912 214
912 356
912 168
629 658
629 561
629 891
629 288
629 24
629 280
629 530
629 493
629 360
629 631
735 879
887 782
832 96
976 178
935 577
935 746
935 668
935 214
137 936
185 762
185 415
185 684
185 502
2 700
2 790
2 231
541 924
541 996
541 199
120 190
120 772
120 718
120 591
454 772
454 429
454 147
316 136
103 310
103 663
418 105
418 996
542 62
542 415
684 458
663 46
663 310
663 951
663 343
407 779
407 225
940 214
24 280
24 902
718 724
718 61
668 813
951 707
951 56
951 214
951 161
569 178
256 313
256 648
996 199
122 904
743 782
743 516
743 356
105 849
105 872
737 175
6 178
6 249
586 500
586 782
586 74
586 984
586 267
586 416
307 90
267 891
267 674
267 803
532 553
730 868
730 790
178 470
178 991
178 710
178 249
178 502
178 862
178 415
178 409
178 228
178 767
178 693
591 61
591 136
591 980
851 978
851 415
719 410
90 356
90 891
90 1003
175 849
746 214
374 306
537 440
695 568
196 259
618 321
168 984
168 356
168 472
168 868
168 77
908 648
83 697
74 984
356 868
356 61
356 790
356 721
46 310
572 772
700 126
700 32
14 924
14 516
14 410
924 516
924 881
674 782
674 112
674 416
322 879
239 214
516 881
220 75
119 790
772 75
697 925
697 855
423 246
502 61
740 879
293 246
293 410
293 724
692 742
692 233
52 790
931 147
383 528
984 313
126 790
45 227
978 214
707 416
272 900
96 420
648 416
416 313
416 112
416 782
862 909
310 343
568 379
500 193
214 742
66 227
909 528
216 321
