599 569
644 1001
658 629
288 629
246 101
246 423
535 854
780 977
347 966
923 738
956 458
803 392
133 416
133 602
424 795
6 569
586 854
823 267
249 569
977 950
977 514
977 1004
977 103
977 423
977 1001
267 629
267 838
267 40
267 416
267 662
532 381
50 559
274 181
994 746
178 569
178 502
364 582
416 984
416 294
416 472
416 946
416 126
416 912
416 759
416 168
591 746
591 854
444 483
629 280
629 846
629 561
629 891
629 526
629 24
629 530
629 685
629 160
629 159
629 493
629 360
629 915
629 631
629 630
197 32
90 774
90 313
90 32
90 317
429 454
429 401
713 951
746 687
746 776
746 920
746 665
746 731
746 742
746 775
746 935
746 530
746 413
746 992
746 718
746 214
746 157
746 684
746 980
746 692
374 105
784 83
784 742
31 165
31 990
575 232
915 316
95 951
509 634
966 933
966 935
1001 506
1001 14
86 443
409 569
767 569
543 344
853 548
168 949
168 266
617 607
628 135
628 82
957 951
581 405
581 951
581 936
731 520
731 422
74 984
74 392
74 294
324 70
559 622
157 926
700 812
700 854
14 506
465 812
401 165
306 790
306 214
306 742
392 316
344 165
322 38
322 343
814 500
605 569
239 951
663 343
540 245
353 891
139 634
783 881
469 167
469 188
469 630
926 577
119 812
119 2
638 38
772 120
447 294
953 316
774 947
294 984
294 313
184 754
339 569
499 321
499 48
502 569
502 538
232 472
585 207
77 2
693 569
450 754
450 712
712 40
712 214
687 65
710 569
931 355
470 569
38 832
383 742
78 569
62 646
630 891
630 24
333 569
696 422
844 85
200 952
228 569
857 165
754 272
48 319
802 40
32 791
947 568
538 569
991 569
704 684
272 40
104 721
104 908
104 648
104 765
61 356
61 718
519 569
862 569
862 495
891 414
891 360
891 24
568 379
568 495
910 193
976 569
976 349
812 790
16 718
0 569
295 569
58 909
159 951
159 214
716 718
716 127
980 718
935 413
225 718
214 951
214 765
541 738
120 684
909 528
936 315
951 235
