599 569
599 178
275 849
275 175
278 290
248 506
92 280
92 915
92 316
720 628
720 587
720 383
720 680
720 609
780 514
347 966
229 306
373 656
898 107
251 987
605 178
997 90
711 843
711 293
624 231
38 591
38 343
506 783
506 333
506 16
506 14
506 670
506 996
506 173
506 924
506 199
506 921
506 364
506 541
802 40
994 540
994 987
450 754
450 272
450 572
450 546
828 745
769 292
866 549
28 987
107 98
107 159
626 873
573 772
573 586
301 280
15 680
377 246
377 159
377 393
377 731
377 101
377 630
98 117
98 454
98 134
98 707
98 268
98 592
98 713
656 190
656 920
656 181
656 280
656 274
656 353
656 838
466 662
921 14
25 319
290 193
290 253
290 589
858 991
915 990
915 200
915 971
915 647
915 159
915 428
915 136
915 742
915 952
915 857
915 142
915 165
915 543
915 341
915 17
915 344
915 302
915 31
915 953
915 316
427 955
291 454
332 166
582 987
433 738
433 987
433 159
445 629
543 316
543 952
557 166
134 592
388 299
250 700
270 783
270 14
659 159
659 306
617 334
617 471
141 302
141 241
731 422
428 838
428 316
428 647
159 692
159 188
159 663
159 517
159 343
159 746
159 167
159 220
159 4
159 978
159 209
324 239
324 534
614 53
840 987
157 166
843 407
30 313
662 40
662 267
189 236
401 429
401 165
401 454
526 280
526 629
837 14
392 674
305 743
305 416
424 207
424 990
424 421
424 280
424 795
327 381
783 738
783 650
783 702
783 13
783 1001
378 514
954 280
846 67
846 280
846 629
609 772
609 791
17 316
329 910
294 586
294 166
294 74
294 416
241 280
540 245
540 987
540 231
540 641
540 955
199 924
199 14
795 207
795 421
135 628
135 942
135 581
135 72
135 936
160 280
160 629
987 245
987 789
987 809
987 872
987 641
987 338
987 849
987 873
987 432
987 764
987 482
987 311
987 361
987 95
987 68
987 531
987 231
987 56
987 364
987 955
481 565
499 2
499 558
687 742
654 738
654 991
812 790
977 969
977 418
977 1001
534 510
16 754
334 772
334 127
334 607
188 280
482 606
220 90
879 322
333 178
333 228
638 628
638 164
232 912
232 966
293 280
293 724
810 335
421 280
685 629
67 207
67 165
67 561
67 963
67 344
72 581
72 90
48 565
48 558
369 77
947 774
947 40
538 178
538 951
991 178
991 2
991 61
165 316
165 344
165 857
40 695
40 187
40 272
40 488
40 712
40 379
40 254
40 60
40 596
40 568
40 572
415 416
607 193
650 738
650 14
302 316
950 514
950 103
558 207
558 956
558 321
558 458
558 319
558 216
173 924
173 14
701 90
166 586
166 112
166 674
166 743
166 74
664 335
53 416
53 471
955 773
955 925
955 832
955 311
223 343
151 471
0 178
295 178
77 266
77 575
912 949
912 356
912 472
912 168
912 416
13 14
719 14
719 410
832 139
832 423
976 178
935 746
935 966
952 200
952 316
952 971
704 565
704 41
323 42
185 471
429 454
541 702
541 14
541 644
541 1001
168 52
168 949
168 782
168 313
168 966
454 772
454 592
454 713
316 857
316 200
316 971
316 647
316 629
316 136
316 142
316 990
316 344
316 349
316 31
316 953
103 514
418 996
966 933
738 14
738 682
131 14
612 505
684 321
190 629
990 280
990 31
663 343
561 280
561 629
127 629
565 41
718 724
231 245
231 233
951 239
951 572
951 502
569 629
644 924
256 356
996 14
362 758
362 192
362 306
362 464
658 280
658 629
710 178
761 14
6 178
586 500
586 772
586 782
586 267
586 126
647 280
249 178
78 178
532 790
532 553
274 920
274 280
178 862
178 470
178 90
178 767
178 409
178 228
178 2
178 693
178 502
851 167
547 167
547 280
629 280
629 530
629 24
629 631
629 630
629 865
629 891
629 239
629 493
629 360
629 978
90 281
90 927
2 790
175 423
175 849
713 592
817 280
35 280
142 280
537 674
618 319
86 443
74 762
167 280
167 630
1001 924
927 416
927 191
927 592
572 32
700 790
14 702
14 881
14 924
14 516
14 576
924 702
674 112
630 469
630 978
516 790
353 891
469 207
469 280
341 739
341 200
119 790
772 75
838 988
838 24
838 857
280 207
280 953
280 493
280 267
280 408
280 136
280 24
280 360
280 56
280 32
280 631
502 862
502 228
542 646
472 782
692 910
692 736
956 844
956 790
971 200
383 732
530 24
530 891
984 126
62 646
126 313
45 227
272 568
112 267
227 66
900 546
568 379
672 844
742 214
245 233
214 765
