599 710
599 0
275 718
275 849
275 175
703 863
535 444
720 581
720 239
347 319
923 738
923 550
923 609
923 742
923 910
923 90
923 921
923 235
229 863
736 863
605 333
605 789
605 0
329 245
122 90
38 939
38 534
38 638
994 540
450 40
450 695
450 530
450 671
450 187
416 586
416 294
416 256
416 90
416 782
416 885
416 313
771 568
771 742
771 901
771 82
771 863
769 292
769 863
658 629
28 540
197 890
107 537
107 810
107 1004
107 985
107 335
107 98
107 664
69 950
626 863
573 586
301 978
15 731
15 680
15 633
15 422
106 740
98 117
98 278
98 401
98 429
98 291
98 707
98 713
98 454
98 134
98 268
98 592
656 920
466 947
497 977
25 684
25 844
25 48
290 542
290 53
290 214
915 200
915 671
915 742
915 428
915 502
915 530
915 316
594 135
291 429
291 454
291 401
332 500
332 586
332 232
332 318
332 447
332 435
332 74
1001 977
1001 685
1001 702
1001 76
550 546
550 742
853 343
400 863
976 0
266 260
266 77
266 74
195 595
659 863
659 306
52 126
52 356
52 868
52 30
141 469
141 978
141 789
141 512
453 951
731 572
731 679
731 8
731 584
731 422
731 284
428 530
428 160
428 316
428 362
428 200
428 883
428 629
428 857
885 586
885 74
324 607
324 477
76 399
76 410
76 74
840 698
840 540
840 231
157 577
157 686
157 530
157 671
157 91
843 754
30 356
30 138
30 730
30 912
30 868
30 765
30 602
662 443
662 40
662 546
662 86
189 718
189 181
189 410
401 454
401 165
401 415
401 429
526 629
837 783
837 924
392 90
883 200
883 595
424 978
424 990
527 12
527 422
540 245
540 698
540 789
540 641
540 338
540 264
540 987
540 231
540 855
540 873
540 697
540 955
783 718
783 850
954 978
954 362
846 629
209 356
609 499
609 592
863 306
863 1002
863 784
863 443
863 774
863 606
863 901
863 660
863 317
863 523
863 807
863 203
863 307
863 993
863 233
863 213
863 137
863 86
863 194
863 835
863 798
863 830
863 616
863 315
863 742
863 673
863 152
863 105
863 692
863 161
447 586
447 74
111 762
294 586
294 74
294 256
482 531
482 56
149 849
149 716
795 978
795 362
850 761
307 91
101 423
928 1004
135 742
135 549
135 233
135 581
135 292
135 692
135 936
160 200
160 629
160 561
160 838
160 530
499 844
70 534
70 334
70 90
680 707
487 139
687 159
687 334
939 638
939 477
977 950
977 514
977 236
977 208
977 1004
977 423
534 388
534 477
534 334
241 302
510 514
510 622
510 477
337 695
154 477
589 383
334 607
334 696
334 586
334 159
334 388
125 477
223 879
102 477
630 167
630 629
630 493
592 454
592 134
592 927
592 713
333 767
333 0
500 586
500 62
500 435
500 814
232 912
293 724
421 978
685 629
685 724
435 782
435 586
423 246
423 362
423 103
423 832
423 175
67 344
67 963
67 165
67 207
67 561
48 956
48 558
48 458
48 319
48 216
48 684
947 774
538 547
538 0
991 0
165 200
165 316
165 344
165 31
165 267
415 413
415 429
607 696
97 91
650 90
873 698
260 912
260 77
260 168
381 192
558 758
723 41
134 454
955 311
754 16
789 470
188 978
188 851
188 493
188 90
338 245
338 231
759 362
0 862
0 470
0 6
0 710
0 409
0 228
0 78
0 295
0 767
0 693
0 249
0 502
634 788
58 909
159 696
159 940
159 866
159 718
159 692
776 530
912 356
912 586
912 782
912 168
716 410
716 724
104 765
832 710
832 936
565 684
565 704
935 413
935 746
935 844
704 41
704 546
547 978
2 782
2 700
502 693
502 742
502 178
502 591
502 24
120 454
454 772
454 429
316 200
316 90
823 444
517 478
517 186
517 256
517 586
517 671
517 648
517 267
517 530
103 164
418 105
542 444
542 530
542 671
542 91
684 671
684 458
684 844
684 530
684 321
512 469
512 978
512 530
990 31
663 343
561 629
318 809
24 629
24 530
718 356
718 61
718 742
718 866
718 851
951 245
951 552
951 595
791 693
256 356
256 74
256 313
256 648
256 186
362 695
801 572
737 440
737 849
790 730
133 74
586 812
586 310
586 126
586 530
586 267
586 984
586 854
586 74
586 671
586 168
848 4
249 181
267 112
267 186
267 803
532 29
730 868
730 356
698 245
698 925
698 764
698 231
477 139
477 524
477 174
477 322
477 206
552 978
178 388
591 696
591 742
591 322
851 978
629 200
629 288
629 891
629 280
629 530
629 493
629 360
629 978
629 631
90 865
90 356
90 472
90 388
90 978
175 553
175 849
817 978
35 978
170 697
537 440
1 399
86 443
541 199
168 949
168 356
168 782
168 313
41 73
581 245
581 855
581 936
143 696
399 343
74 648
74 313
74 984
356 91
356 530
356 765
356 648
356 671
167 978
671 692
671 530
14 924
14 702
306 742
924 506
924 199
322 343
553 5
469 978
614 978
638 700
280 91
299 509
602 743
738 231
388 742
988 978
758 844
758 956
207 978
957 978
530 891
530 742
530 493
530 200
530 595
62 646
200 857
513 139
186 648
45 66
272 187
686 147
413 746
233 245
900 742
830 245
672 844
918 844
193 546
