437 828
644 828
256 313
996 828
362 660
703 784
285 844
522 61
535 113
535 854
445 288
737 440
923 828
923 506
251 410
761 828
761 516
439 168
586 984
586 500
586 416
586 447
586 782
711 293
122 716
122 410
532 828
532 700
18 622
369 646
994 410
178 693
178 629
178 530
178 502
828 783
828 719
828 654
828 682
828 945
828 199
828 738
828 650
828 13
828 921
828 14
828 197
828 881
828 979
828 924
828 850
828 1001
828 173
828 506
828 327
828 702
828 657
828 837
828 745
828 270
828 541
828 576
851 920
851 978
851 915
851 530
61 718
61 568
61 843
61 659
306 790
306 214
306 784
113 854
113 90
28 231
629 160
629 891
629 526
629 2
629 288
629 267
629 530
197 32
90 479
90 898
90 313
768 2
784 626
784 863
784 4
784 697
784 82
784 83
323 622
817 978
876 716
35 978
98 401
510 622
31 165
153 410
206 622
25 319
25 216
25 48
915 160
915 316
381 327
95 951
291 401
92 838
1001 506
1001 14
1001 410
433 410
767 693
66 45
266 260
266 416
702 14
52 782
52 868
628 581
957 978
141 978
302 207
302 802
169 372
581 932
581 405
581 951
428 207
885 447
324 70
167 978
559 622
76 410
410 16
410 14
410 719
410 924
410 777
410 650
410 56
410 837
410 969
410 482
410 175
410 541
404 372
843 407
30 765
30 936
316 772
316 392
316 857
868 2
868 889
868 790
868 602
14 506
119 2
401 429
401 165
401 415
288 561
288 630
288 493
344 165
814 500
424 978
424 990
239 978
239 951
506 951
506 199
854 542
854 250
540 231
353 920
353 891
485 62
469 978
954 978
614 978
800 62
443 193
443 53
482 531
482 951
58 909
953 207
598 416
542 500
585 660
77 908
77 2
104 425
104 765
988 978
693 791
472 912
472 168
472 416
294 126
458 956
136 207
692 746
692 742
692 191
692 932
692 233
207 165
207 978
207 349
956 558
654 738
552 978
383 742
530 696
530 790
530 891
530 630
530 267
984 126
984 782
984 168
62 159
62 646
62 214
125 622
681 951
646 513
500 2
500 435
293 724
512 978
421 978
435 782
949 416
949 912
949 168
978 188
978 795
978 301
978 547
707 951
870 951
48 319
48 558
757 932
272 450
413 746
413 935
997 752
648 313
648 765
236 2
416 912
950 343
260 790
260 168
558 216
558 319
676 622
313 168
313 765
912 214
912 168
716 718
716 980
565 684
935 746
633 951
214 940
214 168
2 790
168 721
168 765
245 231
245 951
721 765
684 844
936 765
936 315
