437 738
599 0
275 479
275 849
979 738
979 512
644 738
248 607
248 185
248 591
248 692
535 62
535 472
445 288
780 977
819 692
923 772
229 742
373 190
424 469
424 207
424 630
329 245
948 454
948 586
624 245
624 454
977 497
977 950
977 514
977 1004
977 103
977 423
977 418
506 173
506 924
506 14
506 738
506 199
304 317
802 454
802 712
729 377
994 364
994 418
828 738
828 804
416 707
416 586
416 294
416 472
416 790
416 147
416 912
771 90
771 585
771 306
658 530
657 738
657 383
107 718
626 306
573 447
301 469
15 731
15 422
377 866
377 457
377 5
377 724
377 101
377 630
98 253
98 707
98 401
98 592
656 190
656 920
656 953
921 738
921 381
260 790
260 168
290 566
290 454
290 214
858 552
915 90
915 316
915 136
915 428
915 724
915 185
427 955
291 401
332 500
332 250
332 318
332 435
582 764
173 738
173 924
173 454
173 90
433 454
433 987
433 951
720 746
720 668
720 527
720 813
720 680
720 935
550 595
557 326
134 592
388 132
388 638
388 343
250 454
250 854
270 738
659 742
908 721
908 765
141 469
141 421
141 851
469 954
469 614
469 188
469 795
469 421
469 957
469 817
469 167
469 547
469 241
469 35
469 207
150 752
731 680
731 752
731 422
428 454
428 316
428 142
885 586
885 294
405 135
559 622
559 50
840 698
843 91
30 936
189 951
414 891
401 454
401 165
401 415
401 429
526 160
837 738
837 586
883 724
605 693
605 0
605 951
327 738
783 738
783 532
926 147
846 67
846 561
209 356
609 772
609 592
447 294
447 74
111 782
294 984
294 586
294 313
294 256
294 126
294 74
133 648
540 698
540 245
540 231
540 955
199 738
82 772
807 53
240 648
149 716
149 362
795 207
372 404
101 423
880 707
104 721
104 425
104 946
104 765
160 454
160 586
160 630
987 531
987 56
987 850
987 482
987 955
680 707
680 454
687 334
654 738
654 991
654 682
552 454
391 288
230 577
78 0
334 617
334 718
334 220
292 135
482 951
592 333
592 454
592 713
333 178
333 0
500 435
500 586
500 814
500 692
232 126
232 178
232 946
232 472
293 724
810 335
810 7
421 630
67 207
67 165
67 561
67 963
67 344
48 684
48 319
947 586
284 454
538 0
538 951
538 724
566 713
165 454
165 586
165 838
165 344
165 31
165 207
670 185
670 381
477 310
946 425
946 648
40 712
415 752
415 91
650 738
873 698
873 955
41 723
41 73
236 537
950 663
587 454
371 454
381 192
381 502
166 633
166 356
166 782
166 517
166 267
166 602
53 193
53 577
53 900
53 633
53 715
53 120
645 362
850 738
850 185
850 90
955 773
955 454
955 925
955 311
812 790
812 119
188 454
188 851
338 231
338 90
0 862
0 470
0 991
0 710
0 767
0 409
0 228
0 295
0 6
0 693
0 976
0 178
0 519
0 249
0 502
58 586
159 735
159 707
159 693
159 214
159 940
159 32
752 617
752 454
752 91
752 185
752 120
752 833
752 471
13 738
716 866
719 738
735 586
135 585
135 692
135 742
887 383
976 349
976 502
935 746
935 214
137 936
220 75
704 743
745 738
185 762
185 684
185 502
541 738
168 949
168 790
168 575
168 472
454 907
454 39
454 362
454 782
454 444
454 562
454 798
454 586
454 893
454 641
454 854
454 397
454 116
454 963
454 905
454 379
454 120
454 629
454 772
454 584
454 235
454 738
454 35
454 999
454 264
454 865
454 127
454 19
454 863
454 722
316 142
316 90
316 857
517 267
517 61
517 356
517 602
103 423
103 310
418 178
418 105
418 996
349 142
264 245
264 586
425 721
425 90
945 738
190 353
190 181
190 274
663 951
663 638
561 288
940 214
682 738
565 321
718 724
718 61
231 698
231 245
231 2
909 862
278 633
996 738
996 951
362 854
779 423
866 423
722 542
737 440
737 849
813 277
813 900
813 746
761 738
761 532
586 782
586 479
586 868
586 257
586 310
586 267
586 161
586 602
586 120
647 493
267 790
267 112
267 142
532 738
532 516
532 804
730 356
698 245
698 764
164 943
164 420
164 638
575 472
274 167
178 502
851 167
851 547
629 630
629 288
90 191
90 343
90 890
90 147
90 997
90 692
2 502
2 961
175 423
175 849
784 306
35 207
142 200
142 857
542 854
542 62
196 120
95 239
86 443
854 485
854 61
120 193
120 633
120 772
120 546
120 198
907 951
399 343
849 423
74 782
356 790
356 648
356 602
1001 738
410 724
868 782
868 648
868 790
14 738
14 924
14 881
288 493
924 738
924 516
674 112
344 200
630 957
630 530
516 738
353 953
485 62
638 700
772 502
772 75
838 953
953 207
443 152
56 951
697 855
423 246
502 951
502 228
502 214
502 724
738 881
738 702
738 951
738 576
669 951
881 804
724 246
724 118
724 29
724 690
724 493
724 530
693 890
472 790
692 61
692 233
692 191
207 136
957 951
365 118
696 563
200 136
126 782
126 790
857 951
764 245
707 193
707 633
707 214
707 951
809 951
595 790
595 404
648 790
648 782
648 765
648 602
310 343
891 24
233 245
900 742
602 782
602 743
782 326
306 790
633 193
742 61
700 790
721 765
