866 2
599 178
599 710
565 723
565 41
565 679
275 849
703 771
278 98
278 159
278 214
278 923
852 214
535 927
535 823
720 587
720 383
720 680
720 214
347 933
347 2
923 687
923 506
923 159
923 214
923 772
923 890
923 120
229 607
373 190
595 189
595 609
595 450
251 769
251 987
605 470
605 228
605 178
329 624
329 910
122 428
977 497
977 189
977 236
977 996
977 1004
977 32
977 423
977 1001
977 418
802 61
802 568
994 987
450 61
450 718
450 742
828 249
771 697
769 95
769 873
113 927
113 823
28 987
107 98
107 670
107 5
107 214
107 75
626 936
573 586
15 268
106 788
865 214
377 718
377 729
377 101
98 117
98 454
98 401
98 429
98 291
98 707
98 713
98 134
98 268
98 592
656 190
656 280
466 60
575 782
575 949
575 472
260 949
290 253
290 214
858 991
858 614
915 718
915 341
915 200
915 316
915 428
915 280
915 739
427 955
291 454
291 401
291 134
291 429
291 268
291 713
966 933
1001 506
173 657
550 500
550 546
134 454
134 592
388 718
388 746
388 38
388 299
250 607
250 886
250 646
250 334
250 823
250 927
908 762
908 648
141 469
485 927
485 542
485 513
485 823
731 680
731 214
428 61
428 302
428 136
428 267
428 857
65 326
324 214
341 739
559 622
840 987
30 936
662 443
662 214
662 568
189 470
189 904
189 61
189 652
189 38
189 201
189 32
189 6
189 1004
189 718
189 236
189 716
189 410
189 114
189 249
189 365
820 532
401 454
401 165
401 415
401 429
526 280
526 629
305 517
424 207
424 990
424 421
424 795
327 381
657 921
281 32
281 718
783 654
846 67
846 629
609 372
609 334
439 949
439 912
586 984
586 500
586 294
586 166
586 267
586 435
586 869
180 958
184 82
184 90
241 280
540 987
540 231
540 955
546 193
795 493
823 646
823 90
823 40
823 191
823 413
823 542
823 854
823 369
823 444
823 551
823 927
823 722
823 147
823 416
823 513
823 770
823 120
101 246
135 942
135 718
135 443
160 629
160 24
987 245
987 789
987 872
987 641
987 338
987 849
987 873
987 432
987 809
987 764
987 482
987 433
987 311
987 361
987 95
987 68
987 582
987 531
987 231
987 214
987 56
987 364
987 955
687 566
687 214
654 991
754 32
754 718
38 638
38 832
38 410
534 746
339 178
78 178
334 190
334 607
334 612
334 214
334 127
334 75
334 220
334 191
125 622
253 566
253 151
630 469
630 530
630 167
630 629
630 293
592 607
592 454
592 927
592 713
333 178
638 164
638 343
232 168
232 416
293 280
293 61
421 280
685 629
685 493
435 500
788 634
788 740
788 509
67 207
67 165
67 561
67 963
67 344
947 774
947 568
538 178
566 772
165 207
165 990
165 316
165 344
165 31
870 362
704 362
835 214
40 927
40 572
40 214
607 646
607 91
607 75
607 410
607 299
607 969
607 231
607 147
607 591
873 245
847 207
236 537
950 402
371 214
371 362
381 576
381 643
558 956
558 332
723 679
166 500
166 74
664 192
676 622
402 510
812 790
188 988
188 280
188 614
188 469
0 178
295 178
444 927
159 617
159 500
159 578
159 56
159 214
159 742
159 502
335 532
311 697
912 949
716 32
716 718
976 178
935 746
952 517
952 200
969 178
323 510
429 454
120 927
120 454
454 196
454 147
517 718
517 61
517 112
103 423
418 105
418 996
738 214
542 718
542 62
542 646
542 927
684 318
684 214
190 920
190 181
190 274
190 353
190 629
514 395
990 482
990 280
415 617
415 191
561 280
561 629
940 214
997 75
833 75
24 658
24 280
24 629
24 530
718 16
718 670
718 356
718 980
718 502
718 904
718 61
718 343
718 851
718 591
718 692
231 245
918 758
918 600
569 214
770 927
644 506
644 996
380 440
362 660
658 629
722 927
105 374
737 849
956 758
971 200
6 178
647 280
267 891
267 530
532 700
532 118
532 491
532 175
243 729
510 622
369 927
369 513
178 470
178 991
178 710
178 482
178 249
178 502
178 862
178 409
178 228
178 767
178 693
706 239
591 61
591 910
851 469
851 280
851 167
851 61
547 280
776 214
629 493
629 891
629 280
629 530
629 214
629 360
629 631
90 927
2 61
2 126
2 671
2 502
175 849
746 413
746 665
746 692
35 207
35 280
142 280
249 280
318 844
318 332
1 399
537 674
537 440
95 383
1004 320
398 61
86 443
86 742
854 927
854 513
168 782
168 949
168 472
83 697
83 75
332 782
356 61
356 472
356 214
356 602
167 988
167 469
927 191
927 413
927 147
927 416
927 646
927 513
927 551
700 465
506 199
422 280
220 75
220 214
469 207
469 61
469 978
469 32
772 75
838 857
280 530
280 631
280 920
280 360
280 32
299 397
443 152
443 936
443 742
443 581
697 855
697 925
423 246
502 61
502 32
264 245
724 32
266 949
988 978
472 62
472 214
472 782
472 61
692 775
692 910
692 214
544 214
530 75
530 214
530 891
62 513
62 75
62 646
114 32
844 214
643 670
513 139
513 646
513 551
513 73
272 61
272 568
686 577
809 75
736 319
648 765
32 862
32 61
663 343
77 949
900 61
568 379
602 61
16 19
879 75
782 500
991 61
920 214
743 214
949 416
742 61
139 343
91 75
