599 178
599 710
599 0
580 791
703 771
285 147
278 776
248 687
535 62
535 369
720 813
720 746
720 587
720 668
720 935
347 933
347 147
923 746
923 609
229 607
229 807
229 742
736 692
840 698
840 764
840 987
605 862
605 470
605 710
605 293
605 228
605 178
605 333
605 249
605 0
605 502
329 624
948 803
948 586
948 112
948 392
948 517
948 356
948 267
948 890
948 868
948 912
948 674
948 416
26 362
624 738
122 479
122 693
977 1004
977 950
977 514
977 418
516 532
516 881
304 4
304 441
802 272
952 838
952 200
952 142
450 40
771 697
771 83
771 362
769 692
769 807
866 365
107 718
107 214
69 879
573 984
573 126
573 111
573 586
573 74
377 506
377 423
377 457
377 718
377 685
353 190
353 920
353 891
98 592
98 401
575 912
575 472
575 168
371 362
25 844
25 48
25 618
915 696
915 341
915 200
915 609
915 428
915 595
915 142
796 120
291 401
332 500
332 586
332 318
332 782
332 759
332 447
332 435
468 335
445 629
445 288
550 746
543 200
543 142
308 418
105 418
266 912
266 77
266 168
898 808
898 980
659 807
659 742
52 356
731 422
428 857
428 990
428 316
428 173
428 302
428 31
428 349
428 142
885 447
405 135
281 506
157 586
628 383
628 82
628 596
628 90
843 407
843 127
30 743
30 936
189 178
603 402
119 812
401 454
401 165
401 415
401 429
526 629
837 586
837 719
663 410
663 343
883 718
424 207
424 421
424 795
327 921
327 381
540 698
540 955
808 335
808 29
783 719
926 147
846 280
846 629
846 561
209 356
209 912
209 868
609 239
609 746
609 854
609 951
609 335
609 32
609 592
439 912
439 168
863 807
447 984
447 586
447 356
447 294
447 313
447 74
949 912
949 168
294 984
294 232
294 256
294 946
294 126
294 648
294 416
180 727
133 648
985 335
482 531
58 586
807 306
807 835
807 993
807 784
807 443
807 901
807 400
807 86
807 692
149 849
850 90
101 423
880 951
135 700
135 692
135 742
135 4
135 942
135 362
135 137
135 936
160 586
160 629
70 90
680 284
687 776
687 586
654 738
534 746
534 343
339 178
78 178
78 0
78 951
111 586
334 746
334 416
253 151
646 62
646 423
630 530
630 718
630 629
630 493
630 685
333 178
333 0
333 19
500 2
232 946
232 472
232 126
232 782
232 168
118 335
810 335
685 718
685 629
685 643
685 267
972 147
423 246
423 563
423 369
423 513
67 963
67 165
48 319
132 509
947 774
947 586
947 568
538 178
538 0
176 586
991 178
991 0
165 586
165 17
165 35
165 344
165 31
670 335
946 425
732 0
40 695
607 718
607 231
607 591
650 410
873 738
873 698
302 316
236 335
950 343
260 762
260 168
381 335
381 506
381 192
381 532
558 207
173 506
173 90
166 743
664 335
53 272
134 912
402 399
402 139
402 634
402 788
372 595
372 404
976 178
976 0
976 349
976 502
812 2
812 790
812 465
812 700
223 746
759 586
759 416
0 862
0 470
0 710
0 767
0 409
0 228
0 295
0 6
0 693
0 178
0 249
0 502
295 178
634 788
159 214
752 190
752 233
335 208
335 201
335 737
335 175
335 29
335 464
335 688
335 980
335 537
335 228
335 643
335 1004
335 553
335 239
335 5
13 532
912 586
912 782
912 966
912 730
912 356
912 472
912 868
912 556
912 416
912 168
719 738
735 586
735 879
104 425
104 648
104 765
565 318
935 746
935 668
935 813
704 90
429 454
502 718
502 951
502 178
168 868
168 586
168 790
168 762
168 730
168 356
168 472
168 556
168 648
168 416
712 398
158 506
103 310
418 996
435 586
435 267
264 586
542 595
542 746
684 586
684 844
684 318
512 469
561 614
561 629
682 506
127 890
24 629
24 891
718 61
718 569
718 530
668 746
231 698
231 245
951 957
951 707
951 506
569 178
644 506
256 648
256 313
256 602
256 416
996 506
362 167
362 870
362 283
362 922
362 383
658 629
737 1004
710 178
710 767
813 746
794 854
931 147
931 214
6 178
586 782
586 854
586 356
586 120
586 479
586 869
586 416
586 257
586 310
586 126
586 267
586 762
586 161
647 614
647 142
267 142
730 356
730 868
698 245
698 764
369 62
178 470
178 249
178 862
178 409
178 228
178 767
178 693
591 746
230 147
629 280
629 891
629 288
629 530
629 493
629 360
629 484
629 631
90 865
90 191
90 506
90 29
90 343
90 890
90 199
90 541
2 142
746 214
746 692
142 200
142 971
142 136
142 857
537 181
537 440
695 214
86 443
86 152
854 416
541 16
143 872
776 528
776 214
74 126
74 674
356 868
356 648
356 313
356 765
356 762
356 472
356 416
590 147
46 310
868 648
868 765
14 924
14 506
674 112
344 838
506 16
469 207
341 200
800 62
838 136
280 739
443 743
443 152
443 602
953 207
602 743
881 804
425 721
425 765
277 147
277 700
77 416
472 313
472 112
472 648
458 844
458 956
692 191
692 233
692 75
971 200
383 891
5 29
365 528
200 739
200 857
126 790
126 648
355 147
32 214
272 595
686 147
764 245
1002 319
648 721
648 416
416 782
416 75
416 765
416 721
862 909
112 313
891 920
577 147
171 147
319 216
306 214
306 742
933 147
721 765
420 96
