599 605
285 277
278 24
248 120
535 120
445 288
347 171
347 147
923 910
229 742
373 190
605 228
605 178
329 775
329 692
329 233
362 383
977 423
516 837
516 14
516 790
802 450
994 540
994 582
994 120
450 264
450 754
450 120
416 586
416 232
416 294
416 256
416 260
416 196
416 147
416 313
416 120
416 267
416 168
771 659
771 306
769 742
107 688
107 415
69 879
301 142
301 647
15 731
377 696
98 707
98 429
656 190
656 280
575 912
371 135
497 773
25 918
858 552
858 991
915 341
915 120
291 429
332 586
1001 644
1001 14
173 506
173 890
173 657
433 120
720 120
550 746
543 654
320 537
557 77
105 374
226 440
266 912
78 702
702 738
702 644
702 14
702 506
617 830
453 951
428 316
428 857
885 984
885 586
885 294
614 274
840 698
157 577
483 190
483 696
483 283
30 602
662 443
662 267
401 429
401 165
401 454
526 280
526 790
526 360
837 719
837 654
392 316
305 946
424 795
327 506
327 657
657 10
657 506
657 440
657 541
783 738
783 14
783 790
783 120
926 748
926 715
926 686
846 67
609 239
609 592
439 232
439 260
447 586
447 294
949 912
901 742
241 280
540 698
540 873
540 925
540 855
540 56
540 987
540 311
540 955
546 850
795 207
795 421
850 890
850 14
850 120
823 646
101 423
135 628
135 61
135 870
135 581
135 772
135 159
135 742
135 4
135 170
135 292
135 82
135 120
160 360
987 120
294 984
294 74
70 534
70 120
680 707
680 790
654 738
654 991
754 272
754 595
754 120
534 939
534 388
534 120
510 264
337 663
337 505
589 383
188 280
499 48
220 120
500 586
232 790
232 126
232 77
232 168
293 280
834 120
421 280
423 246
423 103
423 175
67 963
67 344
67 561
67 165
72 120
48 565
48 321
502 710
502 118
165 344
835 742
40 120
607 696
873 698
873 660
260 168
260 912
381 537
381 440
381 192
381 506
558 565
723 41
723 91
166 674
166 74
53 193
37 77
812 790
223 343
759 912
422 280
634 788
159 707
159 865
159 316
159 940
159 595
159 32
159 243
752 833
912 782
912 77
912 74
912 356
912 586
912 472
912 556
912 730
912 168
832 638
832 951
832 582
832 299
976 349
935 413
935 746
935 530
185 742
541 738
541 506
541 199
120 841
120 996
120 485
120 572
120 843
120 316
120 586
120 136
120 775
120 306
120 742
120 4
120 978
120 851
120 469
120 517
120 629
120 280
120 542
120 530
120 865
120 310
120 549
120 127
120 718
120 854
454 429
454 592
316 136
316 90
517 267
103 514
103 343
264 738
264 663
264 596
264 343
264 388
264 764
684 746
512 978
190 181
190 274
190 353
990 280
990 142
663 343
561 280
561 288
407 843
24 280
718 32
718 61
718 696
718 724
231 738
231 764
231 245
231 698
951 738
951 194
951 707
951 239
951 595
791 32
644 924
644 506
644 14
256 356
256 313
996 506
996 199
122 479
658 280
722 854
400 742
737 440
737 175
956 758
761 924
761 576
586 74
647 280
267 142
921 738
274 841
851 696
547 280
629 280
629 288
90 147
429 415
784 742
746 413
35 280
142 200
142 280
142 344
537 440
537 775
86 742
168 77
168 74
581 890
581 692
581 936
143 696
625 890
590 171
582 764
700 272
700 14
14 790
14 506
14 924
136 341
136 200
924 199
630 971
506 790
506 199
485 513
649 890
280 631
280 360
280 32
280 953
443 152
443 742
602 743
440 361
118 862
993 742
585 528
77 890
77 648
77 762
659 742
458 844
692 233
692 742
971 200
62 646
5 29
696 8
844 321
493 288
45 227
764 698
905 281
707 193
707 633
707 214
515 147
595 790
648 313
648 765
310 343
577 936
863 742
29 899
227 66
306 742
152 742
245 698
139 343
