599 178
688 553
535 444
535 722
535 369
535 823
535 927
535 513
535 250
819 836
923 738
923 178
923 746
923 592
229 607
373 190
251 987
605 178
605 189
329 624
329 910
711 843
624 873
977 497
977 996
977 32
977 153
977 236
977 418
708 866
802 450
994 772
994 540
994 987
450 900
450 187
450 568
450 695
450 272
450 572
450 595
450 662
416 52
416 949
416 232
416 260
416 191
416 90
416 126
416 803
416 74
769 116
866 423
28 540
28 987
107 810
573 586
573 74
301 547
15 633
15 680
377 729
377 718
377 716
377 423
377 530
98 429
98 592
98 401
433 987
921 738
371 4
25 684
25 918
25 48
290 159
290 214
858 991
915 718
915 341
915 200
915 316
915 334
915 136
915 428
915 857
915 31
915 953
915 191
291 429
291 454
291 401
92 316
582 987
468 335
543 540
543 344
543 316
557 912
134 592
976 178
388 96
388 843
78 178
702 423
347 966
908 765
150 415
731 158
731 563
731 951
731 422
428 31
428 316
885 586
159 607
159 239
159 214
159 334
159 220
559 622
840 540
840 987
157 166
157 746
157 686
843 16
843 61
843 184
843 393
843 407
843 907
843 883
30 868
30 313
30 90
30 126
30 912
30 765
662 267
189 470
189 904
189 61
189 181
189 652
189 716
189 6
189 0
189 1004
189 718
189 14
189 114
189 365
189 410
189 506
189 595
189 68
189 249
189 201
189 236
414 772
401 454
401 165
401 415
401 429
526 629
837 783
392 674
392 316
392 803
883 16
424 990
424 547
327 381
527 870
805 772
783 738
783 719
846 629
846 561
209 356
609 854
609 91
439 77
17 316
17 857
447 586
111 794
111 935
294 586
184 633
241 547
540 641
540 338
540 24
540 633
540 987
540 873
540 311
540 955
953 316
795 547
372 404
880 707
104 256
104 765
160 629
987 245
987 789
987 809
987 872
987 641
987 338
987 849
987 873
987 432
987 764
987 482
987 311
987 361
987 95
987 68
987 698
987 531
987 231
987 56
987 364
987 955
987 925
654 991
939 38
939 102
534 334
679 684
679 73
142 316
337 634
337 505
334 617
125 622
253 566
253 151
223 310
292 364
499 178
499 684
592 454
592 927
592 268
592 713
333 178
333 19
638 96
638 634
638 164
232 782
232 912
232 415
232 472
421 547
685 629
685 1001
685 724
435 332
788 634
630 629
48 956
48 558
48 458
48 319
48 216
48 684
132 61
132 96
284 422
538 178
165 316
40 193
607 178
607 52
607 646
551 62
934 595
934 318
302 316
236 537
236 898
236 208
587 415
260 912
260 168
260 77
381 506
381 1001
558 684
558 216
558 207
723 277
676 622
53 193
53 927
53 629
53 887
850 682
238 0
188 851
0 178
0 6
0 249
295 178
634 96
634 832
634 509
634 299
77 912
613 90
912 949
912 356
912 90
912 168
912 74
716 718
135 772
135 942
135 178
135 936
832 96
935 413
935 746
935 739
935 844
935 168
952 316
704 684
704 743
323 139
429 454
502 178
502 231
502 532
168 52
168 966
168 90
168 782
168 74
454 193
316 90
316 990
316 200
316 971
316 647
316 136
316 857
316 344
316 31
517 772
517 356
517 267
517 803
103 310
103 322
418 996
966 933
738 761
738 541
738 682
542 62
612 633
684 956
684 918
684 565
684 318
684 321
684 458
684 844
784 742
512 547
190 181
190 629
190 274
190 353
190 656
990 207
415 178
561 629
940 90
127 61
127 90
24 629
332 782
332 575
718 61
718 980
231 178
231 693
909 362
644 199
256 356
256 765
996 506
996 199
362 383
658 629
522 61
105 233
737 440
710 409
710 178
794 841
794 762
761 790
6 178
586 984
586 52
586 868
586 782
586 74
267 112
267 803
730 356
164 310
164 322
178 470
178 991
178 75
178 249
178 862
178 409
178 228
178 633
178 767
178 693
364 233
591 61
851 214
629 891
629 2
629 280
629 530
629 493
629 360
629 631
90 207
90 398
90 857
90 191
682 772
746 413
746 214
746 692
890 854
120 193
957 547
581 855
581 936
74 762
74 782
74 803
356 52
356 112
356 91
356 765
1001 506
1001 724
809 772
46 622
14 506
924 506
674 803
322 879
322 343
803 112
854 918
52 765
52 166
52 602
353 891
833 617
485 62
341 739
341 200
772 245
772 549
772 199
299 96
774 947
774 951
509 96
602 743
724 246
724 5
993 742
472 782
758 956
758 918
458 577
692 830
692 742
692 528
692 233
692 61
692 306
692 191
617 75
207 547
956 790
956 918
931 715
62 513
62 646
5 29
844 918
126 790
45 66
32 214
686 577
648 765
672 918
991 61
205 528
319 918
743 166
633 193
633 75
214 306
214 765
742 306
696 61
216 321
2 166
