599 605
275 327
275 849
703 135
285 308
285 571
288 629
248 75
535 444
535 369
535 823
720 135
720 987
720 680
720 936
923 738
923 633
923 890
923 197
923 609
923 214
923 772
923 235
923 120
229 194
229 660
373 190
251 987
251 410
439 912
329 540
329 624
329 510
502 862
502 189
502 188
502 528
502 118
502 731
502 280
502 585
502 334
502 909
502 710
502 364
996 1001
624 764
624 338
624 231
624 692
699 637
699 266
977 423
977 1004
977 796
977 399
977 32
977 1001
977 418
994 987
994 410
450 920
450 746
450 695
450 571
828 1001
416 356
416 648
416 415
416 765
416 868
771 900
771 901
771 306
771 697
771 742
771 82
771 83
769 194
769 951
658 629
28 987
908 765
107 987
107 980
107 120
69 950
573 586
15 731
15 680
15 422
865 120
377 866
377 729
377 530
377 422
815 1004
98 454
98 401
98 134
98 429
98 291
98 592
656 190
656 630
656 120
153 410
153 891
921 738
921 231
290 253
290 159
290 214
915 334
796 14
291 454
291 196
291 401
291 134
291 429
291 268
291 713
332 586
332 74
1001 644
1001 14
1001 979
1001 924
1001 199
1001 650
1001 702
1001 410
1001 837
1001 745
1001 541
433 987
433 410
550 743
543 316
853 223
134 454
134 592
388 534
388 280
250 886
250 823
898 808
659 306
52 356
52 586
52 472
485 62
485 646
485 823
150 415
731 189
731 422
731 571
885 571
885 74
65 987
324 638
840 245
840 698
840 987
840 582
157 277
157 926
157 743
843 407
843 711
30 356
30 256
30 472
662 443
189 6
189 316
189 127
189 24
189 530
189 0
189 410
189 595
189 120
189 31
414 120
401 454
401 165
401 415
401 429
401 257
526 629
837 410
392 112
883 127
883 595
883 724
883 120
424 165
424 421
424 349
424 990
830 692
783 738
528 909
528 335
846 629
209 765
609 454
609 586
863 194
863 993
863 742
447 586
447 74
278 214
111 602
294 762
294 586
294 74
133 74
482 987
482 410
953 957
953 316
807 120
948 987
850 193
850 987
850 415
850 196
101 866
135 581
135 942
135 4
160 571
160 629
987 789
987 809
987 338
987 849
987 147
987 582
987 927
987 311
987 499
987 220
987 997
987 68
987 515
987 698
987 540
987 764
987 978
987 231
987 245
987 334
987 629
987 872
987 641
987 40
987 749
987 361
987 612
987 364
987 190
987 415
987 95
987 940
987 127
987 75
987 432
987 531
987 56
987 925
987 569
987 873
987 120
987 955
499 318
499 684
499 73
901 194
687 214
687 334
654 738
552 817
534 862
534 879
534 334
534 214
534 32
534 571
776 617
776 571
776 214
776 159
510 514
337 1
334 696
334 629
334 306
334 280
334 775
334 75
334 530
334 607
334 356
334 742
334 920
334 851
253 566
253 151
188 35
188 920
188 978
102 323
540 698
333 19
638 790
638 700
638 509
124 823
118 862
118 732
810 335
810 7
810 381
685 630
685 629
435 500
423 969
164 950
729 866
538 178
165 31
165 316
870 571
40 900
40 196
40 742
40 568
40 198
40 187
607 696
650 410
873 698
777 410
934 595
934 127
302 316
236 5
950 663
950 343
381 192
381 532
558 216
558 458
558 956
558 684
173 14
173 541
166 586
166 356
166 602
166 743
166 74
53 454
161 571
37 232
37 313
0 6
113 823
159 454
159 356
159 214
752 413
335 867
335 532
335 120
311 697
912 356
912 949
912 472
912 168
716 6
716 120
719 410
104 313
197 546
935 413
935 746
935 571
952 200
952 316
969 410
704 743
2 782
2 700
2 854
2 872
541 738
541 16
541 410
168 949
168 472
454 117
454 951
454 90
454 772
454 429
454 1003
454 235
454 890
454 713
454 268
454 592
454 257
454 196
454 239
454 193
454 633
454 214
454 120
712 398
316 990
316 200
316 971
316 136
316 344
316 17
316 31
517 356
517 267
966 933
966 232
738 644
738 231
542 823
542 62
542 743
542 571
542 120
684 956
684 571
684 318
684 844
684 743
190 920
190 181
190 274
190 353
190 120
663 571
561 629
997 120
127 120
746 900
746 665
746 743
746 692
718 61
531 692
231 698
231 448
644 924
644 14
122 410
722 823
737 849
710 246
790 868
790 730
6 120
586 984
586 782
586 74
586 267
571 277
571 530
571 900
571 742
571 62
571 394
823 646
823 854
823 394
823 927
823 821
823 369
823 444
823 551
823 62
823 556
823 513
730 356
698 245
698 764
369 263
274 630
178 90
178 767
178 75
178 120
364 245
591 61
547 978
547 293
629 200
629 191
629 891
629 280
629 24
629 530
629 360
629 493
629 631
629 630
629 120
90 214
90 493
429 196
175 670
175 849
175 410
374 306
31 200
537 181
196 147
196 120
86 443
120 68
120 16
120 530
120 147
120 630
120 203
120 293
120 724
120 927
120 590
581 942
143 410
399 194
399 368
464 214
83 697
74 256
74 266
74 313
74 765
74 984
74 648
356 112
356 472
356 743
356 765
356 214
356 256
410 16
410 14
410 924
410 56
927 592
14 506
14 702
14 924
14 724
14 199
136 838
136 200
674 112
322 879
322 343
630 493
630 530
353 891
469 978
469 207
280 24
774 947
232 313
232 472
697 855
697 925
833 257
602 743
293 862
472 313
472 112
472 214
692 775
956 319
530 493
530 891
530 24
984 782
62 646
5 228
844 672
679 73
660 91
891 24
577 936
900 742
214 765
214 742
742 306
