379 568
644 738
644 506
644 702
644 199
256 356
256 313
256 648
256 30
256 74
996 506
996 418
122 924
122 428
122 718
15 731
15 680
15 422
866 101
866 724
278 61
852 214
883 718
535 444
720 617
720 214
720 855
720 942
720 587
720 680
105 418
105 471
137 306
923 940
923 159
462 833
373 190
934 595
788 740
761 804
761 532
6 670
586 607
586 500
586 868
586 157
586 416
586 356
586 984
586 74
502 607
502 693
502 90
502 569
502 710
502 185
782 500
782 77
249 470
249 0
249 29
388 746
362 561
38 343
78 767
523 306
164 402
477 139
477 634
552 978
552 858
994 361
994 226
994 531
450 947
450 61
963 67
528 769
528 433
526 629
851 978
851 280
152 443
497 977
483 5
483 891
629 658
629 858
629 846
629 493
629 891
629 561
629 631
629 685
629 530
629 75
629 280
629 160
629 214
629 360
629 24
629 630
90 569
90 865
429 454
429 401
978 469
978 207
978 614
978 188
978 795
978 35
978 280
978 421
978 954
978 301
978 424
978 988
978 817
978 167
978 547
978 957
978 141
978 512
573 126
175 670
784 306
746 665
746 534
746 935
746 692
374 306
808 0
98 401
98 107
170 135
170 581
433 633
31 165
31 990
456 441
921 924
260 77
537 737
537 236
537 107
337 187
290 193
290 566
290 159
290 214
290 253
290 321
858 607
858 165
381 327
398 712
1004 977
1004 393
1004 107
274 190
291 454
291 401
332 500
332 435
1001 977
1001 685
86 443
395 514
854 646
543 952
331 418
659 61
659 306
819 329
617 833
628 135
628 82
141 241
378 514
150 772
150 415
731 406
731 214
74 984
229 607
229 241
324 214
157 500
157 414
927 416
980 670
980 5
30 356
30 313
30 765
662 443
189 716
414 135
414 684
414 718
414 891
401 454
401 165
401 415
306 742
924 506
924 14
924 702
52 45
344 67
344 165
344 952
53 193
53 633
53 311
53 609
322 879
630 530
424 207
424 990
424 421
424 795
506 670
506 541
506 199
220 214
663 951
353 190
522 61
24 530
275 114
783 16
783 682
926 147
846 67
846 561
609 75
609 692
638 832
772 75
772 334
488 568
581 135
581 936
581 742
581 855
299 96
774 947
329 624
184 423
184 82
134 454
482 569
482 364
482 531
697 855
423 246
423 101
423 977
423 832
602 126
293 724
149 372
149 101
993 742
850 738
850 75
585 319
585 561
880 107
135 4
135 870
135 942
135 82
135 798
810 107
160 214
987 531
987 432
987 214
702 14
472 743
758 918
458 844
458 918
692 607
692 61
692 191
692 214
692 233
687 940
207 67
710 599
544 214
654 650
696 607
977 32
977 418
776 214
530 214
530 891
530 159
656 190
62 542
62 646
5 670
5 118
5 107
334 127
334 612
334 75
334 214
855 955
253 566
253 151
684 844
684 214
664 107
333 569
500 515
500 435
365 118
200 952
126 765
67 165
67 561
181 190
48 704
143 739
143 32
764 364
32 159
32 891
947 568
165 316
191 75
835 214
406 422
246 101
246 724
650 682
495 568
107 214
65 193
65 865
65 75
648 356
236 335
416 356
416 313
416 147
416 912
865 214
112 517
371 214
891 445
2 812
91 607
356 743
356 765
900 712
168 912
568 61
812 790
812 700
16 541
313 765
29 335
634 509
159 719
752 75
591 607
920 190
920 214
832 514
61 607
61 718
61 843
743 214
633 193
633 75
633 343
185 833
245 231
738 214
214 844
214 940
214 343
214 569
190 75
607 231
607 75
514 780
415 569
833 75
75 193
