599 78
644 745
644 327
344 67
275 737
275 849
275 175
275 473
122 61
122 693
779 225
658 469
658 954
658 188
658 493
658 280
658 207
658 301
658 142
658 817
658 167
658 35
658 631
658 656
658 990
658 561
658 647
658 136
658 421
658 24
658 424
658 160
658 547
658 274
658 360
658 526
658 795
285 933
935 992
935 746
935 720
935 668
935 813
535 444
535 369
445 288
780 950
780 103
780 977
780 514
780 509
737 849
737 175
813 746
373 190
373 207
595 169
595 372
319 618
319 832
256 356
439 168
416 890
416 294
416 629
416 946
416 90
416 166
416 147
586 984
586 500
586 447
586 111
586 294
586 573
586 762
586 267
586 435
586 602
948 803
72 135
72 581
647 990
647 200
249 178
624 329
977 950
977 514
977 378
977 1004
977 103
977 418
977 1001
977 423
267 435
532 516
532 650
532 804
164 106
684 185
50 559
66 227
274 190
994 540
994 890
994 231
178 862
178 628
178 188
178 189
178 228
178 280
178 502
963 67
528 609
534 607
534 890
534 334
534 90
534 70
534 718
851 607
851 920
851 718
851 547
851 978
851 629
771 784
692 718
629 920
629 160
629 915
629 530
629 891
629 288
629 280
197 120
473 175
473 849
533 784
429 454
429 683
429 415
429 401
75 609
573 447
573 74
175 849
746 668
958 180
35 207
98 592
98 401
170 135
656 190
31 990
318 499
575 472
542 718
542 62
497 773
25 956
858 614
915 607
915 920
915 718
915 160
915 200
915 316
915 428
915 857
915 883
915 530
381 192
381 327
381 702
95 987
291 454
291 401
92 990
1001 950
1001 850
1001 103
1001 514
86 443
86 662
720 185
550 660
543 316
543 952
853 223
134 592
168 949
250 886
250 646
659 306
942 135
908 425
908 765
628 135
41 565
469 978
469 167
150 415
143 410
428 990
885 294
332 500
943 310
356 500
356 718
356 912
356 472
356 730
356 313
356 743
356 30
356 602
582 364
410 189
572 246
662 443
868 790
14 924
14 850
800 62
401 454
401 165
401 683
401 415
288 561
288 391
288 493
924 516
663 950
663 223
663 649
663 343
53 193
305 425
305 765
305 946
803 517
424 207
424 421
239 951
516 743
540 264
353 190
485 62
783 738
783 837
783 682
783 650
783 13
378 950
378 514
378 103
954 207
846 67
609 687
609 334
609 90
609 772
609 581
609 546
609 592
772 16
838 142
581 135
280 24
447 294
447 74
953 990
883 718
883 61
883 724
294 984
294 817
294 133
294 648
294 313
294 74
180 727
184 423
133 984
133 602
549 293
499 890
499 321
499 48
499 558
499 185
499 546
499 833
199 850
423 246
423 103
423 101
502 607
502 718
502 693
502 228
502 791
388 634
388 718
388 509
724 718
724 61
837 738
232 472
823 369
135 718
135 334
104 126
104 425
104 790
104 730
988 978
988 207
160 630
693 228
693 700
693 791
702 664
472 313
472 743
70 343
984 762
207 67
207 795
207 136
207 349
956 73
654 738
654 682
383 887
530 607
530 920
530 718
530 334
530 493
530 685
142 990
337 505
890 338
62 646
5 0
334 159
334 322
855 697
223 310
223 322
223 343
646 369
646 513
592 454
500 782
500 435
546 193
546 415
107 335
421 795
685 630
435 782
857 990
67 165
181 190
181 920
630 951
45 227
165 990
165 316
946 425
946 558
272 900
231 2
61 607
61 718
873 660
764 120
736 951
302 990
648 765
236 506
415 718
950 514
950 103
950 343
112 313
591 718
577 933
900 742
812 790
634 91
159 147
159 214
716 718
920 607
920 718
277 933
933 91
60 187
742 718
323 951
185 833
682 738
682 650
541 738
120 190
712 450
404 718
316 136
517 718
103 514
349 990
738 650
425 765
138 887
450 718
607 718
990 136
