599 569
248 462
248 920
248 185
248 670
535 542
720 617
720 680
780 603
347 933
347 171
347 147
347 90
923 738
923 193
923 890
923 670
923 921
462 783
462 223
462 415
462 833
462 517
462 742
462 542
462 718
462 450
462 157
462 670
462 591
462 851
605 569
605 789
329 245
329 582
624 245
624 582
38 309
38 879
516 790
802 40
994 56
450 712
450 670
587 415
587 936
771 784
769 307
658 629
107 537
107 670
107 118
107 381
107 664
107 810
107 808
107 898
107 643
107 29
107 468
107 5
107 553
107 464
107 335
107 985
107 980
301 547
15 731
15 680
106 399
377 423
112 187
433 738
433 32
433 987
466 40
153 977
921 738
921 327
260 232
260 168
497 977
25 684
25 48
290 214
290 416
915 280
291 454
332 500
582 764
550 743
543 200
853 337
557 168
134 592
861 896
740 157
617 415
141 421
141 547
150 415
731 890
731 809
731 422
428 716
65 687
65 220
65 891
65 920
65 530
65 120
614 547
840 540
157 607
157 277
157 670
843 883
30 313
662 40
189 724
603 735
603 822
603 514
603 505
401 429
401 165
401 454
526 280
526 629
526 561
883 754
883 907
883 320
883 393
883 201
305 416
424 207
424 630
424 421
424 547
424 795
327 381
783 506
783 670
954 547
926 308
846 629
846 561
609 772
17 857
303 950
303 399
447 313
294 313
294 416
184 333
184 423
241 547
540 245
540 987
58 909
850 682
850 196
647 207
647 280
101 246
101 423
135 628
160 629
160 530
987 56
987 95
987 873
987 338
481 565
481 723
499 565
499 558
687 670
654 738
754 718
977 1004
977 418
391 353
679 73
337 505
589 383
334 670
334 220
125 622
223 670
630 629
630 530
220 749
220 75
333 569
638 951
638 509
546 629
421 547
421 795
685 629
435 500
423 246
423 710
423 127
423 103
423 175
67 963
67 344
67 207
48 73
48 956
48 558
48 758
48 458
48 319
48 216
48 684
165 207
165 990
165 31
670 449
670 517
670 542
670 718
670 692
670 742
670 591
670 851
704 684
704 458
835 397
40 900
40 712
40 187
40 596
40 568
40 695
40 272
40 572
607 684
607 168
607 75
607 629
873 196
873 231
236 537
950 399
950 509
558 207
558 73
558 956
558 565
558 216
166 416
795 207
795 978
795 547
676 622
976 569
812 790
789 470
188 280
188 547
0 569
0 790
709 547
634 612
634 788
159 940
159 517
159 214
752 415
912 168
716 167
716 980
34 997
34 855
832 509
952 200
969 410
185 692
185 415
2 77
120 927
120 772
120 454
120 854
454 772
454 1003
454 429
454 268
454 592
712 380
316 214
823 790
264 245
684 458
235 890
512 547
190 353
990 31
561 280
561 629
561 493
833 415
746 214
746 692
979 738
718 61
718 866
231 245
19 862
791 32
644 506
996 506
362 4
362 585
722 927
137 936
133 168
6 569
307 692
983 692
249 569
552 547
552 851
851 280
851 547
629 631
629 493
629 891
629 280
629 24
629 530
629 202
629 894
629 360
429 196
784 83
817 167
817 547
35 978
35 547
31 724
318 758
318 73
86 443
409 569
854 927
168 52
168 232
168 77
470 569
957 353
855 697
356 782
356 500
356 868
356 472
356 416
167 469
167 547
927 592
534 890
980 201
268 592
868 765
306 660
344 200
344 838
824 547
239 502
506 951
506 199
353 891
469 207
469 547
500 193
500 782
772 443
772 75
280 920
280 24
280 530
280 547
280 360
280 32
280 631
953 207
509 788
502 569
881 643
724 181
693 569
692 438
692 191
207 547
710 569
971 200
383 528
530 493
530 891
530 24
890 214
696 200
200 136
228 569
471 415
764 245
493 631
736 193
978 547
416 782
862 569
519 790
91 415
538 569
900 742
830 245
568 379
24 136
191 415
4 371
245 233
