437 738
599 502
275 5
644 738
248 290
248 692
248 334
248 506
92 731
92 847
92 953
92 857
720 617
720 135
720 290
720 855
720 581
720 587
720 833
720 680
720 456
780 103
347 933
347 147
347 308
923 738
923 687
923 591
462 833
373 858
251 506
605 506
329 264
329 56
948 290
38 309
38 460
506 783
506 442
506 320
506 670
506 208
506 29
506 738
506 5
506 377
506 249
506 921
506 189
506 6
506 14
506 881
506 381
506 643
506 1004
506 796
506 808
506 226
506 541
304 456
420 96
802 61
802 187
450 607
450 290
450 61
450 187
97 456
769 292
769 798
769 58
113 927
866 290
866 101
197 738
107 468
107 118
107 465
107 553
107 808
107 290
107 65
573 166
573 586
301 552
301 978
301 257
235 454
235 75
377 718
377 696
377 630
377 423
98 454
98 707
98 429
98 592
656 190
153 411
153 977
921 738
921 808
921 14
260 232
25 48
290 687
290 278
290 544
290 731
290 534
290 776
290 530
290 356
290 157
290 927
290 739
290 499
290 220
290 836
290 834
290 743
290 775
290 684
290 671
290 553
290 742
290 978
290 416
290 851
290 783
290 454
290 280
290 629
290 40
290 517
290 542
290 612
290 326
290 147
290 364
290 502
290 190
290 920
290 865
290 915
290 528
290 940
290 850
290 127
290 135
290 718
290 987
290 569
290 692
858 469
858 991
858 629
915 857
291 429
291 454
291 401
291 120
332 250
332 435
1001 738
1001 514
1001 977
723 41
723 319
550 534
550 546
543 344
543 857
308 933
134 454
134 592
861 896
740 157
740 832
250 927
250 886
270 738
702 738
702 842
52 868
52 602
52 356
52 472
52 416
141 552
141 978
485 927
150 415
731 789
731 15
731 658
731 680
428 847
428 207
428 122
428 838
428 136
428 31
428 857
65 687
65 127
65 812
65 280
65 517
65 220
65 120
324 612
405 4
840 698
840 540
157 926
628 135
843 32
843 718
30 313
30 517
662 239
662 61
662 187
662 443
414 891
401 454
401 429
401 165
401 415
526 631
526 383
526 629
837 738
392 674
424 552
424 978
424 421
424 469
327 738
327 381
657 738
548 164
808 90
808 688
783 738
783 650
783 654
954 552
954 978
954 469
926 715
846 629
846 561
209 356
609 454
609 707
609 1003
609 75
609 120
863 742
303 950
303 514
303 103
294 256
180 215
184 779
184 423
241 552
241 630
241 469
540 698
540 483
546 534
82 135
499 684
499 454
499 321
795 552
795 207
795 257
795 978
795 469
850 738
850 120
647 847
647 631
647 857
101 246
101 423
880 707
135 870
135 581
135 942
160 629
987 872
380 32
131 738
680 707
680 284
680 15
687 120
687 356
687 502
654 738
654 650
939 534
552 469
552 614
552 188
552 421
552 824
552 207
552 35
552 817
552 167
552 547
552 978
552 512
552 851
776 772
142 847
142 857
859 743
334 607
334 40
334 61
334 220
125 622
223 90
292 90
630 415
630 685
630 629
220 749
220 75
333 693
500 435
118 0
118 732
646 927
421 978
421 469
685 629
685 643
67 207
67 344
67 963
67 165
48 956
48 558
48 458
48 319
48 216
369 927
602 61
602 743
538 569
991 607
165 847
165 31
165 857
835 742
732 0
40 454
40 187
606 482
650 738
873 698
847 207
847 953
847 136
847 857
847 302
847 31
847 408
777 32
302 857
366 956
236 32
950 103
950 514
371 4
371 456
381 32
558 207
558 319
173 738
166 759
166 743
676 622
53 75
53 120
747 738
789 433
789 470
188 978
188 469
759 126
0 569
0 32
422 15
159 62
159 143
159 278
159 572
752 75
752 120
13 738
912 356
912 586
719 738
735 310
832 936
565 684
952 857
894 629
745 738
185 833
682 738
541 738
168 868
168 586
454 916
454 278
454 772
454 429
454 268
454 927
454 713
454 706
454 297
454 592
454 120
712 942
712 398
103 514
103 164
103 423
418 32
418 977
738 996
738 653
738 945
738 199
738 532
738 761
738 14
738 881
738 979
738 508
738 516
738 924
738 576
542 927
542 62
542 513
175 737
175 423
78 710
684 321
713 707
713 566
713 592
190 891
190 274
990 31
990 857
187 596
561 631
561 629
127 214
833 617
833 415
833 75
24 629
24 530
24 136
718 754
718 904
718 61
531 482
231 698
951 707
569 862
569 693
569 502
459 564
770 927
970 16
319 216
319 956
256 313
743 356
658 629
722 927
105 616
737 440
710 423
170 581
170 32
170 855
971 857
761 532
586 984
586 356
586 416
823 927
823 513
249 32
267 988
267 891
532 516
532 790
532 804
532 700
698 245
698 764
274 920
274 631
591 746
591 502
851 978
152 443
152 86
444 927
444 551
629 493
629 891
629 280
629 530
629 202
629 360
629 978
629 631
90 493
90 280
90 75
784 742
817 978
817 469
35 978
35 207
35 469
510 622
31 857
456 936
196 120
398 772
398 61
1004 977
854 927
120 772
120 198
120 633
120 927
120 416
120 191
535 927
957 978
356 868
356 762
356 472
356 648
356 416
590 277
927 515
927 513
927 551
927 592
268 633
257 988
306 61
306 659
306 742
344 857
469 207
469 167
469 547
469 978
614 978
772 75
838 953
838 136
838 857
280 631
443 61
443 742
697 855
423 246
423 779
953 857
388 790
724 246
993 742
277 193
432 32
988 978
659 742
692 746
692 61
207 978
530 493
530 891
890 75
365 32
200 857
857 700
857 136
857 17
45 227
32 977
32 19
707 633
707 214
707 1003
272 61
790 700
978 167
978 547
900 61
415 75
933 147
633 193
633 75
547 631
742 61
66 227
700 528
61 233
61 2
75 193
