866 718
866 716
599 605
599 506
275 849
285 571
278 214
852 214
535 607
535 542
535 356
535 444
535 334
535 157
535 927
535 684
535 517
535 586
720 890
720 214
780 337
819 329
923 738
923 746
923 592
923 214
462 415
373 190
251 159
169 372
605 228
605 502
329 245
502 178
502 228
624 245
977 208
977 1004
977 418
977 410
802 662
994 245
994 338
994 90
450 900
450 61
450 571
450 334
450 595
450 272
450 662
416 500
416 586
416 256
416 126
416 517
416 743
416 573
416 472
416 356
416 334
416 927
416 168
769 116
442 537
113 927
113 337
107 320
107 670
107 214
107 208
107 201
107 175
107 29
107 5
107 464
107 335
107 98
107 688
107 980
107 236
107 381
107 118
107 664
107 810
107 898
107 1004
107 468
107 553
107 808
107 985
107 192
107 737
978 469
978 207
978 614
978 188
978 795
978 35
978 552
978 90
978 421
978 954
978 301
978 424
978 988
978 817
978 167
978 547
978 493
978 957
978 141
978 512
978 851
301 647
15 731
377 718
377 586
377 422
98 117
98 707
98 401
98 134
98 429
98 268
98 592
98 713
433 738
466 267
371 135
371 214
25 844
25 558
290 253
290 589
290 214
858 633
858 991
858 552
915 633
915 61
915 200
915 971
915 136
915 428
915 591
915 857
427 955
594 1002
291 454
291 401
332 782
1001 685
550 189
550 61
543 971
543 952
853 164
557 356
134 592
388 879
250 927
250 823
702 506
347 933
347 590
908 765
485 927
485 90
150 415
731 214
731 584
731 658
731 284
731 422
428 61
428 857
428 302
428 362
885 648
885 571
324 534
324 214
324 832
614 190
559 402
559 622
559 50
840 698
157 607
157 542
157 356
157 586
157 334
157 684
157 517
843 718
30 126
662 443
189 470
189 904
189 652
189 201
189 6
189 0
189 1004
189 718
189 236
189 365
189 410
189 595
189 249
189 114
189 716
401 454
401 165
401 415
401 429
526 772
526 629
392 674
392 112
392 316
392 2
663 951
663 239
663 571
663 410
663 649
883 16
305 425
424 990
424 421
424 795
327 381
926 565
846 67
846 629
846 561
209 356
568 379
568 187
712 380
586 984
586 500
586 854
586 260
586 752
586 334
586 515
133 602
482 990
317 374
82 135
149 716
149 362
795 207
850 682
850 90
880 707
135 628
135 4
135 870
135 334
135 581
135 170
160 629
160 571
987 540
987 214
987 955
499 191
499 752
499 558
901 83
687 214
654 991
939 534
552 951
534 571
534 334
534 125
534 772
776 571
776 334
776 214
142 316
337 695
589 383
334 607
334 542
334 835
334 517
334 775
334 356
334 443
334 900
334 159
334 214
334 742
334 684
334 692
253 566
253 151
223 322
540 698
540 633
540 890
540 269
540 338
540 245
540 955
220 890
220 214
220 90
333 178
638 42
638 164
638 706
232 415
232 472
232 168
669 797
810 7
421 188
421 647
685 629
685 724
435 500
67 207
67 165
67 561
67 963
67 344
630 207
630 629
48 458
48 319
48 558
132 96
132 832
947 774
284 422
538 178
165 207
165 316
165 344
165 31
870 633
870 571
835 214
40 214
607 833
650 410
873 698
934 595
236 716
950 343
260 762
260 77
381 192
558 207
558 956
558 672
558 319
558 216
173 506
173 541
173 90
166 782
166 743
664 440
53 443
53 629
161 571
955 773
955 925
955 311
955 692
812 790
338 641
0 409
0 732
634 96
159 500
159 707
159 695
159 704
159 646
159 517
159 343
159 746
159 62
159 56
159 214
159 200
159 963
159 784
311 697
912 356
912 77
912 472
912 168
13 532
716 718
719 410
935 413
935 746
935 844
935 571
952 200
704 684
745 506
541 738
168 356
168 112
168 77
454 429
454 592
293 61
316 971
316 90
316 136
517 61
103 368
418 105
738 214
738 231
684 214
684 571
784 742
190 658
190 181
190 274
190 353
190 656
190 31
190 120
561 629
561 493
940 214
24 629
718 61
231 698
231 245
918 844
909 383
644 506
644 199
256 868
256 74
256 313
362 383
658 629
722 927
105 233
737 440
956 758
956 90
956 844
544 214
6 178
6 249
571 910
571 277
571 530
571 542
571 900
571 62
571 742
571 394
78 178
78 506
78 688
532 790
698 245
698 764
164 90
164 322
274 841
178 767
178 710
178 214
178 228
178 890
591 692
851 61
851 547
444 927
629 493
629 891
629 530
629 214
629 360
629 890
629 631
90 14
90 646
90 136
90 924
90 199
90 890
90 927
90 763
746 413
746 542
746 530
746 214
746 742
746 692
35 207
170 855
542 62
592 927
618 216
398 61
409 506
1004 181
854 927
854 890
854 646
120 927
975 397
581 855
83 863
74 803
356 61
356 743
356 765
356 472
410 16
410 14
410 56
927 646
927 515
927 513
927 413
927 191
671 397
344 971
322 310
322 343
578 214
506 192
506 404
506 491
506 199
506 688
798 692
52 602
353 891
469 61
500 515
838 349
697 925
697 855
386 319
602 61
602 743
264 245
77 762
472 743
758 844
692 214
617 193
971 200
383 922
383 528
530 493
530 214
530 891
530 360
62 646
368 310
764 245
32 61
32 214
707 193
707 951
707 214
272 900
272 61
267 112
865 214
900 61
900 742
991 61
920 214
743 214
633 214
214 844
214 306
214 569
742 61
742 306
245 233
61 193
