644 924
644 541
344 67
344 165
344 952
256 313
256 294
256 416
996 506
996 120
122 479
688 670
688 29
658 731
658 629
285 147
288 629
248 329
248 591
248 692
248 415
935 413
935 746
935 530
535 120
720 135
105 947
105 374
305 946
923 415
462 415
373 280
840 582
931 147
6 0
329 245
329 233
329 624
329 910
329 692
647 280
647 24
624 245
624 738
977 423
267 416
267 586
267 838
267 166
267 517
267 803
267 142
532 516
532 381
243 61
684 558
369 582
58 909
994 120
178 605
178 693
178 502
528 909
528 581
528 135
591 415
591 692
591 502
851 978
851 159
851 415
771 306
444 854
629 526
629 190
629 846
629 561
629 891
629 214
629 280
629 65
629 685
629 530
629 24
629 160
629 159
629 493
629 360
629 631
629 630
90 147
159 472
159 316
159 147
159 530
159 343
69 879
429 401
175 246
15 731
106 788
817 294
374 317
7 810
98 401
98 713
170 135
433 120
31 165
31 990
575 782
310 120
537 440
290 589
858 552
915 890
915 316
915 428
915 142
427 955
291 401
966 66
516 790
854 120
550 334
66 45
66 227
670 415
557 435
134 147
134 592
740 879
377 729
617 415
617 334
783 415
957 951
141 428
319 386
319 558
936 577
469 120
581 135
581 951
731 143
428 316
428 136
885 586
74 166
74 112
74 392
356 416
926 147
559 402
559 299
559 509
546 704
157 415
572 450
572 120
843 407
843 127
843 120
189 120
700 638
700 435
414 891
401 454
401 165
401 415
136 120
136 200
136 142
837 738
837 924
392 112
392 316
663 649
663 343
53 147
322 879
605 789
605 502
239 951
239 609
506 738
506 14
506 327
506 881
506 541
506 199
220 75
863 789
24 280
24 160
485 120
485 823
517 415
517 120
846 67
609 592
638 790
772 147
772 530
280 631
280 188
280 561
280 526
280 547
280 360
280 32
280 120
737 440
299 634
299 951
199 541
443 193
443 152
586 332
586 120
294 416
509 634
482 990
549 120
540 245
540 873
540 231
540 925
540 855
540 987
540 311
540 955
423 246
423 103
502 976
264 245
264 692
881 790
795 990
277 147
823 542
823 120
77 126
77 912
135 870
135 191
135 405
135 415
135 75
135 337
135 951
135 4
135 120
135 82
135 371
160 530
160 526
332 435
472 782
499 704
458 565
458 558
576 738
692 191
692 233
692 775
692 530
692 746
692 334
692 910
692 415
687 415
687 120
971 200
971 630
654 738
812 790
230 147
355 147
530 891
530 685
530 413
530 746
530 630
530 120
142 316
337 505
890 147
5 29
334 415
334 742
334 910
334 147
855 697
855 951
223 415
114 718
592 454
445 891
500 435
200 316
216 558
775 120
435 782
435 416
67 165
67 561
278 415
72 120
48 321
143 32
143 422
764 245
32 791
947 450
947 568
707 147
165 316
165 349
570 742
40 450
231 245
231 873
231 987
686 147
413 746
168 416
61 120
41 558
450 754
450 254
450 187
450 60
450 695
450 595
450 272
450 415
648 313
236 2
416 912
950 343
865 415
173 738
590 147
91 147
900 272
830 245
925 955
568 379
850 650
602 743
955 987
955 311
171 147
754 120
75 147
972 147
752 147
752 191
752 415
13 738
104 721
104 765
565 321
565 704
415 542
415 147
415 833
415 718
415 742
743 721
933 147
633 147
704 321
742 120
4 120
541 738
120 841
120 147
245 233
316 990
103 343
738 951
14 924
214 940
214 147
147 235
147 347
147 577
147 193
147 951
70 343
