866 716
866 377
866 423
599 333
599 178
599 693
599 362
580 143
580 791
275 175
703 550
278 214
278 923
248 506
92 428
92 658
92 31
720 833
720 383
780 514
347 933
347 277
347 147
347 966
923 193
923 633
923 890
923 746
923 915
923 151
923 214
923 687
923 617
923 53
229 568
818 438
818 58
439 168
329 264
122 428
977 497
977 189
977 644
977 969
977 996
977 1004
977 32
977 418
977 1001
977 423
516 761
516 881
516 996
516 90
802 450
802 362
994 364
450 712
450 443
450 40
450 398
450 135
450 26
450 900
450 742
450 233
450 272
450 602
450 662
771 82
113 542
197 32
107 810
107 98
107 75
768 534
573 166
573 586
15 731
15 422
511 31
377 729
377 189
377 696
377 423
98 117
98 707
98 401
98 429
98 268
98 592
98 713
656 267
656 629
466 40
921 506
25 844
290 53
290 159
290 214
915 857
915 200
915 316
915 428
915 280
915 31
915 591
915 687
915 142
427 540
796 14
291 429
291 1003
535 927
535 513
535 854
535 823
582 264
582 764
433 738
433 951
543 428
853 343
557 912
134 592
861 934
861 127
388 534
266 77
78 178
702 506
702 14
819 887
908 104
908 30
908 765
731 422
428 990
428 200
428 316
428 362
428 647
428 136
428 952
428 857
428 165
428 17
428 302
428 142
428 31
428 953
428 971
159 171
159 617
159 61
159 214
159 912
159 712
159 416
462 762
324 415
840 698
30 104
30 209
30 313
30 765
30 168
662 443
189 470
189 904
189 410
189 724
189 652
189 201
189 362
189 6
189 1004
189 718
189 236
189 365
189 595
189 249
189 114
189 716
401 429
401 165
401 415
526 280
837 532
663 343
605 178
605 789
327 381
327 90
808 553
783 654
783 90
378 514
846 739
846 24
846 547
846 561
846 647
609 880
609 707
609 1003
609 75
609 951
447 586
111 794
294 126
294 586
294 416
133 984
133 648
540 245
540 698
540 264
540 231
540 641
540 697
540 855
540 955
149 426
795 424
850 75
850 90
101 246
104 126
104 765
104 742
160 629
160 530
987 809
901 742
687 586
687 214
654 738
534 322
679 565
142 990
142 316
142 647
334 2
334 586
223 531
223 343
499 75
499 704
499 558
220 75
333 607
333 710
333 19
333 362
333 178
333 249
638 832
546 277
546 590
546 416
669 791
810 664
421 424
421 630
435 782
435 586
435 267
67 207
67 963
67 561
947 774
538 178
538 502
991 712
991 61
165 344
165 31
165 316
670 506
40 712
607 356
607 692
607 91
607 927
607 147
607 696
607 75
607 1001
873 698
847 31
236 2
950 514
950 91
381 29
558 319
558 956
558 41
166 586
166 90
166 416
166 743
166 168
53 193
188 280
338 415
0 178
0 249
976 178
752 471
752 120
912 356
912 416
912 77
912 168
629 190
629 280
629 24
135 765
935 746
935 966
952 344
704 41
2 126
2 356
2 231
541 532
168 984
168 356
168 77
454 429
454 592
454 120
712 398
316 971
316 415
103 46
103 514
103 1
103 368
418 996
966 933
542 485
542 854
784 863
190 75
990 424
561 280
561 493
127 916
127 75
318 758
24 280
24 891
718 293
531 231
231 245
231 698
231 264
231 502
791 143
644 506
644 996
644 199
256 416
996 761
996 506
362 868
362 8
362 383
362 502
522 61
722 927
137 936
710 178
794 762
794 854
6 178
6 506
586 868
586 126
586 984
586 356
586 762
647 280
267 891
532 199
532 175
532 553
698 245
698 764
575 782
178 470
178 862
178 409
178 228
178 90
178 767
178 693
178 249
178 502
591 746
851 920
851 280
851 167
851 891
719 14
719 410
90 881
90 356
90 927
90 502
713 592
746 692
568 379
249 470
196 120
86 443
842 91
120 742
120 927
120 198
120 191
600 956
332 782
356 472
356 743
356 602
927 592
927 416
268 592
14 506
14 410
14 724
924 506
344 200
630 530
630 493
630 891
506 775
506 29
506 199
506 5
506 281
353 891
772 75
280 920
280 530
280 547
280 360
280 32
280 631
232 313
423 246
502 862
264 245
264 764
293 426
293 724
250 886
424 207
988 207
693 228
472 782
758 956
758 918
458 319
692 742
692 233
956 319
971 200
530 493
530 891
984 126
126 765
978 547
191 75
595 790
997 75
648 765
32 862
416 633
830 245
313 765
138 528
61 343
528 867
