866 423
599 569
599 502
644 506
644 90
319 558
256 416
13 719
687 609
423 246
423 101
423 977
423 175
658 424
278 61
278 609
248 783
248 16
248 670
248 692
248 173
248 450
248 364
248 506
248 921
522 718
522 61
522 377
522 613
535 927
722 927
780 514
347 933
347 966
923 193
923 609
462 833
294 500
127 546
605 569
605 506
329 624
146 326
823 927
823 369
249 569
249 189
249 506
977 497
977 1004
977 153
977 1001
267 674
267 112
267 891
532 335
532 837
532 381
698 245
698 873
698 231
698 840
698 764
698 540
684 550
684 704
369 927
575 168
274 190
952 200
450 712
450 572
450 187
450 695
450 947
963 67
528 739
591 718
591 356
851 978
771 137
769 90
769 233
769 742
113 927
629 633
629 160
629 891
629 136
629 546
629 24
629 530
107 440
107 553
107 381
318 704
2 868
2 790
2 236
2 283
548 164
573 112
175 5
713 159
713 592
106 950
106 828
106 788
106 1001
106 1
746 935
746 233
858 614
377 457
996 506
695 585
170 697
656 190
31 165
921 506
371 135
371 720
371 136
537 236
25 844
25 558
290 739
290 614
720 135
720 4
720 870
720 628
720 581
720 731
720 82
915 200
915 316
915 857
891 353
891 530
398 159
1004 208
1004 506
796 506
491 5
95 585
332 500
1001 685
1001 381
86 152
854 927
550 546
550 743
543 200
105 774
861 896
401 429
401 165
401 415
250 927
841 90
628 135
41 565
41 758
41 723
541 506
485 927
485 542
731 422
428 200
428 316
428 136
562 638
134 592
134 416
65 147
65 546
65 592
65 191
65 609
356 868
356 586
356 260
356 90
356 743
356 77
356 305
356 607
356 416
356 502
356 120
356 569
356 912
356 602
356 168
167 988
167 978
927 609
927 90
927 772
927 607
927 542
927 444
927 546
927 592
927 416
927 646
927 513
927 515
927 551
927 770
404 372
572 372
843 407
843 718
843 61
30 472
30 168
662 193
662 152
700 193
700 947
700 863
14 506
306 660
306 90
306 203
306 742
837 719
392 112
344 67
344 165
344 200
305 912
305 416
424 795
424 847
506 783
506 881
506 724
506 199
506 29
506 159
327 381
649 510
540 135
540 987
540 231
540 855
540 697
540 338
783 719
378 514
614 546
846 631
846 561
209 191
609 617
609 151
609 607
500 984
500 782
500 159
772 987
772 75
568 935
953 207
280 530
443 742
774 947
586 416
56 987
180 215
679 565
482 569
697 855
697 311
697 925
546 470
546 415
546 499
546 196
817 978
502 569
502 718
264 454
388 534
724 685
372 595
372 415
477 534
585 469
585 870
585 4
585 126
77 439
77 912
77 168
135 942
988 978
160 630
987 338
987 531
472 168
91 607
499 704
758 723
758 844
758 956
758 918
458 558
692 233
52 868
207 469
207 847
956 565
956 844
956 48
971 200
654 682
470 569
470 789
534 223
534 334
534 510
230 147
230 214
957 978
530 690
530 685
530 630
337 646
890 190
890 147
62 542
62 159
62 646
334 607
188 978
471 147
592 454
592 98
547 978
333 569
638 164
232 168
200 136
118 732
118 0
643 685
126 782
126 168
421 795
857 136
67 165
181 190
48 672
48 704
48 558
45 227
978 469
978 301
870 193
551 159
208 236
40 193
686 590
415 569
607 75
650 682
648 416
648 168
236 790
236 690
416 313
416 833
416 168
416 147
416 912
416 191
862 569
950 514
260 912
260 168
381 192
558 216
723 565
900 90
863 231
602 912
602 868
171 933
171 951
672 844
223 879
223 343
338 193
719 738
159 214
159 940
227 66
912 214
912 168
920 190
832 514
565 704
743 542
935 966
933 966
633 193
885 168
168 868
103 514
103 951
868 765
542 646
61 718
32 569
738 231
