599 178
580 544
275 849
703 306
804 783
644 783
644 516
644 541
248 49
92 915
92 316
92 142
720 668
720 746
720 383
720 935
720 813
780 514
780 977
347 147
923 278
229 213
229 241
229 301
229 306
373 190
251 987
169 372
439 912
68 987
948 112
948 674
948 517
948 833
948 267
948 765
948 803
948 356
948 392
948 912
948 30
948 416
624 540
624 153
699 912
977 950
977 514
977 1004
977 103
977 423
977 418
506 189
506 14
506 654
506 996
506 90
506 249
506 1001
506 541
506 199
802 450
802 40
802 572
802 695
802 187
994 987
994 809
450 695
450 40
828 745
587 833
587 93
587 752
771 697
771 306
658 629
28 987
197 90
107 320
107 670
107 393
107 208
107 201
107 175
107 5
107 464
107 335
107 985
107 688
107 980
107 236
107 537
107 381
107 118
107 664
107 810
107 898
107 1004
107 468
107 553
107 808
107 192
107 29
107 737
573 166
301 978
15 680
7 416
484 629
484 288
98 429
98 707
433 987
466 2
153 818
921 327
921 654
290 253
858 614
915 990
915 200
915 971
915 647
915 428
915 136
915 718
915 952
915 857
915 142
915 165
915 543
915 344
915 302
915 31
915 953
915 316
122 178
122 718
291 429
332 782
332 232
332 294
1001 924
1001 14
1001 514
273 951
468 432
445 629
445 891
445 288
550 245
550 546
543 316
543 142
853 920
853 310
134 592
388 132
388 638
266 912
266 790
270 654
702 924
702 14
896 654
52 868
52 313
52 356
52 168
141 978
141 512
485 646
731 718
731 284
428 200
428 316
428 142
885 984
885 294
885 256
885 74
885 313
885 648
885 447
885 416
159 718
65 75
614 526
614 656
614 572
614 274
614 561
614 647
614 891
614 280
614 685
614 267
281 718
157 746
157 356
590 147
30 765
662 443
662 40
662 2
189 178
189 629
189 29
189 502
401 429
401 165
526 629
837 654
392 112
663 950
663 951
663 343
883 718
883 200
883 951
883 724
605 178
605 228
605 502
327 381
540 245
540 874
540 987
540 641
540 697
808 5
783 654
378 514
535 444
535 369
926 147
846 67
846 629
846 561
846 288
609 592
609 90
863 993
949 912
294 126
294 313
180 958
482 987
953 957
953 316
953 142
807 951
149 372
850 334
850 987
850 196
850 654
850 772
850 185
850 833
850 75
850 120
101 246
101 377
880 707
104 908
104 425
104 648
104 790
160 200
160 629
987 245
987 789
987 809
987 872
987 641
987 338
987 849
987 873
987 432
987 840
987 764
987 480
987 311
987 361
987 95
987 582
987 698
987 531
987 231
987 56
987 955
987 925
93 752
93 91
499 844
499 704
901 784
680 707
680 284
339 178
687 326
687 61
654 719
654 979
654 516
654 199
654 738
654 650
654 576
874 245
874 873
874 231
874 840
874 764
38 324
534 607
534 879
230 577
142 990
142 200
142 971
142 647
142 136
142 952
142 857
142 165
142 344
142 316
142 302
142 31
334 75
253 566
102 16
630 239
630 629
630 530
630 469
220 90
879 164
333 178
638 324
638 164
638 832
232 425
232 759
232 946
669 544
118 724
776 61
776 90
810 881
421 424
685 629
685 643
435 868
435 586
435 267
67 207
67 165
67 561
67 963
67 391
570 306
369 62
369 250
729 377
284 584
538 178
538 502
566 772
566 553
165 207
165 316
165 344
165 31
288 629
288 493
288 391
288 561
946 425
946 472
704 743
704 684
40 695
40 900
40 712
40 254
40 187
40 568
40 272
40 572
607 425
607 718
607 724
607 127
607 75
607 692
607 591
309 474
41 723
302 316
236 537
950 514
260 868
260 912
260 313
260 168
381 192
381 532
381 362
558 458
795 891
53 193
372 404
789 633
188 178
188 978
188 502
759 782
0 178
495 568
422 377
422 613
295 178
113 513
77 912
752 306
752 833
752 191
311 697
912 907
912 313
912 356
912 214
912 168
912 416
13 516
13 214
716 718
887 416
832 514
976 178
976 349
935 746
952 200
952 316
185 830
2 231
120 542
120 900
120 629
120 742
454 193
454 147
454 379
454 429
454 198
316 90
316 990
316 971
316 136
316 629
316 344
316 349
316 857
316 214
316 200
316 31
517 602
103 514
418 105
418 996
966 168
425 472
684 356
684 844
684 746
85 844
512 469
190 920
190 181
190 274
190 90
190 353
190 656
329 245
329 264
990 31
187 947
561 629
940 90
24 629
24 891
593 718
718 61
718 724
718 377
718 114
718 502
531 383
668 746
231 245
231 830
231 840
951 707
951 214
951 78
951 502
569 178
791 544
256 313
256 648
256 356
362 416
362 502
362 168
866 528
105 582
737 849
956 458
813 746
6 178
586 782
586 166
586 416
78 178
164 943
575 472
575 168
178 628
178 991
178 280
178 710
178 470
178 249
178 502
178 862
178 409
178 228
178 767
178 693
391 629
391 891
851 978
851 167
629 280
629 493
629 530
629 631
629 200
629 891
629 214
629 360
90 920
90 61
90 360
90 809
90 742
90 841
90 170
429 415
175 849
784 306
746 214
746 692
170 855
249 29
537 440
86 443
168 868
168 313
168 472
168 782
380 440
975 397
581 633
581 936
143 544
849 582
849 423
83 697
74 166
74 112
356 868
356 472
356 721
356 313
356 743
809 432
671 397
868 782
868 416
14 924
136 200
136 207
924 199
674 166
674 112
322 343
239 502
838 530
711 724
299 509
443 379
774 947
56 432
697 925
697 855
423 246
502 862
502 228
502 724
264 193
293 862
724 246
693 228
659 306
472 313
758 844
458 216
458 319
458 48
137 306
692 214
544 8
383 528
530 493
530 200
530 891
530 267
984 782
377 696
696 326
200 857
126 648
857 214
707 193
707 633
707 214
707 416
686 147
931 147
355 147
112 166
112 313
891 547
577 147
900 742
171 147
782 500
782 416
313 416
743 765
743 166
933 147
742 306
257 75
147 416
416 166
416 765
936 765
