599 710
599 423
580 32
580 791
275 849
275 175
248 90
248 120
38 939
92 316
92 953
720 628
720 587
720 383
720 629
780 950
347 700
347 277
923 738
923 687
923 231
923 772
923 134
923 591
923 921
923 120
736 319
424 207
424 990
424 421
424 795
329 819
329 343
977 638
977 969
977 236
977 1004
977 418
977 1001
977 423
506 491
506 173
506 14
506 90
802 40
802 272
802 662
994 364
994 433
994 56
994 540
994 120
450 61
587 61
658 629
197 61
107 440
107 890
107 5
573 232
15 731
15 422
377 718
466 712
921 738
308 926
290 193
290 454
858 552
858 991
915 428
915 61
915 316
915 502
427 955
291 120
535 854
1001 685
1001 724
273 581
173 541
550 413
543 316
557 77
134 316
388 534
388 742
266 77
682 650
141 469
136 207
136 160
136 316
731 278
731 629
731 584
731 120
731 284
731 680
428 207
428 61
428 200
428 316
428 647
428 31
428 349
885 586
885 91
65 687
65 61
559 622
840 245
840 540
157 334
662 443
662 40
189 470
189 6
189 365
189 652
189 201
189 904
189 530
189 0
189 1004
189 718
189 716
189 410
189 595
189 249
189 114
189 236
189 502
401 454
401 165
526 629
837 783
837 738
837 13
837 719
837 850
392 2
883 718
605 789
327 381
527 422
808 5
783 650
954 362
926 565
926 715
926 577
846 67
846 629
609 278
609 454
609 707
609 120
447 256
447 74
294 630
184 607
184 423
184 393
679 684
679 844
540 56
795 207
795 421
850 90
101 423
104 313
104 765
160 629
987 120
70 334
680 422
687 776
687 833
654 991
654 650
238 899
944 191
534 395
534 223
534 822
534 591
534 343
287 782
142 469
142 207
142 316
142 90
337 581
337 84
337 854
337 97
337 320
334 135
334 746
334 159
334 2
334 423
334 502
125 622
223 343
499 458
499 684
499 48
499 120
220 214
220 120
333 693
500 814
500 435
232 782
232 575
232 416
293 890
421 188
685 629
685 724
435 332
435 782
386 319
67 207
67 165
67 561
67 963
67 344
48 319
48 458
947 774
538 502
991 61
165 344
165 31
165 316
670 335
704 684
40 572
40 488
40 187
607 75
650 738
934 595
302 316
950 514
260 77
558 207
558 318
558 684
723 672
723 41
166 2
166 765
166 416
664 335
676 622
53 927
53 633
53 311
53 120
11 890
955 773
955 311
955 925
188 978
0 537
422 857
422 696
422 68
335 537
335 737
335 553
335 1004
335 643
335 980
335 532
335 5
752 120
912 416
716 718
135 942
135 628
565 684
952 344
952 200
952 316
969 718
969 418
323 622
429 454
502 920
502 178
502 724
502 228
502 851
502 530
168 782
168 77
454 117
454 196
454 147
454 268
454 426
316 629
316 90
316 349
316 344
316 31
316 953
316 971
316 990
316 200
316 647
316 857
316 17
517 61
517 112
418 105
418 7
418 996
349 31
738 761
542 62
684 844
684 321
684 318
684 458
190 629
990 31
561 629
407 779
997 890
997 629
127 629
127 120
24 629
718 904
718 61
718 754
718 724
231 2
918 458
569 629
791 32
278 713
278 90
256 416
256 313
256 74
362 383
362 870
866 423
522 61
722 854
737 440
737 849
956 319
761 881
586 868
586 126
586 782
586 2
586 267
586 416
267 112
532 516
243 729
164 420
575 782
851 61
629 280
629 838
629 2
629 530
629 631
629 630
629 891
629 288
629 493
629 360
629 978
90 56
90 120
90 765
90 416
2 790
2 416
175 849
746 413
35 207
537 440
537 423
196 416
196 120
854 743
120 191
120 772
120 416
120 306
120 198
120 193
120 633
120 742
217 899
491 5
143 696
849 423
201 767
74 313
356 61
356 602
671 245
700 277
674 112
322 343
630 469
630 530
812 790
812 119
97 84
553 5
353 891
469 61
469 207
280 530
423 246
602 782
602 472
602 416
440 226
472 61
472 782
472 416
458 844
692 830
383 315
530 891
890 426
62 646
855 581
696 563
126 648
368 343
581 742
32 61
191 91
595 404
648 765
416 313
416 147
891 360
900 742
672 844
313 765
46 622
319 216
633 193
214 765
245 193
