672 844
644 924
644 977
586 718
275 849
275 175
13 516
13 850
122 924
122 428
122 915
122 136
703 771
866 718
866 159
866 708
535 444
720 617
720 587
720 680
137 443
137 771
923 65
462 450
373 190
790 2
256 648
424 469
424 207
424 990
424 795
424 978
424 280
424 421
416 166
416 859
416 912
416 2
416 602
688 808
688 670
502 718
893 509
823 499
249 470
90 912
90 220
362 450
362 978
362 280
977 497
977 969
977 1004
977 32
977 153
977 791
977 418
267 944
267 112
532 335
532 516
698 245
698 873
698 231
698 840
698 764
698 540
420 96
420 548
369 62
301 428
301 978
274 190
552 978
450 712
450 695
450 187
450 595
963 67
706 42
591 718
851 978
851 280
658 280
658 915
658 629
629 846
629 493
629 891
629 526
629 561
629 428
629 280
629 685
629 530
629 24
629 160
629 202
629 894
629 360
629 978
629 631
629 630
107 335
107 98
107 381
641 540
429 454
429 291
429 401
978 469
978 954
978 614
978 188
978 795
978 35
978 421
978 957
978 988
978 817
978 167
978 547
978 141
978 207
15 731
15 680
15 422
749 220
817 469
817 280
817 294
516 924
377 457
996 418
35 469
35 280
98 707
98 592
170 951
656 190
656 280
31 428
31 165
31 716
456 371
308 418
497 281
25 458
290 566
290 151
381 335
1004 643
491 506
291 134
291 454
92 915
1001 924
1001 139
1001 14
1001 199
273 951
42 402
842 132
854 927
854 62
854 120
202 160
543 200
134 592
861 896
120 772
120 454
120 191
120 91
702 924
617 193
628 870
141 280
596 40
469 954
469 188
469 795
469 280
469 421
469 207
469 167
469 547
469 241
469 630
150 415
765 648
428 915
428 136
849 175
65 220
167 954
167 547
167 942
167 280
167 718
693 569
157 775
927 592
572 40
30 743
30 936
662 443
662 568
700 2
700 332
700 410
14 924
14 506
14 199
465 2
465 956
401 454
401 415
526 280
526 530
924 173
924 682
924 506
924 199
344 67
344 200
883 184
930 326
605 228
605 789
239 506
239 951
239 214
506 783
506 738
506 951
506 173
506 541
506 199
408 280
553 5
746 692
550 546
783 738
485 62
954 280
846 160
609 772
609 707
872 650
772 454
772 75
838 165
838 630
581 135
581 936
280 530
280 142
280 920
280 990
280 915
280 24
280 160
280 547
303 950
303 103
299 509
199 173
443 692
443 742
774 947
232 168
294 313
180 727
184 650
482 569
540 987
540 925
540 855
540 697
540 311
540 955
58 909
58 577
82 870
602 743
762 168
372 595
372 415
647 915
647 547
77 260
135 942
135 936
135 692
135 812
126 2
160 561
160 360
160 631
160 630
160 530
160 87
310 103
499 44
758 844
758 956
758 918
458 546
576 541
680 707
680 406
680 284
680 422
692 830
692 233
52 2
207 67
956 565
971 915
971 200
654 738
530 891
530 630
142 915
147 454
147 196
678 696
62 646
62 551
62 513
62 159
334 776
334 612
334 75
17 915
630 891
630 24
592 454
592 268
592 713
333 470
200 915
200 136
200 952
859 743
421 870
435 332
857 193
857 915
470 789
48 684
143 32
764 245
764 364
764 582
32 891
566 713
406 422
40 415
40 568
686 650
246 724
45 66
61 718
61 159
595 568
364 789
236 208
950 663
260 168
891 190
674 392
528 867
782 332
925 311
568 379
850 738
833 415
313 912
707 951
495 546
75 220
159 912
159 214
752 191
713 454
912 214
912 168
311 269
920 190
448 332
415 569
952 915
542 646
316 915
969 718
541 951
844 321
915 136
