437 532
599 569
599 275
275 78
275 175
703 159
703 951
285 277
248 462
248 687
248 506
248 920
535 927
535 823
720 870
347 966
923 159
923 214
462 833
462 415
373 190
605 862
605 470
605 506
605 710
605 569
605 228
605 502
605 249
605 0
605 333
302 428
948 586
948 592
977 418
977 1001
977 153
506 783
506 442
506 670
506 996
506 208
506 29
506 377
506 249
506 921
506 189
506 6
506 14
506 881
506 381
506 643
506 1004
506 796
506 491
506 226
506 5
708 718
802 187
450 900
450 712
450 272
450 596
450 398
828 106
828 516
828 532
416 52
416 454
416 586
416 356
416 290
416 305
416 602
113 927
113 823
107 1004
107 118
107 381
107 643
107 810
107 664
107 383
107 5
301 547
15 680
15 422
106 1001
377 423
377 457
377 718
377 65
98 707
98 429
98 592
656 190
575 472
575 77
290 253
858 264
858 849
915 428
291 429
291 268
966 933
966 935
1001 491
1001 685
1001 724
853 322
853 548
134 592
740 879
740 157
250 927
250 823
270 14
617 415
141 547
469 207
469 167
469 547
150 415
731 239
428 31
428 716
428 647
65 530
65 927
65 993
65 75
65 220
65 120
229 607
324 139
324 534
324 388
324 591
281 189
157 718
843 16
30 166
30 765
662 900
662 272
189 1004
189 239
189 410
401 429
401 165
401 415
32 862
424 207
424 630
424 421
424 547
424 795
327 381
548 879
783 738
783 650
783 682
954 547
926 61
846 561
209 356
609 927
609 707
439 77
303 950
441 317
294 77
294 765
180 215
184 650
241 547
482 569
124 823
82 628
795 207
795 421
795 547
372 595
647 264
101 246
880 707
135 581
135 628
135 692
135 942
160 586
987 531
987 849
680 707
680 284
680 422
487 139
687 586
654 738
654 650
552 547
534 139
534 334
133 602
510 139
154 139
859 743
334 40
334 220
334 322
125 139
125 622
253 566
253 151
223 879
223 322
102 139
630 493
630 685
630 530
592 454
592 927
592 268
592 713
333 569
638 509
58 586
421 547
685 493
685 530
685 724
435 500
423 246
67 264
67 165
67 344
67 963
67 207
48 458
132 509
369 927
369 77
369 823
502 569
538 569
991 569
165 264
165 586
165 31
670 175
670 532
274 190
40 187
607 927
607 1004
607 692
650 682
364 95
236 208
236 537
587 415
260 91
260 77
260 168
381 532
166 586
166 9
166 648
639 215
639 192
53 193
53 633
53 159
850 682
939 139
789 470
188 547
0 569
709 547
295 569
752 415
215 192
13 704
13 532
912 193
912 356
912 77
104 648
832 509
832 936
704 684
704 743
185 415
541 586
168 472
168 868
168 77
454 429
712 380
712 187
712 714
34 997
103 514
264 360
264 547
264 596
264 35
264 375
264 586
542 927
542 62
542 646
542 823
684 743
784 83
512 547
190 920
190 891
190 353
190 629
663 591
663 322
833 415
24 629
718 866
531 75
231 738
231 582
951 171
951 707
951 388
951 306
569 862
569 710
569 470
569 409
569 228
569 78
569 749
569 6
569 693
569 249
569 767
770 927
722 927
722 823
737 175
761 804
586 947
586 267
586 762
586 479
586 161
586 120
586 310
823 485
823 790
823 646
823 854
823 394
823 513
823 821
823 62
823 444
823 551
823 927
823 556
532 516
164 879
477 139
944 267
963 633
851 978
851 547
444 927
444 700
629 927
629 891
90 927
90 920
90 997
175 5
713 707
749 220
817 547
35 547
170 581
170 855
142 207
206 139
335 5
695 187
86 443
854 927
120 927
628 870
174 139
356 52
356 126
356 743
356 648
167 547
927 485
927 191
927 515
927 772
927 147
927 646
927 513
927 821
927 75
927 551
980 5
700 988
700 277
700 112
14 738
14 924
14 576
14 199
465 790
824 547
322 310
322 879
322 343
220 75
220 471
353 891
614 547
500 193
500 126
280 528
443 152
232 765
509 96
509 388
509 788
697 855
602 765
77 556
77 782
693 228
692 214
207 547
530 891
890 798
62 646
368 879
471 415
45 227
355 933
978 547
707 633
707 1003
191 75
191 415
515 648
96 420
648 762
267 891
672 844
879 420
313 765
524 139
415 91
743 765
762 765
66 227
868 765
909 528
257 528
