599 569
599 333
275 849
275 175
703 135
703 771
278 566
278 151
248 506
248 90
248 923
627 890
92 207
720 135
720 628
720 870
720 371
720 581
720 731
720 587
720 82
347 171
347 966
923 890
923 921
923 159
229 901
229 568
373 344
380 32
380 712
605 862
605 470
605 710
605 293
605 228
605 333
605 249
605 0
605 502
329 624
624 364
977 497
977 718
977 969
977 1004
977 796
977 32
977 418
977 1001
506 921
506 5
506 951
450 40
450 272
450 187
450 220
450 568
771 83
113 927
113 542
197 32
107 98
107 553
107 381
573 166
301 978
15 731
15 680
106 788
377 127
377 101
377 423
98 429
98 268
98 592
433 338
260 912
260 168
25 458
290 687
290 53
290 159
915 428
915 316
796 724
291 134
291 454
291 429
291 268
291 401
966 168
1001 103
1001 700
550 356
543 428
543 344
134 454
134 592
388 534
250 927
250 886
898 663
702 842
52 868
52 168
141 978
141 614
485 927
731 280
731 159
428 316
428 857
954 978
65 687
65 220
324 638
324 139
840 698
840 540
157 586
843 32
30 762
30 168
30 765
30 416
662 443
662 900
662 379
662 272
189 772
189 127
401 454
401 429
401 165
401 415
526 267
883 718
424 207
424 421
424 978
424 795
783 772
783 541
783 654
535 927
535 472
846 561
609 772
609 633
609 454
609 707
609 75
17 2
447 984
447 126
441 528
586 687
586 356
586 772
586 166
586 267
586 762
294 313
294 256
133 602
540 698
540 697
540 53
546 193
82 135
795 978
795 493
850 644
101 423
880 890
135 628
135 870
135 581
135 772
135 75
135 749
135 4
135 942
135 292
135 120
160 629
987 531
499 41
499 48
499 618
499 558
499 723
499 319
499 918
499 679
499 758
499 458
499 844
499 216
901 790
487 139
687 772
654 738
939 139
552 978
534 772
534 139
679 565
78 569
337 646
154 139
334 607
125 139
253 752
102 139
482 569
482 56
482 220
592 454
592 927
592 268
592 713
333 862
333 470
333 6
333 710
333 409
333 228
333 0
333 569
333 249
333 538
333 502
638 706
58 909
58 120
431 188
293 569
646 927
646 62
421 978
685 643
435 500
788 634
788 740
67 207
67 963
48 458
48 704
947 774
538 569
165 344
165 31
870 772
40 572
40 187
415 569
415 191
607 220
309 1
650 423
650 532
873 698
847 207
777 32
777 718
364 764
364 220
236 32
371 772
381 10
381 32
381 553
723 565
723 41
166 356
166 515
166 762
166 416
166 765
166 168
664 335
53 193
402 42
372 595
159 214
159 143
159 940
159 147
159 866
754 718
754 127
754 272
789 470
188 978
0 32
495 862
495 568
295 569
77 912
77 575
335 192
13 772
13 239
13 516
912 868
912 472
912 356
912 168
716 718
716 522
218 772
979 738
969 718
541 16
541 951
168 356
168 575
168 472
168 868
168 765
454 193
454 429
454 268
215 727
517 772
517 459
418 32
418 105
542 927
542 62
684 956
663 879
663 343
561 629
940 193
127 904
127 19
127 595
565 41
565 956
718 16
718 61
718 122
718 724
718 772
718 114
718 866
718 365
718 732
718 410
718 32
718 423
231 698
918 758
569 862
569 470
569 991
569 710
569 409
569 228
569 749
569 6
569 214
569 249
770 927
256 648
256 416
866 423
722 927
761 881
111 602
501 772
823 927
249 32
698 245
698 764
369 927
575 472
477 139
851 978
851 167
117 268
444 927
629 631
629 493
629 280
629 136
629 530
90 865
90 220
90 416
175 423
175 849
713 268
817 978
35 978
170 32
510 139
206 139
196 220
618 321
854 927
19 32
120 772
120 980
120 75
174 139
332 500
356 868
356 515
356 772
356 743
356 765
356 762
356 472
167 978
927 513
927 551
927 416
268 633
868 472
868 765
306 660
306 742
924 199
322 299
322 343
220 764
220 75
220 692
353 891
469 978
614 978
500 193
500 782
772 544
772 836
772 326
772 68
772 739
772 993
772 742
772 452
772 822
280 631
953 207
443 742
697 925
697 855
423 246
724 246
432 32
988 978
693 228
472 743
472 602
758 844
207 978
957 978
530 631
530 891
596 568
365 32
126 790
368 879
45 227
707 951
272 900
272 379
272 595
648 765
648 416
978 547
416 147
416 765
577 147
577 936
568 528
524 139
214 951
742 75
66 227
216 321
