703 863
644 738
644 506
644 199
248 550
92 428
92 915
92 316
92 349
720 746
720 935
780 514
819 338
819 329
341 915
923 687
923 290
923 586
923 214
923 500
923 890
923 880
229 443
229 863
229 120
895 551
736 863
818 438
818 478
818 997
818 153
818 807
169 595
169 716
439 949
439 266
439 168
329 540
329 624
948 52
948 425
948 356
948 168
948 166
948 912
948 416
624 731
699 356
699 912
699 168
977 1004
977 514
977 790
977 184
977 407
977 114
977 153
977 403
304 456
994 433
450 915
587 326
769 863
866 700
866 718
107 320
107 670
107 393
107 208
107 201
107 175
107 29
107 5
107 464
107 335
107 985
107 980
107 236
107 537
107 381
107 118
107 664
107 652
107 898
107 643
107 1004
107 468
107 553
107 808
107 120
107 810
69 735
69 879
626 863
573 586
301 978
15 731
15 680
289 899
876 2
377 772
377 718
353 391
98 454
98 268
98 401
98 713
656 190
656 920
656 120
921 506
921 611
371 191
497 773
290 367
290 214
915 920
915 200
915 316
915 136
915 428
915 280
915 530
915 142
915 746
915 185
915 857
915 851
332 581
332 500
332 912
332 168
1001 514
273 951
173 506
468 75
468 231
550 844
550 671
853 890
134 746
134 566
134 268
740 157
266 912
266 790
266 168
702 890
702 14
347 171
347 933
347 577
52 126
52 868
52 356
141 978
485 542
485 890
731 584
731 658
731 284
731 680
428 990
428 207
428 160
428 316
428 224
428 31
428 952
428 953
885 294
885 586
885 790
885 435
65 220
65 334
213 863
559 50
840 874
840 700
157 171
157 746
843 718
843 127
843 184
30 765
662 443
189 1004
189 718
189 502
414 995
414 591
414 334
414 891
401 454
401 429
401 165
401 415
526 280
526 383
526 528
837 745
520 680
883 718
605 178
605 502
605 693
605 314
919 337
783 654
378 514
954 957
954 978
846 288
609 772
609 53
609 997
609 120
949 168
901 909
901 863
184 754
184 393
184 832
133 765
482 178
546 844
82 528
807 863
521 912
521 168
149 716
795 978
795 421
850 738
823 542
880 890
880 147
160 280
160 367
160 24
987 433
987 955
499 684
499 48
499 704
499 120
294 984
294 586
294 759
294 214
70 768
680 584
680 284
687 500
687 746
687 671
687 334
654 738
654 991
812 334
874 245
874 873
874 231
874 764
874 540
552 978
391 288
241 326
142 267
142 274
142 136
337 505
554 90
334 607
334 231
334 772
334 2
334 388
334 75
223 746
646 890
540 264
540 692
540 955
220 383
879 420
638 164
232 425
232 744
232 260
232 472
232 912
232 765
232 168
669 544
421 424
421 978
685 643
435 586
435 267
72 772
48 723
48 684
48 41
48 1000
602 765
351 782
991 700
991 61
165 207
165 31
946 425
946 472
835 863
40 214
610 288
369 913
607 891
607 591
650 686
777 718
934 595
105 863
236 537
950 514
260 77
260 168
381 192
558 1000
723 41
723 73
723 1000
723 758
723 503
701 997
166 356
166 586
166 112
166 762
166 674
166 759
166 392
166 416
676 601
53 633
53 997
53 542
161 863
203 863
955 925
955 855
939 534
789 470
188 978
338 264
224 316
976 349
913 535
913 109
335 899
335 440
311 925
912 77
912 425
912 356
912 765
912 472
912 214
912 168
716 718
716 643
716 484
716 114
735 310
832 514
832 710
832 423
832 322
565 684
90 168
935 746
935 668
935 813
952 200
969 718
704 503
185 833
429 454
429 415
541 738
541 506
120 190
120 754
120 696
120 278
120 772
120 127
120 566
120 343
120 542
120 718
454 772
454 1003
454 268
712 214
712 398
316 136
316 772
316 200
316 349
316 857
433 591
103 423
103 310
349 207
758 844
684 746
713 268
512 978
190 274
990 658
990 31
663 528
817 978
718 754
718 16
718 281
718 122
718 522
718 746
718 114
718 595
718 293
718 724
718 243
718 732
718 32
531 746
531 214
668 746
231 233
231 2
231 423
319 1000
400 813
400 863
137 863
813 746
544 8
544 143
544 739
761 738
6 470
6 506
586 126
586 782
586 383
586 267
307 863
31 24
267 112
243 772
243 995
575 966
274 614
1000 41
1000 458
178 862
178 470
178 502
591 746
851 469
851 35
851 978
851 280
851 585
117 268
629 2
629 360
629 280
629 288
2 700
784 863
784 390
749 233
746 665
746 534
746 530
746 595
746 502
746 233
746 775
746 742
746 32
746 692
374 863
35 978
249 470
249 506
523 863
196 268
1004 724
86 443
86 863
902 280
730 356
168 790
168 744
168 77
168 984
168 356
168 472
518 214
581 191
581 855
464 980
356 77
356 112
356 313
356 765
356 425
356 744
356 472
356 214
356 416
167 469
167 978
167 547
534 388
534 649
980 693
980 528
268 633
268 147
671 692
700 790
700 782
700 114
14 32
14 506
288 484
674 112
929 403
322 528
367 978
506 5
506 29
506 199
798 863
469 978
614 978
649 890
800 62
500 782
772 775
772 75
772 738
772 56
772 281
772 528
838 782
838 806
280 891
280 920
280 281
280 24
280 530
443 863
774 863
1002 863
697 925
697 855
423 315
502 228
993 863
424 978
988 978
693 228
659 863
472 112
472 744
152 863
458 216
692 617
692 191
692 863
692 233
692 995
207 978
971 200
383 528
957 978
530 891
530 24
530 857
984 782
62 214
5 491
114 403
995 75
995 891
696 32
200 136
126 782
126 790
775 566
551 799
764 245
317 863
660 863
648 721
648 765
648 416
978 547
416 425
862 99
310 343
891 75
863 306
863 315
863 606
863 233
863 570
863 742
863 673
782 806
933 147
214 765
245 233
868 790
