599 605
599 178
599 470
344 67
580 669
275 175
827 712
644 738
644 924
644 506
644 702
644 199
248 980
248 891
535 134
535 369
535 518
535 551
720 746
720 935
780 514
780 977
347 171
347 933
347 257
347 590
347 355
347 912
347 332
923 151
229 443
895 823
373 190
373 207
251 482
251 987
251 506
169 372
439 266
439 168
997 120
948 182
948 425
948 416
948 313
948 191
948 356
948 120
948 267
948 30
72 91
624 245
624 540
699 77
699 168
977 950
977 514
977 996
977 832
977 1004
977 418
977 153
506 289
506 440
506 480
506 173
506 745
506 828
506 192
506 890
304 441
304 317
802 187
994 749
994 16
994 987
994 809
994 338
994 540
994 692
450 595
450 187
450 415
828 719
587 332
507 782
507 630
507 24
28 987
107 1004
107 98
107 201
107 464
978 988
978 188
978 299
573 294
301 280
301 188
15 731
289 810
106 42
106 402
106 399
377 189
484 207
484 630
484 288
98 117
98 278
98 707
98 401
98 454
98 134
98 429
98 268
98 592
98 713
656 190
656 280
656 274
921 32
921 657
497 428
290 540
290 53
290 499
290 589
915 280
915 952
915 362
796 987
708 32
332 500
332 912
332 170
332 435
332 168
582 987
723 565
723 41
433 987
543 971
853 343
388 634
266 168
702 327
819 692
617 669
617 120
141 469
141 280
485 542
485 62
150 178
150 191
150 415
731 8
731 584
731 870
731 284
428 806
428 971
428 316
428 224
428 207
428 952
428 857
885 294
65 190
65 135
65 191
65 334
65 850
65 280
65 220
324 84
324 38
559 50
840 874
840 987
157 147
157 586
157 415
177 912
177 168
843 907
843 61
843 490
30 104
30 765
30 936
662 443
878 78
189 1004
189 181
189 410
414 591
414 995
401 454
401 429
401 165
401 415
526 280
526 629
526 288
392 674
392 267
883 423
605 333
605 862
605 6
605 710
605 470
605 409
605 228
605 78
605 0
605 99
605 693
605 976
605 569
605 178
605 249
605 538
605 767
605 502
808 29
598 472
783 415
378 514
92 316
926 120
846 67
846 280
846 288
609 772
609 120
586 126
586 294
294 104
294 759
294 74
241 280
522 61
482 987
155 784
521 168
149 372
795 207
372 934
372 404
823 513
823 518
135 692
160 367
160 585
160 629
160 288
987 245
987 789
987 809
987 872
987 641
987 338
987 849
987 873
987 764
987 480
987 540
987 311
987 361
987 962
987 95
987 68
987 698
987 531
987 231
987 56
987 120
987 955
499 704
70 343
403 410
680 707
339 178
687 669
687 120
812 700
812 790
812 465
812 119
812 362
874 245
874 873
874 231
874 764
874 540
391 67
776 278
776 746
776 214
142 165
142 280
142 274
589 909
589 528
334 891
334 214
334 415
334 231
334 75
334 995
253 151
243 607
540 245
540 749
540 231
540 641
540 338
540 120
220 749
879 343
333 178
333 470
638 164
232 425
232 744
118 732
118 0
421 424
421 280
685 288
685 629
685 643
435 782
435 762
67 207
67 165
67 963
630 782
630 469
630 207
630 530
630 288
630 851
630 629
48 558
48 844
48 679
947 774
947 187
351 782
351 952
566 151
165 207
946 318
946 415
946 472
704 684
704 503
704 918
704 558
40 528
40 120
610 288
369 407
369 518
650 410
934 595
364 764
965 187
950 514
260 912
260 168
381 192
381 29
173 924
166 112
166 74
22 663
53 178
53 147
402 788
161 784
955 338
300 784
939 510
789 470
188 469
188 851
188 274
188 280
752 55
752 120
0 178
0 470
422 280
295 178
634 890
634 96
634 788
976 178
976 349
976 470
913 518
912 868
912 949
912 77
912 356
912 744
912 472
912 730
912 168
735 962
104 74
832 514
565 41
935 813
935 746
935 668
935 700
137 239
137 374
254 187
393 1004
393 907
2 700
2 629
541 576
120 454
120 191
120 772
120 198
120 542
120 660
120 147
120 196
120 190
120 868
120 865
120 425
120 775
120 267
120 633
454 772
454 429
454 713
316 349
517 383
517 112
517 459
517 415
418 178
418 538
418 996
349 207
966 575
966 168
738 14
542 513
542 415
542 518
684 746
190 614
190 196
190 890
190 181
190 274
190 353
190 191
190 486
329 264
329 231
514 1001
990 207
990 280
990 857
663 410
561 280
561 629
940 214
24 750
24 629
24 288
24 280
24 31
24 530
718 61
718 415
718 851
718 724
668 746
231 245
231 178
231 75
951 470
951 707
951 857
319 1002
380 440
996 410
996 199
362 695
362 918
362 126
362 249
658 280
658 288
314 178
314 470
105 374
105 233
952 200
952 838
813 746
790 868
790 700
790 119
6 178
6 470
949 168
962 890
647 280
130 178
130 78
78 862
78 470
78 178
532 804
730 356
730 313
730 868
575 168
274 469
274 547
1000 458
1000 112
178 470
178 991
178 710
178 772
178 415
178 546
178 249
178 502
178 862
178 409
178 228
178 929
178 299
178 633
178 767
178 693
178 214
178 569
178 99
178 538
591 746
591 415
851 988
851 415
851 469
851 280
547 280
547 902
629 280
629 891
629 782
629 288
629 360
90 763
429 415
784 83
784 742
749 191
749 569
749 692
746 920
746 900
746 692
374 443
35 207
35 280
249 470
249 491
249 32
537 440
335 29
695 187
196 191
409 767
409 470
811 214
86 443
1004 724
767 470
902 280
969 376
168 648
168 126
168 77
168 425
168 356
168 472
470 862
470 710
470 228
470 929
470 693
470 538
470 502
518 854
518 62
581 692
143 32
143 544
855 697
74 984
356 425
356 313
356 112
356 472
356 765
167 988
572 187
288 891
288 280
288 530
288 360
288 750
924 516
674 112
803 112
239 742
239 502
469 207
469 280
772 633
772 75
280 75
280 530
280 891
280 631
280 953
280 920
280 293
280 360
280 32
697 925
697 293
502 99
502 775
502 228
264 692
293 207
724 181
724 415
424 207
585 306
988 207
472 425
472 890
692 233
692 742
544 8
544 669
890 742
62 163
71 595
995 75
669 99
200 857
355 147
707 1003
191 75
660 528
648 765
187 568
112 313
310 343
891 75
91 147
29 670
765 721
739 528
920 528
214 306
214 61
147 528
528 343
