687 746
184 0
996 506
996 199
362 166
362 383
703 951
643 685
534 746
111 885
535 854
62 542
62 646
62 163
62 823
105 418
819 329
700 532
923 542
923 506
923 541
462 135
813 746
814 500
365 118
275 1004
439 949
329 624
823 722
823 2
823 120
810 289
484 685
624 840
624 955
192 381
977 419
685 605
685 1001
532 516
532 381
751 112
67 963
369 646
178 605
32 433
947 774
591 542
591 746
444 250
870 746
553 107
90 14
90 260
720 746
746 223
746 388
746 935
746 692
650 1001
808 899
648 790
648 416
537 440
950 663
865 890
112 674
260 168
381 335
1004 189
796 14
91 220
1001 14
854 542
843 393
168 949
168 912
11 633
886 250
841 245
841 828
0 214
332 500
356 912
546 517
980 718
30 868
868 790
14 724
306 317
837 745
663 638
891 414
541 134
542 915
638 96
646 513
531 987
