644 506
256 648
996 506
996 418
996 199
362 912
362 383
362 661
703 771
383 231
984 762
535 444
535 113
535 369
62 485
62 646
62 214
62 542
105 418
347 171
347 715
347 147
347 933
347 926
334 854
464 90
464 107
895 823
611 14
611 921
540 56
220 150
275 737
761 532
586 356
654 991
669 32
823 369
810 289
646 542
977 1004
977 153
685 605
685 1001
751 112
369 913
994 56
947 774
214 742
107 1004
107 381
107 236
175 737
607 414
942 135
516 924
808 899
660 951
595 0
416 854
849 737
112 674
112 517
112 803
308 418
381 192
166 517
166 803
1001 14
550 500
250 886
702 14
737 440
923 541
356 517
356 743
205 692
410 663
13 837
719 837
292 135
924 14
924 506
803 838
891 414
657 738
657 506
745 738
745 837
541 738
541 506
783 837
517 718
517 602
199 506
738 837
58 909
