599 605
599 178
599 249
599 693
344 67
344 200
344 316
580 2
580 32
275 849
275 175
688 553
644 924
248 586
92 990
92 316
92 838
92 428
92 31
92 349
445 391
780 977
819 53
923 617
923 890
923 53
923 214
923 235
895 799
895 518
895 823
373 207
373 391
169 372
605 862
605 6
605 710
605 470
605 409
605 228
605 78
605 333
605 569
605 767
605 693
605 976
605 0
605 178
605 249
605 538
605 502
329 135
329 738
329 624
329 587
329 775
329 299
329 798
948 52
948 77
948 868
948 517
948 790
948 126
948 250
948 674
948 313
948 435
948 74
948 425
948 356
948 120
948 133
948 416
948 648
948 803
948 168
122 924
977 950
977 832
977 1004
977 153
977 236
977 423
304 4
304 441
304 936
994 764
450 586
450 40
450 61
450 187
450 742
828 738
416 782
416 147
416 313
416 435
416 168
113 518
113 646
197 2
197 32
107 810
768 2
573 500
573 586
573 435
15 731
15 680
289 899
106 638
511 338
511 789
511 849
377 866
484 207
484 630
484 288
98 401
656 280
921 738
921 506
921 719
260 168
25 684
25 844
290 253
290 278
290 589
290 214
290 120
858 991
915 990
915 586
915 61
915 316
915 136
915 428
915 280
915 31
915 857
915 142
427 955
332 500
332 356
332 586
332 250
332 782
332 166
332 844
332 318
332 684
332 435
1001 506
433 951
720 935
543 200
543 316
853 70
134 425
388 638
388 70
388 61
388 509
250 356
250 886
250 913
659 400
617 61
617 586
141 469
141 978
469 207
469 978
469 630
136 207
136 200
136 316
136 302
136 952
731 584
731 284
428 917
428 189
428 207
428 990
428 200
428 316
428 224
428 31
428 857
885 294
885 435
65 772
65 993
65 997
65 120
614 978
559 420
559 622
559 50
559 346
840 874
157 277
843 907
843 779
843 883
843 184
843 393
189 595
189 24
189 629
119 465
401 454
401 429
401 165
401 415
837 738
392 674
392 112
392 267
883 718
424 207
424 990
527 710
783 738
783 214
783 654
88 638
88 950
954 207
954 167
954 978
926 715
846 67
846 280
846 288
609 772
609 239
609 120
439 949
439 912
439 168
17 316
441 371
111 946
294 104
294 984
294 356
294 74
339 178
540 264
540 641
540 231
540 874
540 338
540 692
540 955
953 957
953 316
953 142
795 207
850 987
823 518
823 542
101 246
105 374
135 870
135 581
135 942
135 170
135 851
135 61
987 849
987 698
987 231
987 809
987 641
987 185
987 833
987 955
70 90
70 510
70 663
687 607
687 746
687 586
654 738
654 991
346 634
874 245
874 873
874 231
874 764
391 353
391 750
391 288
133 528
142 280
142 316
142 224
142 351
142 267
337 320
337 505
376 634
334 772
334 75
334 214
125 534
253 120
223 90
730 313
730 168
499 319
499 48
499 618
499 558
499 918
499 458
499 844
499 216
499 73
499 321
333 178
333 249
333 29
638 634
638 906
638 310
638 84
638 2
232 425
232 356
232 472
232 168
151 700
151 278
293 862
293 697
293 32
646 62
646 518
685 658
685 643
435 984
435 500
435 586
435 196
435 782
67 963
67 165
67 207
48 558
602 721
602 356
602 586
602 765
538 470
538 249
538 178
991 700
991 61
991 178
991 249
165 31
165 316
946 672
946 166
946 313
704 318
40 187
610 288
415 178
415 429
415 811
415 833
415 502
607 995
607 243
650 410
302 316
236 537
950 343
587 784
371 528
381 192
558 207
558 844
558 956
558 458
558 319
723 758
166 500
166 586
166 112
166 674
266 912
266 168
53 311
53 120
372 90
812 700
812 2
789 470
188 978
188 431
188 502
752 191
752 120
224 316
224 349
0 178
0 249
295 178
634 96
634 832
634 299
976 178
976 249
913 369
913 109
335 175
13 738
912 425
912 356
912 214
912 472
912 313
912 77
912 168
716 718
716 225
629 891
629 288
629 280
629 24
629 530
104 425
887 383
832 509
832 90
832 78
832 175
565 715
565 684
935 813
935 746
935 233
952 200
952 316
745 738
429 454
168 313
168 966
168 77
168 425
168 356
168 472
168 868
168 556
773 288
454 147
454 772
454 198
454 120
316 971
316 888
316 349
316 31
316 990
316 200
316 647
316 857
316 351
517 813
517 61
418 178
418 996
349 838
349 207
542 61
684 458
684 844
684 318
744 356
990 31
663 410
663 343
407 936
833 692
24 31
24 891
24 530
718 61
718 742
718 724
718 595
718 32
668 746
231 245
231 170
918 758
918 458
569 178
791 2
791 32
278 502
278 120
256 721
256 356
996 924
996 813
362 909
362 383
362 528
362 220
866 951
314 178
314 249
400 813
400 374
956 758
956 458
813 746
933 171
6 178
6 249
586 500
586 530
586 126
586 782
586 383
586 984
586 844
586 267
78 178
78 249
58 909
178 470
178 710
178 249
178 502
178 862
178 61
178 409
178 228
178 929
178 767
178 693
178 978
178 99
591 61
851 978
851 61
851 167
851 280
161 993
719 738
90 749
90 506
90 936
90 868
90 692
90 120
2 700
2 528
2 669
2 328
2 790
2 32
175 423
175 5
175 849
784 83
784 306
749 707
749 502
749 692
746 77
746 692
568 383
568 187
374 306
35 207
35 585
35 978
170 581
170 245
510 534
249 470
249 710
249 519
249 862
249 409
249 228
249 929
249 767
249 693
249 99
249 502
695 214
196 120
618 321
42 534
1004 320
1004 509
109 721
109 356
120 198
120 772
120 75
120 193
120 633
120 191
120 997
120 707
589 383
470 862
470 693
470 228
518 485
518 62
518 551
518 214
518 799
518 854
581 855
143 739
399 343
849 423
74 674
74 112
356 61
356 112
356 648
356 313
356 77
356 425
356 743
356 472
356 721
167 978
46 310
534 862
534 61
534 84
980 61
241 61
700 862
14 506
306 742
924 506
674 112
630 207
506 199
854 502
220 483
553 670
353 891
649 951
800 62
500 126
500 782
772 75
280 920
280 530
280 32
280 547
299 509
55 951
509 505
697 855
423 246
502 61
502 862
502 693
669 32
724 246
993 863
585 909
585 207
585 547
988 267
472 313
472 112
458 577
974 984
692 61
52 528
971 200
908 721
908 765
383 891
383 528
530 891
62 214
995 865
658 267
631 267
200 806
200 351
126 721
397 891
45 66
790 782
595 951
648 425
648 765
978 547
862 547
862 909
112 267
112 313
891 267
900 742
782 66
313 425
313 721
29 670
743 721
225 951
214 765
742 61
868 765
721 765
216 321
936 75
61 233
