599 178
599 314
929 178
929 506
929 99
929 314
275 849
703 581
703 784
688 506
688 107
285 577
278 98
278 290
278 75
248 586
248 157
627 890
92 915
92 316
720 813
720 746
720 668
720 935
780 977
923 738
923 772
923 609
923 214
923 75
229 343
895 799
895 518
895 823
736 540
736 90
251 540
169 239
169 595
169 372
169 951
424 207
424 990
424 978
424 795
329 264
329 910
329 624
329 343
948 425
948 517
948 120
948 946
948 74
948 782
948 313
948 250
948 267
948 416
624 540
624 343
122 857
977 418
977 950
977 514
977 184
977 832
977 407
977 114
977 779
977 153
977 423
516 850
590 171
994 540
450 586
450 900
450 712
450 214
450 157
450 40
450 595
828 506
587 220
587 784
771 697
658 629
658 24
28 540
657 921
908 104
107 687
107 320
107 670
107 393
107 208
107 1004
107 201
107 175
107 29
107 289
107 5
107 464
107 335
107 98
107 980
107 236
107 537
107 381
107 118
107 664
107 810
107 898
107 643
107 532
107 899
107 652
107 468
107 327
107 553
107 808
107 985
107 192
107 591
573 332
573 435
301 207
301 614
301 293
301 978
301 280
301 851
235 609
289 506
377 724
377 866
377 423
377 422
98 117
98 707
98 401
98 134
98 429
98 268
98 713
656 190
656 920
656 280
656 293
575 966
575 472
575 168
802 40
290 214
118 502
118 732
118 365
915 189
915 586
915 200
915 316
915 293
915 90
915 428
915 280
915 185
915 857
796 540
535 444
535 518
1001 605
1001 506
1001 14
1001 685
445 891
543 316
400 318
400 374
388 638
388 534
388 843
388 832
250 782
166 500
166 907
166 586
166 724
166 407
166 866
166 779
166 883
166 435
166 225
166 184
166 843
166 716
702 924
52 104
52 356
52 232
52 765
52 602
141 469
141 978
141 280
141 293
72 443
72 662
731 527
731 15
731 680
731 851
731 422
428 200
428 316
428 888
428 136
428 90
428 351
428 857
885 586
885 435
65 75
65 220
65 784
614 978
614 188
614 214
559 50
840 540
157 61
157 223
157 517
157 935
157 542
157 718
157 742
157 670
157 591
157 851
843 687
843 16
843 711
843 407
843 907
843 534
843 779
843 883
843 718
843 184
843 591
30 133
662 443
662 214
662 86
189 749
414 327
414 891
401 454
401 429
401 165
401 415
526 280
526 629
526 293
392 112
392 316
872 540
883 754
883 907
883 951
883 724
883 407
883 866
883 779
883 225
883 184
883 716
605 178
605 685
99 862
99 178
99 314
527 870
527 710
540 245
540 789
540 925
540 641
540 338
540 849
540 56
540 809
540 764
540 482
540 311
540 433
540 361
540 95
540 68
540 582
540 698
540 531
540 231
540 873
540 480
540 955
808 29
476 609
281 491
281 280
783 738
783 749
783 644
88 950
954 207
954 978
926 577
926 147
926 715
846 67
846 280
846 629
846 288
609 53
609 707
609 951
609 591
609 633
609 90
609 39
609 880
609 193
609 239
609 890
609 75
609 214
609 367
609 120
439 425
439 168
17 316
382 14
522 61
522 891
111 294
111 435
294 762
294 586
294 435
294 74
241 207
241 280
241 293
825 435
499 684
953 293
953 280
953 316
953 349
507 782
240 435
149 372
795 207
795 421
795 978
372 934
372 404
372 716
647 280
647 316
647 293
101 246
101 423
135 581
160 629
987 531
987 56
901 863
70 534
70 103
70 75
680 422
339 178
687 607
687 75
687 528
38 309
38 832
38 638
391 67
391 288
133 602
142 280
142 316
142 293
337 919
337 879
334 749
334 534
334 220
125 676
253 151
611 14
611 921
367 214
220 75
333 178
333 767
500 586
500 332
500 435
500 814
232 425
232 744
232 946
232 472
232 545
293 469
293 188
293 280
293 530
293 35
293 697
293 631
293 920
293 990
293 561
293 421
293 24
293 422
293 547
293 360
293 32
293 851
810 881
650 745
421 207
421 280
421 978
685 629
435 586
435 515
435 869
435 759
435 332
435 984
435 762
435 74
435 974
435 416
67 963
67 165
67 207
630 484
630 167
630 629
630 288
48 458
164 879
502 228
502 749
502 178
351 316
991 178
165 31
165 316
670 553
946 425
946 168
946 744
946 472
946 313
946 415
704 868
40 712
40 572
40 214
610 288
369 913
607 782
607 591
607 995
744 356
744 472
744 912
744 168
873 231
873 95
957 978
777 718
934 318
302 316
302 136
236 537
521 126
521 425
521 2
521 912
521 168
950 103
950 343
371 4
558 216
558 332
723 41
898 899
591 910
591 692
676 622
53 332
124 518
850 644
850 13
812 772
812 700
812 790
188 469
188 207
188 951
188 978
188 280
188 851
752 312
752 869
338 849
224 316
759 984
759 126
759 74
0 178
422 280
295 178
976 178
913 518
912 266
912 356
912 472
912 730
912 313
912 74
912 77
912 168
13 532
716 16
104 425
832 638
935 746
935 233
935 813
935 692
952 200
952 316
547 207
547 280
547 978
2 866
2 790
2 231
541 738
168 790
168 966
168 77
168 239
168 356
168 472
168 416
773 288
454 429
712 214
316 971
316 888
316 90
316 349
316 200
316 31
316 990
316 112
316 136
316 267
316 857
316 344
517 61
517 112
517 356
517 267
517 332
517 425
517 718
517 586
517 472
517 648
517 751
517 478
418 105
418 996
542 823
78 178
78 506
684 319
684 844
684 918
784 390
784 83
512 978
990 207
990 178
990 280
990 31
663 46
663 343
561 280
561 629
127 866
24 530
24 280
24 629
332 193
332 472
332 425
332 586
565 41
718 904
718 61
718 724
231 245
951 706
569 178
791 32
644 924
644 506
644 199
380 440
866 700
866 790
314 710
314 178
314 767
314 228
737 440
737 849
813 746
813 214
544 8
544 143
544 669
6 178
586 530
586 126
586 782
586 383
586 267
586 984
586 214
586 648
586 416
962 890
249 178
130 538
267 112
267 891
267 648
267 751
267 478
730 356
730 313
274 920
274 978
552 978
178 470
178 710
178 90
178 767
178 862
178 409
178 228
178 693
178 538
534 322
534 343
851 988
851 207
851 167
851 920
851 978
629 750
629 891
629 288
629 782
629 90
629 280
629 530
629 493
629 360
629 484
629 631
90 361
90 710
90 280
90 61
90 742
90 978
429 415
175 423
175 849
749 854
749 233
749 75
749 692
749 343
746 692
746 233
374 742
745 506
35 207
35 280
35 978
170 742
170 855
523 863
1004 643
86 443
86 152
767 506
109 356
470 862
518 551
518 646
518 62
518 799
518 163
581 870
399 343
855 697
849 423
83 697
966 45
966 66
943 322
356 313
356 472
356 765
167 469
167 207
167 978
582 764
46 310
14 506
136 200
674 61
674 112
322 343
322 879
322 638
803 112
506 404
506 199
506 899
506 192
506 480
484 288
469 207
469 978
469 280
638 700
638 790
280 631
280 891
280 360
280 32
443 152
56 383
56 696
697 925
423 246
817 978
602 765
387 207
387 978
740 879
669 32
881 804
425 949
425 77
425 472
425 416
425 266
988 978
692 742
692 910
692 233
692 75
617 75
207 978
715 577
715 147
383 321
530 891
984 126
71 595
844 918
200 857
513 799
551 799
978 920
272 595
272 900
246 724
355 577
595 790
648 721
648 765
577 171
577 147
900 379
29 899
