644 924
644 506
644 199
996 924
996 383
996 418
996 153
362 915
362 141
362 383
977 418
248 696
248 670
248 364
522 546
535 444
535 62
535 913
535 214
62 485
62 250
62 646
105 418
5 107
334 135
923 865
923 270
229 523
814 500
220 150
220 196
220 75
761 804
500 416
500 332
329 775
654 738
118 107
126 782
126 133
126 602
685 605
685 1001
153 411
153 418
67 963
551 214
143 739
502 738
670 2
670 107
704 743
107 537
107 320
107 381
107 664
107 810
107 808
107 898
107 464
107 29
107 468
107 553
107 985
107 335
107 98
107 980
107 201
722 250
746 135
516 335
516 13
170 135
433 32
921 738
112 74
371 135
173 924
173 506
166 74
660 75
1001 605
1001 924
854 485
550 546
250 542
250 444
250 886
250 485
702 924
810 881
628 135
628 82
267 478
581 135
581 742
74 392
74 674
74 803
356 743
356 602
870 135
912 949
14 924
924 506
924 850
924 199
674 765
214 742
742 443
4 135
942 712
168 949
485 646
404 55
517 718
517 602
542 765
416 602
721 765
58 909
82 135
602 765
135 692
