644 924
996 418
362 980
362 771
362 912
362 371
362 502
534 862
776 334
383 868
248 607
248 591
685 605
685 1001
111 885
720 746
105 418
5 532
5 107
334 854
334 220
334 107
464 980
464 107
814 500
365 457
365 716
251 987
500 586
500 416
586 126
586 356
586 762
232 517
948 803
118 107
823 120
823 923
126 239
126 762
126 356
648 356
648 790
648 946
648 313
648 765
648 168
977 208
977 1004
977 1001
506 192
506 249
506 657
506 502
532 516
532 804
67 963
798 329
369 913
575 912
994 433
764 701
947 774
591 854
537 107
670 107
393 107
107 320
107 553
107 208
107 201
107 29
107 335
107 985
107 980
107 236
107 381
107 664
107 1004
107 898
107 652
107 810
69 950
626 679
784 161
746 668
746 935
746 214
516 13
516 700
516 881
595 55
433 540
416 762
416 868
862 909
862 547
862 293
950 663
891 414
891 530
173 541
898 335
898 980
1001 605
1004 189
250 886
166 517
702 14
633 220
628 405
356 868
356 743
356 517
159 940
159 868
752 93
868 214
14 924
306 742
415 940
743 721
743 472
743 602
783 837
700 881
517 602
199 738
199 850
721 765
765 104
531 886
