599 178
599 693
599 314
580 480
580 809
275 849
275 175
703 135
703 581
703 784
285 147
278 98
278 290
278 75
92 316
720 813
780 514
347 147
923 607
923 75
923 609
229 415
229 374
229 306
895 799
895 518
895 163
251 482
169 372
424 469
424 990
329 994
329 624
948 52
948 425
948 790
948 648
948 104
948 743
948 332
948 416
624 863
977 407
977 790
977 184
977 1004
977 796
977 114
977 969
977 153
977 423
304 4
994 863
450 915
450 870
450 591
828 745
416 425
416 790
416 782
416 648
416 435
771 697
113 854
908 765
107 1004
107 98
107 532
107 810
573 166
573 586
573 435
301 469
289 810
106 534
98 117
98 707
98 401
98 454
98 134
98 429
98 268
98 713
522 61
522 732
466 662
25 499
290 214
915 428
915 280
915 316
915 718
427 534
427 70
332 586
332 542
332 356
332 844
332 472
332 500
332 782
332 517
332 435
1001 644
134 425
134 14
740 534
266 425
659 784
659 374
659 306
52 356
52 232
52 472
52 912
52 648
52 765
52 168
682 783
682 738
682 650
682 654
141 920
485 62
731 284
731 422
428 207
428 165
428 316
428 302
428 629
885 435
65 135
65 812
65 700
65 997
65 528
65 280
65 772
65 120
65 75
65 243
320 1004
559 420
559 622
559 50
157 542
157 356
157 926
157 586
157 684
157 517
157 535
30 648
662 272
189 410
414 995
401 454
401 429
401 165
401 415
526 920
867 974
392 316
392 674
392 112
392 267
392 803
663 343
883 772
883 718
883 166
605 178
605 314
830 692
327 849
527 710
540 987
540 231
540 855
783 231
783 214
954 35
954 469
926 147
846 288
609 75
609 518
439 425
949 425
294 104
294 782
294 256
294 984
294 74
184 754
184 732
133 383
133 765
482 105
482 56
953 316
953 24
82 135
82 870
82 784
149 293
795 469
795 851
850 924
850 987
101 718
101 423
104 425
104 765
104 74
160 920
987 872
987 185
987 471
987 833
987 338
987 955
499 844
499 704
499 48
499 214
901 161
901 784
70 534
70 38
70 334
680 707
680 284
680 422
339 178
687 607
687 75
405 135
654 738
939 534
38 534
534 64
534 649
534 562
534 154
534 247
534 309
534 510
534 489
534 334
534 125
534 84
534 906
534 102
534 788
534 206
534 42
534 139
534 893
534 460
534 622
534 879
534 322
534 343
534 474
534 676
534 919
534 477
534 323
534 591
534 601
241 469
267 782
267 517
267 112
337 581
750 891
376 601
334 356
334 61
334 214
334 692
334 75
125 622
292 135
292 90
367 243
220 191
220 471
333 569
333 178
333 767
333 19
333 470
500 542
500 383
500 435
500 814
232 425
232 790
232 472
232 946
232 782
232 168
293 8
293 697
293 502
421 469
435 586
435 126
435 782
435 166
435 74
423 246
423 849
67 165
630 484
630 469
630 790
630 629
630 288
369 535
369 913
391 288
947 774
351 316
991 178
165 207
165 990
165 316
165 31
870 135
870 784
946 425
946 313
946 472
40 272
610 288
400 374
607 243
607 591
744 356
744 472
873 925
934 372
950 514
587 940
371 135
381 532
558 216
173 506
166 586
166 782
166 743
166 74
676 622
53 264
402 649
789 470
188 469
188 920
913 518
338 231
0 178
295 178
58 909
976 178
976 349
752 120
715 147
912 984
912 356
912 586
912 472
912 214
912 74
912 648
912 168
135 628
135 233
135 581
135 4
135 942
135 170
135 161
906 601
935 746
935 668
935 813
935 233
969 528
99 178
99 314
185 762
2 933
2 178
2 700
2 465
2 782
541 506
541 576
120 772
120 707
120 196
773 288
454 429
158 506
316 990
316 200
316 349
316 857
517 61
517 415
517 674
418 996
349 31
542 518
542 415
542 646
784 306
784 170
784 697
784 390
990 207
990 31
415 61
415 429
407 585
940 214
997 782
997 90
746 668
746 813
746 775
718 61
718 742
718 724
668 813
19 61
569 178
569 538
644 506
256 356
996 506
362 383
362 528
362 486
779 790
314 710
314 178
314 929
737 849
710 178
710 502
6 178
6 249
586 126
586 782
586 383
586 74
586 984
586 356
249 178
78 178
78 951
78 502
274 920
274 181
274 167
1000 919
178 470
178 502
178 862
178 465
178 409
178 228
178 929
178 767
178 693
178 538
851 920
851 167
851 547
851 978
851 502
161 581
161 936
444 535
629 288
629 90
629 838
629 280
629 530
629 24
90 742
90 280
90 386
601 919
175 849
749 75
817 469
374 306
35 469
35 920
170 581
170 855
537 335
695 585
618 319
811 214
409 638
409 470
854 535
854 518
902 280
902 24
109 425
168 425
168 356
168 472
168 556
168 74
957 469
518 425
518 799
581 936
143 739
143 280
399 343
83 697
74 984
74 782
74 425
74 214
74 674
356 112
356 425
356 472
356 721
356 602
356 648
167 469
167 181
167 920
700 225
700 881
14 924
14 506
674 112
674 803
803 112
239 951
506 199
553 670
484 207
484 288
451 469
469 614
469 547
469 207
614 920
649 951
772 75
280 920
697 855
502 228
502 61
502 214
502 995
502 528
738 951
118 732
277 147
585 538
693 61
693 228
472 425
458 216
458 956
974 782
692 75
692 233
617 75
956 216
956 790
931 147
530 891
530 24
984 762
984 782
890 147
62 535
5 670
995 865
126 721
126 790
754 272
181 920
551 799
45 66
355 577
355 147
799 163
707 951
707 633
129 577
272 900
272 379
686 147
748 147
688 670
648 765
646 163
862 577
865 951
112 782
310 343
891 24
577 933
577 147
900 742
590 171
590 147
602 313
602 743
602 765
171 147
782 61
29 670
972 147
765 868
765 721
920 656
933 147
420 96
