996 924
996 850
996 418
362 35
977 1004
977 153
534 746
522 61
337 135
111 746
535 369
62 542
62 551
62 823
105 418
334 61
334 517
125 622
895 823
813 746
243 61
879 69
500 617
500 762
500 586
500 332
416 126
586 126
586 762
586 61
586 517
654 783
118 335
823 913
823 120
126 984
126 782
126 790
775 329
532 381
471 107
510 622
67 963
397 90
947 774
537 335
537 381
113 854
670 688
719 329
107 98
107 468
605 685
605 1001
289 335
746 739
516 804
745 738
921 783
921 14
921 657
206 622
862 280
862 547
381 335
381 192
381 14
796 14
332 910
1001 950
1001 685
676 622
433 809
854 542
550 61
702 14
576 506
576 657
809 482
581 135
782 61
855 135
559 622
335 899
193 714
14 924
14 724
90 135
506 657
942 135
517 61
103 663
56 214
936 135
607 61
61 718
61 692
