599 693
599 314
929 410
580 143
275 849
275 175
353 190
353 391
353 891
688 506
285 577
285 147
278 214
535 444
535 250
445 629
445 288
780 514
347 933
347 577
347 147
923 193
923 633
923 214
923 687
923 772
923 912
923 120
229 607
229 61
229 421
803 546
818 438
818 58
818 478
439 266
439 168
329 863
948 912
948 267
624 863
122 410
38 337
38 832
38 522
506 14
506 541
506 657
506 199
994 764
994 540
994 987
994 410
994 863
828 738
587 617
587 517
587 415
587 720
771 362
771 82
771 742
769 58
769 798
306 607
306 2
306 742
658 280
658 629
28 987
107 236
69 343
301 493
15 731
15 680
15 422
106 740
106 322
377 61
377 457
815 410
433 977
433 987
433 410
466 568
153 996
153 410
921 327
290 253
290 214
915 857
915 586
915 200
915 316
915 517
915 935
915 142
291 454
332 500
332 356
332 586
332 782
332 759
332 416
582 764
582 364
582 987
720 746
720 668
720 813
720 833
720 935
550 868
550 388
550 356
134 190
134 143
388 638
388 634
388 832
250 607
250 886
270 189
659 742
896 700
617 586
617 91
669 700
485 62
485 823
150 978
150 415
150 220
731 696
731 422
562 534
559 50
76 410
840 987
840 863
157 577
628 135
843 127
189 977
189 951
603 951
800 62
401 429
401 165
401 454
526 920
526 629
837 738
837 410
392 74
883 184
424 207
424 990
424 421
424 795
527 135
251 987
251 410
783 738
783 516
783 650
378 514
954 167
926 748
926 577
926 147
926 277
926 715
846 67
846 629
846 561
846 288
846 795
846 24
568 742
447 984
586 356
586 111
586 294
586 126
586 782
586 416
586 762
586 267
180 727
184 410
540 245
540 641
540 987
540 231
540 863
540 338
82 784
792 863
850 90
78 951
101 423
135 337
135 692
135 334
135 855
135 517
135 742
135 851
160 629
987 245
987 789
987 809
987 872
987 641
987 338
987 849
987 873
987 432
987 764
987 482
987 311
987 361
987 95
987 68
987 698
987 531
987 231
987 56
987 480
987 955
987 925
93 752
499 321
499 704
70 53
70 310
680 422
487 534
687 607
687 214
481 565
812 700
812 790
812 465
812 119
552 181
552 614
552 951
534 939
534 139
534 649
534 622
534 322
534 510
534 607
534 489
534 477
534 125
534 42
534 102
534 206
337 638
337 505
337 502
111 762
334 607
253 566
253 151
292 141
482 56
482 410
638 591
638 832
232 984
232 782
232 472
232 168
118 5
118 0
118 732
810 881
685 629
972 577
972 147
788 939
788 634
67 207
67 165
67 561
67 963
67 391
48 565
48 319
48 956
48 558
369 913
947 774
538 362
538 502
165 207
165 316
165 280
165 31
165 142
670 5
670 553
946 425
946 472
40 415
415 833
607 696
607 61
607 343
607 231
607 742
607 591
650 644
650 410
777 410
934 372
950 514
371 860
371 362
381 192
723 758
723 41
591 854
591 61
53 193
372 572
188 469
188 614
913 62
913 163
338 231
0 432
422 572
335 899
159 425
159 868
159 214
159 416
311 863
912 984
912 416
912 214
912 126
912 168
912 74
13 738
13 951
716 718
719 738
104 126
104 425
832 514
832 423
976 349
976 502
277 577
277 147
935 214
894 630
704 503
704 844
704 700
745 738
429 454
541 410
168 949
168 256
168 425
168 266
773 288
316 235
316 142
517 356
517 854
517 267
103 514
103 663
103 423
418 105
418 996
738 516
425 648
425 416
684 565
512 239
190 656
514 977
514 1001
990 207
663 943
663 343
561 629
561 288
24 750
24 629
24 891
565 41
718 356
718 61
718 742
718 724
718 32
718 866
718 502
478 267
918 758
770 191
644 199
256 416
256 267
996 702
996 90
813 746
971 200
761 396
761 516
267 112
267 648
267 186
532 516
274 142
1000 112
178 502
706 310
391 629
391 288
851 167
547 293
444 138
444 383
629 90
629 750
629 891
629 280
629 288
629 530
629 493
629 360
629 484
629 631
629 630
90 42
90 356
90 280
2 782
2 790
605 502
175 410
175 423
784 75
784 742
542 854
542 62
695 951
618 321
715 577
41 503
491 5
143 890
143 739
143 563
399 46
399 943
399 343
943 46
943 310
943 343
356 868
356 472
356 772
356 313
356 126
356 762
356 61
356 214
356 416
356 648
356 602
590 577
590 147
1001 410
868 214
868 772
868 546
868 416
14 924
288 493
288 484
288 630
924 410
344 136
630 493
630 891
239 951
767 410
119 790
772 416
772 75
443 742
697 855
423 246
423 779
423 977
502 862
502 61
502 951
293 32
724 246
724 181
266 790
758 956
692 742
692 191
692 233
956 790
931 577
931 147
984 782
984 762
62 646
62 799
62 163
696 61
200 136
126 889
126 790
126 416
368 310
857 136
581 742
479 700
355 577
355 147
272 742
686 577
686 147
764 863
748 577
748 147
660 91
595 404
416 782
416 951
577 171
577 255
577 933
577 147
577 936
900 742
863 231
977 410
171 147
672 844
672 216
672 321
16 410
410 951
782 500
933 147
633 193
214 951
214 742
742 61
66 227
216 321
