599 0
599 872
580 791
275 849
285 147
535 444
535 369
535 823
445 288
780 950
780 603
780 977
780 423
347 933
347 171
347 147
923 738
923 707
923 921
923 197
923 506
923 772
923 235
923 502
923 595
923 541
923 120
229 607
229 153
373 190
251 987
439 912
439 266
439 168
329 264
329 443
948 356
948 90
948 416
122 428
122 915
977 950
977 514
977 208
977 2
977 103
977 418
977 1001
977 153
977 1004
977 410
977 969
977 32
977 423
516 790
516 532
802 450
994 433
994 987
450 61
828 738
828 506
416 586
416 946
416 425
416 782
416 313
416 332
416 435
416 633
416 356
416 294
416 214
416 147
416 256
771 835
771 769
771 306
769 135
769 58
769 692
442 189
113 823
28 987
89 61
107 537
107 810
107 192
107 415
107 236
573 166
573 586
15 731
15 680
15 422
289 506
484 288
98 401
433 482
433 789
433 987
153 483
921 783
921 189
921 506
921 5
921 381
921 1004
260 168
25 48
290 214
290 120
875 120
915 428
915 200
915 316
796 143
291 401
332 500
582 987
723 565
720 746
720 383
720 935
720 90
550 500
550 595
550 662
543 316
388 299
388 334
266 949
266 912
266 790
266 168
195 595
52 232
52 2
52 313
141 421
485 823
136 200
731 196
731 284
731 680
428 316
428 302
428 952
428 857
885 294
462 120
405 135
559 420
840 874
840 764
840 987
157 577
889 2
843 320
843 779
843 127
662 267
189 783
189 440
189 670
189 381
189 517
189 506
189 690
189 718
189 181
189 5
189 742
189 364
189 68
189 201
189 502
414 327
401 454
401 165
401 415
401 429
526 630
837 738
392 267
663 103
883 718
883 724
305 946
424 989
424 795
327 849
327 381
657 173
540 874
540 987
540 955
393 907
476 120
783 738
783 506
92 316
926 147
846 280
846 630
846 288
209 356
609 120
447 586
447 294
949 232
949 912
949 168
294 586
294 313
294 256
294 759
294 74
180 123
180 897
638 700
482 56
482 178
482 987
482 606
58 909
149 716
795 207
795 421
850 90
101 996
880 707
880 120
135 581
135 61
135 692
160 280
160 630
987 245
987 789
987 809
987 872
987 641
987 338
987 849
987 873
987 432
987 764
987 480
987 311
987 361
987 95
987 68
987 698
987 531
987 231
987 56
987 955
987 925
499 890
499 956
499 321
499 48
499 558
499 458
499 318
499 465
70 534
70 90
955 311
955 925
687 607
687 718
687 334
184 754
184 779
754 272
754 779
874 245
874 873
874 231
874 764
38 586
38 502
534 862
534 607
534 334
534 951
534 90
534 343
230 147
78 0
111 586
589 120
334 607
334 718
334 776
334 61
334 120
253 120
102 16
630 207
630 658
630 629
630 891
630 288
630 561
630 280
630 685
630 530
630 24
630 493
630 360
630 631
333 693
333 0
500 435
232 425
232 472
232 74
293 862
685 643
435 782
67 963
67 165
48 684
48 956
48 704
48 558
48 458
48 319
48 216
164 420
947 568
284 951
284 422
538 239
538 0
566 120
165 207
165 316
165 344
165 31
946 672
946 356
946 765
946 425
946 415
40 572
40 362
607 718
607 61
607 231
607 591
607 692
934 318
236 0
950 514
587 415
587 120
308 418
381 14
381 532
381 192
558 458
558 956
173 506
173 996
166 126
166 356
166 586
166 168
591 718
53 940
53 316
53 120
124 823
159 951
159 742
939 622
939 299
939 951
939 509
188 978
151 120
0 862
0 470
0 6
0 710
0 409
0 228
0 605
0 767
0 693
0 976
0 178
0 314
0 249
0 502
444 823
976 349
976 502
752 120
480 506
912 425
912 356
912 214
912 586
912 168
13 738
13 506
716 718
719 738
735 822
735 322
104 721
104 425
104 765
104 472
565 844
565 321
935 746
935 120
704 743
745 738
745 506
2 984
2 868
2 790
2 551
2 322
541 199
541 924
541 1001
541 90
168 790
168 472
168 425
168 356
168 586
168 214
168 575
773 288
454 429
316 214
316 90
316 483
316 349
517 542
517 61
517 112
517 674
517 267
517 803
418 105
418 996
966 933
738 506
542 823
235 120
512 469
190 353
190 656
190 181
190 274
415 127
415 120
561 493
561 288
127 595
833 120
24 31
718 61
718 724
718 595
718 356
718 114
718 980
718 502
531 383
531 214
668 746
692 696
692 61
692 191
692 443
692 178
951 214
951 239
951 706
951 299
951 925
909 362
909 862
909 120
791 32
644 924
644 199
586 617
586 126
586 762
586 765
586 356
256 313
256 267
996 506
996 14
996 199
996 423
362 993
362 120
779 246
779 907
779 225
779 711
779 710
779 423
779 849
314 178
722 823
737 440
710 423
6 178
656 280
823 646
823 854
823 394
823 513
823 821
823 62
823 369
823 551
823 927
823 556
823 250
267 478
267 112
267 674
267 648
267 186
730 868
730 112
178 862
178 90
178 502
391 288
851 920
851 469
152 443
629 288
90 8
90 506
90 356
90 746
90 547
90 978
90 120
175 423
175 849
784 306
746 546
193 546
193 120
170 231
170 855
142 207
537 440
196 413
1004 724
120 707
120 772
120 143
120 383
120 890
120 257
120 39
120 739
120 546
120 528
120 91
120 75
120 471
120 633
581 264
143 410
399 474
356 313
356 765
356 61
356 472
356 602
590 933
590 147
572 862
288 493
288 838
239 577
239 502
239 742
506 14
506 199
506 192
506 576
353 920
353 891
469 167
614 772
614 546
614 547
800 62
772 75
299 622
443 721
423 246
724 181
277 147
693 228
472 313
758 844
458 956
458 844
458 216
956 216
931 147
383 306
62 646
972 147
696 61
844 321
844 672
181 920
355 147
32 862
272 595
686 147
764 245
790 700
978 547
862 547
577 147
577 255
830 231
171 933
171 147
672 319
782 61
313 765
425 765
743 765
933 147
214 147
214 742
420 96
