644 264
644 738
644 506
644 1001
644 828
644 702
482 531
580 791
996 506
996 418
362 61
362 771
703 784
643 335
534 862
383 868
248 462
314 605
984 126
984 762
111 885
535 444
535 369
62 823
5 335
334 506
334 107
464 335
315 423
813 746
814 500
365 127
638 69
586 762
118 335
118 732
823 542
823 485
810 335
775 329
516 335
516 532
532 804
532 381
67 963
949 439
949 266
369 913
921 75
921 657
994 56
602 648
862 547
862 293
670 335
553 335
553 107
107 335
107 980
107 737
208 335
686 650
175 335
872 650
746 668
746 935
530 891
736 633
688 335
648 356
648 126
648 912
648 765
648 168
236 335
537 335
537 506
947 774
381 335
1004 335
1004 468
1004 473
166 332
332 500
1001 850
433 540
854 542
854 356
192 335
702 850
737 335
737 506
628 405
936 942
201 335
29 335
976 791
335 985
335 980
335 664
335 899
13 199
912 472
980 718
30 765
719 837
170 231
837 738
674 392
803 517
762 126
99 791
657 506
942 712
541 506
245 231
454 264
517 392
199 506
506 231
506 440
721 765
58 909
502 231
790 126
232 472
765 104
