599 178
599 849
599 314
344 67
344 165
344 316
275 114
285 577
278 290
278 923
92 915
445 280
445 288
780 977
347 577
347 147
923 617
923 687
923 890
923 951
923 151
923 120
229 153
251 987
439 168
439 949
439 260
439 912
439 266
439 77
439 416
329 624
329 819
948 425
948 356
948 90
948 126
948 166
948 912
948 416
624 692
122 837
122 316
977 950
977 514
977 410
977 1004
977 32
977 103
977 0
977 423
590 577
994 540
994 433
994 987
994 582
450 595
450 187
450 662
828 644
771 659
769 742
769 705
658 280
658 629
28 987
107 150
107 381
69 735
69 879
573 166
301 469
301 978
15 837
15 731
15 680
15 422
377 866
377 101
377 423
522 189
153 483
153 410
921 32
921 657
497 773
25 956
915 280
915 200
915 316
915 951
915 742
915 838
915 428
915 953
915 952
915 857
647 280
291 429
291 454
332 500
582 764
582 987
720 746
720 668
720 90
720 813
720 833
720 935
550 546
543 971
543 200
543 316
543 136
543 952
543 857
134 592
740 420
250 178
250 854
195 595
702 850
702 14
702 644
52 949
52 356
52 912
52 112
52 232
52 2
52 313
52 266
52 868
141 978
150 135
150 190
150 629
150 40
150 978
731 584
731 422
731 284
731 680
731 120
428 31
428 990
428 316
428 857
159 940
159 742
159 214
159 307
324 638
324 362
840 245
840 874
840 540
840 987
157 577
157 746
483 586
900 662
662 272
662 86
189 951
401 454
401 429
401 165
401 415
526 280
837 916
837 738
837 698
837 641
837 114
837 541
663 951
883 724
424 469
424 978
424 421
830 692
657 537
657 178
783 654
783 90
954 469
954 978
926 577
846 67
846 280
846 561
846 288
609 984
447 294
586 607
586 500
586 294
586 126
586 782
586 166
586 912
294 790
294 256
184 595
184 832
339 178
540 245
540 874
540 68
540 987
540 56
540 364
540 433
795 469
795 978
850 193
850 752
850 90
823 854
823 120
160 280
160 630
987 245
987 789
987 809
987 872
987 641
987 338
987 849
987 873
987 432
987 764
987 482
987 433
987 311
987 193
987 361
987 95
987 269
987 68
987 698
987 531
987 231
987 56
987 480
987 955
987 925
499 684
70 633
70 90
687 120
687 951
654 738
874 245
874 873
874 231
874 764
38 474
38 638
38 832
534 42
241 469
241 280
267 478
267 112
267 256
267 517
267 648
267 186
337 2
337 692
223 420
223 310
223 90
102 16
482 531
879 735
879 420
333 178
500 193
500 782
500 814
232 425
232 313
232 112
293 280
293 547
810 881
421 469
421 978
421 280
685 280
685 630
685 629
972 577
67 207
67 165
67 561
67 963
630 469
630 207
630 547
630 280
630 530
630 24
48 319
369 535
369 951
947 774
538 178
991 178
165 31
165 316
670 553
946 425
607 692
551 62
551 214
934 595
950 103
381 178
381 532
381 664
558 704
723 565
723 758
166 126
166 416
166 743
166 803
53 193
53 316
53 951
53 214
53 120
812 465
188 469
188 978
188 280
0 605
0 178
422 280
295 178
976 178
976 349
752 147
752 127
13 951
912 356
912 214
912 416
912 765
912 168
719 738
719 410
104 721
104 425
104 765
832 862
832 638
832 410
832 103
565 321
473 537
935 746
935 813
935 742
952 200
952 316
704 956
704 844
704 743
745 644
2 790
168 984
168 356
168 949
168 472
168 425
168 90
773 288
454 429
316 629
316 838
316 857
316 953
316 415
316 120
920 978
920 280
517 425
517 746
418 996
349 888
738 996
542 193
542 746
542 854
684 746
235 854
512 978
990 280
561 207
561 280
561 288
407 779
127 193
318 956
24 280
718 61
718 502
718 415
718 711
718 724
668 746
668 813
918 758
909 862
644 1001
256 313
996 506
362 383
362 74
314 178
956 758
813 746
6 178
78 178
532 576
730 356
730 74
164 420
164 638
274 167
552 978
178 470
178 710
178 281
178 249
178 502
178 862
178 409
178 228
178 929
178 605
178 767
178 693
178 214
178 569
178 99
178 692
391 288
851 978
851 280
851 530
851 742
629 193
629 280
629 288
629 530
90 746
90 530
429 415
605 61
784 659
35 469
35 978
35 280
142 280
249 693
537 440
767 359
109 425
120 239
120 890
120 951
957 469
957 978
491 5
74 782
74 112
356 425
356 126
356 765
167 469
167 978
1001 14
410 16
410 14
410 56
638 91
288 493
288 484
288 280
396 881
674 112
322 420
322 343
506 872
506 576
484 280
484 530
833 415
469 614
469 817
469 547
469 978
469 207
614 193
614 978
119 790
838 857
280 530
280 953
280 656
280 281
280 631
280 32
280 547
280 493
280 360
280 978
280 891
443 742
443 743
443 602
423 710
817 978
817 988
502 281
502 978
502 951
277 577
585 528
988 978
472 425
472 765
758 41
758 844
458 577
692 191
692 233
207 978
544 415
715 577
530 493
530 891
984 126
890 951
71 595
696 563
200 136
126 416
857 951
978 547
50 420
272 379
686 577
931 577
355 577
748 577
96 420
595 193
595 404
68 29
648 765
648 416
416 257
416 782
416 75
112 313
577 171
577 255
577 933
577 147
193 281
193 147
602 743
281 61
425 415
425 61
743 765
214 742
214 147
742 61
742 951
721 765
216 321
