599 605
207 362
931 277
931 590
362 383
703 771
804 532
248 90
522 19
535 444
62 485
62 472
62 75
62 800
62 542
105 418
819 329
464 335
813 746
292 135
292 90
480 506
220 90
439 949
586 126
586 542
948 517
823 542
823 951
823 120
810 289
810 381
951 663
977 153
762 416
532 107
730 854
369 250
397 975
994 56
450 517
828 506
947 774
851 517
870 135
553 107
107 393
107 652
107 192
107 980
208 0
189 1004
2 335
289 506
530 517
112 517
170 135
170 736
433 32
433 987
751 854
890 56
915 517
381 14
381 192
891 414
166 109
166 803
332 500
332 854
1001 14
468 335
854 485
854 542
192 506
266 949
850 924
702 14
159 809
628 135
267 517
731 517
923 542
500 435
809 214
13 837
920 517
14 924
14 506
743 443
743 602
483 231
803 517
933 347
506 745
742 517
4 135
168 949
245 231
485 646
371 135
517 135
738 837
542 135
542 250
56 540
482 531
82 135
329 692
126 74
531 987
