599 605
580 143
580 32
275 849
275 175
703 863
703 528
703 65
278 290
248 891
535 444
535 517
535 369
535 551
535 157
445 158
445 891
780 514
780 977
347 171
347 782
347 332
347 472
923 14
923 629
923 692
229 293
229 692
229 629
895 799
895 518
373 391
373 454
736 2
736 319
251 506
251 987
169 387
439 168
329 264
329 910
329 231
329 153
948 500
948 868
948 912
948 166
948 454
948 765
948 65
948 425
948 890
948 168
948 120
948 416
624 587
699 425
699 168
977 514
977 996
977 832
977 153
977 418
304 441
802 450
802 40
994 245
994 264
994 789
994 987
994 56
994 540
994 433
994 311
994 338
450 187
450 900
450 571
450 568
450 695
450 40
450 572
450 272
450 595
450 662
771 855
597 264
658 381
28 264
28 987
197 32
107 201
107 980
107 5
107 381
107 643
768 534
768 591
768 334
573 586
301 547
15 680
15 422
106 88
106 399
106 906
876 866
377 718
98 401
433 738
433 249
433 987
466 712
751 517
751 267
921 14
371 4
371 628
371 870
371 82
290 586
915 92
915 200
915 316
915 428
915 851
915 718
915 952
796 987
332 500
582 364
582 987
273 235
273 306
173 506
720 813
720 383
550 546
861 934
388 534
388 161
266 912
266 168
659 742
659 306
617 120
88 950
88 906
150 833
150 415
731 571
731 680
731 422
428 239
428 92
428 316
428 136
428 200
428 806
428 224
428 952
428 349
428 857
885 2
885 571
885 416
65 70
462 264
324 239
324 534
324 38
324 96
324 460
559 50
840 874
840 987
157 684
157 542
157 356
157 586
157 472
157 277
157 517
177 168
843 718
803 392
803 416
662 443
662 40
662 742
878 502
189 718
189 249
189 410
414 692
414 995
414 891
119 812
401 454
401 429
401 165
401 415
507 685
507 24
867 335
392 112
883 718
605 470
605 178
919 337
919 376
919 601
919 1000
527 710
540 873
540 987
540 153
540 874
485 542
818 438
818 478
818 997
818 153
818 807
281 718
783 738
378 514
92 952
846 67
609 454
609 528
568 40
568 947
153 245
153 996
153 581
153 588
153 418
153 135
153 746
153 995
153 855
153 764
153 482
153 692
949 168
901 742
184 832
241 326
241 851
522 718
522 61
482 987
82 628
795 424
795 207
795 421
372 404
135 264
160 629
160 571
987 245
987 789
987 809
987 872
987 641
987 338
987 849
987 873
987 764
987 480
987 311
987 361
987 95
987 68
987 698
987 531
987 231
987 56
987 955
499 383
499 321
70 890
70 120
70 334
576 541
680 284
680 422
687 910
654 991
754 718
874 245
874 873
874 231
874 764
534 571
534 649
534 334
534 206
534 591
534 343
776 571
776 214
142 224
142 267
337 581
337 663
111 746
264 632
264 361
264 245
264 581
264 789
264 131
264 995
264 364
264 692
334 995
334 75
646 542
646 62
630 484
630 978
630 629
630 547
333 767
638 164
232 744
293 718
293 365
810 881
421 424
685 643
435 126
435 782
435 586
67 207
67 165
67 963
67 344
67 391
48 216
48 956
369 407
391 750
391 158
391 288
391 484
538 239
538 418
991 61
870 571
288 750
946 425
946 318
946 472
946 416
196 147
196 454
196 850
196 40
196 429
196 120
732 718
40 695
40 900
40 187
40 272
40 572
415 190
415 429
415 811
415 833
607 696
607 591
607 891
650 682
777 718
777 16
302 454
364 764
236 537
950 514
950 399
260 790
260 168
381 335
381 192
558 956
723 758
723 503
723 73
166 356
166 586
166 112
166 416
724 718
53 120
993 742
402 788
277 571
812 790
789 470
913 799
913 163
224 806
224 349
335 643
634 788
752 454
752 120
480 506
716 718
716 866
719 14
104 425
104 416
912 868
912 90
912 782
912 77
912 74
912 425
912 890
912 744
912 472
912 416
912 648
912 575
912 168
565 41
935 746
935 668
935 813
935 571
952 136
952 200
952 349
952 857
969 718
850 995
850 120
185 742
185 570
185 233
168 868
168 790
168 126
168 648
168 356
168 77
168 425
168 890
168 472
168 74
168 416
168 575
454 257
454 629
454 544
454 147
454 706
454 120
158 563
316 806
316 351
316 214
517 542
517 356
517 586
517 478
517 472
517 684
517 648
517 267
418 996
526 629
738 772
425 416
425 782
425 356
425 765
684 571
235 120
190 920
190 656
190 191
190 274
990 424
990 24
663 813
663 571
940 214
318 566
24 31
24 629
24 891
718 16
718 410
718 122
718 866
718 595
718 114
718 502
718 6
718 980
718 243
718 32
668 746
692 245
692 920
692 191
692 233
692 742
692 530
692 591
692 910
692 851
918 758
909 589
791 32
644 924
644 506
122 479
314 409
314 693
400 306
813 746
813 571
133 765
133 602
586 126
586 383
586 765
586 984
586 356
586 825
962 890
571 910
571 530
571 542
571 900
571 742
571 62
571 394
571 161
823 513
267 984
267 112
267 214
267 648
267 478
730 868
730 313
575 782
1000 503
1000 112
178 862
178 693
178 528
178 214
178 749
178 470
178 91
178 120
178 367
178 502
706 139
591 746
591 910
851 920
851 547
851 469
851 978
161 900
161 784
161 863
117 120
629 891
629 2
629 530
629 214
629 416
90 120
175 849
784 863
784 742
784 390
749 890
749 995
374 306
170 855
618 216
854 250
902 547
120 257
120 772
120 91
120 193
120 890
120 61
120 518
41 758
41 503
41 73
518 542
143 544
83 855
74 984
356 52
356 416
572 890
868 52
868 416
14 410
306 742
674 112
506 440
506 890
506 29
995 891
553 670
484 387
800 984
872 686
772 56
806 782
443 742
416 313
416 790
416 743
416 765
416 147
416 648
416 30
56 566
509 788
697 855
502 470
387 114
387 667
669 32
669 544
542 214
503 758
503 73
758 956
758 844
458 216
458 956
974 984
52 765
207 857
956 319
956 216
544 8
470 862
383 528
530 891
984 126
890 403
5 491
71 595
857 136
814 500
200 351
200 136
126 700
126 790
707 1003
595 404
648 721
648 782
648 765
862 99
891 75
900 742
863 742
192 690
602 765
171 951
633 193
214 951
742 61
951 147
700 2
700 790
721 765
790 2
