599 605
599 99
599 693
599 314
599 929
599 502
929 878
929 700
929 99
929 710
929 767
929 314
580 409
275 175
703 784
688 670
688 362
278 214
248 506
535 444
535 369
720 813
720 746
720 668
720 415
720 833
720 147
720 383
720 935
780 744
780 977
819 329
923 264
923 915
923 823
923 772
923 127
923 687
923 193
923 633
923 742
923 910
923 502
923 963
923 671
923 120
229 306
895 799
373 190
373 391
373 344
373 207
251 987
169 595
169 372
439 425
439 790
439 168
329 245
329 427
948 425
948 356
948 112
948 415
948 214
948 90
948 912
948 648
948 120
624 245
122 61
977 497
977 950
977 514
977 996
977 1004
977 423
304 441
304 744
863 784
802 40
994 540
994 987
372 934
372 404
372 149
372 558
528 922
528 531
528 383
528 589
528 362
771 870
771 390
658 629
28 987
197 586
197 719
301 547
301 795
301 978
301 656
301 630
301 142
15 731
15 680
15 422
106 88
106 906
377 716
353 190
353 181
353 391
98 429
98 401
656 190
656 239
656 181
656 280
575 500
290 214
915 687
915 586
915 200
915 316
915 772
915 428
915 280
915 75
915 857
915 718
915 744
915 742
915 120
915 502
915 543
496 744
796 14
796 987
92 316
582 987
326 586
543 316
853 638
134 837
134 90
976 605
388 132
388 343
388 663
388 90
266 425
266 356
266 949
266 790
266 912
266 77
78 605
336 926
347 171
347 933
52 126
141 362
469 207
469 744
150 471
731 563
731 196
731 120
731 422
731 284
731 680
428 838
428 744
428 316
428 857
885 104
885 294
65 193
324 744
324 586
559 50
559 299
840 874
840 987
157 75
843 607
843 907
843 744
843 393
843 184
843 407
843 883
30 765
662 443
662 40
662 572
189 866
189 120
414 327
414 891
401 454
401 429
401 165
401 415
526 280
526 629
867 974
663 399
663 322
663 343
305 946
424 795
830 891
527 744
527 710
527 422
548 744
540 245
540 700
540 987
540 874
540 697
783 738
783 654
88 399
88 906
88 950
954 207
954 471
926 748
926 715
846 280
846 288
609 946
609 120
17 316
447 104
447 294
441 860
586 500
586 126
586 294
586 38
586 267
586 435
294 984
294 104
294 74
180 829
180 727
184 1004
241 280
522 61
482 987
82 937
82 744
82 870
807 744
149 595
149 716
795 207
795 744
795 421
850 682
850 75
850 541
850 90
823 485
823 113
823 120
101 246
101 423
101 716
880 946
135 628
135 890
135 415
135 581
135 942
135 292
135 75
987 245
987 789
987 809
987 872
987 641
987 338
987 849
987 873
987 432
987 764
987 480
987 433
987 311
987 361
987 415
987 95
987 68
987 698
987 531
987 231
987 56
987 955
987 925
499 565
499 684
499 844
499 321
499 558
70 534
70 415
70 90
687 633
699 356
654 991
812 2
812 790
874 245
874 873
874 231
874 764
38 939
38 744
38 832
534 75
776 90
142 207
142 744
142 316
142 280
142 267
334 75
837 719
611 644
630 484
630 288
798 744
879 744
333 605
333 767
333 19
500 166
500 435
500 814
232 868
232 949
232 260
232 946
232 126
232 765
232 730
232 104
232 356
232 744
232 472
232 471
232 648
293 744
293 697
293 280
293 207
421 280
435 962
788 634
788 906
67 963
67 165
48 565
48 956
48 558
391 484
391 288
947 568
538 605
176 744
165 207
165 990
165 316
165 136
165 302
165 344
165 31
165 857
670 506
946 104
946 425
946 744
946 313
406 744
40 264
40 900
40 712
40 272
606 744
309 939
309 893
744 939
744 470
744 581
744 464
744 660
744 943
744 722
744 400
744 952
744 210
744 46
744 912
744 971
744 735
744 42
744 218
744 505
744 306
744 743
744 368
744 583
744 803
744 164
744 152
744 32
744 161
744 560
744 870
744 493
744 208
744 1002
744 489
744 402
744 777
744 170
744 74
744 31
744 460
744 558
744 432
744 524
744 194
744 676
744 622
744 321
744 568
744 740
744 871
744 203
744 562
302 207
302 316
364 506
558 207
558 956
558 321
558 1000
558 319
558 216
723 565
723 41
918 758
918 844
166 126
166 104
166 74
53 120
300 784
939 474
789 269
789 338
188 614
188 280
752 425
752 120
338 264
759 104
0 605
422 280
113 485
113 646
77 790
77 356
77 2
77 168
913 369
715 147
715 890
906 601
716 718
716 724
716 866
716 423
719 761
104 74
104 984
104 425
104 648
104 416
912 868
912 112
912 730
912 425
912 356
912 472
912 214
912 813
912 168
565 41
935 746
935 668
935 813
952 200
952 316
185 833
185 233
541 924
541 921
168 356
168 949
168 112
168 472
168 868
168 730
773 288
454 147
454 429
454 120
316 971
316 772
316 838
316 200
316 344
316 31
316 953
316 990
316 415
316 647
316 136
316 857
316 2
316 120
517 485
517 718
517 61
103 423
264 245
425 356
425 949
684 844
85 844
190 990
190 920
190 614
190 120
190 196
190 31
190 471
990 178
990 280
415 696
415 811
415 940
415 429
415 127
415 833
415 762
415 178
415 595
561 207
561 280
940 196
940 214
940 90
127 595
127 281
318 71
24 280
24 891
718 61
718 376
718 742
718 595
718 591
668 746
231 245
231 178
19 61
909 862
644 14
256 356
996 761
362 228
362 383
314 710
314 693
314 99
137 813
956 758
956 600
956 672
813 746
6 605
6 506
433 738
962 984
647 280
249 605
249 404
267 891
532 5
730 356
730 868
369 518
921 506
921 14
274 181
274 951
178 862
178 605
178 99
178 502
706 951
851 978
851 280
161 581
629 700
629 891
629 288
629 530
629 120
90 193
90 1001
605 862
605 470
605 710
605 409
605 228
605 569
605 767
605 693
605 502
601 247
601 376
601 919
175 423
784 742
784 390
746 214
35 207
35 280
196 413
196 147
196 120
1004 14
86 443
120 772
120 198
120 200
120 75
120 193
120 633
120 191
120 742
518 250
518 513
581 855
581 742
143 951
356 868
356 112
356 648
356 126
356 250
356 765
356 472
167 988
167 280
671 193
868 472
868 126
868 765
288 484
924 14
344 838
344 200
566 772
506 14
506 775
506 29
506 5
367 214
220 75
220 471
772 742
838 530
838 857
280 750
280 530
280 595
280 631
280 953
280 920
280 547
280 360
280 32
299 509
443 602
443 743
697 925
697 855
423 246
502 693
881 14
585 306
988 207
988 978
458 577
974 984
692 75
207 99
971 200
383 942
530 891
71 595
200 679
126 648
181 920
764 245
96 420
648 765
416 790
112 700
900 742
568 379
313 765
739 951
920 214
245 233
790 2
