599 605
599 929
599 314
599 0
599 872
344 67
344 165
344 316
275 114
275 101
703 159
285 577
644 783
644 264
644 506
644 738
248 49
248 415
38 184
38 832
92 316
720 746
720 668
720 214
720 90
720 813
720 935
819 329
923 617
923 687
923 278
923 528
923 214
923 772
923 912
923 890
923 415
923 120
462 415
373 190
251 987
439 168
889 868
948 517
948 112
948 126
948 674
948 168
948 75
948 751
948 803
948 890
948 120
948 392
948 912
948 267
948 416
624 338
977 950
977 514
977 693
977 184
977 377
977 480
977 418
977 153
516 924
516 804
708 184
999 184
994 540
994 433
994 987
994 849
994 582
450 595
450 712
450 415
587 326
587 56
587 415
866 101
28 987
107 5
107 553
107 118
107 464
107 335
107 670
107 381
107 415
69 879
301 469
301 978
15 731
15 422
876 101
377 189
377 410
484 629
484 530
484 288
656 190
656 239
466 662
25 48
290 214
915 178
915 428
915 857
915 316
915 687
427 955
779 101
332 782
332 425
332 500
582 987
582 175
273 951
433 540
433 987
433 849
445 629
445 288
550 812
543 316
134 592
388 534
388 184
388 832
266 912
266 168
347 171
347 933
347 590
347 715
347 748
347 147
617 415
141 978
141 188
141 630
141 241
150 415
731 718
731 422
731 680
428 31
428 990
428 316
428 857
885 313
885 294
159 62
159 214
159 742
324 70
840 874
840 987
157 718
157 415
157 184
628 135
843 184
30 313
30 743
662 443
662 900
189 178
189 184
189 687
401 429
401 165
401 454
526 267
526 561
526 629
837 654
392 166
663 951
883 718
883 101
883 184
883 724
424 469
424 978
424 31
99 929
99 0
393 184
783 415
954 469
954 978
954 207
926 577
846 629
846 561
846 288
609 592
447 294
441 700
329 264
329 364
329 692
817 469
817 978
184 607
184 333
184 16
184 710
184 259
184 711
184 754
184 201
184 615
184 907
184 522
184 246
184 101
184 410
184 82
184 426
184 862
184 365
184 505
184 724
184 1004
184 701
184 32
184 718
184 884
184 225
184 732
184 969
184 296
184 538
184 279
241 469
522 61
482 987
58 909
149 101
149 716
795 469
795 978
850 193
850 90
101 16
101 710
101 996
101 724
101 897
101 127
101 849
101 175
101 685
101 246
101 56
101 225
101 423
101 716
135 742
160 687
160 165
160 629
987 245
987 789
987 809
987 872
987 641
987 338
987 849
987 873
987 432
987 764
987 480
987 540
987 311
987 698
987 361
987 95
987 68
987 193
987 531
987 231
987 56
987 955
987 925
499 465
294 984
294 586
294 762
294 790
294 256
294 126
294 782
294 313
294 74
70 752
687 862
687 530
687 280
687 200
687 415
687 823
687 629
687 857
687 178
687 542
687 900
687 742
687 334
687 214
687 188
687 120
687 502
939 509
874 245
874 873
874 231
874 764
874 540
552 978
534 746
534 851
534 334
78 929
78 0
78 951
337 505
376 601
334 6
334 61
334 415
334 306
334 127
334 607
334 718
334 214
334 742
334 692
188 200
188 469
188 178
188 978
243 61
540 245
540 951
540 836
540 849
540 955
592 454
333 605
333 0
333 314
638 2
638 700
638 634
232 52
232 425
232 112
232 472
232 946
232 912
232 74
293 605
293 724
810 881
421 469
421 978
685 629
67 963
67 165
67 391
630 773
630 894
630 493
630 288
630 530
630 629
947 774
538 605
538 0
991 0
165 316
165 31
870 935
288 773
288 629
288 493
288 391
288 561
946 672
946 765
934 595
302 316
558 956
558 48
723 758
723 41
723 73
166 74
166 674
166 313
166 759
166 803
166 416
591 415
955 773
955 925
224 112
224 349
0 470
0 710
0 314
0 976
0 249
0 519
0 862
0 6
0 409
0 228
0 929
0 605
0 767
0 693
0 732
0 178
0 502
335 5
634 788
976 178
976 349
752 147
752 471
13 951
912 52
912 472
912 586
912 313
912 267
912 949
912 356
912 214
912 416
912 168
716 479
719 14
735 879
104 425
832 740
832 103
565 321
935 746
935 813
935 214
952 200
952 316
704 743
120 62
120 823
120 857
316 990
316 200
316 971
316 136
316 838
316 349
316 857
316 17
316 142
316 31
316 953
517 425
517 718
517 415
418 105
966 168
542 854
542 415
684 956
512 978
512 362
190 353
190 181
190 274
187 60
561 629
940 90
127 415
833 415
24 530
24 629
24 891
718 61
718 415
718 595
718 724
718 851
231 264
951 194
951 239
951 707
951 706
791 32
278 415
278 214
319 48
256 313
256 416
362 74
362 803
658 629
314 605
314 767
314 228
314 929
737 440
956 672
956 700
956 48
956 758
956 216
813 746
586 425
823 62
249 605
532 576
730 425
369 250
178 862
178 409
178 280
178 605
178 693
178 214
178 502
391 629
851 61
851 167
851 547
851 742
851 978
851 415
629 280
629 530
629 890
629 631
629 465
629 891
629 493
629 360
629 750
90 746
90 742
90 1001
2 535
2 790
605 862
605 470
605 710
605 228
605 693
605 569
605 502
784 83
746 214
746 692
35 469
35 978
35 207
86 443
168 984
168 949
168 790
168 472
168 425
168 416
41 758
41 73
491 29
855 697
74 313
356 425
356 313
590 171
46 310
868 52
868 765
868 416
14 924
14 410
465 890
674 61
929 710
929 767
239 595
506 192
469 614
469 957
469 167
469 547
469 978
469 207
614 193
614 978
443 214
443 742
443 743
443 602
264 245
724 68
724 29
724 181
250 62
988 978
472 313
458 577
458 48
692 415
52 313
52 112
207 978
207 957
931 577
957 978
530 891
984 126
984 782
808 29
714 193
200 136
200 857
126 790
126 112
493 750
978 167
978 547
48 216
595 790
595 415
416 949
416 147
416 313
112 700
112 313
223 415
577 933
577 147
577 255
167 547
602 743
602 425
672 73
750 700
782 500
782 700
425 765
670 415
415 742
742 214
404 700
721 765
147 75
