599 178
599 710
929 178
929 506
275 175
278 214
535 120
445 391
445 288
780 950
347 933
347 715
347 147
923 687
923 591
923 214
923 502
462 833
373 190
373 391
373 207
251 482
169 314
439 912
329 624
329 231
329 582
948 52
948 890
948 854
948 126
948 120
948 416
948 75
948 592
948 803
624 692
624 90
977 418
977 153
977 423
506 644
506 502
304 4
304 441
528 867
771 362
113 648
657 921
657 576
107 320
107 670
107 393
107 208
107 1004
107 201
107 175
107 29
107 289
107 5
107 464
107 335
107 985
107 688
107 980
107 236
107 537
107 381
107 118
107 664
107 652
107 898
107 532
107 899
107 810
107 468
107 553
107 808
107 192
107 737
15 731
345 479
377 630
377 422
353 391
353 891
98 401
656 190
751 517
751 267
497 410
290 214
858 633
858 629
427 955
594 454
332 500
332 250
1001 605
1001 685
273 951
723 73
720 746
720 214
720 527
720 90
720 383
720 833
550 189
550 746
388 638
388 322
250 607
250 854
166 356
166 586
166 704
166 74
166 743
166 416
617 500
617 56
141 214
469 978
469 167
731 718
731 280
731 284
731 422
885 313
885 586
885 294
885 416
229 421
324 214
405 135
559 622
559 50
840 874
157 718
997 90
662 862
144 544
189 6
189 316
414 891
401 454
401 429
401 165
401 415
526 160
392 369
392 112
32 718
32 280
32 591
32 692
424 207
424 990
424 795
783 607
783 738
846 67
846 280
846 561
846 288
609 772
111 586
294 586
184 700
339 178
540 874
540 338
540 955
540 697
540 855
58 909
82 135
82 628
850 881
101 246
101 423
101 175
104 721
104 425
104 648
104 765
104 133
160 360
987 56
987 955
481 565
499 565
499 321
70 607
70 534
70 415
70 120
955 311
955 925
680 633
680 422
687 607
687 502
687 214
874 245
874 873
874 231
874 764
38 638
38 832
391 67
391 288
133 52
133 356
133 912
133 648
133 602
510 534
510 622
337 607
334 135
334 607
334 61
334 214
334 772
334 75
125 622
730 109
592 454
333 178
333 767
500 782
500 435
500 814
232 52
232 425
232 356
232 790
232 782
118 335
118 365
118 502
810 289
810 881
421 188
421 795
685 605
435 782
435 586
67 207
67 165
67 561
67 963
67 344
630 668
630 493
630 288
570 765
947 774
822 950
566 772
566 56
165 344
165 31
165 316
670 605
946 425
946 415
946 472
704 503
704 90
40 695
40 214
607 191
607 127
607 343
607 718
607 591
607 692
650 682
236 208
236 90
950 638
950 310
371 135
371 214
381 192
381 29
558 207
173 454
795 207
591 718
591 534
591 502
676 622
53 454
552 951
976 349
976 178
976 410
976 293
812 790
812 465
188 614
224 349
0 178
0 732
295 178
159 638
159 214
159 940
715 129
13 516
912 52
912 416
912 949
912 472
912 74
912 266
912 356
912 168
735 586
135 628
135 214
135 870
135 581
135 855
135 4
135 942
135 170
887 383
565 321
565 362
663 103
935 746
935 191
952 517
952 200
716 718
614 190
614 454
323 622
185 833
185 501
2 126
2 782
2 790
168 52
168 356
168 790
168 648
168 966
773 288
454 488
454 429
454 772
454 198
454 193
454 633
712 214
316 200
316 629
316 214
517 718
517 586
517 648
517 267
517 478
103 423
418 153
418 996
738 231
738 214
425 356
425 721
425 765
684 458
684 844
190 920
990 31
990 561
457 365
415 833
561 978
561 288
940 214
127 718
24 629
718 61
718 595
718 502
531 214
668 746
478 267
951 42
951 707
951 772
951 803
909 862
909 362
256 52
256 356
996 924
996 153
362 383
362 724
314 178
314 693
737 175
956 758
813 746
933 171
6 178
586 310
586 782
586 383
586 267
586 762
586 984
586 356
586 602
633 772
633 193
249 178
78 178
532 700
532 516
1000 112
178 470
178 991
178 710
178 502
178 862
178 409
178 228
178 605
178 767
178 693
178 214
178 569
178 99
178 538
963 214
706 310
534 343
534 84
534 322
534 120
152 765
152 742
776 214
629 891
629 700
629 902
629 493
629 288
629 772
629 214
629 530
90 746
175 246
175 423
175 849
746 900
746 214
318 844
542 62
542 854
542 120
335 899
335 201
335 5
86 765
42 310
902 280
120 772
41 503
41 73
581 855
399 343
849 423
74 984
74 648
356 52
356 868
356 790
356 126
356 383
356 214
356 743
356 765
356 472
356 648
356 416
46 310
868 52
868 648
868 765
288 493
288 484
68 56
220 214
485 62
800 62
772 870
772 280
772 75
772 56
772 739
838 857
280 978
443 742
423 246
502 710
502 214
881 804
266 790
988 207
693 228
472 52
758 844
458 216
692 245
692 191
692 214
692 233
52 112
52 126
52 313
544 214
907 843
530 214
62 416
5 491
126 700
126 790
126 782
126 648
45 227
764 245
515 214
595 546
648 790
648 267
648 765
648 721
648 416
267 112
416 765
416 214
416 782
862 379
865 214
112 646
310 343
900 742
602 765
782 790
920 214
214 742
214 569
66 227
231 245
245 269
721 765
