437 516
599 178
929 178
929 314
275 114
275 327
275 175
703 784
703 659
703 306
644 850
644 611
644 516
644 702
644 506
248 506
248 550
248 205
248 530
92 915
92 200
720 147
720 833
720 935
720 527
720 680
780 977
347 748
347 147
562 534
229 696
895 799
895 518
895 551
373 391
373 207
898 29
898 107
251 987
169 376
424 207
424 990
424 421
424 978
424 795
68 987
948 425
948 120
624 239
624 329
624 692
977 1004
977 950
977 410
977 996
516 783
516 719
516 654
516 682
516 945
516 199
516 738
516 650
516 532
516 923
516 13
516 921
516 761
516 14
516 996
516 881
516 979
516 924
516 850
516 1001
516 173
516 506
516 327
516 702
516 657
516 837
516 745
516 828
516 270
516 541
516 576
304 441
994 987
450 135
450 40
828 850
658 315
28 987
527 870
197 850
107 320
107 670
107 393
107 208
107 175
107 29
107 289
107 5
107 464
107 335
107 985
107 688
107 980
107 236
107 415
107 537
107 381
107 118
107 664
107 810
107 643
107 899
107 1004
107 327
107 553
107 192
301 978
301 188
15 584
15 284
15 680
15 951
289 29
106 788
377 866
377 423
377 630
484 630
484 288
433 987
921 32
921 850
921 657
921 923
260 912
290 147
290 120
915 200
915 316
915 90
915 35
915 142
796 987
535 62
535 369
535 913
582 764
582 987
445 891
550 233
543 428
543 302
543 200
853 90
134 65
740 788
740 879
250 886
270 850
702 850
908 721
141 978
485 62
150 190
150 978
150 629
150 316
731 422
428 302
428 200
428 316
428 838
428 142
428 349
428 857
923 738
923 687
923 214
923 334
923 2
923 367
65 193
65 220
324 638
324 534
614 978
559 634
559 346
840 764
840 987
157 147
157 530
628 135
483 935
662 443
662 900
878 502
189 718
189 506
189 696
189 90
603 832
401 454
526 280
837 738
837 850
392 316
663 343
883 718
605 333
605 178
605 693
99 178
327 849
327 29
657 850
783 738
783 850
783 654
954 978
846 67
846 280
846 288
609 278
609 196
439 912
439 885
863 901
863 784
329 692
294 586
294 74
339 178
985 29
540 697
540 987
540 278
540 692
58 909
82 135
795 207
795 421
795 978
850 719
850 682
850 29
850 199
850 738
850 650
850 13
850 611
850 761
850 14
850 996
850 881
850 173
850 506
850 1001
850 924
850 745
850 804
850 541
850 576
135 4
135 870
135 371
135 334
135 942
135 581
135 170
135 851
160 629
987 245
987 789
987 809
987 872
987 641
987 338
987 849
987 873
987 432
987 764
987 480
987 482
987 311
987 361
987 95
987 698
987 531
987 231
987 56
987 955
987 925
499 318
901 161
70 323
70 474
70 334
487 534
487 832
687 696
687 32
654 738
552 978
391 353
391 288
776 586
776 214
142 316
142 90
142 200
142 267
337 919
376 676
376 919
376 976
376 601
376 349
376 314
334 638
334 696
334 586
334 746
334 772
334 534
334 90
334 692
125 534
125 832
102 534
630 167
630 530
220 752
220 90
220 185
220 75
220 29
333 178
333 767
638 534
638 591
232 984
232 472
669 544
810 29
421 978
685 643
435 500
67 963
48 458
164 420
164 943
602 356
602 743
538 178
991 178
165 207
165 200
165 316
670 29
274 920
946 425
607 696
309 299
309 322
309 832
873 692
302 200
236 29
950 514
381 29
2 517
2 790
2 486
2 322
166 126
166 974
166 74
664 29
53 193
402 788
754 718
789 849
188 978
188 547
752 120
224 200
0 178
422 90
295 178
634 788
113 62
113 646
159 500
159 214
913 383
913 369
913 163
613 90
912 356
912 949
912 214
912 472
912 425
912 743
912 168
716 718
716 866
716 243
104 425
104 74
288 773
288 629
887 214
832 710
832 649
832 42
832 319
832 936
976 178
976 502
935 668
935 813
935 746
952 200
393 29
185 617
185 762
185 854
541 506
168 425
168 949
168 790
168 472
168 966
454 772
454 429
454 147
454 120
293 697
293 32
293 568
316 214
316 90
316 200
316 349
697 962
697 925
697 855
697 170
736 245
736 231
418 804
418 996
349 200
966 45
966 66
425 472
425 214
425 120
425 416
512 978
990 178
990 200
415 178
415 147
415 833
407 843
940 214
127 866
24 891
332 500
718 696
718 61
718 281
718 724
718 595
718 29
668 746
951 857
909 862
278 429
996 506
122 693
779 843
314 178
400 318
737 440
813 746
971 200
971 136
933 748
6 178
586 617
586 974
586 416
647 200
31 200
78 178
477 534
1000 919
1000 112
178 470
178 710
178 249
178 502
178 862
178 409
178 228
178 767
178 693
178 214
178 569
963 633
706 939
534 939
534 139
534 696
534 322
534 510
534 489
534 206
534 622
851 469
851 978
629 902
629 530
90 841
90 245
601 322
175 5
175 29
784 742
784 390
374 742
374 306
35 978
249 29
537 29
335 29
1004 29
902 280
120 193
120 772
957 978
518 854
888 200
581 855
143 544
464 980
464 29
356 743
356 472
167 469
167 978
167 988
410 696
980 29
671 692
868 743
868 765
14 924
465 700
306 659
306 742
344 200
322 343
812 119
239 280
506 199
553 29
469 207
469 978
320 29
772 75
280 547
280 978
280 502
299 788
953 200
509 788
817 978
502 696
502 214
388 61
118 29
542 513
542 62
277 147
988 978
692 696
692 233
617 633
207 978
207 136
544 8
715 147
383 136
530 891
984 762
62 646
5 29
696 16
696 742
696 595
200 136
200 857
200 17
200 351
643 29
45 782
45 227
764 245
707 633
208 29
806 351
595 404
688 29
648 765
978 891
978 547
416 147
577 147
900 742
568 379
192 29
782 500
782 66
29 899
633 193
683 147
66 227
257 147
147 193
