267 586
16 718
223 746
996 977
996 418
996 153
782 586
534 324
534 746
313 356
966 472
984 586
324 591
765 356
765 30
334 586
157 356
157 586
335 643
935 746
813 746
912 439
912 868
912 949
912 260
912 699
912 77
912 730
912 425
912 356
912 521
912 266
912 168
630 656
547 902
668 746
439 168
868 356
586 718
586 435
948 356
643 685
643 381
674 392
775 502
730 356
164 638
891 414
891 75
742 784
178 502
591 746
851 469
168 356
168 260
991 61
946 472
500 356
418 538
425 356
746 388
746 502
638 790
764 231
540 955
502 693
356 77
356 744
356 472
