16 102
782 500
782 232
782 240
782 126
782 166
782 885
782 759
782 447
782 573
782 332
782 984
782 111
782 762
782 586
782 294
782 825
782 74
782 869
782 416
201 335
29 335
984 232
356 112
356 472
356 313
356 30
356 765
356 730
737 335
464 335
335 670
335 208
335 175
335 5
335 688
335 980
335 236
335 537
335 381
335 118
335 664
335 810
335 643
335 899
335 1004
335 468
335 553
335 808
335 192
912 586
912 267
912 168
500 575
696 61
407 779
388 550
630 685
553 670
24 530
168 425
168 949
168 790
168 472
168 966
2 790
605 61
607 337
337 692
232 472
830 692
