599 605
599 333
275 246
275 849
275 175
703 771
644 506
644 199
248 909
92 428
92 200
720 587
720 383
720 935
720 527
780 832
923 617
923 687
923 278
923 609
923 151
923 214
923 772
923 53
923 120
923 890
923 231
229 607
229 790
229 273
251 987
439 168
439 90
948 868
948 120
624 840
122 428
977 409
977 56
977 872
977 1004
977 153
977 1001
506 924
994 540
994 987
994 809
450 135
450 443
450 915
450 530
450 920
450 731
450 851
828 516
587 540
113 535
28 987
89 718
89 61
107 98
573 586
301 469
301 851
15 422
106 740
377 630
377 716
484 288
98 117
98 707
98 401
98 134
98 268
98 592
98 713
433 540
433 987
575 912
290 614
290 159
290 214
915 920
915 165
915 316
915 90
915 772
915 731
915 428
915 136
915 530
915 857
915 135
915 443
915 718
915 61
915 851
427 955
291 401
291 609
966 168
582 987
273 951
273 855
445 288
550 595
550 546
543 428
543 991
543 952
388 638
388 61
388 879
388 322
195 595
52 126
52 2
52 232
141 530
731 443
731 530
731 851
731 422
428 90
428 990
428 200
428 971
428 647
428 165
428 136
428 349
428 857
428 142
428 344
428 952
428 17
428 302
428 31
428 953
428 316
885 294
885 447
885 416
159 940
159 865
159 334
159 233
462 833
462 426
324 70
405 135
840 874
840 987
157 718
483 607
483 316
30 868
662 193
662 443
662 40
189 772
189 410
401 454
401 165
401 415
401 429
867 385
32 791
883 246
883 718
883 724
305 425
605 862
605 470
605 700
605 710
605 293
605 228
605 0
605 1001
605 314
605 693
605 685
605 569
605 178
605 333
605 249
605 502
327 381
527 422
808 29
783 654
954 469
954 167
926 748
926 715
846 67
846 280
846 561
846 288
609 193
609 633
609 890
609 854
609 151
609 90
609 454
609 592
568 947
568 379
447 984
447 294
447 74
586 868
586 383
586 126
586 782
586 743
586 332
586 267
586 984
586 356
586 334
586 416
294 817
294 313
294 416
294 74
184 246
241 469
482 56
482 987
546 595
149 246
149 866
149 716
795 424
795 469
850 383
823 772
101 246
101 866
101 423
135 628
135 105
135 851
135 443
135 530
160 772
987 245
987 789
987 809
987 872
987 641
987 338
987 849
987 873
987 432
987 764
987 480
987 540
987 311
987 361
987 95
987 68
987 698
987 531
987 231
987 56
987 955
987 925
680 284
487 139
687 607
687 232
687 472
654 738
874 245
874 873
874 231
874 764
874 540
38 474
38 939
38 61
38 309
534 139
534 334
776 278
776 334
142 978
154 139
678 696
64 139
334 2
334 214
334 772
334 75
334 231
125 139
188 469
188 614
188 629
188 362
188 772
188 978
188 530
102 139
540 630
540 56
540 697
540 338
540 955
220 383
333 862
333 470
333 6
333 710
333 409
333 228
333 743
333 78
333 0
333 767
333 693
333 569
333 312
333 249
333 538
333 502
500 193
500 542
500 332
500 814
232 607
232 949
232 472
232 425
232 517
232 168
293 862
293 246
421 424
421 469
685 1001
788 939
67 207
67 165
67 561
67 963
67 344
67 391
48 319
602 443
602 743
165 316
165 344
165 31
288 773
288 629
288 493
288 391
288 630
288 561
946 425
946 918
946 633
40 712
40 214
607 712
607 472
607 724
607 517
607 61
41 565
41 73
236 537
236 532
236 90
950 832
381 192
381 532
558 319
166 112
166 516
166 743
166 759
166 383
676 139
53 193
53 813
955 925
939 474
939 139
223 103
335 700
335 5
752 191
715 171
912 907
912 214
912 77
912 472
912 868
912 168
912 356
912 730
716 246
716 866
104 126
104 425
197 90
832 514
832 103
935 668
935 746
935 200
935 971
952 267
952 971
952 362
323 139
429 415
541 951
168 949
168 868
168 790
168 472
168 425
168 362
316 890
316 629
316 838
316 857
517 472
517 61
103 943
103 310
282 509
684 458
784 306
190 772
190 920
190 978
190 656
190 90
187 695
940 214
127 772
833 415
817 469
332 61
718 246
718 61
718 866
718 724
231 830
231 2
909 862
909 863
319 216
319 458
319 956
711 246
362 383
743 443
743 516
866 246
866 90
866 423
656 630
730 868
58 692
178 502
851 443
851 920
851 978
851 530
444 535
629 239
629 614
629 772
629 280
629 530
90 193
90 425
90 472
90 742
2 700
2 322
601 139
175 246
175 423
175 849
35 469
170 855
510 139
206 139
537 208
618 216
1004 764
477 139
854 763
120 772
120 660
535 472
957 469
491 5
849 246
849 423
74 674
74 112
943 310
356 868
167 469
167 988
1001 924
46 310
268 633
868 765
868 416
14 924
322 879
239 528
239 951
239 742
239 857
239 502
516 804
516 881
353 891
469 614
469 424
469 547
469 530
469 207
614 772
772 280
772 530
772 742
772 978
772 502
280 547
947 774
443 920
443 379
443 530
56 951
697 925
423 246
502 61
502 118
740 879
724 978
424 207
472 425
472 416
458 844
458 214
763 461
383 112
383 138
530 920
890 742
696 61
200 136
126 790
479 61
45 227
272 193
246 16
246 779
246 225
595 193
595 790
595 404
416 214
416 782
891 24
900 742
830 245
879 343
425 721
633 193
742 61
66 227
216 321
139 622
75 193
