599 878
599 178
599 693
344 67
344 915
285 147
248 740
248 670
248 891
248 157
92 838
92 990
92 915
720 746
720 527
720 855
720 383
720 833
720 935
720 367
780 603
347 147
347 472
923 270
923 334
229 692
229 334
895 551
895 799
895 518
895 163
373 391
251 987
169 372
169 595
424 978
424 990
424 421
424 795
68 987
948 416
948 586
948 425
948 648
948 90
948 765
948 542
948 356
948 435
948 120
948 912
948 168
624 239
122 693
977 969
304 4
994 987
450 586
450 915
450 187
450 306
450 40
450 157
450 356
450 530
450 718
450 334
450 742
450 684
450 912
587 807
113 646
28 987
89 127
107 98
107 367
573 126
573 586
573 332
15 943
15 731
106 638
511 231
377 866
377 685
353 181
353 391
98 117
98 454
98 707
98 278
98 401
98 134
98 429
98 268
98 713
433 987
433 120
466 947
751 674
921 1001
921 724
371 4
371 367
497 189
290 278
290 214
915 316
915 136
915 833
915 428
915 224
915 530
915 142
915 356
915 990
915 349
915 334
915 157
915 684
915 912
915 31
915 953
915 971
915 586
915 200
915 306
915 165
915 647
915 302
915 952
915 857
915 718
915 543
915 17
915 351
915 61
427 540
427 955
796 987
332 500
332 586
332 362
332 674
332 435
582 987
273 951
723 565
723 503
723 499
134 90
740 638
740 879
266 949
266 260
78 178
78 929
78 832
819 540
908 30
141 469
141 630
485 646
136 165
731 584
731 284
731 367
731 422
428 207
428 316
428 838
428 31
428 953
65 687
65 435
65 752
65 147
65 997
65 963
65 220
324 337
324 367
559 50
840 987
157 147
157 334
843 907
843 779
30 104
30 765
30 362
662 443
662 900
878 929
189 249
189 883
189 724
603 735
603 378
603 514
603 505
603 509
603 822
603 337
414 327
414 995
414 891
401 454
401 429
401 165
401 415
526 530
526 360
605 178
99 178
99 207
99 502
783 506
783 14
783 650
783 881
783 654
926 577
926 147
846 67
846 280
846 288
609 772
609 633
609 454
609 546
609 951
294 586
184 1004
339 178
540 245
540 987
540 581
540 338
540 231
540 697
540 955
149 372
795 207
795 421
372 716
372 404
372 951
101 246
101 90
135 942
160 629
160 530
987 245
987 789
987 809
987 872
987 641
987 338
987 849
987 873
987 432
987 764
987 480
987 482
987 367
987 311
987 361
987 95
987 698
987 531
987 231
987 56
987 955
499 321
499 91
499 1000
499 833
499 558
499 318
687 334
654 738
654 650
939 509
38 638
391 484
391 610
391 288
391 750
391 67
133 602
142 351
337 132
337 919
334 696
334 223
334 772
334 278
334 718
334 684
334 367
334 692
125 676
253 151
630 469
630 207
630 790
630 484
630 24
220 367
333 178
333 767
333 538
500 790
500 814
500 77
232 425
232 912
232 946
232 168
118 732
810 383
650 738
650 682
421 978
972 147
67 207
67 165
67 963
48 1000
947 231
351 200
351 316
351 857
566 713
165 207
165 990
165 316
165 31
670 553
946 313
946 472
835 367
835 692
40 53
744 472
934 195
950 663
950 343
260 790
381 506
558 216
173 506
166 53
676 622
53 443
53 518
53 850
53 866
53 316
955 311
812 700
812 586
812 790
812 367
188 851
752 178
752 471
752 120
338 231
224 349
0 178
295 178
976 178
976 502
913 109
912 52
912 472
912 765
912 984
912 425
912 356
912 214
912 168
716 127
104 648
906 638
197 32
887 383
887 214
832 474
832 90
565 704
935 746
935 668
935 233
935 813
935 77
323 139
323 706
323 399
323 951
850 541
850 90
2 790
2 692
502 693
502 710
502 178
502 61
168 425
168 356
168 765
454 120
293 862
293 697
293 568
316 214
316 200
316 367
316 990
517 356
517 765
418 996
738 367
738 541
425 356
425 472
425 721
425 765
684 1000
684 318
684 367
990 957
990 178
990 482
990 31
990 207
940 367
833 415
531 482
668 746
951 707
951 649
951 274
951 474
951 239
951 225
951 214
951 367
569 178
791 90
256 356
256 313
256 416
362 383
743 367
314 178
314 929
105 90
710 178
813 746
544 8
544 143
544 367
544 669
6 178
586 700
586 126
586 782
586 267
586 435
586 984
586 542
586 356
586 648
586 790
249 178
267 984
267 52
267 700
267 790
267 435
243 367
164 943
164 879
164 343
274 920
274 978
274 167
274 181
178 470
178 991
178 90
178 61
178 367
178 767
178 862
178 669
178 409
178 228
178 929
178 693
178 538
963 367
534 862
534 388
534 510
851 280
776 367
629 367
90 541
90 669
90 143
90 765
90 356
90 671
90 742
429 415
784 697
749 692
35 978
510 622
318 472
196 120
1004 724
811 415
890 214
86 443
42 638
541 506
120 191
120 742
120 772
120 198
841 214
715 147
518 799
518 542
399 343
356 52
356 313
356 765
356 542
356 472
356 721
356 250
167 978
809 367
980 114
980 479
700 862
700 692
14 924
14 506
638 862
638 790
638 88
638 788
924 506
322 879
367 530
367 852
367 214
367 844
367 920
367 865
367 435
367 692
484 288
469 207
772 528
772 75
953 207
953 957
697 925
697 855
602 765
388 742
724 29
250 62
277 147
988 207
472 765
458 956
458 216
692 233
692 775
52 721
52 126
52 765
931 147
530 891
984 435
542 765
62 513
62 799
435 782
995 891
200 971
126 721
126 790
181 656
181 920
551 799
355 147
686 147
748 147
595 404
595 214
648 721
648 313
862 547
310 524
577 147
590 147
171 147
782 790
313 765
933 147
742 61
742 765
868 765
721 765
