437 506
599 99
599 693
599 951
344 67
580 669
275 849
275 175
703 581
644 506
644 14
248 367
535 722
535 854
535 444
535 369
535 913
535 250
720 813
720 367
720 935
720 527
720 90
780 514
923 290
923 151
229 189
229 428
229 388
229 356
895 518
895 551
736 540
251 987
251 410
169 595
169 372
605 333
605 178
605 1001
329 311
329 624
329 692
329 343
948 52
948 500
948 868
948 586
948 91
948 90
948 267
948 765
948 356
948 435
948 912
948 517
948 416
977 491
977 969
977 184
977 410
977 1004
977 790
977 114
977 407
977 153
506 783
506 719
506 996
506 29
506 199
506 738
506 650
506 5
506 13
506 921
506 761
506 6
506 14
506 881
506 173
506 837
506 1001
506 516
506 702
506 657
506 924
506 745
506 828
506 532
506 945
506 270
506 541
506 576
708 718
994 433
994 987
994 410
450 947
450 695
450 187
450 712
416 868
442 0
658 143
658 160
658 629
28 540
28 987
657 837
107 98
107 320
107 5
573 435
301 469
301 207
301 188
15 731
106 740
377 718
377 716
377 422
808 29
98 117
98 278
98 707
98 401
98 454
98 134
98 429
98 268
98 713
433 789
433 987
433 410
433 90
466 662
153 411
153 418
153 996
153 410
25 684
290 589
290 151
118 335
118 0
118 365
915 200
915 316
915 136
915 428
915 367
915 857
796 987
332 443
332 356
332 256
332 318
332 435
332 168
582 987
273 951
445 274
543 316
853 164
388 324
388 832
388 509
388 38
388 634
388 299
250 356
659 742
617 320
141 90
141 383
141 241
485 513
485 62
136 165
136 316
136 90
136 142
136 857
731 680
428 142
428 316
428 302
428 857
885 586
885 648
885 74
65 415
65 220
324 337
324 154
324 96
324 164
324 206
614 469
614 978
614 207
76 410
840 245
840 764
840 540
840 987
840 231
157 277
157 61
843 718
843 184
30 912
30 946
30 545
662 72
662 379
189 749
189 718
414 891
401 429
401 165
526 902
526 629
837 410
392 166
392 112
32 791
32 90
883 754
883 718
883 866
883 724
424 469
424 207
424 990
830 540
527 710
540 231
540 925
540 641
540 987
540 311
540 955
393 522
783 13
954 469
954 978
954 817
954 207
926 715
926 951
926 336
846 67
846 629
846 288
609 53
439 949
439 912
439 168
568 379
568 293
447 74
586 500
586 126
586 782
586 166
586 267
586 435
586 74
586 356
586 294
586 334
586 974
586 762
294 500
294 762
294 111
294 74
184 754
184 732
184 410
184 1004
241 469
241 207
241 512
522 718
522 61
482 987
482 410
953 316
149 372
149 293
795 469
795 207
372 934
372 404
372 114
647 316
101 16
880 435
135 528
160 24
160 629
987 245
987 789
987 809
987 872
987 641
987 338
987 849
987 873
987 764
987 480
987 311
987 361
987 95
987 68
987 90
987 367
987 698
987 531
987 231
987 56
987 692
987 955
499 684
70 415
70 752
680 707
687 500
687 397
687 75
654 991
754 718
754 595
874 925
38 832
391 67
391 288
133 313
142 316
142 857
337 904
337 591
337 919
589 909
334 423
334 75
611 14
367 190
367 920
367 316
367 946
367 692
367 53
367 530
367 220
367 435
367 742
367 978
367 850
367 851
220 91
220 75
638 460
638 832
232 946
293 246
293 718
293 866
293 697
293 724
810 881
421 469
421 207
685 629
685 1001
685 643
435 356
67 207
67 165
67 963
72 443
48 458
48 684
369 913
351 316
165 207
165 316
165 31
165 857
870 951
946 607
946 425
946 231
946 545
946 313
946 415
732 407
40 712
610 288
607 191
650 410
873 925
777 410
302 316
705 0
371 909
166 112
166 674
166 912
166 74
53 193
53 311
53 90
300 784
812 790
789 470
188 469
188 978
188 547
188 207
338 193
759 984
759 74
0 470
422 143
113 62
113 854
113 646
976 178
976 832
976 502
752 322
752 83
335 951
335 464
311 925
912 356
912 949
912 472
912 868
912 168
13 516
13 951
716 718
716 866
716 114
719 410
104 356
104 74
832 96
565 684
935 909
935 746
952 200
952 316
952 857
704 458
704 743
323 42
2 700
2 790
2 891
541 410
168 984
168 868
168 949
168 356
454 429
316 90
316 990
316 200
316 971
316 857
316 17
316 31
517 356
517 61
517 112
418 996
542 62
542 444
542 722
542 823
684 318
784 390
784 83
784 742
990 207
990 31
415 718
415 429
561 629
407 1004
817 469
817 207
718 16
718 711
718 122
718 866
718 114
718 595
718 904
718 61
718 724
718 91
718 193
718 479
718 692
718 120
951 274
909 585
256 356
122 410
122 857
779 61
314 228
314 929
105 374
737 849
737 175
813 746
813 277
790 868
790 516
790 595
790 425
790 782
790 306
790 700
933 577
78 239
243 61
274 920
1000 112
178 862
178 99
178 228
178 502
591 322
591 692
851 978
851 167
851 383
547 469
547 978
547 207
629 750
629 891
629 280
629 288
629 530
629 24
629 493
629 360
629 484
629 631
629 630
90 356
601 534
601 510
175 849
175 410
749 671
746 692
374 306
35 469
35 978
35 207
1004 595
1004 724
730 356
109 356
120 772
957 469
957 207
518 62
518 383
518 646
518 551
143 669
849 710
849 423
74 984
74 648
74 313
356 52
356 782
356 313
356 425
356 111
356 765
356 648
356 602
356 500
356 868
356 112
356 126
356 472
167 469
167 978
167 207
167 630
1001 410
534 322
671 692
700 516
138 383
138 528
306 660
924 14
924 410
929 410
767 410
484 288
451 469
451 207
469 207
469 978
800 62
772 193
772 16
772 75
838 806
443 152
56 410
697 925
697 855
502 99
502 228
387 207
724 246
988 978
988 207
693 862
458 216
692 191
692 233
692 581
692 775
52 868
207 99
710 99
971 200
530 24
530 891
984 868
656 181
62 646
62 513
855 581
71 595
857 17
181 920
905 281
129 577
660 193
267 891
862 99
891 24
577 171
192 29
16 410
29 899
743 868
410 14
633 193
868 765
