599 178
599 710
599 314
344 67
344 316
580 669
275 849
278 454
278 776
278 151
535 113
535 369
535 518
720 935
720 159
780 514
780 977
347 933
347 332
229 443
895 485
895 799
895 551
373 190
736 231
840 245
840 61
840 874
840 56
840 338
840 32
840 318
840 987
840 925
840 764
840 170
840 540
840 311
840 955
251 987
439 521
439 260
439 912
439 266
439 77
439 168
997 159
997 90
948 112
948 946
948 90
948 517
948 250
948 803
624 245
624 329
624 231
624 692
699 521
699 77
699 168
977 514
977 718
977 996
977 950
977 1004
977 423
977 153
977 403
516 532
304 317
802 40
994 245
994 531
994 987
994 764
994 56
994 540
994 433
450 915
450 415
450 136
450 595
450 947
450 220
450 187
828 650
507 782
507 630
507 530
658 280
28 987
657 90
107 320
107 670
107 393
107 90
107 208
107 201
107 29
107 65
107 5
107 464
107 335
107 985
107 980
107 236
107 159
107 537
107 381
107 118
107 664
107 1004
107 898
107 643
107 652
107 468
107 553
107 808
107 810
69 879
573 435
301 978
301 630
15 680
106 950
106 634
106 919
106 88
106 402
106 154
106 601
106 788
484 280
484 846
484 630
484 288
98 713
433 987
153 245
153 329
153 996
153 581
153 588
153 135
153 746
153 995
153 855
153 764
153 540
153 482
153 692
921 32
921 506
25 684
290 540
290 566
290 53
915 920
915 200
915 528
915 136
915 428
915 857
915 952
915 142
915 746
915 530
915 185
915 502
915 953
915 316
122 718
796 987
332 126
332 782
332 586
332 435
582 764
582 890
582 987
273 951
445 280
550 546
550 160
543 316
853 343
557 159
388 90
266 949
266 790
266 260
266 521
266 177
266 912
266 77
266 168
166 500
166 109
166 112
336 577
336 926
819 749
819 955
52 232
52 868
52 586
141 978
150 833
731 680
428 990
428 316
428 952
428 173
428 200
428 31
428 349
428 857
885 20
954 207
954 978
159 629
159 946
159 768
159 40
159 978
159 65
159 324
159 927
159 70
159 147
159 499
159 220
159 544
159 190
159 865
159 316
159 940
159 850
159 127
159 435
159 987
159 569
159 178
159 963
65 435
65 220
65 983
65 280
65 851
324 38
324 509
614 190
614 978
281 718
157 586
157 415
177 912
843 718
30 790
30 648
30 765
662 443
662 40
662 187
878 99
189 718
189 528
189 410
189 120
414 891
401 454
401 165
526 280
392 112
392 267
663 22
883 718
883 724
305 946
605 178
527 870
527 951
808 899
808 29
88 906
92 316
926 715
926 577
846 67
846 280
846 288
609 772
17 316
17 857
441 317
949 912
949 260
949 77
949 168
294 586
294 435
339 178
522 546
540 874
540 873
540 987
540 641
58 909
82 870
82 784
521 912
521 472
521 168
372 934
823 518
101 246
101 423
104 425
160 528
160 891
160 280
160 367
160 24
987 245
987 789
987 809
987 872
987 641
987 338
987 849
987 873
987 764
987 480
987 482
987 311
987 361
987 415
987 95
987 68
987 698
987 531
987 231
987 56
987 955
70 638
403 114
680 284
680 584
687 280
687 120
346 634
874 245
874 873
874 231
874 764
38 474
38 939
38 309
534 139
534 870
534 649
776 214
142 280
142 316
142 952
142 136
678 696
532 192
532 381
334 772
334 415
334 231
334 995
334 75
646 513
646 369
646 890
646 90
630 851
630 200
630 629
630 782
630 280
630 530
220 90
220 364
220 692
378 514
333 178
333 767
638 164
232 425
232 472
232 946
293 718
293 697
293 568
421 424
421 978
421 795
685 280
685 629
685 643
435 500
435 586
155 784
67 207
67 165
67 963
67 391
72 528
369 407
369 913
602 133
351 316
991 178
165 990
165 31
165 316
946 425
946 313
946 318
704 743
40 712
40 187
40 272
40 572
610 288
817 978
873 697
873 692
934 595
302 316
944 90
364 764
950 514
260 912
260 77
260 168
381 90
381 192
558 207
173 924
173 506
795 424
795 207
795 978
53 443
53 178
552 978
850 738
850 90
267 112
267 214
939 951
789 470
188 978
188 280
188 851
752 55
752 178
752 120
224 806
224 316
0 178
295 178
113 518
976 178
976 78
913 518
912 425
912 214
912 744
912 77
912 168
13 951
716 718
735 879
832 423
565 956
935 746
935 813
952 200
952 316
952 136
952 838
952 857
393 1004
2 700
2 790
2 231
2 891
541 576
120 772
120 198
454 629
454 772
454 429
454 1003
316 971
316 888
316 349
316 200
316 31
316 953
316 990
316 647
316 136
316 857
517 112
517 546
517 459
517 415
418 538
418 996
542 415
684 318
784 300
784 374
784 306
784 390
512 978
190 181
190 656
190 214
190 274
190 353
190 486
329 245
329 264
990 31
187 696
187 568
561 750
561 629
561 280
24 629
24 891
24 782
24 280
24 31
24 530
763 90
718 866
718 16
718 61
718 724
718 732
718 114
718 595
718 502
531 214
231 245
231 75
951 42
951 509
951 178
569 178
791 32
644 924
996 410
362 383
314 929
314 178
105 91
813 746
813 214
899 5
6 178
6 506
586 984
586 530
586 126
586 782
586 974
130 78
78 178
751 112
1000 112
178 470
178 710
178 772
178 249
178 502
178 862
178 409
178 228
178 929
178 767
178 693
178 99
178 538
963 696
706 509
391 280
391 288
851 469
851 920
851 978
851 280
547 978
629 891
629 288
629 782
629 280
629 530
629 214
90 245
90 868
90 518
90 890
90 32
175 849
175 423
749 995
749 692
749 502
746 214
746 692
374 317
35 207
35 978
170 855
249 502
618 216
1004 320
1004 724
86 443
42 383
767 99
902 280
168 790
168 472
168 648
168 77
957 978
518 383
518 799
399 343
855 697
849 423
83 697
356 472
167 978
671 696
868 239
868 790
136 200
136 857
924 199
674 112
803 112
506 29
506 5
367 214
469 207
469 978
872 686
772 75
806 782
280 750
280 530
280 631
280 891
280 288
280 493
280 360
280 978
423 246
502 61
502 214
502 464
502 890
250 886
250 995
424 207
424 978
585 568
988 978
458 216
458 321
692 775
207 978
971 200
715 577
530 891
530 214
5 29
71 595
814 500
995 891
995 397
844 918
126 782
126 648
754 16
551 799
45 782
764 245
272 900
595 306
595 568
648 765
32 528
32 214
862 99
891 75
750 75
879 420
782 66
500 425
245 528
528 765
