599 605
599 99
599 710
344 67
344 200
344 316
344 952
275 369
275 175
703 581
278 135
278 500
278 629
278 923
278 850
278 220
248 550
92 915
92 316
720 833
720 746
720 383
780 950
780 514
347 171
347 933
347 590
347 966
923 617
923 214
923 151
923 90
923 772
923 776
923 707
923 235
923 738
923 890
923 586
923 159
923 39
923 367
923 500
923 875
923 609
923 239
923 332
923 880
923 193
923 633
923 53
923 951
923 476
923 120
229 421
895 799
895 551
895 823
373 207
251 95
169 114
169 595
605 862
605 470
605 6
605 710
605 409
605 228
605 78
605 685
605 1001
605 333
605 569
605 767
605 693
605 976
605 840
605 0
605 178
605 249
605 538
605 502
329 245
329 624
329 540
948 52
948 609
948 58
948 260
948 160
948 90
948 161
948 837
948 165
948 332
948 586
948 940
948 425
948 890
948 479
948 168
948 310
948 947
948 257
948 912
948 416
624 338
977 514
977 423
506 783
506 644
506 14
506 381
506 996
506 90
506 1004
506 201
506 1001
506 199
506 173
506 702
506 249
506 921
506 576
994 338
450 712
450 965
450 214
450 316
450 40
450 662
587 833
658 846
658 629
107 464
107 289
107 118
107 664
107 335
107 90
69 343
235 890
377 249
377 951
98 429
98 454
98 401
433 789
433 987
433 531
25 558
290 589
290 214
858 991
915 920
915 200
915 316
915 782
915 428
915 280
915 530
915 857
915 838
915 351
915 851
427 955
535 854
535 444
535 722
535 369
535 518
535 124
535 833
1001 514
1001 644
1001 685
273 951
723 565
550 546
543 200
543 316
543 952
134 850
134 257
388 70
78 767
78 951
702 644
702 14
702 381
52 868
52 790
52 472
52 126
52 648
52 356
52 765
52 416
485 62
485 646
731 316
731 15
731 284
731 680
731 422
428 200
428 990
428 316
428 888
885 294
65 147
65 316
324 586
405 135
840 61
840 874
840 338
840 32
840 318
840 849
840 56
840 925
840 231
840 764
840 170
840 540
840 311
840 955
157 277
157 686
157 90
843 718
662 900
662 379
662 40
662 813
878 929
414 8
414 891
800 62
401 454
401 429
401 165
401 415
526 629
837 924
837 654
392 112
392 74
359 178
424 990
424 167
424 795
783 738
783 682
783 881
378 514
954 207
954 167
926 577
926 147
926 686
926 90
846 67
846 629
846 288
609 239
609 53
609 951
609 633
609 772
609 90
609 890
439 168
294 74
184 127
184 832
133 984
540 633
540 987
540 855
540 874
540 873
540 697
540 338
540 955
546 833
546 61
82 135
149 716
149 293
850 650
850 91
647 316
101 423
880 120
104 721
104 425
104 472
160 629
987 531
987 833
987 955
70 264
680 707
680 284
680 422
687 607
687 718
687 586
687 530
687 334
654 991
654 682
654 719
874 245
874 873
874 231
874 764
391 67
391 288
776 214
776 692
776 334
142 316
337 479
334 890
334 435
334 700
334 772
334 2
334 75
334 692
292 135
499 890
499 321
499 48
499 558
499 91
499 318
638 879
232 425
232 356
232 472
232 168
118 732
118 365
118 5
810 335
685 629
435 332
423 246
67 207
67 165
67 963
48 956
947 774
284 422
351 782
351 200
351 316
351 952
991 178
165 207
165 990
165 316
165 586
165 31
870 135
288 773
288 629
288 484
288 610
288 530
40 900
40 712
40 415
40 214
40 572
40 379
817 988
415 429
415 454
415 91
607 591
650 682
873 95
302 316
236 532
950 514
950 832
371 135
381 532
381 29
558 207
558 956
166 586
166 90
795 167
402 943
503 704
812 2
812 790
812 465
812 119
812 700
223 718
338 61
224 316
759 77
634 788
752 120
912 356
912 790
912 472
912 383
912 77
912 168
13 443
135 628
135 4
135 316
135 581
832 514
565 943
565 216
565 321
935 813
935 692
935 233
137 581
704 956
323 42
185 91
429 454
120 707
120 196
120 772
120 198
120 191
454 772
454 1003
454 147
712 214
316 971
316 888
316 349
316 530
316 742
316 193
316 200
316 31
316 953
316 920
316 806
316 990
316 136
316 952
316 857
316 962
316 17
316 978
316 851
517 674
517 112
418 996
349 31
966 575
966 168
738 682
425 868
425 472
425 332
425 416
867 782
684 216
684 321
684 618
512 630
990 207
990 178
990 31
663 591
663 343
561 629
940 214
127 916
318 400
318 216
24 629
24 891
24 782
24 143
24 280
24 530
332 617
332 500
332 586
332 472
332 974
718 904
718 61
718 724
718 980
718 522
668 746
231 170
951 707
951 866
951 706
644 491
256 356
122 980
122 90
522 61
952 971
952 200
952 136
956 758
956 458
956 319
956 216
813 746
761 396
899 29
6 409
586 214
586 974
586 782
586 74
267 112
369 646
178 862
851 920
851 978
851 280
851 530
851 502
629 750
629 891
629 280
629 383
629 530
629 902
629 493
629 360
629 484
629 631
629 630
90 147
90 980
90 114
90 168
175 5
784 390
749 692
749 502
746 696
746 233
746 692
374 306
35 207
35 902
170 61
618 321
86 443
1004 724
902 280
168 472
957 167
975 397
518 799
855 697
74 112
74 214
356 472
356 721
356 743
356 602
356 416
167 387
167 469
167 978
167 207
534 139
980 464
671 397
700 790
148 486
924 516
924 881
674 112
630 484
630 530
516 764
553 688
484 782
484 493
833 214
833 91
469 207
500 214
772 75
280 530
443 152
56 214
697 293
502 995
293 32
881 790
77 472
988 782
472 744
472 721
472 648
692 233
692 581
971 200
530 920
890 1003
62 646
62 214
5 464
71 595
696 900
844 918
200 136
200 857
513 646
857 17
581 742
181 920
551 799
551 646
707 633
595 790
32 61
416 790
416 147
310 343
577 147
900 742
590 171
602 721
782 656
486 920
486 656
743 721
868 790
216 321
