599 178
929 178
275 952
275 175
688 335
285 336
248 90
535 518
535 913
535 157
720 617
720 746
720 833
720 935
720 527
780 514
780 832
819 890
819 329
923 738
923 687
923 890
923 671
923 742
923 983
923 450
923 707
923 541
229 731
229 232
229 301
229 293
895 799
895 518
373 207
373 391
251 482
251 987
169 595
439 948
439 77
439 946
439 168
948 425
948 90
948 120
948 77
948 168
624 540
38 528
38 832
506 783
506 644
506 1001
506 199
304 4
802 40
994 540
994 987
450 900
450 965
450 272
450 662
587 540
587 891
658 143
658 160
28 987
197 32
107 810
107 98
107 381
573 126
573 546
573 435
573 120
15 731
15 680
106 906
876 866
876 293
377 883
377 718
377 566
377 630
377 422
484 750
484 630
484 288
98 117
98 454
98 401
98 429
98 707
98 268
433 987
433 872
751 267
921 611
260 425
260 266
260 790
260 77
260 168
25 684
25 48
915 917
915 806
915 530
915 200
915 316
915 952
915 920
915 428
915 280
915 92
915 851
796 987
332 782
332 586
332 318
582 987
445 750
445 846
550 546
550 75
543 344
543 971
543 952
853 90
400 306
226 90
250 782
78 178
336 700
336 147
347 933
347 355
617 415
141 188
136 952
731 680
731 870
731 584
731 284
731 367
428 207
428 316
428 90
428 200
428 952
428 857
885 586
885 294
885 974
65 851
65 752
559 164
76 609
840 361
840 987
483 995
30 765
662 443
662 40
662 90
144 739
189 595
189 718
189 410
189 724
414 891
401 429
401 165
401 454
507 160
392 674
663 22
883 718
605 178
605 228
99 862
99 178
99 314
99 693
99 502
327 381
527 680
540 987
540 231
540 692
540 955
808 899
818 438
818 478
818 997
818 153
818 807
954 207
846 990
846 188
846 526
846 795
846 421
846 288
846 424
846 67
846 92
846 547
846 360
846 656
846 31
609 239
609 951
609 633
863 161
153 977
153 418
153 996
441 371
111 935
294 586
180 958
184 718
184 423
339 178
522 61
482 987
199 996
155 784
521 168
149 716
823 120
101 718
101 423
148 486
104 721
160 24
987 245
987 789
987 809
987 872
987 641
987 338
987 849
987 873
987 764
987 480
987 311
987 361
987 95
987 68
987 698
987 531
987 231
987 56
987 955
499 684
499 558
70 334
70 120
680 707
680 422
687 586
687 746
687 776
654 991
754 718
874 925
977 790
977 418
534 939
534 334
510 832
154 832
334 220
253 454
611 14
367 718
367 544
367 214
367 629
220 75
220 90
333 178
638 706
232 912
232 742
232 472
232 168
669 32
810 381
421 424
685 643
435 984
435 782
435 120
435 416
788 906
67 963
67 165
67 391
67 207
48 41
48 558
48 956
48 1000
48 723
48 684
48 319
48 216
48 458
132 46
369 913
391 750
391 353
391 288
947 40
538 178
566 772
566 151
165 207
165 990
165 316
165 31
165 952
946 425
946 684
946 318
946 472
40 695
40 187
40 90
40 772
40 272
40 488
40 198
40 900
40 712
40 254
40 60
40 568
40 572
610 288
607 75
744 472
744 168
934 404
302 952
236 537
950 832
371 4
381 192
381 29
558 207
558 321
558 546
558 299
723 41
918 844
166 74
724 246
724 718
724 1004
53 633
277 147
955 925
300 784
939 474
752 718
151 454
224 952
0 178
422 90
295 178
634 832
113 62
113 854
113 163
976 178
976 502
613 90
335 899
311 697
311 925
912 772
912 472
912 214
912 168
675 191
716 890
716 866
716 718
719 410
832 42
832 649
832 509
832 299
832 514
935 746
935 749
935 739
935 692
952 971
952 349
952 142
952 92
952 344
952 31
952 953
952 806
952 990
952 200
952 647
952 857
952 17
952 316
704 684
185 833
2 782
2 700
2 231
2 953
120 707
454 429
454 196
316 90
316 200
316 857
316 953
517 267
418 105
418 996
349 207
425 772
425 416
684 458
684 318
190 772
990 207
187 214
127 866
24 530
593 718
718 16
718 61
718 779
718 423
718 866
718 991
718 246
718 90
718 365
718 595
668 746
951 707
951 866
951 925
951 214
569 470
569 415
569 749
569 178
13 700
193 633
193 707
122 980
314 178
314 693
722 518
956 458
813 746
133 765
6 178
586 500
586 126
586 782
586 383
586 984
586 214
586 974
586 168
249 178
249 32
267 478
267 648
267 891
532 516
730 313
1000 919
178 470
178 991
178 710
178 502
178 862
178 415
178 409
178 228
178 767
178 693
851 920
851 280
851 530
161 900
161 388
161 306
161 659
161 784
629 750
629 891
629 214
629 288
629 280
629 630
90 61
90 200
90 765
90 749
90 721
90 692
90 5
601 919
784 390
749 692
746 356
746 214
746 542
746 665
746 692
374 306
243 995
142 857
523 306
618 216
811 833
86 443
42 139
854 62
902 280
168 790
168 472
168 77
41 503
41 73
518 799
518 833
518 163
581 855
966 472
356 472
546 595
546 844
700 361
700 790
700 953
14 924
924 516
630 469
630 288
833 415
469 207
772 633
772 272
772 640
772 75
838 782
280 920
280 530
280 281
697 925
697 293
697 855
423 710
502 415
388 214
293 19
542 62
472 313
692 61
908 721
530 920
530 61
530 891
984 762
995 415
995 891
181 920
471 416
798 245
707 633
806 782
809 891
764 245
595 214
682 650
891 61
891 214
891 75
351 782
900 742
750 288
782 61
991 61
765 721
743 721
500 214
742 528
