599 605
599 929
599 249
344 67
344 165
344 373
580 32
285 577
644 506
644 1001
644 996
248 550
535 518
720 746
720 383
347 577
923 500
923 334
923 586
923 151
923 214
923 90
923 450
923 168
923 356
923 948
3 782
895 551
895 518
895 163
895 823
373 207
251 987
169 688
605 693
605 228
605 178
605 249
605 685
605 502
68 987
948 425
948 168
948 472
948 90
948 674
948 517
948 267
948 332
122 185
122 61
122 718
38 343
506 289
506 14
506 951
506 996
506 173
506 199
506 541
506 576
677 782
802 450
994 764
994 987
450 572
450 695
450 187
450 947
450 712
450 965
519 249
771 697
866 423
28 987
107 810
15 731
15 680
289 810
106 402
106 634
106 906
106 88
377 101
377 685
484 838
484 288
484 630
484 493
484 629
433 987
466 782
466 2
575 949
575 168
25 458
25 48
290 53
118 178
915 586
915 851
915 530
915 857
427 955
796 987
332 500
332 586
332 782
332 539
332 803
332 425
332 854
332 294
332 472
332 759
332 844
332 250
582 987
273 951
468 196
445 24
543 428
543 302
543 316
853 343
266 77
266 168
702 14
617 811
617 151
150 147
731 422
731 680
428 316
65 135
65 865
229 777
229 421
229 415
324 951
405 782
405 2
840 874
840 764
840 987
157 277
483 58
483 775
878 929
878 78
878 502
189 376
414 891
401 429
401 415
526 629
526 530
837 738
837 541
392 316
883 754
424 207
424 990
424 795
527 870
393 236
783 738
783 654
954 207
926 171
926 129
926 715
926 748
926 147
926 336
926 577
846 629
846 288
609 362
609 90
17 857
586 500
586 61
586 687
586 126
586 782
586 166
586 383
586 435
586 984
586 294
586 334
294 759
294 256
294 74
540 245
540 873
540 231
540 855
540 874
540 987
540 338
540 697
540 955
953 316
507 782
507 658
507 629
149 718
149 423
149 716
795 207
795 421
850 924
850 682
850 14
850 996
850 90
101 246
101 423
135 4
135 292
135 870
135 415
135 581
135 942
135 692
135 371
160 838
160 629
160 530
987 245
987 789
987 872
987 641
987 338
987 849
987 873
987 809
987 764
987 480
987 482
987 311
987 361
987 95
987 698
987 531
987 231
987 56
987 955
93 192
499 683
499 321
70 415
70 334
680 422
687 500
687 696
687 151
687 724
654 738
874 245
874 873
874 231
874 764
874 849
977 423
391 288
78 249
78 502
334 607
334 500
334 692
367 940
367 713
333 767
333 249
638 649
638 832
232 356
232 472
598 313
685 530
685 629
435 782
435 53
435 267
435 500
386 319
67 963
67 656
67 165
630 629
630 288
48 41
48 558
48 956
48 1000
48 723
48 458
48 319
48 216
21 782
351 316
566 528
165 207
165 31
165 316
870 784
946 425
40 572
40 712
610 288
415 127
415 518
415 429
415 811
415 833
415 178
415 546
415 191
607 696
607 1003
607 591
607 243
309 832
744 356
873 338
777 16
302 316
364 641
950 343
381 29
381 532
558 207
558 216
558 458
558 1000
723 458
590 577
166 984
166 500
166 74
53 425
53 546
53 518
955 925
223 718
151 890
151 278
338 245
338 231
338 849
224 990
0 249
422 696
634 788
976 249
913 518
311 697
912 425
912 356
912 949
912 313
912 416
912 77
912 168
13 314
716 423
629 658
629 750
629 288
629 891
629 838
629 280
629 561
629 530
629 24
629 493
629 360
629 631
104 721
104 425
832 319
832 423
565 684
935 746
952 316
82 784
704 684
185 833
541 738
541 719
168 52
168 949
168 790
168 90
168 126
168 77
168 425
168 356
168 472
773 288
454 147
454 429
712 214
316 990
316 200
316 971
316 136
316 857
316 142
316 214
316 31
517 803
1002 319
425 633
425 356
425 120
425 472
425 416
778 881
684 844
190 656
990 31
663 343
407 843
127 178
718 904
718 724
718 980
718 591
531 482
668 746
231 245
231 749
19 16
791 32
278 233
256 721
256 74
996 199
362 383
658 530
314 929
314 249
400 813
737 440
710 249
813 746
933 577
6 178
6 249
656 181
656 274
656 920
656 353
656 838
656 486
656 782
823 518
249 470
249 991
249 862
249 409
249 228
249 929
249 767
249 693
249 178
249 99
249 538
249 502
267 891
369 423
274 469
274 181
1000 458
178 862
178 470
178 90
178 228
178 749
178 99
178 502
851 920
851 280
851 530
90 356
90 214
90 881
90 74
533 784
2 782
2 700
2 790
175 5
175 29
175 423
784 855
784 170
784 863
784 83
784 390
35 207
31 214
523 863
1004 724
854 518
902 280
109 721
120 742
715 577
715 147
715 546
41 458
975 671
518 214
518 799
518 163
899 29
399 343
849 423
83 697
74 984
74 214
356 126
356 313
356 472
356 721
356 602
167 469
534 32
534 343
717 782
14 924
288 530
924 516
929 99
239 577
469 207
800 62
838 782
280 530
443 152
443 742
697 925
697 293
697 855
423 246
293 862
724 246
250 886
277 577
77 790
336 577
472 868
458 956
458 319
458 216
692 696
52 868
52 765
207 493
956 319
530 920
530 891
984 782
984 762
62 214
71 595
857 136
696 306
551 799
129 577
686 577
686 147
355 577
748 577
416 147
416 790
310 343
577 171
577 147
900 742
602 721
782 790
313 721
743 721
500 214
214 951
214 742
216 321
61 546
