687 746
687 823
482 641
482 56
710 0
996 418
362 870
362 371
362 168
703 784
703 771
776 159
776 214
314 0
841 274
890 997
62 214
62 823
105 418
347 171
347 933
347 147
923 541
923 823
813 746
646 542
646 513
646 369
333 0
899 808
899 29
6 0
6 881
949 168
949 416
232 305
909 58
118 335
118 808
823 542
823 113
823 772
823 120
810 881
810 381
810 107
228 0
78 0
10 173
369 485
994 56
178 0
32 762
32 127
519 0
538 0
991 0
946 305
107 670
107 381
107 236
69 50
746 720
746 668
746 935
746 692
942 135
660 120
648 721
648 112
751 948
416 854
416 868
862 0
924 14
947 774
381 335
381 192
409 0
761 881
535 444
1001 14
1001 702
767 0
66 126
250 886
702 14
737 440
470 0
948 674
599 0
581 742
782 111
0 976
0 249
0 929
0 605
0 693
0 99
0 502
356 586
410 663
912 168
260 762
987 56
867 231
641 540
891 414
214 940
742 135
742 443
111 168
541 738
772 231
517 915
738 231
56 540
420 96
881 850
126 586
126 790
