599 99
599 693
599 929
599 78
275 849
285 147
278 98
248 841
248 696
248 891
54 155
54 82
720 813
720 746
780 514
780 977
347 748
347 933
347 147
347 157
923 772
923 707
923 191
923 435
923 151
229 696
229 657
895 700
895 799
373 190
373 207
373 391
251 987
169 951
892 316
329 819
948 356
948 120
239 280
122 924
38 309
516 13
516 532
304 4
802 428
994 764
994 540
994 987
450 135
450 712
828 881
771 155
771 317
771 306
771 362
28 987
527 870
527 710
107 98
107 201
107 553
107 29
107 90
69 402
69 879
573 126
301 207
301 978
15 680
15 422
377 189
377 718
377 457
377 423
377 422
353 190
98 117
98 707
98 401
98 454
98 134
98 429
98 268
98 713
433 696
433 987
433 540
153 411
153 977
153 418
153 996
921 327
25 558
290 214
290 120
858 991
915 586
915 167
915 731
915 684
915 517
915 75
915 851
915 857
796 987
332 500
1001 783
1001 514
1001 14
1001 327
1001 506
1001 532
173 657
550 746
543 891
400 83
740 343
740 879
740 788
250 356
250 886
702 327
617 191
141 978
141 421
469 424
469 978
469 207
731 563
731 739
731 284
731 680
731 422
559 420
559 622
840 245
840 873
840 540
840 987
840 764
157 933
157 577
157 926
157 590
157 355
157 277
843 718
30 126
30 790
30 648
30 765
662 379
662 362
189 181
189 724
189 718
189 120
603 735
414 327
414 530
401 454
401 429
401 165
401 415
837 745
392 674
392 112
392 316
883 951
424 954
424 614
424 188
424 795
424 989
424 421
424 957
424 167
424 547
424 552
424 35
424 207
424 978
424 851
99 929
327 644
327 650
327 381
327 745
327 897
327 849
548 879
540 245
540 987
540 697
540 955
378 514
954 978
954 207
926 147
846 67
846 288
609 707
609 120
439 232
439 168
294 126
294 782
294 974
294 74
180 990
184 595
241 207
985 335
482 987
58 909
82 870
795 207
795 421
795 978
850 924
101 127
101 423
928 881
880 680
135 628
135 61
135 870
135 371
135 581
135 942
135 855
135 75
135 830
987 245
987 789
987 809
987 872
987 641
987 338
987 849
987 873
987 432
987 764
987 480
987 311
987 361
987 95
987 68
987 582
987 698
987 531
987 231
987 56
987 955
987 925
499 607
499 321
499 558
499 185
499 91
499 833
499 75
680 707
680 584
680 284
680 422
687 500
687 746
654 682
552 978
391 484
391 288
776 316
510 622
337 505
678 316
334 696
334 223
125 622
253 120
188 978
630 484
630 685
630 891
798 214
333 178
333 767
333 75
333 502
500 814
232 425
232 700
232 790
232 472
232 912
232 168
118 502
834 696
421 207
421 978
685 605
685 528
972 147
266 168
72 316
48 1000
48 558
369 485
369 513
369 913
369 163
947 774
947 568
538 502
566 91
165 316
870 772
870 362
946 425
946 912
40 26
40 712
40 568
607 696
364 582
950 514
950 977
381 192
558 956
558 458
558 216
723 41
166 782
166 854
676 622
53 454
134 147
11 316
754 718
223 879
223 343
752 120
335 890
634 50
77 168
60 695
912 984
912 425
912 356
912 214
912 648
912 168
629 280
629 288
735 879
832 514
832 649
935 696
935 742
935 668
935 746
935 686
952 517
952 200
952 857
704 458
704 743
704 321
323 622
745 738
2 700
2 790
120 190
120 823
120 196
120 280
120 977
120 454
120 435
120 198
120 707
120 416
773 288
454 429
316 194
316 696
316 971
316 872
316 868
316 787
316 397
316 214
316 45
316 32
316 978
316 66
316 205
517 854
517 718
517 746
517 61
517 112
517 267
517 803
103 343
418 411
418 105
418 996
349 888
738 719
425 765
425 472
684 1000
225 951
512 978
190 181
190 274
190 656
514 977
990 178
990 207
663 61
817 978
718 61
668 813
668 746
231 245
918 844
909 362
644 199
362 993
362 383
362 267
658 267
314 929
737 440
710 929
813 746
813 24
931 147
761 532
586 854
586 214
962 62
267 577
532 804
164 879
1000 458
178 862
178 700
178 415
178 605
963 551
851 978
90 201
90 205
746 542
746 692
35 978
35 207
206 622
695 568
1004 977
42 649
42 310
767 929
168 356
168 472
628 581
957 207
957 978
581 855
765 356
765 868
765 721
765 416
849 423
74 782
356 602
356 868
356 854
356 790
356 126
356 782
167 978
167 207
46 622
671 696
671 995
700 790
700 126
14 924
14 506
924 506
322 879
322 343
854 61
854 743
854 416
553 29
484 288
485 62
614 978
280 530
299 509
697 925
423 246
423 977
502 61
277 147
277 546
585 547
988 978
693 228
758 956
974 984
974 126
692 233
52 126
52 790
207 547
207 978
544 75
715 147
41 73
530 891
984 214
656 920
62 214
62 542
435 126
435 648
696 775
126 790
368 343
45 66
978 547
707 193
707 633
707 214
707 951
707 416
686 147
355 147
748 147
416 147
310 343
577 171
577 147
577 73
590 147
568 379
977 410
171 147
672 844
879 420
933 147
633 193
420 96
147 75
147 546
844 546
