437 738
599 178
599 929
929 862
929 333
929 710
929 767
929 409
929 228
929 605
929 78
929 314
929 99
929 693
929 0
929 178
929 249
929 538
929 502
580 143
580 91
275 175
285 147
288 484
288 391
288 280
248 696
248 334
248 891
535 62
535 913
720 962
720 415
720 940
720 277
720 833
720 935
720 746
720 668
720 527
720 813
720 185
720 771
347 933
347 147
923 617
923 707
923 197
923 90
923 506
923 738
923 542
923 890
923 910
923 120
923 270
923 576
229 696
895 485
895 62
895 646
895 823
373 391
251 987
169 595
439 949
439 168
329 738
329 624
329 692
329 582
948 356
948 112
948 168
948 392
948 674
948 517
948 267
948 751
948 803
624 540
122 428
122 915
122 857
38 337
38 309
506 738
506 6
506 5
506 1001
506 850
506 921
506 644
506 29
994 718
994 987
828 738
528 2
528 186
771 901
771 83
771 214
771 306
771 835
771 400
771 170
771 626
771 659
771 374
28 987
527 710
107 940
107 415
768 534
768 591
573 126
301 656
301 630
15 584
15 422
876 716
377 246
377 423
484 280
484 750
484 630
419 688
656 280
656 547
921 738
290 589
915 341
915 200
915 316
915 160
915 739
915 280
915 595
915 883
915 530
915 857
796 987
332 517
332 250
582 105
582 987
445 280
543 540
543 991
543 316
543 654
400 832
861 896
388 96
388 832
250 886
250 518
250 913
250 369
250 662
270 738
702 738
617 150
669 178
669 362
485 62
485 692
428 200
428 883
840 874
840 987
157 740
662 443
800 62
401 940
401 415
526 280
837 738
837 850
883 200
883 393
883 951
883 166
883 857
305 232
605 693
605 228
605 670
605 178
605 685
605 1001
605 502
99 178
327 738
657 738
657 850
281 280
783 738
783 186
926 147
846 280
609 940
609 707
609 415
949 416
949 232
949 575
949 260
949 472
949 912
949 266
949 77
949 168
294 782
294 166
294 133
294 790
294 74
184 832
522 746
540 987
540 874
540 630
540 955
58 909
58 338
850 14
850 654
850 881
850 90
850 173
850 996
850 415
850 199
850 738
850 516
850 650
850 940
850 13
850 719
101 246
880 707
135 581
135 292
135 692
160 280
987 245
987 789
987 809
987 872
987 641
987 338
987 849
987 873
987 432
987 764
987 480
987 482
987 433
987 311
987 361
987 95
987 68
987 698
987 531
987 231
987 56
987 955
987 925
499 607
499 321
499 618
70 193
70 940
70 415
70 334
680 707
339 178
654 738
939 509
874 245
874 873
874 231
874 764
874 925
977 832
391 353
391 280
241 280
267 142
334 696
334 772
334 940
334 415
334 534
334 220
334 322
611 644
102 705
630 469
630 167
630 920
630 280
220 75
333 178
333 502
500 542
232 425
232 472
118 178
421 280
685 280
685 1001
972 147
369 913
602 743
538 178
538 235
538 502
165 200
165 316
946 425
40 940
40 415
607 940
607 696
607 415
650 738
777 716
302 316
236 716
705 0
260 648
260 168
381 90
173 738
173 186
173 90
166 126
53 633
53 518
812 126
812 465
812 119
188 280
752 191
0 178
422 280
634 638
976 178
912 356
912 168
13 738
716 293
716 91
716 249
629 940
629 280
629 415
832 862
832 16
832 710
832 410
832 423
832 936
979 738
935 813
935 746
935 277
935 696
952 316
745 738
185 568
682 738
541 738
168 356
168 790
168 472
168 416
454 429
316 857
316 200
316 415
316 136
316 940
316 997
316 344
316 142
316 990
316 397
316 963
517 565
103 164
418 996
738 644
738 719
738 945
738 199
738 532
738 761
738 14
738 996
738 881
738 692
738 924
738 1001
738 516
738 576
425 940
425 356
425 415
867 2
235 214
190 940
190 415
990 178
990 280
415 278
415 865
415 429
415 978
415 257
415 147
415 546
415 416
415 997
415 940
415 127
415 75
415 178
415 963
561 280
940 278
940 429
940 147
940 546
940 257
940 127
940 75
940 178
940 978
940 416
997 120
24 838
24 280
565 147
718 61
718 591
718 851
668 277
668 813
951 707
569 178
644 199
362 383
658 280
314 178
105 482
137 936
98 707
98 1003
710 178
813 746
813 277
931 147
933 147
933 590
6 178
962 601
893 120
647 280
130 502
78 178
730 356
178 470
178 767
178 249
178 502
178 862
178 724
178 409
178 228
178 693
178 32
591 534
851 978
851 280
2 700
2 790
746 277
35 280
170 936
142 280
537 440
460 638
618 321
767 55
120 707
120 865
120 772
325 186
715 147
975 186
518 854
518 163
581 855
356 868
356 472
356 416
356 77
590 147
1001 14
404 595
534 322
671 186
700 790
341 739
341 136
772 75
838 530
280 530
280 891
280 631
280 953
280 920
280 293
280 547
280 493
280 360
280 32
280 750
697 936
423 246
502 693
277 147
585 909
988 978
693 228
458 956
974 790
692 191
52 868
544 739
544 75
383 909
530 891
62 551
62 646
5 29
855 936
126 790
453 595
355 147
707 193
707 633
707 214
707 416
686 147
748 147
648 790
648 765
416 721
862 909
577 147
171 147
29 899
942 765
868 790
721 765
936 765
