344 428
344 165
275 849
275 175
703 771
285 277
278 923
92 428
445 280
445 288
923 193
923 687
923 915
923 120
229 607
229 307
229 790
229 241
229 742
373 190
251 482
251 928
251 410
169 595
169 372
424 469
424 207
424 421
948 356
948 854
948 112
948 120
948 392
948 674
948 416
948 267
948 803
624 692
122 738
122 837
122 410
977 153
977 418
977 410
977 423
304 441
802 187
994 540
994 582
994 410
450 40
450 595
416 586
416 946
416 633
416 782
416 885
416 447
416 984
416 425
416 294
416 472
416 147
416 912
416 168
771 863
771 870
771 83
771 306
769 863
769 742
442 189
113 250
89 61
107 810
107 381
69 879
626 863
301 469
15 738
15 837
15 422
289 899
484 280
484 288
98 401
656 190
656 920
656 280
153 410
575 782
575 912
290 253
290 589
290 214
290 159
915 61
915 200
915 428
915 883
915 349
915 857
915 718
915 160
915 530
915 178
915 142
915 31
915 502
647 428
291 401
332 542
332 500
332 435
332 782
1001 685
1001 410
433 410
720 383
720 935
550 920
543 428
543 951
543 142
134 844
388 638
388 96
388 951
388 832
250 485
250 444
250 646
250 854
250 823
250 513
250 607
250 542
250 535
250 722
250 369
250 551
250 770
659 863
659 307
659 742
52 868
52 112
141 421
485 823
136 428
428 165
428 316
428 952
428 142
428 990
428 349
428 214
428 17
428 200
428 302
428 857
428 31
428 953
428 971
885 104
885 74
885 294
872 686
462 517
324 586
76 410
281 280
157 586
157 517
157 854
843 718
843 883
30 868
662 193
662 443
662 900
662 40
662 272
662 267
189 783
189 862
189 440
189 670
189 381
189 772
189 201
189 517
189 690
189 718
189 506
189 5
189 410
189 595
189 68
189 364
189 502
401 454
401 165
401 415
401 429
526 280
837 738
837 916
837 479
837 790
837 698
837 410
837 641
837 114
663 951
663 343
883 718
883 724
605 862
605 718
605 61
605 693
605 178
605 685
527 422
746 135
746 687
746 223
746 233
746 935
746 692
746 591
818 478
476 120
954 469
926 748
926 577
846 280
846 288
209 356
609 772
609 120
863 83
863 307
863 993
863 742
863 306
447 586
447 74
586 762
586 383
586 240
586 310
586 565
586 782
586 166
586 517
586 743
586 765
586 74
586 542
586 356
586 854
586 326
586 674
586 602
294 126
294 984
294 313
184 127
184 410
184 832
241 469
540 955
546 595
149 372
149 716
795 469
850 924
850 702
307 835
307 901
307 306
307 83
101 423
880 707
880 120
135 692
135 742
160 280
987 582
380 440
499 607
499 91
499 321
499 48
499 558
499 565
499 684
499 844
901 742
70 310
680 422
687 776
38 832
391 288
142 316
337 534
337 505
589 528
334 190
334 607
334 61
334 692
334 214
334 772
334 534
334 75
334 322
334 502
253 566
253 151
102 16
482 531
482 56
482 410
482 809
482 641
482 606
220 90
879 740
333 178
333 767
638 700
232 313
232 472
669 544
421 469
685 280
435 782
788 740
67 190
67 963
67 165
630 280
630 629
48 684
164 310
947 774
947 568
284 422
538 502
566 120
165 316
165 31
165 857
946 425
835 742
732 5
732 118
732 0
40 187
40 572
40 198
607 61
607 724
607 782
650 410
650 473
777 410
934 372
236 537
565 517
565 854
565 558
565 723
565 844
381 192
381 178
558 684
723 73
166 854
166 126
166 782
166 517
166 759
166 74
724 718
724 978
724 921
53 193
372 404
939 474
188 469
188 614
634 322
58 909
159 920
159 316
752 595
335 664
912 868
912 949
912 126
912 782
912 74
912 425
912 356
912 472
912 730
912 168
719 738
719 410
104 765
887 383
832 710
832 423
976 178
976 349
935 692
935 742
745 738
185 684
2 700
2 790
541 410
541 199
168 949
168 790
168 362
168 126
168 782
168 966
168 74
168 425
168 356
168 472
168 266
773 288
454 772
454 429
316 629
316 214
316 838
316 857
517 112
517 718
517 765
517 542
517 356
517 854
517 61
517 674
517 602
103 423
418 996
738 916
738 698
738 641
738 114
425 949
425 765
684 844
512 979
190 181
190 274
190 353
190 75
190 120
187 60
561 280
561 288
127 246
127 718
127 415
127 423
833 415
24 280
24 267
718 61
718 19
909 862
909 362
74 984
74 214
74 112
74 782
791 32
644 924
644 199
256 356
996 199
362 528
779 423
658 280
314 929
314 710
400 742
737 710
737 175
956 679
133 602
971 200
949 472
823 542
249 693
267 112
369 535
369 112
921 1004
178 415
178 978
178 502
591 322
851 502
547 469
629 280
629 288
90 170
90 343
429 415
175 246
175 410
784 742
817 469
35 469
537 440
196 120
86 742
854 765
854 542
854 356
854 674
854 602
120 772
120 707
120 75
715 147
41 73
888 112
491 5
143 544
83 742
356 868
356 383
356 61
356 743
356 313
356 765
356 126
356 472
356 721
356 602
167 469
410 16
410 14
410 924
534 310
868 790
868 765
868 602
306 742
322 343
239 951
506 881
506 199
469 614
469 957
469 207
500 193
500 814
772 862
772 280
772 75
280 891
280 288
280 530
280 493
280 360
280 631
280 61
299 96
443 742
697 855
423 246
502 862
502 61
502 693
440 226
881 700
922 528
993 742
693 862
472 61
472 782
472 313
758 73
458 577
692 191
692 233
692 742
544 8
544 563
544 415
383 528
383 272
984 782
62 646
855 951
71 595
696 61
126 782
126 790
857 951
493 978
493 288
272 595
790 782
112 782
568 379
602 721
602 765
782 61
743 721
152 742
742 765
66 227
951 214
214 61
214 147
721 765
