599 178
599 929
599 0
599 502
929 178
929 0
929 314
275 114
275 175
285 147
248 530
248 891
248 157
38 70
92 915
92 316
92 351
720 746
720 833
720 935
720 527
780 514
347 147
923 687
923 746
923 915
923 742
923 591
923 502
229 607
229 696
229 188
229 334
373 391
373 207
736 540
736 231
169 595
169 404
605 178
605 506
605 789
605 0
329 692
948 416
948 260
948 946
948 90
948 126
948 65
948 425
948 120
948 191
948 721
948 912
948 168
624 764
624 540
624 692
977 189
977 514
977 418
977 410
506 783
506 189
506 6
506 14
506 670
506 381
506 881
506 643
506 208
506 796
506 921
506 29
506 173
506 1004
506 5
506 377
506 808
506 226
506 249
506 541
304 4
863 784
590 147
994 540
450 947
828 738
416 147
416 629
771 362
107 290
107 90
15 680
289 810
106 906
377 718
377 630
353 920
353 181
353 750
353 891
353 274
353 391
353 656
98 134
98 454
98 401
656 920
466 662
153 418
575 912
858 35
915 687
915 165
915 971
915 888
915 428
915 17
915 142
915 344
915 302
915 31
915 591
915 953
915 316
915 990
915 200
915 647
915 136
915 662
915 952
915 857
915 135
915 543
915 742
915 502
915 351
427 955
535 369
535 250
535 518
535 951
1001 514
433 738
550 920
550 546
550 743
543 316
543 351
134 850
740 157
250 782
250 886
250 415
702 924
617 135
378 337
378 514
150 415
428 17
428 857
428 316
428 351
65 415
559 420
559 634
559 622
559 50
559 299
840 245
840 764
840 540
157 530
157 891
157 362
628 870
30 790
30 765
30 120
662 272
662 443
189 249
189 749
189 114
603 832
414 687
414 746
414 891
401 454
401 429
401 165
401 415
837 738
392 630
32 862
424 207
919 337
919 832
919 1000
527 870
527 710
540 231
540 68
540 415
540 955
281 718
783 738
88 399
88 906
88 663
954 207
954 167
954 547
926 129
926 715
926 171
926 951
926 577
926 748
926 147
846 288
609 834
609 707
609 586
609 633
609 239
609 772
609 534
609 1003
609 70
439 168
17 316
17 857
949 168
294 868
294 743
294 74
184 754
184 423
184 832
339 178
501 185
499 607
499 844
499 321
499 91
499 833
499 558
499 318
546 193
546 920
546 633
795 207
372 572
372 404
372 951
101 423
880 707
135 942
135 581
135 334
987 531
987 833
987 809
70 939
70 534
70 334
680 790
487 832
487 510
687 696
687 502
654 991
939 534
939 510
552 207
534 862
534 42
534 696
534 343
133 602
510 337
510 139
510 622
510 676
510 125
337 505
334 607
334 696
334 214
334 742
334 772
611 14
630 167
630 891
333 178
333 249
333 0
638 832
904 718
232 126
293 862
293 207
293 547
293 568
685 643
435 500
435 586
435 267
435 120
788 906
48 344
48 1000
132 832
391 484
391 288
538 178
538 0
991 178
991 61
991 0
165 207
165 316
165 31
165 351
165 547
946 90
732 365
40 187
400 374
607 696
309 832
744 912
302 207
302 316
302 351
236 0
950 514
260 912
260 168
381 90
723 565
723 41
723 503
166 743
166 74
53 193
53 633
53 890
850 90
955 311
955 925
754 718
789 338
752 772
752 120
224 316
224 349
0 470
0 710
0 314
0 976
0 249
0 519
0 862
0 6
0 409
0 228
0 78
0 767
0 693
0 178
0 99
0 502
295 178
159 841
913 109
913 369
913 518
613 90
335 516
13 738
13 443
13 90
719 738
104 425
912 472
912 782
912 266
912 168
887 383
832 514
832 323
832 710
832 649
832 46
832 319
832 247
832 423
832 139
832 936
976 178
976 349
976 502
277 147
935 746
952 316
952 351
704 765
323 42
745 738
185 942
185 201
185 233
185 833
541 996
120 425
120 454
120 772
120 198
120 196
773 288
454 772
454 429
454 147
316 971
316 888
316 349
316 142
316 200
316 344
316 31
316 953
316 990
316 647
316 136
316 857
316 214
316 351
517 61
418 761
418 105
418 996
966 168
738 921
512 193
190 962
990 207
990 178
990 482
990 351
415 762
415 772
415 833
415 718
561 629
24 35
24 891
332 126
332 500
565 41
565 1000
718 696
718 61
718 595
718 365
718 502
668 746
231 170
951 239
951 715
951 772
951 706
569 178
644 14
362 383
658 315
314 178
419 404
710 178
710 502
813 746
931 147
6 178
586 126
586 782
586 595
586 383
647 351
249 178
78 178
78 502
1000 41
1000 503
1000 319
1000 216
1000 73
178 470
178 502
178 862
178 669
178 409
178 228
178 767
178 693
178 99
591 502
851 978
851 614
851 61
547 862
629 891
629 288
629 280
629 530
90 516
90 306
175 849
784 203
784 83
784 390
749 692
749 502
746 214
746 692
35 207
35 585
170 697
142 207
142 351
31 351
86 443
86 152
168 472
168 266
168 77
841 214
715 147
41 503
41 73
518 542
518 854
888 351
581 855
143 669
74 984
74 214
167 988
167 383
572 862
980 464
868 790
868 648
868 367
868 765
14 924
288 484
344 351
322 879
367 171
484 750
469 207
614 978
119 790
500 814
772 75
772 191
280 360
953 351
55 595
443 152
1002 319
423 246
423 779
502 696
502 61
502 118
502 742
502 693
388 61
266 77
585 956
988 267
693 228
758 844
692 742
692 233
692 696
971 200
971 351
383 245
383 138
383 216
383 765
530 891
62 646
62 163
972 147
71 595
390 203
696 595
200 136
200 351
200 857
126 700
126 721
857 351
355 147
272 900
272 742
686 147
748 147
595 404
648 721
862 909
351 136
577 147
568 379
602 765
171 147
879 420
319 216
779 225
933 147
633 193
742 61
245 138
