599 178
599 693
580 143
580 32
580 184
275 184
275 175
275 952
285 336
92 846
92 316
445 838
445 391
445 846
445 891
780 514
780 603
819 329
923 983
923 53
923 915
923 334
229 443
229 232
229 301
229 692
895 518
373 391
840 874
840 764
818 438
818 478
818 997
818 153
818 807
242 33
439 77
439 948
439 946
439 168
329 540
329 775
948 52
948 868
948 946
948 500
948 126
948 77
948 803
948 425
948 416
948 435
948 120
948 30
948 168
624 540
977 153
977 996
977 418
304 441
802 450
802 40
994 540
450 581
450 40
450 187
587 540
587 24
113 854
657 643
89 718
107 810
107 98
107 120
69 735
69 638
69 879
978 988
978 851
573 617
573 687
573 586
301 280
301 547
15 731
15 680
15 422
106 788
377 246
377 718
377 101
377 423
377 393
484 391
484 280
484 630
484 288
98 454
98 401
314 178
314 693
314 976
153 418
153 996
921 611
371 191
25 844
25 618
915 920
915 408
915 200
915 316
915 136
915 838
915 428
915 280
915 952
915 857
915 718
915 530
915 851
535 823
535 518
535 913
535 157
1001 605
1001 506
1001 14
1001 685
433 738
720 527
720 90
550 546
550 75
853 90
134 850
388 70
388 214
266 946
336 147
347 147
617 746
617 415
617 661
141 280
150 471
731 870
731 422
731 284
731 680
428 806
428 990
428 316
428 888
428 136
428 200
428 838
428 31
428 857
885 586
885 294
885 974
159 718
159 214
65 220
65 752
559 622
559 50
281 905
157 542
157 356
157 586
157 472
157 684
157 517
781 184
843 407
30 765
662 443
662 40
662 214
189 214
189 410
603 735
603 378
603 514
603 505
603 509
603 822
603 337
414 995
414 891
401 454
401 429
401 165
401 415
507 891
837 738
663 528
883 951
605 178
605 685
605 228
99 178
99 710
808 899
808 29
808 184
846 990
846 188
846 526
846 288
846 421
846 349
846 424
846 547
846 360
846 656
846 31
846 795
609 772
609 633
609 454
568 40
568 187
294 586
184 41
184 710
184 491
184 779
184 103
184 849
184 510
184 246
184 582
184 423
184 521
184 561
184 149
184 409
184 101
184 432
184 315
184 323
184 394
184 702
241 280
540 245
540 874
540 641
540 955
540 873
540 231
540 987
540 311
540 692
540 925
953 280
155 784
521 104
521 133
850 299
647 280
101 246
101 423
101 90
104 425
104 790
104 765
104 74
160 630
499 684
499 367
70 534
70 299
70 343
680 284
680 584
687 500
687 586
654 991
346 638
874 245
874 873
874 231
874 764
38 309
38 299
391 288
391 353
391 750
339 178
917 316
461 506
376 919
334 995
334 772
334 534
334 75
334 220
125 622
223 343
611 14
367 718
367 696
367 951
367 214
220 120
220 75
333 178
333 767
500 586
500 772
500 782
500 332
500 435
500 814
232 765
232 946
669 2
669 544
421 280
685 643
435 984
435 696
435 586
435 166
435 120
788 634
788 622
788 509
788 402
788 906
788 299
67 656
67 165
67 963
630 469
630 838
630 288
48 1000
369 62
947 40
538 178
991 178
165 207
165 31
165 316
946 425
946 744
946 472
946 168
40 695
40 187
40 272
40 120
40 488
40 198
40 900
40 712
40 254
40 60
40 572
610 288
309 638
309 139
650 682
873 925
2 782
2 700
2 790
777 16
364 33
236 537
260 912
260 168
381 335
381 192
381 532
558 758
558 207
558 216
723 758
723 41
723 73
723 1000
166 74
591 534
676 622
53 193
53 772
372 595
955 925
300 784
939 638
939 247
789 470
188 280
188 431
752 178
752 191
752 692
224 349
0 178
422 280
422 857
295 178
634 638
335 899
311 925
311 855
912 425
716 114
716 365
976 178
976 349
935 749
935 746
952 517
952 200
952 857
323 534
547 988
547 656
547 280
429 454
541 199
168 425
168 765
454 772
454 1003
454 147
454 120
712 398
316 806
316 990
316 90
316 838
316 31
517 267
103 638
418 996
542 62
542 120
542 823
684 319
684 844
684 918
784 306
990 207
990 178
990 280
990 31
415 178
561 280
127 178
24 530
24 280
24 629
332 586
332 250
718 61
718 114
718 866
718 595
718 423
668 746
668 90
231 245
918 758
569 178
644 506
644 199
996 199
122 980
122 693
522 61
522 732
522 120
956 758
956 700
813 746
133 765
933 147
6 178
6 881
586 267
586 126
586 782
586 383
586 984
586 974
586 120
962 890
962 14
249 178
249 506
249 32
78 178
78 710
532 5
164 879
1000 41
1000 73
1000 503
1000 919
1000 216
1000 319
178 470
178 710
178 502
178 862
178 409
178 228
178 929
178 767
178 693
706 239
851 920
851 280
851 530
161 863
692 749
692 746
692 90
692 233
692 33
629 214
629 530
629 288
90 749
90 233
90 423
90 765
601 919
749 746
746 214
35 280
142 280
523 383
537 440
86 443
1004 724
120 518
120 772
120 61
41 73
41 758
41 503
975 671
518 646
518 383
518 799
143 544
356 425
167 838
868 425
868 765
546 595
283 214
288 838
322 638
506 199
854 62
995 696
995 891
353 838
469 838
469 280
800 62
638 343
772 633
772 272
772 75
772 566
838 280
838 891
838 136
838 493
838 631
280 530
280 656
280 631
280 920
280 293
280 526
280 360
280 32
299 147
56 482
697 925
697 293
697 855
423 246
423 646
440 361
293 724
724 246
250 886
988 656
988 207
472 765
544 8
544 739
530 920
530 214
530 891
530 857
984 782
62 646
62 513
5 29
855 581
855 925
581 942
764 33
272 379
33 891
595 790
648 765
310 343
891 782
782 700
313 765
425 790
425 700
742 214
721 765
216 321
