437 738
599 99
599 693
599 872
599 178
599 929
599 0
344 316
580 143
275 849
703 692
285 147
278 214
92 31
92 316
720 746
720 935
780 514
780 977
780 423
780 832
347 577
347 147
923 738
923 135
923 707
923 231
923 214
923 772
923 450
923 921
923 120
229 523
229 742
373 190
373 207
898 951
898 29
251 383
251 987
251 928
169 595
424 978
329 245
329 231
948 425
948 356
948 232
948 120
948 168
948 517
948 416
948 75
948 592
948 803
38 474
38 324
38 586
506 738
506 364
506 1001
506 381
802 450
802 40
802 572
994 540
994 987
994 582
450 712
450 40
450 572
450 61
828 738
416 707
416 191
416 90
416 356
416 782
416 912
416 868
416 765
416 447
769 135
769 742
866 718
28 987
197 746
197 586
197 32
107 718
107 90
107 810
107 201
107 980
107 236
573 166
573 586
573 294
573 332
301 978
15 680
15 422
106 740
511 849
377 423
353 190
98 707
98 429
98 592
98 401
656 190
656 280
153 483
921 738
921 32
371 135
290 253
290 214
915 746
915 61
915 200
915 316
915 428
915 280
915 31
915 718
915 502
915 971
558 684
558 956
558 704
291 429
291 454
291 401
332 500
332 586
332 542
332 782
332 250
582 514
582 987
582 832
273 951
723 565
433 987
445 288
543 951
557 447
134 592
226 440
250 485
250 113
250 646
250 854
250 823
250 513
250 542
250 535
250 722
250 886
250 551
250 369
250 444
250 770
270 738
702 738
52 868
141 978
141 188
485 646
485 823
136 316
731 491
731 680
731 422
428 952
428 214
428 316
428 31
428 349
428 857
885 90
159 746
324 586
405 135
559 50
840 245
840 540
840 987
157 277
590 147
900 742
662 443
662 40
662 546
662 833
662 267
189 502
189 977
189 362
414 327
401 454
401 165
401 415
401 429
526 280
526 629
526 360
837 783
837 738
392 267
883 225
883 718
883 779
883 184
305 425
305 232
605 99
605 693
605 228
605 178
605 929
605 0
605 502
830 231
830 692
327 738
327 849
657 738
657 643
540 987
808 29
783 738
783 14
954 978
926 147
846 629
846 288
609 454
609 592
609 951
609 120
863 742
447 356
447 586
447 166
447 912
447 762
447 168
889 126
901 742
184 127
184 843
339 178
482 987
82 135
82 700
240 586
149 716
664 335
850 738
850 924
101 423
880 707
880 951
135 628
135 870
135 581
135 742
135 337
135 4
135 170
135 692
160 629
987 245
987 789
987 809
987 872
987 641
987 338
987 849
987 873
987 432
987 764
987 480
987 311
987 361
987 95
987 68
987 698
987 531
987 231
987 56
987 955
987 925
499 565
499 684
499 73
294 126
294 586
680 707
680 422
487 139
687 746
687 718
687 214
654 738
812 465
977 514
977 950
977 103
977 418
977 423
534 939
534 139
534 334
534 502
230 147
78 929
78 99
78 0
78 178
154 139
334 772
334 638
334 75
334 214
125 139
253 566
646 542
646 62
102 139
630 423
630 24
630 629
630 288
592 454
592 713
879 742
333 767
333 99
333 178
333 929
333 0
333 502
500 193
500 575
500 782
500 435
500 814
232 472
232 356
232 946
232 912
232 168
293 862
293 280
293 362
810 335
810 262
810 7
810 881
421 978
421 280
685 629
435 586
435 267
67 963
67 165
48 758
947 774
947 568
284 422
538 99
538 178
538 929
538 0
538 502
538 314
566 772
566 120
165 31
165 316
670 335
670 29
670 381
477 139
946 425
946 356
835 742
40 712
510 139
607 718
607 61
607 746
607 231
650 738
650 686
934 404
364 692
236 537
950 514
950 343
950 832
260 266
260 168
381 335
381 178
381 980
381 29
295 178
173 738
166 356
166 586
166 168
166 126
166 912
166 743
166 61
795 978
591 61
591 502
676 139
53 120
754 272
188 978
188 502
188 280
188 142
0 470
0 991
0 710
0 314
0 976
0 249
0 519
0 862
0 6
0 409
0 228
0 929
0 767
0 693
0 178
0 99
0 502
422 280
335 537
335 700
335 528
335 1004
335 643
335 208
335 468
335 5
335 553
335 464
335 980
335 737
634 832
976 178
976 99
976 349
953 280
953 316
912 472
912 126
912 765
912 730
912 425
912 356
912 949
912 214
912 168
13 738
13 516
13 881
716 718
719 738
104 425
104 765
887 909
832 638
832 96
832 103
832 299
832 514
565 844
935 746
935 668
952 200
952 316
952 362
704 684
704 844
704 743
323 139
745 738
2 700
541 738
541 924
541 1001
120 193
120 633
120 454
120 198
120 772
120 196
773 288
454 429
712 193
316 990
316 971
316 647
316 349
316 857
316 17
316 200
316 142
316 31
920 280
517 61
517 356
517 602
517 814
103 423
418 996
738 644
738 682
738 945
738 199
738 532
738 761
738 14
738 996
738 881
738 979
738 924
738 1001
738 516
738 576
425 168
425 472
684 844
512 469
512 978
190 181
190 629
190 274
190 614
990 280
990 31
415 429
415 833
561 280
561 629
561 288
127 246
127 718
127 281
127 779
127 423
24 280
24 629
24 530
24 267
718 61
718 280
718 724
718 356
718 178
718 32
718 502
718 843
718 692
531 383
531 214
668 746
231 245
951 939
951 707
951 306
951 857
909 862
909 362
791 32
916 195
644 924
996 199
996 423
362 464
362 647
362 383
362 168
743 356
743 586
743 516
743 602
658 629
314 99
314 178
314 277
314 929
400 742
737 440
971 200
761 532
6 178
586 868
586 126
586 762
586 326
586 168
647 280
267 112
730 356
730 168
164 638
274 142
552 978
178 470
178 991
178 710
178 767
178 249
178 502
178 862
178 700
178 409
178 228
178 929
178 99
178 693
178 569
391 288
851 978
851 61
851 280
851 502
547 978
547 614
547 280
629 891
629 280
629 288
629 530
629 493
629 360
629 614
629 631
90 191
90 233
90 692
601 139
175 423
175 849
784 742
746 214
746 692
746 530
35 978
35 280
142 280
249 929
249 99
249 410
206 139
537 440
618 216
409 929
409 99
86 443
86 742
1004 724
767 929
767 99
318 790
168 949
168 765
168 356
168 472
168 266
168 30
939 474
939 139
470 99
41 758
581 742
143 410
399 343
849 423
83 742
356 868
356 313
356 765
356 61
356 472
356 30
167 469
167 978
167 280
167 585
1001 199
241 280
700 638
700 112
700 119
700 782
14 881
306 742
674 112
929 862
929 710
929 228
929 99
929 693
929 502
322 343
239 577
484 288
469 207
469 978
614 862
614 978
614 280
772 75
280 530
280 281
280 631
280 502
280 360
280 32
443 742
443 692
423 710
423 779
423 246
817 978
502 710
502 464
502 61
502 118
502 228
502 99
502 693
502 214
502 388
542 62
542 765
993 742
277 147
195 595
988 978
693 99
659 742
472 313
692 245
692 696
692 61
692 191
692 233
692 775
692 742
207 978
710 99
931 147
957 978
471 483
228 99
493 978
493 288
45 66
764 245
707 193
707 633
707 214
272 595
686 147
388 61
355 147
790 782
790 868
862 99
310 343
577 147
99 569
568 379
171 147
672 844
64 139
782 61
972 147
933 147
152 742
214 765
214 147
742 61
742 765
868 765
721 765
216 321
936 765
139 622
