687 356
207 988
256 356
256 730
654 991
534 324
644 506
530 891
337 505
62 800
376 634
923 356
813 746
147 577
814 500
818 438
818 478
818 997
818 153
818 807
439 949
439 266
439 260
439 77
439 168
586 126
586 500
586 885
586 294
586 573
200 915
948 52
948 356
948 168
699 266
699 77
516 790
435 500
730 356
356 52
356 232
356 946
356 313
356 765
356 425
356 744
356 472
356 912
356 648
178 502
991 61
946 232
946 168
996 506
996 418
784 300
784 697
784 752
784 83
746 935
29 808
648 52
308 418
260 949
260 912
260 266
260 77
260 168
891 414
891 75
891 61
166 500
166 762
577 458
556 77
266 949
266 790
266 912
266 77
266 168
188 431
464 980
332 500
167 469
77 168
77 949
77 912
77 521
912 168
136 806
52 425
52 472
630 469
214 500
541 506
168 949
168 765
168 425
168 232
168 472
199 506
790 232
232 472
