599 314
275 849
248 506
92 915
720 813
720 746
720 935
720 367
780 106
780 514
347 230
923 151
373 190
373 207
373 391
424 469
424 207
424 795
329 245
329 731
329 764
948 168
948 946
948 765
948 90
624 746
977 514
977 153
506 173
590 171
590 157
994 433
450 90
587 591
587 334
771 362
113 62
28 56
197 32
107 335
107 98
573 586
301 469
377 246
353 190
353 391
353 750
353 486
98 117
98 278
98 707
98 290
98 401
98 454
98 134
98 429
98 268
98 713
656 190
153 411
153 418
153 996
921 327
25 48
290 253
915 428
915 316
915 334
915 857
291 268
136 428
1001 514
273 951
433 738
433 214
445 782
445 507
550 193
550 812
543 952
388 534
250 886
908 721
141 469
141 362
88 950
150 471
731 8
731 563
428 990
885 586
65 687
65 220
65 713
324 585
559 420
840 874
157 277
30 648
30 765
30 946
30 416
662 443
662 572
662 214
414 891
414 995
401 454
401 165
401 429
401 415
526 629
392 112
605 333
605 178
605 314
605 693
605 228
99 491
99 862
99 207
327 381
808 29
378 514
954 469
954 851
926 715
926 951
846 629
439 730
439 425
439 912
439 266
439 168
441 371
586 984
586 500
586 762
586 294
586 521
586 166
586 912
586 435
586 168
294 759
133 256
133 765
522 365
540 874
540 311
58 909
521 425
521 912
521 168
795 469
795 207
850 53
135 371
160 629
987 415
987 120
499 319
499 956
70 534
70 103
680 707
687 500
687 851
812 700
874 245
874 873
874 925
874 764
874 231
552 469
534 601
534 334
534 591
534 822
534 343
337 638
334 214
334 724
334 591
334 995
253 566
253 151
188 469
292 701
482 531
482 56
482 606
482 798
220 120
220 749
220 75
220 90
232 912
232 946
293 697
810 881
421 469
685 629
435 500
423 779
630 484
630 200
630 629
630 951
48 558
48 41
48 319
48 956
48 1000
48 723
48 458
48 844
48 216
602 765
165 316
670 643
946 425
946 367
946 214
946 168
946 472
946 416
40 695
1000 41
1000 919
1000 558
1000 723
1000 458
1000 319
1000 216
415 718
415 316
415 762
744 912
41 503
950 514
371 4
371 585
381 192
381 643
558 207
558 216
723 565
723 758
723 503
701 728
166 74
591 995
53 633
53 963
754 907
754 718
789 470
223 718
223 343
151 617
634 788
976 349
913 762
913 369
912 949
912 425
912 746
912 77
912 356
912 472
912 813
912 575
912 168
104 425
104 790
104 765
832 514
565 458
935 813
935 668
935 746
952 200
952 316
185 762
185 833
2 749
454 429
454 268
316 349
316 367
316 857
920 181
920 851
517 267
418 996
264 764
542 62
784 981
512 469
190 181
190 274
190 890
990 56
663 528
561 629
318 758
24 280
24 31
24 629
718 61
718 724
718 980
531 214
668 813
668 746
951 245
951 715
951 707
951 695
256 730
996 199
658 280
658 629
658 530
105 374
105 742
813 746
813 277
813 168
761 804
949 425
949 168
267 112
267 891
267 648
267 751
267 478
532 516
730 868
575 472
575 168
944 90
178 862
178 767
178 502
963 367
391 891
391 288
851 469
851 167
851 547
851 570
851 978
851 390
547 469
117 268
629 750
629 288
629 891
629 280
629 530
629 493
629 360
629 484
629 631
90 500
90 765
601 919
175 5
175 849
713 268
746 472
746 233
746 168
746 692
374 742
35 585
751 112
170 245
31 410
523 765
695 585
95 56
86 443
902 280
168 790
168 77
168 425
168 472
168 266
535 518
399 343
356 721
356 425
167 469
268 633
671 995
700 277
700 881
14 924
674 112
367 868
367 865
367 214
484 207
451 469
469 207
469 614
469 988
469 817
469 957
469 978
500 814
280 360
953 207
443 152
697 925
697 855
502 214
266 425
277 972
988 207
458 956
458 790
458 319
981 306
52 868
956 844
530 891
71 595
857 200
995 891
126 790
790 425
790 306
790 416
595 404
595 214
648 721
648 765
891 750
900 742
425 765
486 148
633 193
721 765
420 96
216 321
