599 693
599 710
599 849
580 8
580 563
580 91
275 114
275 849
703 90
703 784
285 147
278 566
278 415
248 75
248 415
535 444
535 913
720 746
720 833
720 935
720 527
780 977
347 147
923 738
923 633
923 356
923 72
923 415
923 334
923 687
923 772
229 607
895 913
895 518
895 551
373 391
373 344
373 207
840 874
169 595
169 404
424 469
424 207
329 987
329 427
329 450
329 540
329 849
329 338
948 425
948 868
948 946
948 90
948 435
948 120
699 260
977 950
977 514
977 996
977 832
977 1004
977 423
304 4
802 450
802 40
994 764
994 540
994 987
994 582
450 586
450 415
450 915
450 40
450 572
450 662
828 837
771 697
769 306
28 231
573 126
573 586
301 469
15 584
15 422
15 680
15 731
353 190
353 391
98 566
98 707
98 401
656 838
656 32
656 915
656 181
921 506
260 232
260 168
290 566
915 165
915 316
915 160
915 731
915 428
915 224
915 883
915 530
915 142
915 443
915 990
915 349
915 344
915 302
915 31
915 953
915 662
915 920
915 586
915 200
915 647
915 136
915 92
915 952
915 857
915 135
915 988
915 167
915 971
915 543
915 17
915 502
915 851
915 61
122 61
92 731
92 658
92 316
92 857
582 540
433 987
550 61
543 316
543 857
861 934
388 638
388 634
388 832
388 70
388 90
388 343
250 782
250 415
250 886
250 518
250 332
336 715
617 811
617 415
141 469
141 978
141 188
88 950
88 399
150 415
150 629
731 584
731 284
428 316
428 349
428 200
428 408
428 857
885 586
885 294
885 256
179 633
559 622
281 491
281 189
157 586
157 147
157 926
157 415
843 883
30 765
662 443
662 900
662 586
662 214
662 272
662 383
662 40
662 86
878 178
189 491
189 546
414 687
414 891
401 454
401 429
401 165
401 415
526 32
392 112
392 267
663 951
663 322
663 343
605 178
605 228
605 685
605 502
99 178
99 502
527 710
527 870
527 680
783 738
783 13
783 415
783 654
378 832
954 469
954 207
954 978
926 748
926 147
846 67
846 288
609 239
609 951
609 334
609 120
439 266
568 40
568 379
568 293
447 294
111 648
817 469
817 167
817 294
184 1004
184 710
184 832
241 469
241 32
540 581
540 56
540 231
540 697
540 226
540 874
199 996
807 383
795 469
795 207
372 934
101 246
101 423
880 538
135 337
135 909
135 870
135 72
135 581
135 942
135 75
135 371
160 629
987 56
987 809
294 104
294 984
294 586
294 126
294 74
70 120
680 707
687 500
687 586
687 334
687 742
687 214
687 415
874 245
874 873
874 231
874 764
552 614
534 16
230 972
510 622
337 479
337 322
589 528
334 356
334 415
334 472
334 75
334 502
125 676
125 622
125 322
188 469
188 32
188 978
646 542
630 484
630 530
630 288
220 633
333 249
500 586
500 814
500 782
232 425
232 949
232 946
232 126
232 648
232 472
232 765
293 697
293 280
293 32
421 469
421 32
685 629
435 633
435 425
386 319
67 190
67 207
67 165
67 963
67 344
67 391
72 633
72 581
48 319
48 679
164 943
947 40
351 316
566 614
566 159
566 772
566 120
165 316
165 344
165 31
165 857
946 425
946 90
835 784
835 742
40 572
40 187
40 362
40 272
40 198
40 900
40 712
40 254
40 60
40 379
309 893
873 697
873 95
934 595
302 316
302 857
236 1004
236 537
950 514
950 832
950 103
950 399
558 207
166 126
166 586
664 335
591 718
591 415
676 622
53 245
53 120
812 700
789 231
223 415
752 849
151 214
224 316
0 178
422 32
490 586
913 369
913 518
311 697
311 231
912 868
912 472
912 214
912 730
912 648
912 356
912 168
104 721
104 908
104 765
104 425
906 740
887 383
832 638
832 514
832 410
832 103
832 423
935 746
935 668
935 813
952 200
952 316
952 857
704 844
185 833
2 316
120 454
120 772
120 383
120 198
120 629
120 193
120 633
120 196
773 288
454 429
316 971
316 838
316 349
316 142
316 112
316 31
316 953
316 990
316 200
316 136
316 344
316 267
316 857
316 962
316 17
517 718
517 61
517 415
103 423
418 996
738 231
542 415
542 75
867 118
190 951
990 32
415 429
415 670
415 91
415 833
415 718
415 692
415 742
415 851
561 32
127 595
318 41
24 32
24 31
24 891
24 530
24 953
718 595
718 61
668 746
231 245
951 707
951 742
951 925
644 14
256 648
362 528
737 849
956 319
956 600
813 746
133 648
971 857
6 506
586 126
586 383
586 984
586 762
586 5
647 32
31 857
267 112
267 891
267 629
730 356
730 868
369 444
575 472
274 181
178 862
178 359
178 693
178 502
391 484
391 288
851 469
161 83
629 700
629 750
629 196
629 288
629 530
90 143
90 671
90 168
175 423
175 849
784 863
784 742
784 83
784 390
35 469
35 32
35 978
35 207
170 697
170 855
142 32
142 857
206 622
537 208
196 75
618 918
1004 595
86 443
42 649
854 604
854 518
168 868
168 472
168 266
168 648
168 356
715 147
957 469
975 397
518 62
849 423
83 697
943 343
356 868
356 214
356 126
356 648
356 765
167 469
46 622
980 904
671 397
868 425
868 61
868 383
868 765
14 506
465 119
288 484
344 857
322 139
322 505
322 879
322 343
506 5
506 29
484 502
469 207
469 614
469 547
469 978
614 978
119 700
838 857
280 32
953 207
953 32
953 857
55 404
443 863
443 742
697 925
697 855
423 246
118 75
425 765
993 742
277 147
585 528
988 207
758 918
458 577
458 319
692 233
908 762
908 765
931 147
383 138
383 528
383 942
383 530
383 547
984 762
62 214
855 112
71 595
904 61
631 32
200 857
126 790
857 136
857 17
581 742
355 147
32 547
32 360
686 147
748 147
595 404
648 790
648 313
648 743
978 547
416 75
112 313
577 147
590 147
171 147
782 61
782 66
972 147
319 216
306 790
306 742
933 147
942 936
721 790
528 922
