344 67
275 849
703 53
703 120
278 214
92 428
92 316
92 142
720 813
720 746
720 668
720 935
720 367
780 514
780 603
819 890
819 662
923 39
923 687
923 707
923 472
923 609
923 90
923 772
923 53
923 159
923 235
923 356
923 875
923 880
923 334
923 214
923 367
923 500
923 586
923 915
923 239
923 890
923 765
923 193
923 633
923 506
923 746
923 951
923 476
923 591
923 120
229 443
229 374
895 823
736 540
818 438
818 478
818 997
818 153
818 807
439 949
439 260
439 946
439 699
439 266
439 948
439 77
439 168
329 540
329 153
948 425
948 854
948 765
948 946
948 517
948 168
948 266
948 699
948 435
948 416
624 540
624 338
699 946
699 912
699 266
699 168
977 514
977 996
977 1004
977 418
977 0
977 153
506 644
506 249
994 987
450 443
450 915
450 187
828 650
28 987
657 643
107 335
107 201
107 440
107 120
573 586
573 435
15 520
15 680
106 337
876 2
353 391
98 268
433 987
153 245
153 996
153 581
153 588
153 418
153 135
153 746
153 995
153 855
153 764
153 540
153 482
153 692
575 500
575 232
575 472
575 912
575 966
575 168
371 441
25 48
290 367
290 589
915 857
915 341
915 200
915 316
915 428
915 280
915 739
915 530
915 142
796 987
332 500
332 700
332 539
332 168
582 987
273 951
8 731
445 891
388 70
388 120
266 946
266 912
266 77
266 168
659 306
617 91
617 811
617 120
485 542
150 600
150 435
731 696
731 563
731 231
731 143
731 870
731 739
731 797
731 680
731 422
428 806
428 160
428 200
428 316
428 953
428 952
428 142
428 349
428 857
885 586
885 294
65 334
324 239
324 585
559 420
840 874
840 540
840 987
840 231
157 577
157 147
157 590
843 127
30 765
662 835
662 443
662 214
878 929
878 502
189 1004
603 735
603 378
603 514
603 322
603 505
603 509
603 822
603 337
414 891
401 454
401 268
401 196
507 160
520 680
663 343
950 514
605 670
605 178
605 5
605 228
605 502
919 376
919 322
527 710
527 870
540 874
540 338
540 264
540 749
540 987
540 231
540 692
540 955
808 899
808 29
251 987
281 772
783 772
378 514
535 444
535 369
535 120
846 67
846 24
846 288
609 707
609 951
609 239
609 772
609 90
609 53
609 454
609 633
609 890
609 214
609 997
609 220
586 500
586 687
586 782
586 166
586 383
586 435
586 267
586 984
586 294
180 958
184 0
133 602
522 546
522 732
482 178
482 987
58 951
521 912
795 421
795 851
850 120
101 423
880 707
160 891
987 245
987 789
987 809
987 872
987 641
987 338
987 849
987 873
987 764
987 480
987 311
987 361
987 95
987 68
987 698
987 531
987 231
987 56
987 120
987 955
499 73
499 704
499 618
70 120
70 343
680 707
680 284
487 139
687 607
687 500
754 120
874 245
874 873
874 231
874 764
38 832
391 67
391 288
142 200
142 136
142 267
142 857
154 139
64 139
334 500
334 214
334 90
334 772
125 139
646 542
646 62
630 469
630 530
630 484
220 772
220 383
220 120
500 214
500 166
500 168
500 814
232 425
232 912
232 472
232 168
421 424
67 207
67 963
67 656
67 165
72 214
48 41
48 956
48 558
48 723
48 319
48 763
48 1000
48 458
48 844
48 216
48 684
947 774
947 187
566 772
477 139
946 425
946 356
946 744
946 472
610 288
607 167
607 591
607 692
607 75
873 95
777 16
777 127
236 980
815 410
260 912
260 168
381 644
558 1000
723 41
723 1000
166 126
664 644
676 139
53 193
53 443
53 890
277 147
955 855
939 139
913 109
338 193
759 984
0 214
634 534
159 931
159 214
752 178
752 595
752 865
752 692
613 772
335 440
912 772
912 77
912 425
912 472
912 214
912 168
13 516
716 32
716 866
716 718
716 365
832 514
832 376
832 322
935 749
935 746
935 571
935 233
935 813
952 316
704 758
704 503
704 41
323 139
323 322
185 762
429 454
429 268
502 528
502 178
502 228
502 120
120 454
120 127
120 316
120 772
120 907
120 425
120 629
120 190
120 920
120 6
120 865
120 542
120 233
120 765
120 343
120 718
120 274
120 742
120 178
120 963
120 226
454 772
454 1003
454 268
712 398
316 990
316 953
316 299
316 349
517 112
103 423
418 996
425 356
425 790
425 168
425 416
684 458
190 656
190 614
190 415
190 471
514 1001
990 31
951 274
940 367
997 193
997 90
21 656
24 629
24 530
718 595
718 980
668 746
19 16
569 178
644 14
256 721
122 924
866 772
314 178
314 929
314 693
127 595
400 813
400 306
737 849
956 758
813 746
761 738
933 355
823 542
249 178
267 112
532 5
1000 41
1000 73
1000 503
1000 319
1000 458
178 470
178 693
206 139
851 469
851 978
851 280
851 530
629 299
629 530
629 288
2 782
2 790
601 139
175 423
175 849
713 268
749 692
749 233
746 233
746 692
374 306
170 581
170 697
170 855
510 139
537 440
196 268
1004 724
902 280
109 721
168 77
168 984
168 472
376 322
41 73
41 758
41 503
849 423
83 697
356 721
356 472
534 139
268 1003
14 32
14 702
306 585
306 528
929 99
322 474
322 139
367 528
367 214
367 696
812 772
516 790
995 891
484 288
469 207
772 280
772 528
772 993
772 775
772 75
772 739
280 920
280 891
280 530
443 193
167 978
697 855
423 246
602 721
602 765
503 758
693 214
472 313
758 918
758 844
692 233
52 126
52 868
957 978
530 920
530 891
71 595
643 670
139 622
790 863
595 404
648 721
648 765
648 416
862 99
112 313
891 75
577 147
750 288
782 66
313 721
29 899
743 721
231 245
231 233
245 233
420 96
216 321
