599 178
344 67
344 165
344 373
703 170
703 784
703 306
285 147
278 98
278 566
278 61
278 454
278 923
248 450
248 506
248 586
248 915
248 530
38 474
38 309
38 919
38 832
92 915
720 540
720 746
720 935
720 338
780 977
347 147
923 617
923 687
923 214
923 151
923 90
923 772
923 707
923 235
923 890
923 159
923 39
923 367
923 290
923 875
923 609
923 239
923 880
923 193
923 633
923 53
923 951
923 476
923 120
229 421
895 518
895 551
373 190
595 718
251 987
424 978
424 547
424 795
329 624
329 789
948 52
948 425
948 356
948 586
948 782
948 104
948 250
948 573
624 540
624 789
624 873
624 299
699 77
977 950
977 514
977 996
977 418
977 153
506 644
506 14
506 850
506 199
506 289
506 1001
506 745
506 828
506 192
506 480
506 921
708 718
994 987
994 863
450 586
450 695
450 530
828 516
587 789
769 383
866 718
866 790
28 738
28 987
197 32
107 320
107 327
107 1004
107 98
107 201
107 532
573 166
573 586
301 552
301 978
301 188
301 957
301 547
15 731
15 680
15 422
377 189
377 687
377 724
484 288
98 117
98 707
98 401
98 454
98 134
98 429
98 268
98 713
433 987
153 418
153 996
575 472
575 168
290 214
915 142
915 857
915 586
915 316
915 136
915 530
915 428
915 280
915 953
427 955
122 837
122 980
796 987
535 369
582 987
582 364
582 790
273 951
468 643
550 746
550 640
550 526
853 343
740 722
740 879
740 322
266 425
266 439
702 644
617 811
136 428
136 316
136 857
731 284
731 196
428 806
428 302
428 316
428 978
428 857
428 31
428 351
428 349
428 953
885 294
885 586
885 790
885 782
65 243
614 188
614 214
281 280
157 718
628 135
628 4
628 870
628 371
628 581
628 82
997 678
997 2
997 205
30 704
30 765
662 443
662 214
662 90
189 181
189 410
414 891
401 454
401 165
401 415
401 429
401 196
507 782
837 719
837 410
392 674
392 112
900 383
605 228
605 700
605 178
99 178
527 870
540 873
540 987
540 955
393 754
783 749
783 53
783 682
88 663
88 343
954 193
954 207
954 978
954 851
926 171
926 715
926 53
926 129
926 577
926 748
926 147
926 336
846 67
846 280
846 288
609 772
609 53
439 912
863 231
111 166
111 935
294 104
294 166
184 1004
339 178
482 987
546 522
521 126
521 912
521 946
521 168
149 643
795 851
850 516
850 13
850 644
850 682
850 541
101 246
104 52
104 425
104 168
104 416
160 629
987 245
987 789
987 809
987 872
987 641
987 338
987 849
987 873
987 840
987 764
987 480
987 311
987 361
987 962
987 415
987 95
987 68
987 90
987 698
987 531
987 231
987 56
987 955
499 565
499 41
70 943
70 334
70 752
70 638
70 534
70 415
70 103
70 322
70 120
680 707
680 284
680 422
687 812
687 214
687 775
687 980
654 991
654 682
534 53
534 622
534 125
534 388
534 322
267 586
267 891
267 517
267 648
267 751
267 478
337 135
337 581
337 919
337 528
376 832
334 607
367 40
367 712
367 214
879 322
333 178
638 862
638 950
638 700
638 96
638 790
638 2
638 388
58 909
293 697
650 682
685 629
685 1001
435 984
435 425
435 586
435 974
435 782
788 402
67 207
67 165
67 963
67 391
72 443
48 684
48 321
132 369
164 322
164 343
602 52
602 356
602 648
538 178
538 502
538 470
991 178
991 61
165 31
165 316
870 53
946 425
946 744
946 472
946 232
946 313
946 168
835 233
40 187
40 196
610 288
400 374
607 749
607 696
744 356
744 232
744 472
744 912
744 168
873 196
314 178
364 53
236 6
240 166
950 663
950 343
371 4
371 581
381 532
558 844
723 565
166 586
591 980
591 692
53 586
53 517
53 951
53 742
53 739
53 640
53 32
53 851
53 502
402 634
402 649
503 704
955 311
955 925
812 700
812 696
812 465
789 470
188 920
188 547
188 90
188 851
752 471
338 849
338 231
0 178
182 425
295 178
634 388
634 832
634 509
976 178
913 369
912 52
912 356
912 949
912 313
912 984
912 168
716 718
135 742
832 388
565 41
935 746
935 668
935 233
935 813
704 318
704 765
185 686
2 749
168 984
168 949
168 232
168 77
168 356
168 472
773 288
454 196
454 772
454 429
454 1003
316 806
316 17
517 814
418 105
418 996
738 682
922 528
684 41
190 181
190 274
190 353
190 656
190 486
663 399
663 343
24 658
24 902
24 629
24 530
24 630
718 61
718 980
718 724
668 746
231 170
951 4
951 706
909 120
644 924
644 199
319 844
256 425
256 356
528 980
528 742
658 629
658 530
522 746
956 458
813 746
813 214
6 178
586 696
586 126
586 782
586 530
586 974
962 443
962 890
78 178
730 984
730 356
730 313
730 472
369 513
921 199
274 920
178 470
178 710
178 143
178 249
178 502
178 862
178 409
178 228
178 929
178 359
178 767
178 693
178 569
391 353
391 750
391 288
851 193
851 920
851 547
851 696
851 978
851 280
161 784
629 280
629 902
629 891
629 288
629 360
629 526
629 530
90 443
90 356
90 61
90 86
90 361
429 196
784 390
784 306
784 742
749 700
749 32
749 75
749 502
746 841
746 233
35 817
35 547
170 581
170 742
335 29
335 643
196 147
196 120
409 790
86 443
902 526
120 61
120 772
120 91
5 491
470 502
41 758
518 854
581 742
143 193
143 544
399 343
332 984
943 322
356 52
356 112
356 126
356 782
356 313
356 765
356 425
356 472
356 250
167 630
167 547
1001 14
980 670
700 790
700 119
700 486
322 420
322 343
854 250
553 670
469 207
469 547
772 633
772 61
772 75
280 920
280 526
280 953
280 656
280 547
280 530
299 96
443 742
443 214
232 52
232 425
232 472
697 925
697 855
423 246
502 228
669 544
250 782
277 147
77 425
472 949
472 313
758 844
458 577
458 73
692 775
692 233
52 790
207 547
715 147
383 736
383 844
957 547
530 891
984 126
62 646
972 147
995 891
200 351
45 66
764 245
799 163
686 147
355 147
748 147
648 765
416 425
416 147
416 415
112 313
112 646
310 343
577 147
590 147
171 147
486 656
920 656
415 147
306 742
933 147
633 193
214 193
742 61
918 844
216 321
526 360
