599 178
599 929
599 228
929 178
929 502
929 314
580 544
275 977
275 327
275 849
275 175
703 935
285 577
278 98
248 746
445 280
445 891
445 288
780 603
780 977
347 577
347 926
923 746
462 11
462 415
373 190
840 874
840 987
251 987
439 912
439 266
439 168
977 950
977 514
977 1004
977 103
977 779
977 418
977 1001
977 153
977 410
977 969
977 32
977 433
977 423
516 783
304 441
802 450
994 764
994 540
994 987
994 746
994 582
450 746
450 835
450 595
450 517
450 272
450 900
450 662
528 909
528 922
528 383
528 589
528 362
771 863
771 306
771 742
769 692
769 863
658 280
28 987
657 921
657 90
197 586
107 98
107 468
107 381
626 863
15 680
377 506
377 159
353 190
98 117
98 401
98 429
98 291
98 707
98 713
98 454
98 134
98 268
98 592
433 738
433 32
433 546
433 987
153 418
153 410
921 32
915 142
915 696
915 316
915 136
915 178
915 838
915 280
915 502
291 429
332 782
332 586
332 500
1001 327
720 746
720 935
720 863
550 746
550 388
543 952
134 232
388 638
388 634
388 280
388 742
250 369
702 327
52 126
52 112
52 472
141 469
485 823
731 193
731 746
885 294
324 586
405 135
281 280
157 577
157 746
483 782
30 313
662 900
662 272
662 214
662 443
189 506
189 969
603 474
414 891
401 429
401 165
401 454
526 280
837 783
897 327
663 103
663 879
663 951
883 718
883 724
605 178
327 644
327 650
327 737
327 149
327 745
327 192
327 849
527 870
954 630
926 715
926 577
846 67
846 280
846 561
846 288
609 772
609 855
447 294
949 232
949 168
294 984
294 104
294 586
294 256
294 74
294 313
294 416
180 727
638 2
638 334
638 832
241 280
522 746
522 38
522 365
482 987
82 628
807 951
149 372
795 424
795 207
795 421
850 90
101 246
101 16
101 779
101 423
135 337
135 628
135 746
135 870
135 371
135 855
135 581
160 280
160 629
987 245
987 789
987 872
987 641
987 338
987 849
987 56
987 432
987 809
987 764
987 540
987 311
987 361
987 95
987 68
987 582
987 698
987 531
987 231
987 873
987 480
987 955
987 925
481 565
499 672
499 53
499 704
499 48
499 918
499 679
499 565
499 844
499 318
499 321
70 53
339 178
687 746
687 742
939 534
939 510
874 245
874 873
874 231
874 764
874 540
38 474
38 586
38 334
391 67
391 288
776 746
16 754
510 42
510 139
510 649
510 474
510 943
510 323
510 46
510 832
337 505
111 935
334 607
334 772
334 75
334 220
125 534
188 280
540 231
540 873
540 697
540 955
333 178
333 19
500 435
500 814
365 718
232 472
232 168
293 280
834 746
421 280
685 280
685 630
435 782
67 190
67 207
67 165
67 963
67 344
48 319
48 684
164 402
164 943
947 774
284 422
538 178
538 502
566 772
165 344
165 31
165 316
946 415
1000 458
607 782
607 700
607 75
607 577
650 644
587 326
371 362
381 335
381 192
558 216
558 207
558 319
558 956
558 458
723 565
723 41
590 577
166 74
591 746
53 193
53 542
53 978
53 517
53 147
372 404
223 746
338 231
224 349
759 984
0 178
0 432
422 280
295 178
159 746
159 214
159 316
159 724
159 866
159 416
913 369
311 697
912 74
912 472
912 168
716 114
716 718
104 984
104 425
104 721
104 313
104 126
104 74
832 299
832 410
976 178
976 410
976 502
935 841
935 746
935 668
935 214
935 813
935 168
952 344
952 136
952 200
952 857
704 684
704 844
704 743
185 854
185 502
2 998
2 306
541 644
168 790
168 472
168 425
168 133
168 416
773 288
454 772
454 429
316 838
316 142
517 478
517 746
517 112
517 256
517 648
517 267
517 186
103 423
418 105
418 996
738 644
738 996
542 746
542 62
684 746
684 319
684 844
190 181
190 274
190 656
990 424
990 207
990 280
415 178
415 429
415 746
561 280
561 629
561 288
940 214
127 595
127 980
24 280
24 629
24 891
565 41
718 746
718 61
718 980
718 502
668 813
668 746
668 630
692 746
692 233
909 862
791 862
644 996
586 356
586 782
586 74
586 416
256 313
256 267
996 506
362 143
362 383
362 765
314 178
813 746
931 577
931 147
761 396
6 178
6 506
656 280
647 280
78 178
532 175
369 646
274 841
552 167
552 851
178 470
178 991
178 710
178 249
178 502
178 862
178 409
178 90
178 75
178 767
178 693
178 228
178 569
178 99
534 746
534 343
851 746
851 167
851 547
851 280
851 502
117 268
629 891
629 90
629 280
629 750
629 288
629 530
629 630
90 891
90 742
90 226
175 423
175 5
175 849
784 742
746 530
746 812
746 739
746 980
746 502
746 920
746 775
746 214
746 742
35 280
142 280
86 443
120 772
841 920
715 355
715 577
41 73
143 739
399 343
83 863
83 855
74 392
74 416
943 343
356 425
356 472
356 602
268 633
868 782
14 924
136 200
630 891
630 894
630 288
630 280
630 530
812 790
812 700
812 119
506 670
506 29
506 5
854 890
220 75
484 280
484 288
772 75
280 750
280 530
280 631
280 953
280 920
280 891
280 288
280 547
280 493
280 360
280 32
697 855
697 925
423 246
423 790
502 862
502 61
502 118
502 228
118 862
993 863
277 577
277 147
693 862
693 228
659 863
472 313
758 844
478 267
383 891
530 891
984 782
890 245
62 646
62 163
995 742
696 595
844 672
513 646
368 310
186 267
493 288
272 742
686 577
355 577
748 577
648 425
648 267
32 214
416 782
416 313
112 267
310 46
310 343
577 171
577 933
577 255
577 972
577 214
577 147
900 742
863 742
863 306
602 721
214 147
742 61
231 245
