599 693
599 249
599 178
929 878
929 178
929 249
929 314
703 306
703 784
278 151
278 923
248 550
92 915
92 316
92 349
720 383
720 935
780 514
780 977
819 329
923 617
923 707
923 214
923 151
923 609
923 687
923 772
923 32
923 890
229 293
895 542
373 207
373 391
736 231
251 987
424 978
329 910
329 624
329 471
329 427
245 874
245 540
245 987
948 191
948 946
948 90
948 743
948 313
948 235
948 425
948 890
948 912
948 416
948 500
948 868
948 257
948 790
948 260
948 126
948 250
948 65
948 356
948 435
948 214
948 134
948 602
948 74
948 120
503 458
624 540
977 950
977 514
977 996
977 378
977 1004
977 969
977 832
977 153
977 1001
977 418
506 173
506 850
506 828
863 306
994 189
994 987
994 231
994 540
994 433
994 582
828 738
828 516
416 425
416 147
416 30
658 629
28 987
107 320
107 962
107 381
107 90
107 1004
107 201
107 5
107 553
107 808
107 335
107 670
107 980
301 978
15 680
106 88
377 718
377 457
353 391
98 429
433 383
433 482
433 987
433 231
466 782
153 1004
153 969
153 418
153 996
575 966
575 472
575 168
371 4
497 281
25 48
858 552
915 917
915 200
915 316
915 17
915 428
915 857
427 955
796 987
491 281
332 500
332 912
332 951
332 168
1001 644
1001 514
723 499
723 48
550 293
543 200
543 316
308 418
134 738
134 32
388 70
388 96
388 832
250 425
336 926
347 926
617 811
617 471
141 469
141 978
141 614
485 542
136 200
136 316
731 40
731 284
731 422
428 207
428 953
428 316
428 857
65 193
65 220
65 435
614 978
614 991
840 874
840 987
843 907
30 356
30 744
30 790
30 704
30 472
30 868
30 765
662 782
662 813
662 443
189 718
189 410
189 595
189 546
189 980
414 746
414 891
401 429
401 165
526 629
837 738
392 674
392 112
392 74
663 950
663 343
605 178
605 502
605 249
605 314
99 178
99 249
99 786
527 870
808 29
783 738
378 514
954 978
926 171
926 577
926 565
926 73
926 129
926 715
926 748
926 147
846 67
846 629
846 288
609 772
609 214
439 232
439 472
17 316
294 782
294 586
294 74
339 178
522 61
482 540
482 987
546 193
546 147
546 715
155 784
795 978
850 761
850 193
850 541
647 316
101 246
880 946
135 170
135 292
135 692
160 629
987 789
987 809
987 872
987 641
987 338
987 849
987 873
987 764
987 480
987 540
987 311
987 361
987 95
987 68
987 582
987 698
987 531
987 231
987 56
987 955
499 319
499 321
499 758
499 684
499 844
70 383
70 415
680 707
654 738
654 199
874 873
874 231
874 764
874 540
38 638
38 322
391 67
391 610
391 288
133 356
142 316
337 581
337 320
334 772
334 638
243 995
540 231
540 633
540 855
540 955
220 75
879 88
879 164
879 322
333 178
333 767
333 249
638 96
638 322
638 591
58 909
293 538
293 568
776 214
421 978
685 629
685 643
435 586
435 951
435 126
435 782
435 267
67 207
67 165
67 963
67 344
48 41
48 558
48 956
48 1000
48 458
48 319
48 216
782 586
782 166
782 743
782 74
602 721
602 425
602 356
602 472
351 200
351 316
991 178
991 700
991 249
165 207
165 316
165 344
165 31
670 364
670 553
670 29
946 672
946 744
946 425
387 978
40 193
40 190
40 629
40 569
40 978
40 572
40 187
610 288
650 682
302 316
950 88
950 514
950 343
587 471
260 168
381 532
558 565
558 321
558 1000
166 586
166 112
166 951
166 674
166 74
724 1004
53 193
53 633
53 120
552 978
372 700
372 404
955 264
955 925
955 311
754 907
754 718
789 470
188 920
188 978
151 566
224 316
759 77
0 178
0 249
0 502
295 178
976 178
976 249
752 150
752 786
752 833
752 518
752 120
613 738
335 90
335 643
912 425
912 356
912 744
912 472
912 168
912 313
912 77
912 730
13 738
719 738
832 42
832 514
832 369
832 951
832 423
565 684
935 193
935 746
952 200
952 316
704 765
745 738
168 868
168 232
168 126
168 313
168 730
168 425
168 356
168 744
168 472
773 288
454 772
454 193
454 429
454 147
316 344
316 971
316 888
316 90
316 349
316 200
316 31
316 953
316 990
316 857
316 214
651 90
103 943
418 105
418 996
349 207
349 953
542 62
542 535
542 823
778 881
684 844
684 318
684 321
512 978
512 630
415 178
415 429
415 75
561 629
407 538
407 732
940 90
127 595
127 866
127 718
127 732
817 978
718 904
718 711
718 595
668 746
231 749
951 500
951 214
951 772
951 78
791 32
644 924
644 996
256 356
362 178
314 178
314 249
314 73
956 458
813 746
813 379
971 200
6 178
6 249
586 500
586 214
586 267
586 730
962 890
249 470
249 710
249 519
249 862
249 409
249 228
249 78
249 767
249 693
249 178
249 538
249 502
130 178
78 178
730 356
730 313
730 472
369 535
369 263
369 518
274 920
1000 458
178 470
178 710
178 767
178 502
178 862
178 61
178 749
178 409
178 228
178 90
178 359
178 693
178 569
178 538
152 443
534 42
851 469
851 978
444 535
629 750
629 891
629 288
629 280
629 383
629 530
629 24
629 193
629 630
629 493
629 360
629 484
629 631
90 361
90 953
90 356
90 464
90 199
90 980
2 500
2 700
2 465
784 390
784 306
749 572
749 854
749 502
35 978
170 581
618 321
1004 320
1004 643
854 535
854 518
854 502
902 280
786 862
786 502
109 356
120 772
120 62
715 147
518 513
143 410
399 343
464 980
74 214
74 112
74 674
943 310
943 368
356 313
356 744
356 472
356 721
590 933
590 171
572 696
868 425
868 790
306 742
306 659
674 112
344 200
630 207
630 24
630 288
484 288
469 978
469 207
800 62
772 633
772 75
443 742
774 947
232 425
232 744
232 472
232 313
528 502
423 246
502 61
502 118
502 693
502 538
425 765
425 472
425 721
277 147
988 978
472 313
472 535
472 744
472 721
692 233
52 790
207 978
931 147
383 147
957 978
984 762
114 479
995 891
471 150
126 45
126 66
150 833
150 191
978 167
978 547
790 700
790 313
790 648
310 343
891 24
568 379
171 147
765 721
474 84
743 721
500 193
147 255
216 321
646 163
75 193
