599 178
599 314
929 333
929 178
929 249
929 314
703 633
703 528
285 147
278 239
278 196
278 151
278 214
278 951
278 13
248 980
92 316
445 750
780 514
780 977
819 329
819 955
923 746
923 915
229 443
229 421
229 75
229 334
895 551
373 190
373 344
251 987
251 528
169 372
439 266
439 521
439 168
68 987
68 90
372 934
372 404
372 149
948 52
948 425
948 854
948 313
948 120
948 250
948 765
948 416
624 245
624 329
624 231
122 450
122 718
977 497
977 514
977 410
977 832
977 1004
977 153
977 418
506 14
506 199
304 441
863 783
863 740
863 901
863 199
863 157
802 450
802 40
994 764
994 987
450 695
450 572
450 915
450 187
450 568
450 947
828 738
416 425
416 946
416 147
416 435
416 168
771 697
113 535
28 681
28 987
107 335
107 192
69 735
69 879
301 280
301 630
15 584
15 680
15 731
289 810
289 664
106 402
106 950
511 428
377 246
377 718
377 866
377 101
353 190
353 391
98 429
98 401
98 713
656 190
656 920
656 280
153 418
153 996
371 870
497 773
497 491
25 48
25 918
290 253
915 806
915 341
915 200
915 316
915 772
915 428
915 224
915 952
915 142
915 17
915 160
915 530
915 739
915 857
915 120
796 987
332 500
332 256
332 782
332 250
332 435
332 347
582 987
273 951
173 14
468 664
720 633
720 746
720 668
720 527
720 813
720 890
720 383
720 935
550 746
543 200
543 316
266 790
266 168
270 334
659 306
347 147
52 425
52 868
52 232
682 650
141 978
141 530
254 40
150 444
150 833
150 191
150 752
731 528
731 584
731 284
731 680
731 422
428 142
428 962
428 806
428 990
428 316
428 17
428 200
428 224
428 857
65 425
65 205
65 220
65 724
324 38
559 50
840 874
840 311
840 987
840 925
840 540
157 147
628 75
177 472
177 168
843 718
843 61
843 883
843 711
30 949
30 790
30 168
662 40
662 214
189 491
189 718
189 528
189 410
414 891
401 454
401 429
401 165
401 415
526 280
837 738
392 362
883 718
883 61
883 184
883 724
883 907
883 857
605 178
605 693
605 470
919 376
919 601
919 1000
527 710
527 870
540 245
540 264
540 329
540 987
540 231
540 874
540 697
808 899
808 29
281 718
783 738
783 654
783 541
378 514
954 978
954 951
926 147
846 67
846 288
609 772
609 749
17 316
17 857
441 4
441 860
441 848
586 984
586 435
294 104
294 790
133 602
522 718
522 61
985 664
482 641
482 531
482 987
482 990
953 280
953 316
155 784
521 168
149 716
664 537
664 737
664 381
664 643
664 810
664 192
664 440
664 335
850 199
850 962
850 90
647 806
647 280
647 316
880 890
104 984
104 648
104 256
160 857
987 245
987 789
987 809
987 872
987 641
987 338
987 849
987 873
987 764
987 480
987 433
987 311
987 361
987 95
987 90
987 698
987 531
987 231
987 56
987 955
499 91
499 90
901 742
70 950
70 534
70 38
70 663
680 284
687 746
687 120
654 738
812 2
874 245
874 873
874 231
874 764
38 528
391 67
391 750
339 178
830 528
142 165
142 316
142 136
142 280
142 857
154 534
678 696
334 772
334 890
334 962
334 415
334 214
334 995
334 75
730 109
630 484
630 685
220 749
333 178
333 767
333 19
937 585
232 744
232 472
232 946
232 168
669 32
669 544
421 795
685 643
435 500
435 782
67 190
67 207
67 165
67 963
67 344
72 528
48 41
48 558
48 956
48 321
48 1000
48 723
48 458
48 319
48 216
947 40
351 316
991 178
165 207
165 316
165 344
165 31
946 425
946 744
946 472
946 90
946 684
387 957
835 233
732 718
40 695
40 187
40 90
40 272
40 488
40 198
40 900
40 712
40 60
40 568
40 572
607 749
744 472
744 168
873 697
873 925
777 718
934 595
302 316
944 90
236 537
950 514
260 168
723 758
723 41
795 424
795 207
53 233
53 316
53 120
277 933
277 147
300 784
754 718
754 61
789 470
188 978
188 280
188 362
913 799
338 231
224 316
0 178
295 178
976 178
976 130
976 99
335 688
311 697
912 949
912 214
912 77
912 168
13 738
13 516
13 532
716 866
716 718
716 61
719 738
719 541
735 962
935 746
935 668
935 692
935 233
952 806
952 200
952 316
969 718
99 862
99 178
745 738
429 454
429 415
541 738
168 868
168 126
168 77
168 949
168 472
454 629
454 772
454 1003
454 120
316 344
316 971
316 888
316 349
316 31
316 990
316 200
316 136
316 857
823 542
517 648
517 267
517 478
517 751
418 178
418 538
418 996
542 518
542 646
542 528
684 318
713 566
190 181
190 614
190 274
190 486
329 910
990 31
663 310
663 322
663 343
561 280
997 120
78 178
817 978
718 16
718 866
718 595
718 114
718 61
718 293
718 724
718 243
718 32
718 120
668 746
231 245
231 2
918 758
569 178
569 749
644 199
319 844
256 356
256 313
256 109
996 14
362 383
362 444
362 974
314 178
314 693
105 233
710 178
813 746
813 214
544 8
544 143
544 739
933 355
933 147
6 178
962 890
31 24
267 214
532 516
369 646
274 920
274 469
1000 844
1000 112
178 470
178 772
178 767
178 749
178 249
178 502
178 862
178 528
178 91
178 409
178 228
178 693
178 214
178 538
534 139
534 510
851 978
851 547
161 214
444 518
629 280
629 530
629 891
90 458
90 472
90 572
90 216
90 702
2 700
2 790
2 891
784 660
784 528
784 306
749 191
749 464
749 995
749 502
746 900
746 665
746 233
746 692
374 864
35 978
35 585
249 491
618 216
1004 423
811 415
42 383
42 649
854 518
120 257
120 772
120 868
120 865
120 660
535 518
41 758
41 73
491 5
143 739
855 697
83 697
966 949
253 566
167 469
167 978
980 670
14 924
14 199
306 742
344 200
322 299
516 700
553 670
469 978
469 207
614 978
800 62
772 75
838 857
280 658
280 207
280 24
280 547
280 360
280 32
280 631
299 995
299 343
774 91
56 91
528 765
528 764
697 925
697 293
423 779
502 214
502 464
264 245
293 724
425 765
425 602
250 886
503 758
585 957
472 949
758 956
458 956
458 216
974 984
974 721
692 233
971 200
715 147
530 891
530 857
62 646
71 595
814 500
995 415
995 397
844 415
200 806
200 136
643 670
513 646
857 951
181 920
551 799
45 782
32 214
707 1003
686 147
355 147
748 147
595 568
978 547
862 547
891 75
891 24
577 147
590 147
171 147
782 66
972 147
633 193
633 546
73 216
216 321
