687 776
687 549
644 924
931 171
654 682
362 383
703 120
776 53
383 444
267 517
721 908
535 444
62 485
62 823
62 646
62 214
62 120
737 440
334 220
923 335
229 317
730 854
292 135
814 500
220 150
220 75
220 471
256 648
500 332
500 435
232 648
948 854
948 743
823 163
823 120
810 289
810 381
513 646
685 484
685 643
67 963
369 646
369 913
178 605
828 516
947 774
107 335
107 98
107 5
208 0
682 783
682 738
682 650
175 5
289 335
289 899
650 738
377 365
996 506
736 581
433 738
433 540
648 356
648 765
648 168
751 854
112 674
112 517
112 803
371 135
381 327
205 90
166 854
332 854
1001 924
1001 516
1001 14
86 317
53 335
854 542
702 924
245 231
581 135
405 135
77 912
13 516
671 633
868 790
306 807
214 742
742 272
783 135
783 850
404 506
517 915
738 850
482 531
881 804
