599 929
599 710
599 99
344 67
344 165
344 373
344 316
580 143
580 669
275 114
275 175
703 626
703 65
703 784
288 750
288 846
288 629
288 484
288 391
288 610
248 980
38 534
38 591
92 31
92 316
445 750
445 629
819 329
923 738
229 356
895 163
895 518
895 551
895 823
373 190
439 168
439 912
439 177
329 245
329 624
948 52
948 425
948 946
948 120
624 245
624 231
699 425
699 168
699 912
699 177
977 1004
977 153
977 410
977 418
516 532
420 559
420 879
450 40
450 947
450 662
597 738
113 62
113 518
28 738
107 320
107 670
107 90
107 208
107 201
107 175
107 29
107 289
107 5
107 464
107 335
107 985
107 980
107 236
107 528
107 537
107 381
107 118
107 664
107 810
107 898
107 643
107 899
107 1004
107 553
107 192
301 188
301 902
235 273
106 950
106 622
377 246
377 718
377 101
377 423
98 429
830 528
921 738
921 611
371 870
25 499
290 53
290 278
290 214
290 367
118 90
915 806
915 341
915 200
915 316
915 428
915 883
915 952
915 857
915 160
915 530
915 17
915 142
915 31
535 542
1001 738
1001 506
1001 14
273 951
723 758
723 41
723 73
468 980
720 633
720 746
720 935
720 527
543 316
134 738
388 96
388 90
266 168
266 912
266 177
78 130
78 688
336 926
347 332
52 868
52 232
52 112
52 912
141 978
485 62
485 362
150 444
150 752
150 546
428 806
428 302
428 971
428 17
428 200
428 857
428 224
428 136
428 952
428 316
885 586
885 168
65 220
65 415
65 70
65 322
65 120
324 84
324 509
320 90
559 622
559 50
840 874
843 779
843 883
843 184
30 168
662 40
662 443
878 99
189 718
189 410
189 502
603 70
414 891
401 454
401 165
401 429
526 629
392 674
872 582
883 907
883 225
883 184
883 724
883 1004
424 207
424 990
424 421
99 178
99 547
527 855
808 899
808 29
783 738
783 746
926 715
926 147
846 67
846 484
846 629
609 772
609 120
17 316
949 168
949 912
949 177
901 585
901 742
184 754
184 907
184 225
184 732
184 711
184 407
184 779
241 645
540 245
540 987
540 231
540 874
540 311
540 955
546 517
155 54
521 168
521 912
521 177
795 207
11 148
101 246
880 4
880 379
104 425
104 790
160 629
987 338
499 565
499 918
499 48
499 679
294 586
294 790
70 90
680 584
680 284
680 422
687 812
687 120
687 995
687 742
654 979
654 991
346 96
874 245
874 873
874 231
874 764
944 90
534 139
534 591
534 334
534 125
679 73
510 622
337 505
376 96
334 772
334 995
334 415
334 214
125 622
253 120
611 506
367 425
367 214
220 90
333 767
500 332
500 435
500 814
317 374
293 697
810 881
646 62
685 630
685 629
685 643
435 762
435 586
435 332
67 207
67 165
67 963
67 391
72 2
72 214
132 96
164 638
947 774
351 316
165 990
165 316
165 136
165 31
946 425
946 232
946 472
946 90
946 912
946 168
40 696
40 90
607 75
744 232
873 925
934 595
302 316
260 232
381 192
381 532
558 207
558 216
173 506
173 14
173 996
173 199
898 688
664 335
676 622
676 601
53 518
53 542
53 316
53 233
53 338
53 120
277 933
277 147
955 925
812 700
812 790
812 465
812 119
789 470
789 528
188 978
151 278
338 951
224 31
224 316
759 166
0 178
0 929
634 622
634 96
634 90
752 951
752 120
335 643
311 697
311 925
912 214
912 332
912 77
912 177
912 425
912 232
912 472
912 586
912 168
719 738
719 541
135 692
832 96
979 738
935 700
935 668
935 233
935 813
935 746
952 806
952 200
952 316
704 743
941 90
541 738
541 506
168 868
168 790
168 425
168 126
168 332
168 77
168 177
168 984
168 586
168 232
168 472
454 772
454 429
454 120
316 971
316 888
316 90
316 349
316 142
316 31
316 953
316 990
316 200
316 647
316 136
316 857
769 528
433 528
517 112
517 648
517 267
517 478
517 751
418 996
418 502
264 245
542 518
542 90
190 890
190 629
190 191
663 343
561 629
997 629
997 891
997 528
127 32
24 750
24 629
24 891
24 782
24 631
24 528
718 754
718 746
718 61
718 724
718 90
718 779
668 746
909 589
791 32
644 738
644 506
996 506
658 143
658 629
105 233
813 746
813 214
971 838
971 200
586 310
586 782
586 383
586 332
586 267
586 984
586 762
962 42
962 399
647 806
647 953
31 857
267 112
274 585
1000 41
1000 112
178 862
178 470
178 693
178 528
178 90
178 772
178 228
178 978
178 502
391 750
391 629
851 469
851 978
629 750
629 280
629 782
629 530
629 631
629 630
629 891
629 493
629 360
629 484
90 96
90 228
90 472
90 572
90 763
429 415
784 390
784 742
784 306
749 700
749 191
749 692
746 214
746 595
746 692
35 978
249 491
618 321
95 440
1004 724
1004 423
811 617
42 509
120 772
120 198
120 633
120 191
841 214
41 758
41 73
518 854
518 799
491 5
855 581
855 697
332 126
332 250
167 469
46 622
46 310
14 506
306 790
306 742
674 112
630 200
506 670
506 199
484 750
451 207
469 207
469 978
341 739
341 200
772 75
299 96
443 742
443 214
232 425
232 472
509 96
230 147
697 925
423 246
738 397
738 231
724 246
250 886
503 758
503 73
77 177
988 207
693 228
758 73
136 200
692 191
692 233
692 581
692 775
710 862
544 8
62 163
5 29
464 214
71 595
995 91
754 16
45 782
764 245
799 551
595 404
688 899
416 425
862 547
112 166
310 879
310 343
233 245
577 147
900 568
590 147
568 379
782 66
29 899
743 166
214 245
214 742
231 245
84 528
216 321
528 166
