599 0
644 783
644 506
644 850
644 1001
644 91
710 0
996 418
362 909
362 586
362 670
362 118
703 771
703 784
314 0
535 369
371 135
105 418
737 440
464 335
292 135
127 107
333 0
605 14
605 0
605 728
6 0
111 571
249 0
513 646
107 178
107 850
107 987
267 648
435 500
730 868
67 963
369 646
369 913
397 975
994 433
178 0
947 774
538 0
771 742
537 236
991 0
364 205
28 231
629 891
946 305
90 135
272 742
784 742
746 841
595 550
595 0
433 540
433 849
648 356
648 112
648 948
648 392
648 790
648 674
648 517
648 416
648 751
648 803
236 0
416 500
862 0
519 0
260 912
250 854
409 0
332 500
1001 783
1001 189
1001 14
1001 343
900 742
767 0
550 546
863 742
819 329
78 0
659 742
205 692
470 0
532 804
782 500
923 506
921 14
29 899
976 0
157 135
912 472
912 168
30 868
716 0
189 0
868 790
868 948
14 738
14 506
14 924
14 702
283 2
306 807
306 742
979 783
929 0
949 168
506 783
99 0
62 646
942 135
264 329
502 0
838 288
517 718
257 940
0 228
0 693
58 909
940 75
575 472
