599 569
599 605
599 929
929 409
929 99
929 767
929 569
929 710
929 78
703 771
703 784
285 577
285 147
285 277
288 773
288 445
288 846
288 629
288 493
288 484
288 391
288 630
288 561
248 501
38 832
535 444
535 250
720 813
720 746
720 668
720 935
720 214
347 577
347 147
923 738
923 193
923 278
923 915
923 502
229 607
229 483
373 316
251 987
439 912
439 266
439 168
329 264
329 624
948 500
948 209
948 112
948 256
948 126
948 674
948 743
948 75
948 803
948 356
948 854
948 120
948 392
948 912
948 267
948 592
948 416
624 692
699 912
977 189
977 153
506 899
802 742
994 540
994 987
994 582
450 272
450 595
771 306
771 926
771 863
658 280
658 629
28 987
28 955
107 201
69 310
301 469
377 866
377 101
98 401
433 987
466 40
466 662
575 500
575 912
575 168
25 918
290 253
290 159
915 142
915 428
915 742
915 316
291 454
291 401
332 500
332 318
332 782
582 245
582 987
582 175
32 791
550 546
543 316
543 952
388 491
250 485
250 444
250 369
250 542
250 178
166 126
166 743
166 759
166 586
166 112
52 356
52 313
52 912
52 416
141 67
141 469
150 462
150 415
731 193
731 696
731 284
731 422
428 990
428 316
428 136
428 838
428 857
428 142
885 984
885 30
885 90
462 11
462 426
462 83
559 50
281 280
157 577
483 586
30 356
30 765
662 443
189 135
189 718
189 410
401 454
401 165
401 415
401 429
526 629
837 969
837 654
392 517
663 951
883 718
883 0
883 724
605 862
605 470
605 700
605 710
605 767
605 409
605 228
605 0
605 78
605 333
605 6
605 693
605 976
605 569
605 178
605 249
605 538
605 502
99 569
327 381
657 643
808 29
783 738
783 682
783 650
783 654
954 469
926 577
926 147
926 277
846 629
209 356
609 633
609 592
568 595
568 198
949 912
949 168
294 416
180 829
241 469
540 874
540 987
540 231
540 951
540 338
540 955
953 316
82 628
795 469
795 421
823 239
101 246
135 870
160 629
987 245
987 789
987 809
987 872
987 641
987 338
987 849
987 607
987 873
987 432
987 840
987 764
987 480
987 482
987 311
987 361
987 95
987 68
987 698
987 531
987 231
987 56
987 955
987 925
499 565
499 935
499 704
70 415
70 90
680 284
339 569
687 607
687 746
687 586
654 738
654 682
654 650
874 245
874 873
874 231
874 840
874 764
552 978
552 817
391 67
230 147
142 136
142 316
142 267
337 607
334 607
334 746
334 586
334 214
334 534
334 322
253 566
253 151
292 836
292 306
482 56
482 606
592 454
333 569
333 178
333 743
333 607
638 164
232 313
232 790
232 472
232 74
118 862
118 365
118 502
421 424
421 469
685 629
972 577
972 147
67 165
67 963
72 108
947 774
284 422
538 569
165 344
165 31
165 316
835 307
835 742
40 187
607 6
607 61
607 534
607 696
607 343
607 718
607 231
607 178
607 591
607 692
607 502
650 738
650 682
302 316
236 537
236 208
950 310
381 335
381 178
381 192
723 565
723 758
898 2
715 577
53 120
754 742
188 469
188 614
0 569
295 569
634 509
159 239
159 214
159 742
912 425
912 126
912 313
912 74
912 356
912 472
912 416
912 266
912 168
13 951
13 532
104 721
104 765
976 569
976 349
935 746
952 200
952 316
704 743
745 738
185 684
2 790
168 984
168 356
168 586
168 416
168 266
168 74
454 429
316 200
316 971
316 136
316 857
316 31
316 629
103 164
418 996
738 682
425 356
425 472
684 844
512 469
561 31
561 629
561 530
940 415
940 214
318 71
318 956
817 469
565 41
565 844
718 762
718 61
718 724
718 980
531 280
231 264
231 178
951 214
951 679
909 862
909 58
909 383
319 918
256 356
256 313
256 416
256 133
996 199
907 843
866 246
314 569
956 758
956 700
956 918
6 569
586 617
586 416
586 126
586 782
586 435
586 74
586 602
249 569
574 356
78 569
532 700
164 943
178 415
178 90
178 409
178 75
178 569
178 692
851 469
851 502
732 365
629 891
629 24
629 280
629 214
629 530
629 493
629 360
629 631
629 630
90 343
713 239
746 214
35 469
170 855
537 440
335 980
409 569
86 443
854 918
109 356
120 193
120 633
120 542
120 772
120 500
120 416
120 198
120 435
120 75
470 569
957 469
143 696
399 310
74 984
74 214
74 416
943 310
356 416
356 112
356 313
356 743
356 472
356 721
356 602
167 469
534 862
700 277
700 790
924 516
516 804
516 764
767 569
767 410
469 614
469 424
469 547
469 207
872 686
280 530
488 198
443 742
443 214
697 855
502 862
502 569
264 245
293 862
881 804
266 790
277 577
277 147
693 569
472 313
472 112
758 41
758 844
758 918
458 577
763 214
692 191
710 569
931 577
931 147
383 595
41 73
530 891
984 126
984 782
62 646
435 500
435 267
814 500
696 61
696 563
696 686
200 136
126 790
126 782
228 569
775 742
368 310
355 577
355 147
978 920
686 577
686 147
748 577
595 193
595 404
416 147
862 547
862 569
310 343
577 171
577 255
577 933
577 590
577 147
590 171
590 147
602 721
602 743
171 147
672 918
991 569
920 546
743 721
933 147
214 742
742 61
742 765
918 844
721 765
