599 99
599 710
599 767
929 249
275 114
275 175
285 347
248 90
92 31
445 391
445 288
347 171
347 715
347 926
347 931
347 277
347 686
347 972
347 933
347 577
347 590
347 157
347 748
347 355
347 147
923 738
923 890
923 707
923 502
462 607
462 833
462 11
373 190
373 391
373 280
736 769
736 383
251 410
169 595
439 912
439 168
329 582
329 264
329 819
329 692
948 112
948 90
948 674
948 75
948 267
948 803
948 356
948 854
948 447
948 392
948 890
948 416
948 751
948 592
948 120
624 692
122 428
977 996
977 410
977 1004
977 192
977 418
977 153
506 173
506 381
506 541
994 540
994 692
450 595
450 712
450 517
771 362
197 586
107 718
573 586
573 74
15 584
15 406
15 731
15 284
15 680
15 422
511 280
377 772
377 630
353 190
353 391
98 707
656 190
153 836
153 418
153 996
575 912
260 168
25 672
25 48
290 214
915 517
796 921
332 500
332 416
1001 605
1001 532
1001 410
1001 685
326 586
720 746
720 935
720 527
550 743
543 891
543 951
543 952
134 356
388 638
388 517
266 912
78 951
659 798
659 306
908 104
141 469
469 421
469 188
469 630
469 851
731 584
731 284
885 586
229 306
324 586
324 592
559 622
840 874
840 540
157 517
157 686
30 356
30 743
189 316
189 896
414 607
414 687
414 891
401 429
401 165
837 850
883 857
424 644
424 73
424 618
327 924
327 381
783 516
954 207
926 715
926 565
926 577
926 748
926 73
926 336
846 67
846 561
846 288
609 38
447 586
447 912
447 416
586 735
586 762
586 61
586 126
586 782
586 38
586 435
586 74
586 984
586 294
586 267
586 517
586 602
294 126
294 817
294 416
294 74
180 958
184 710
679 499
540 245
540 193
540 231
540 874
540 692
58 909
807 951
149 372
795 421
850 881
101 246
135 628
135 371
135 334
135 855
135 581
135 942
135 517
987 56
481 565
70 534
680 707
680 422
346 638
346 634
346 832
874 245
874 873
874 231
874 764
776 334
142 143
337 310
334 245
334 220
334 772
334 75
334 435
499 704
499 48
499 918
499 565
499 458
499 844
499 318
499 321
879 164
879 322
333 605
333 6
500 782
500 814
500 435
232 425
232 356
232 790
293 862
685 605
685 898
685 630
435 782
435 267
423 246
423 410
67 207
67 165
67 561
67 963
67 344
67 391
48 956
48 558
48 319
48 216
48 458
369 513
369 913
391 288
947 774
284 422
538 90
538 502
165 344
165 31
165 316
670 605
670 5
946 425
946 356
946 472
40 272
40 712
607 718
607 159
607 891
607 696
607 415
873 231
934 372
371 456
381 192
381 29
723 41
723 277
676 622
372 572
372 404
812 790
338 231
0 732
0 502
634 638
634 832
159 214
913 823
335 890
13 951
912 868
912 214
912 730
912 425
912 356
912 74
912 472
912 556
912 168
912 416
716 718
719 541
104 721
104 425
887 383
832 638
277 700
935 746
935 813
952 200
952 971
220 75
220 90
704 743
2 790
502 61
502 951
502 214
502 178
502 517
502 591
168 425
168 356
168 949
168 790
168 472
168 556
168 648
168 416
773 288
517 61
517 166
517 718
517 356
517 692
517 742
517 591
517 851
517 602
103 164
418 996
738 516
738 231
738 921
425 356
684 318
190 181
190 274
190 120
204 267
990 207
663 343
561 978
561 288
940 214
24 267
24 891
718 746
718 61
718 415
718 178
718 595
718 980
668 746
231 245
231 764
918 844
909 862
791 862
644 73
644 618
256 356
362 383
743 356
743 166
743 416
743 602
658 280
658 630
105 764
813 746
761 532
433 410
267 112
267 838
267 674
267 686
532 516
532 804
730 868
730 356
730 416
164 420
1000 112
178 99
706 638
706 322
706 951
706 310
152 443
152 765
629 772
629 280
629 493
629 891
629 288
90 191
90 8
90 765
90 692
601 510
175 849
746 306
746 742
746 775
170 855
542 126
618 73
42 951
318 765
120 772
120 239
120 951
600 956
41 503
41 73
491 5
491 281
74 112
74 166
943 46
356 52
356 868
356 313
356 126
356 765
356 416
356 472
356 648
356 602
410 779
410 32
868 126
138 383
288 493
288 484
322 740
630 493
630 415
484 61
485 62
614 193
800 62
772 443
772 75
838 112
838 857
443 721
697 925
697 855
788 622
881 804
724 246
692 245
692 191
692 233
692 775
692 742
52 126
956 844
62 513
696 595
126 782
126 790
126 166
45 227
764 233
707 193
707 633
707 951
707 416
595 790
648 790
672 844
633 193
214 951
742 765
742 306
66 227
721 765
