866 377
599 99
599 693
599 178
599 228
599 710
599 929
599 767
599 314
580 229
580 791
580 32
580 197
580 669
275 14
275 175
703 137
285 577
285 147
248 591
248 334
248 90
92 915
92 31
92 316
92 351
720 813
720 746
720 668
720 935
347 147
923 687
923 746
923 915
923 214
923 742
923 2
923 75
923 502
229 696
895 518
373 190
736 540
251 987
169 595
439 912
439 168
329 469
329 819
329 582
948 425
948 356
948 721
948 126
948 250
948 266
948 416
624 836
624 239
699 168
977 1004
977 410
977 184
977 996
977 407
977 114
977 153
506 189
506 440
506 737
506 657
506 173
506 68
506 541
994 987
994 582
450 586
416 147
416 743
113 62
113 646
28 987
197 32
197 718
107 1004
107 201
107 320
301 469
15 731
15 951
15 422
106 663
377 127
377 101
377 423
377 422
353 190
353 181
353 891
98 429
98 707
98 401
433 987
921 738
371 135
371 837
290 214
858 991
915 920
915 141
915 200
915 316
915 428
915 280
915 530
915 953
915 857
915 351
915 851
427 540
427 955
796 987
332 984
332 500
582 764
582 987
723 503
723 277
550 812
550 692
543 316
543 351
308 418
134 65
976 502
226 90
266 912
266 260
266 77
78 178
78 314
336 147
336 926
908 721
908 765
100 765
469 954
469 188
469 795
469 421
469 957
469 424
469 817
469 614
469 167
469 547
469 241
469 35
469 207
469 851
469 451
136 316
136 351
731 422
428 207
428 990
428 316
428 173
428 857
428 142
428 165
428 351
428 200
428 32
428 302
428 367
562 893
159 500
65 334
65 75
65 220
65 687
405 135
559 50
840 873
840 318
840 987
840 231
157 147
157 517
843 779
30 868
30 168
662 900
662 86
878 178
878 929
189 491
189 127
189 546
189 90
414 687
414 891
119 812
119 700
401 454
401 429
401 165
401 415
526 280
526 629
867 763
867 118
867 974
392 74
305 232
424 990
424 795
99 178
99 314
527 710
527 870
88 950
88 906
926 715
926 147
846 67
846 629
846 288
609 454
609 633
609 53
609 239
609 772
609 75
17 316
949 912
949 168
180 958
241 280
540 245
540 987
540 231
540 697
540 764
540 338
540 955
546 415
82 135
795 207
795 421
101 423
880 707
135 628
135 870
135 581
135 851
135 742
135 4
135 942
135 170
135 692
160 629
160 891
987 245
987 789
987 809
987 872
987 641
987 338
987 849
987 873
987 432
987 764
987 480
987 482
987 311
987 361
987 95
987 68
987 698
987 531
987 231
987 56
987 955
987 925
499 684
294 166
680 707
687 500
687 746
687 334
687 684
687 32
687 75
939 951
874 925
38 337
38 951
534 862
534 42
534 16
679 684
142 280
142 316
142 351
337 46
337 84
337 676
334 696
334 90
334 75
334 607
334 692
334 214
334 185
334 995
334 322
253 151
243 607
482 105
482 531
220 90
333 767
500 586
500 214
500 974
500 166
500 814
500 575
232 912
232 790
232 472
232 168
118 732
118 29
118 553
421 280
685 605
685 629
685 1001
685 630
435 586
435 74
67 963
630 668
630 629
630 214
630 484
630 530
48 684
132 388
391 288
602 517
351 806
351 990
351 200
351 971
351 647
351 224
351 349
351 857
351 165
351 952
351 302
351 31
351 953
351 316
165 316
165 280
165 31
704 684
40 187
610 288
607 782
607 696
607 591
873 231
302 316
260 912
260 77
260 168
381 532
558 684
558 844
558 956
166 517
166 743
166 74
53 193
53 978
53 277
53 161
812 790
812 700
812 465
789 605
188 280
422 613
422 90
422 280
335 537
335 464
77 912
752 120
613 90
912 868
912 730
912 425
912 356
912 472
912 214
912 168
393 61
719 14
719 410
104 765
832 388
565 684
565 517
935 813
935 746
952 200
952 316
716 249
745 738
185 854
185 763
429 454
429 415
541 199
541 576
120 772
120 190
120 454
773 288
454 772
293 862
293 280
316 990
316 200
316 971
316 647
316 838
316 857
316 367
316 31
316 953
517 586
517 765
517 751
517 542
517 356
517 854
517 803
517 674
418 105
418 996
966 168
738 881
542 62
542 485
542 646
282 16
684 956
684 918
684 318
684 321
684 844
661 692
190 181
190 656
190 274
190 90
990 280
990 31
663 951
663 343
561 280
561 629
407 369
940 214
127 16
127 61
127 595
24 280
24 750
24 629
24 891
24 528
974 586
974 74
718 595
718 61
531 528
668 746
231 782
909 362
791 693
278 75
256 356
362 383
658 280
658 629
314 710
314 767
314 693
314 929
722 2
710 767
813 746
586 61
586 782
962 700
962 114
893 299
647 280
267 112
730 356
730 868
730 168
150 617
369 444
1000 919
178 605
178 862
178 693
178 767
178 228
178 929
178 502
591 746
591 692
851 280
851 90
702 1001
444 471
629 750
629 891
629 288
629 280
629 530
629 902
629 493
629 360
629 484
629 631
90 862
90 920
90 890
90 978
90 502
2 857
175 5
175 849
784 239
784 863
784 374
784 742
784 306
749 75
749 692
746 900
746 214
746 233
746 692
374 306
35 280
170 855
854 518
854 800
902 280
168 868
168 313
168 425
168 356
168 472
518 799
518 163
399 343
356 868
356 313
356 112
356 743
356 425
356 472
590 147
671 995
700 790
14 924
306 790
306 742
306 343
924 516
674 765
239 707
239 502
484 750
484 288
485 604
485 62
320 201
772 75
280 530
280 656
280 631
280 953
280 920
280 547
280 360
280 32
299 509
953 207
55 595
443 272
443 742
502 693
502 538
388 742
693 61
659 742
472 868
472 743
137 742
763 214
692 696
692 233
692 75
617 75
956 790
544 563
715 577
715 147
383 528
530 288
530 739
62 646
707 951
707 1003
355 577
355 147
595 404
862 547
577 171
577 73
577 147
900 742
863 742
171 147
782 66
313 868
415 762
933 147
214 951
868 765
