599 178
599 130
599 0
599 732
599 78
929 0
929 314
275 849
275 175
703 306
703 120
278 687
278 923
248 229
248 891
92 658
92 915
720 383
720 935
780 977
347 912
923 53
923 890
923 687
229 783
229 812
229 518
229 731
229 40
229 776
229 147
229 356
229 329
229 612
229 428
229 157
229 739
229 997
229 684
229 220
229 743
229 189
229 586
229 637
229 850
229 127
229 775
229 343
229 718
229 472
229 499
229 450
229 534
229 692
895 799
895 518
373 190
373 391
373 207
251 987
169 595
424 795
329 338
329 540
372 404
948 356
948 133
948 435
948 946
948 416
26 662
624 338
977 950
977 514
977 790
977 996
977 122
977 1004
977 832
977 418
977 732
977 969
977 153
304 317
802 662
994 245
994 987
994 95
994 56
994 540
994 433
994 338
994 692
450 40
450 272
450 187
450 662
828 719
416 356
416 586
416 790
416 946
416 232
416 147
416 803
416 629
658 160
658 24
658 280
28 987
107 810
107 381
107 643
626 161
573 166
573 586
289 810
106 740
377 422
484 750
484 288
98 454
98 401
433 987
466 662
153 996
921 506
290 193
290 214
915 316
915 136
915 122
915 428
915 224
915 351
427 955
796 987
535 444
535 369
535 518
535 913
582 987
273 951
816 607
550 546
853 638
853 343
134 90
134 742
388 96
388 343
250 886
195 934
195 951
617 811
617 75
857 428
857 316
857 122
141 241
72 443
72 662
150 471
731 739
731 284
731 680
428 24
428 122
885 586
885 294
885 74
65 687
65 784
324 337
324 38
324 460
559 622
559 50
840 874
840 987
157 546
843 184
30 868
30 790
30 765
30 946
662 712
662 60
662 782
662 272
662 488
662 379
662 572
662 586
662 695
662 187
662 198
662 900
662 254
662 214
662 568
662 947
662 40
189 32
189 365
414 995
414 891
800 62
401 454
401 165
401 429
401 415
526 160
526 24
526 280
392 166
663 22
605 178
605 0
919 337
723 503
723 1000
540 245
540 874
540 987
540 264
540 955
783 367
954 207
926 748
926 147
926 686
926 951
846 67
846 288
609 951
889 868
294 111
294 586
294 332
294 759
294 974
294 74
180 727
184 38
522 365
482 987
546 8
546 61
546 415
546 669
546 491
546 277
795 207
850 53
850 924
850 682
850 804
850 367
101 718
104 356
160 280
160 360
160 24
987 245
987 789
987 809
987 872
987 641
987 338
987 849
987 873
987 764
987 480
987 311
987 361
987 95
987 68
987 367
987 698
987 531
987 231
987 56
987 955
499 684
499 844
499 833
70 638
70 334
680 284
487 139
687 500
687 586
346 96
874 245
874 873
874 231
874 764
38 42
38 638
534 139
510 139
337 61
337 935
154 950
154 139
750 288
589 528
334 500
334 586
125 676
125 139
125 622
611 924
367 865
367 518
367 946
367 834
367 127
367 671
367 178
367 739
367 997
367 40
367 963
367 502
367 544
879 420
333 6
333 693
333 0
638 700
638 96
638 528
638 509
638 832
232 868
232 744
232 790
669 544
810 381
646 62
685 629
685 90
435 586
435 518
788 402
788 740
67 207
67 165
67 391
67 344
67 963
630 167
630 288
48 1000
132 96
369 913
284 584
284 422
351 782
351 952
991 693
991 0
165 31
165 316
477 139
946 845
946 545
946 313
40 415
610 391
610 288
873 245
873 925
873 231
371 415
381 192
381 5
558 207
558 415
558 1000
558 565
558 90
558 844
558 216
173 506
701 728
166 111
166 112
166 356
676 139
676 622
53 491
402 634
277 813
955 311
939 139
789 432
223 164
759 984
0 470
0 710
0 314
0 976
0 249
0 365
0 502
0 862
0 6
0 118
0 409
0 228
0 78
0 767
0 693
0 732
0 178
0 99
0 519
0 538
422 613
634 96
634 601
113 62
113 163
976 143
976 349
976 502
311 925
912 949
912 356
912 313
912 90
591 692
832 96
832 423
935 233
952 806
952 200
952 316
704 503
704 318
323 139
547 851
185 78
429 454
168 313
316 214
316 200
517 674
517 112
517 267
517 803
418 996
542 163
542 90
684 844
190 181
190 274
190 353
190 656
190 120
415 811
561 280
561 24
24 530
24 360
24 891
24 280
24 631
24 629
718 904
718 61
718 724
718 866
951 239
951 274
951 715
951 706
74 984
74 586
74 313
74 974
644 506
644 90
256 356
256 313
256 648
996 813
122 904
866 724
314 693
314 710
105 374
737 849
813 746
813 214
133 602
6 178
6 506
586 500
586 111
586 267
586 332
586 974
983 214
249 409
249 178
78 693
730 313
1000 41
1000 503
1000 216
1000 458
178 862
178 693
391 353
391 288
851 35
851 920
444 518
629 614
629 288
629 90
629 280
629 530
90 500
90 518
90 233
90 784
90 356
601 139
175 849
175 5
784 742
784 697
784 170
784 390
749 692
817 167
374 742
35 207
35 902
751 267
318 216
206 139
86 443
86 152
120 772
120 762
41 503
518 513
491 281
143 544
399 343
849 423
332 500
332 782
943 322
356 52
356 111
356 313
356 765
356 472
356 648
356 602
167 988
167 181
167 469
671 995
700 2
700 214
138 383
924 14
924 199
674 112
322 139
812 2
812 790
812 119
506 5
506 192
506 29
365 118
365 281
365 595
365 32
365 410
111 743
111 765
111 602
469 207
280 530
280 360
280 631
299 96
443 152
443 742
509 96
697 925
953 207
502 228
502 214
740 343
724 246
693 862
472 313
458 577
692 233
544 8
544 739
530 891
984 126
984 267
656 181
62 163
814 500
995 775
995 891
844 918
200 806
126 868
126 790
228 214
181 920
397 891
58 2
595 404
648 721
648 267
267 112
267 478
891 360
602 765
64 139
29 899
500 214
214 765
742 528
742 306
868 790
721 765
139 622
790 2
