599 333
599 178
599 693
929 333
929 178
580 409
580 710
580 582
275 114
275 175
703 193
703 771
688 55
688 107
285 577
644 506
248 696
248 891
248 530
535 444
535 722
535 518
535 214
535 772
535 250
720 870
720 306
720 833
720 935
720 147
720 746
720 668
720 527
720 942
720 813
720 185
720 771
923 617
923 687
923 707
923 951
923 609
923 90
923 772
923 278
923 235
923 607
923 542
923 890
923 197
923 334
923 159
923 39
923 157
923 546
923 367
923 592
923 528
923 135
923 875
923 654
923 239
923 850
923 506
923 880
923 193
923 633
923 53
923 550
923 214
923 134
923 910
923 576
923 476
923 270
923 120
229 696
895 518
373 190
373 207
373 391
898 107
251 987
169 55
439 232
439 885
439 77
439 168
329 738
329 624
329 427
948 75
362 383
977 1004
977 55
977 153
977 418
506 654
506 745
506 980
506 249
506 78
802 428
994 987
994 582
450 695
828 654
528 383
771 870
771 863
771 317
771 306
771 594
113 250
28 987
657 654
197 32
107 320
107 670
107 381
107 90
107 772
107 1004
107 175
107 29
107 235
107 289
107 890
107 5
107 334
107 464
107 335
107 98
107 713
107 980
107 236
107 537
107 192
107 415
107 118
107 664
107 810
107 643
107 75
107 899
107 208
107 468
107 553
107 393
107 985
107 120
107 201
107 737
69 879
301 978
15 680
15 471
289 55
484 391
484 160
484 630
484 530
98 117
98 454
98 707
98 278
98 401
98 134
98 429
98 268
98 713
433 987
466 662
921 654
260 66
260 168
25 73
25 319
290 214
915 988
915 595
915 316
915 662
796 987
1001 685
723 758
723 41
723 73
723 319
445 530
550 704
543 316
543 654
134 147
134 807
388 299
266 790
266 168
270 654
702 14
896 654
52 356
669 544
469 207
469 978
150 191
150 471
731 284
731 563
731 680
731 584
428 207
428 165
428 316
428 32
428 857
885 790
885 472
159 807
159 214
129 55
559 50
840 874
840 987
840 471
628 135
628 82
30 942
662 272
662 11
189 365
603 323
414 891
401 454
401 429
401 165
401 415
526 160
526 530
837 654
663 399
883 166
883 249
883 951
883 122
605 333
605 178
605 789
605 685
919 46
919 1000
327 654
327 381
527 710
527 870
783 654
954 978
954 207
926 715
846 67
846 160
846 530
846 422
609 707
609 807
568 185
568 293
111 746
294 782
294 416
294 74
184 754
339 178
540 874
540 987
546 75
546 704
82 135
807 53
807 334
807 196
807 633
807 951
807 90
807 383
807 75
807 471
807 193
807 239
807 890
807 214
807 120
149 101
795 207
795 421
850 75
850 654
135 870
135 371
135 581
135 75
135 471
135 170
135 830
135 4
135 942
135 813
135 292
160 858
160 87
160 891
160 288
160 561
160 280
160 24
160 530
160 630
160 750
160 360
160 631
160 629
987 245
987 789
987 809
987 872
987 641
987 338
987 849
987 873
987 432
987 764
987 480
987 482
987 311
987 361
987 95
987 68
987 582
987 698
987 531
987 231
987 56
987 955
987 925
499 607
499 91
499 321
499 75
499 558
901 654
70 534
680 707
680 584
680 284
680 422
654 991
654 719
654 682
654 945
654 199
654 738
654 749
654 650
654 569
654 13
654 629
654 182
654 858
654 633
654 979
654 924
654 532
654 173
654 516
654 909
654 576
812 700
874 245
874 873
874 925
874 764
874 231
552 978
391 353
391 530
391 288
133 602
133 648
133 416
142 920
142 316
337 854
337 505
589 383
334 696
334 214
334 742
188 207
188 978
367 214
798 214
879 343
333 862
333 470
333 6
333 710
333 767
333 409
333 228
333 78
333 0
333 99
333 693
333 976
333 178
333 569
333 312
333 249
333 538
333 502
500 814
232 790
232 472
232 168
293 697
293 207
293 724
293 547
834 236
421 424
421 978
685 530
685 630
435 782
67 190
67 207
67 165
67 963
67 344
72 316
48 41
48 319
48 684
947 774
538 178
538 502
176 704
991 178
165 207
165 316
165 857
870 83
288 530
946 752
607 617
607 696
493 530
236 55
236 671
236 90
950 399
565 517
381 29
381 670
381 90
381 192
381 532
558 956
558 684
558 704
166 782
166 854
166 743
166 416
53 193
741 563
741 544
402 164
11 619
372 55
955 962
754 407
223 343
913 369
0 178
0 55
0 502
295 178
58 909
752 762
752 191
13 996
906 323
716 55
716 718
912 425
912 356
912 949
912 730
912 168
912 416
912 120
832 103
832 976
832 410
976 178
935 746
935 668
935 813
952 316
99 178
704 684
704 743
502 862
502 118
502 178
120 629
120 75
120 530
120 198
120 443
120 865
120 997
120 196
316 990
316 971
316 651
316 136
316 344
316 214
316 200
316 857
316 31
316 2
316 953
316 168
517 61
418 996
425 765
425 168
235 890
190 181
190 274
190 353
190 656
190 75
990 207
561 530
24 891
24 530
718 55
718 595
718 75
718 365
668 746
951 410
951 225
569 178
770 250
256 74
256 416
866 549
314 178
722 250
737 440
956 758
956 458
956 319
956 465
813 746
813 742
813 900
579 55
6 178
949 648
949 168
962 601
823 250
249 178
249 55
130 55
78 178
78 55
164 943
369 485
369 62
369 646
369 551
369 513
369 250
575 168
1000 112
1000 73
178 470
178 710
178 862
178 409
178 228
178 767
178 693
534 633
534 322
534 510
851 978
444 250
629 530
175 5
713 1003
746 739
35 978
335 790
618 73
409 55
1004 55
854 250
854 518
854 743
854 775
730 356
168 416
168 790
168 77
168 356
168 472
168 648
841 931
41 758
41 73
41 319
518 250
518 646
581 942
581 855
143 544
399 943
74 782
356 250
356 765
356 602
167 207
167 978
410 55
700 790
14 924
630 920
630 891
630 530
239 280
767 55
220 75
220 191
451 978
485 250
485 646
614 772
614 978
772 75
280 530
904 479
55 404
55 201
55 595
55 195
56 482
386 319
953 207
387 978
542 62
542 250
542 646
250 646
250 513
250 471
250 551
250 886
424 207
424 978
585 909
988 978
758 918
458 319
974 868
207 857
207 978
383 922
383 909
957 978
530 658
530 891
530 360
530 631
530 750
62 646
126 790
126 743
126 416
513 646
551 799
551 646
45 66
978 547
686 355
544 8
416 782
416 147
577 255
577 147
319 216
633 193
942 765
942 936
868 790
721 765
844 321
790 765
