278 500
278 65
278 316
278 151
278 923
344 316
280 920
280 846
280 915
280 851
280 731
280 658
280 902
280 24
280 530
122 61
703 306
703 659
703 784
658 902
313 425
313 912
288 629
248 334
314 929
92 316
92 349
92 953
720 383
780 977
347 147
923 500
923 586
923 32
582 790
895 518
895 823
105 418
931 147
439 912
439 168
933 147
111 790
962 316
948 425
948 90
948 416
647 915
647 316
538 502
624 540
624 329
624 28
977 950
977 514
977 996
977 378
977 1004
977 969
977 832
977 103
977 153
977 418
267 984
267 586
267 112
267 435
267 891
532 381
532 107
561 629
698 540
369 263
369 936
101 724
274 851
994 863
450 61
450 214
963 67
587 326
591 61
591 38
851 920
851 817
851 167
851 188
851 61
851 978
851 502
125 139
125 622
537 107
306 742
866 127
866 951
629 891
629 383
629 630
629 530
197 32
90 625
90 260
90 316
90 334
90 742
641 540
285 147
2 77
2 334
716 61
573 126
175 335
175 107
784 300
784 155
784 390
289 107
4 135
4 371
746 153
746 334
377 457
996 153
996 541
35 167
170 231
170 840
31 428
31 316
153 245
153 836
153 329
153 581
153 588
153 418
153 135
153 995
153 855
153 764
153 482
153 692
921 32
921 657
206 622
497 281
25 956
915 857
915 141
915 316
915 61
915 782
915 428
915 136
915 586
915 142
891 414
891 24
891 530
1004 107
811 415
332 500
332 356
332 912
332 168
1001 506
42 832
722 518
543 316
318 704
134 32
109 913
388 70
388 61
388 38
266 912
898 107
702 14
52 126
52 232
52 648
52 472
857 316
518 799
518 214
888 316
581 135
581 337
581 383
428 316
428 953
464 107
849 338
74 294
74 166
74 112
356 232
356 112
356 472
356 912
356 61
559 622
120 772
120 196
157 277
157 740
157 686
980 107
30 868
30 790
662 443
255 147
868 790
14 506
14 881
14 924
14 611
14 382
260 168
260 77
401 429
401 415
136 200
136 316
392 112
468 107
814 500
506 541
506 5
506 199
99 502
327 107
365 732
553 107
540 633
540 874
540 482
540 955
808 107
783 644
528 909
320 107
649 323
609 772
772 633
772 454
772 334
772 75
17 316
575 966
953 316
953 349
443 272
443 13
329 56
638 38
985 107
199 541
82 135
82 628
602 472
171 147
293 724
664 107
503 704
65 193
65 316
65 435
77 232
77 472
77 126
77 912
77 168
135 628
135 61
135 870
135 371
135 383
135 334
135 692
135 936
126 586
693 249
472 425
472 232
472 912
228 502
499 723
499 758
499 319
499 704
56 214
70 334
680 870
692 61
692 334
687 500
687 586
687 334
484 493
956 458
956 319
971 316
628 870
874 245
874 873
874 925
874 840
874 764
874 231
38 939
38 324
38 832
38 534
776 214
530 630
142 316
147 715
147 926
147 277
147 686
147 972
147 577
147 590
147 748
147 355
147 416
542 61
542 214
62 646
5 29
5 107
334 586
334 500
334 435
334 214
681 951
995 696
995 414
500 193
500 586
500 214
500 435
696 107
232 425
200 316
118 502
118 107
643 107
810 107
650 682
435 586
435 885
949 912
949 168
479 337
502 61
502 978
351 316
165 316
870 371
474 84
474 939
208 107
40 214
415 429
61 517
61 718
61 742
595 214
688 107
648 721
648 765
236 107
416 425
416 790
381 107
558 704
166 586
196 429
676 622
925 840
192 107
644 541
955 264
840 311
782 586
201 107
224 316
224 349
29 107
425 912
425 168
113 163
335 107
670 107
912 214
912 168
13 951
393 107
920 316
505 337
652 107
107 899
952 316
633 193
704 844
429 454
168 966
712 214
316 349
316 302
316 990
586 984
844 684
684 565
684 321
91 833
867 909
