687 414
644 783
644 264
644 506
644 738
644 850
256 648
996 924
996 506
996 418
362 912
362 383
267 517
890 273
62 800
62 646
62 214
347 147
334 854
464 335
895 823
814 500
220 75
365 457
365 0
111 720
111 885
948 517
126 491
513 542
513 646
977 1004
506 14
506 702
506 924
506 1001
532 381
949 912
369 646
947 774
870 135
719 516
90 798
40 264
607 517
650 783
650 738
650 682
650 654
808 899
170 135
688 670
648 416
112 517
371 135
381 192
381 327
966 472
1001 924
720 841
720 739
685 891
722 913
910 193
250 485
628 135
581 135
143 739
783 682
0 184
29 899
329 264
159 809
809 214
335 516
762 586
14 924
415 542
743 602
633 11
327 414
214 736
4 135
942 135
682 738
682 654
541 738
245 231
485 646
439 472
517 718
58 909
82 135
646 75
