687 746
644 924
644 850
257 776
996 924
996 850
996 418
260 762
5 107
688 107
509 1004
383 868
278 220
314 980
984 762
535 113
62 646
62 800
105 418
737 107
899 107
464 980
808 107
813 746
646 513
646 369
630 685
365 118
761 850
761 650
500 332
500 814
111 782
654 738
654 850
598 472
823 485
810 107
685 605
685 1001
663 638
67 963
236 537
236 107
178 107
828 850
947 774
201 107
670 107
629 838
197 850
107 393
107 208
107 175
107 29
107 607
107 335
107 985
107 980
107 537
107 289
107 381
107 118
107 664
107 850
107 127
107 1004
107 327
107 553
107 192
107 898
682 924
682 850
601 264
175 335
289 192
746 841
746 720
746 550
746 214
746 668
746 935
746 692
650 850
650 541
745 850
170 910
433 738
433 540
648 313
921 850
657 850
196 220
381 192
381 532
173 924
173 850
166 743
266 949
1001 924
1001 850
1004 16
400 742
250 886
270 850
702 924
702 850
702 14
576 850
628 135
628 871
782 517
640 833
719 850
891 414
356 868
809 987
233 692
13 850
13 516
194 306
14 924
14 850
14 506
306 742
979 850
924 850
924 506
924 199
90 135
949 439
949 168
516 850
327 850
214 135
742 659
541 850
783 850
517 718
199 850
738 850
329 624
506 850
482 531
540 624
58 909
61 135
881 850
850 837
850 804
