599 605
599 872
599 0
599 502
929 0
703 135
285 147
248 696
535 542
535 62
720 813
720 746
720 668
720 527
720 147
720 935
819 624
923 772
923 865
923 951
923 120
373 344
251 482
251 789
251 987
251 849
169 189
169 969
169 281
169 372
169 595
169 314
605 862
605 470
605 6
605 789
605 710
605 409
605 228
605 78
605 333
605 569
605 767
605 693
605 976
605 0
605 178
605 249
605 538
605 502
329 865
948 416
948 854
948 75
948 120
977 1004
977 418
977 153
506 173
506 1004
506 657
304 441
994 987
450 712
416 586
416 166
416 912
416 743
416 765
416 168
771 390
658 280
658 629
28 987
657 921
197 850
197 32
107 335
107 468
107 5
15 584
15 284
15 680
106 906
377 457
377 75
377 530
98 429
98 454
98 401
98 713
433 32
433 987
153 761
153 996
153 532
153 418
921 738
921 32
371 135
371 870
290 253
290 566
290 214
290 120
915 718
915 586
915 316
915 428
915 24
915 662
332 500
332 854
582 764
582 987
173 428
550 546
134 738
740 164
250 854
250 62
336 147
347 171
347 933
347 926
347 748
347 355
347 147
141 750
469 280
150 316
731 422
428 696
428 165
428 953
428 17
428 142
428 31
428 92
428 349
428 857
954 280
65 534
65 75
840 987
843 907
843 184
662 530
189 724
189 280
189 502
414 607
414 746
414 327
414 891
401 454
401 429
401 415
526 280
526 629
837 850
392 166
392 74
392 112
392 316
392 674
663 343
424 207
424 280
424 547
99 0
99 502
540 987
783 881
92 280
926 129
926 577
926 61
926 748
926 147
846 280
846 629
846 288
609 772
609 854
609 120
17 857
949 912
949 168
294 782
294 232
294 586
184 607
184 393
522 61
482 987
546 193
546 415
82 135
82 870
149 372
795 421
372 404
372 362
372 595
372 934
372 716
101 718
135 628
135 870
135 581
135 530
135 746
135 4
135 942
135 170
135 629
160 280
160 629
987 245
987 789
987 809
987 872
987 641
987 338
987 849
987 873
987 432
987 764
987 480
987 311
987 361
987 95
987 68
987 698
987 531
987 231
987 56
987 955
987 925
499 684
499 844
499 321
499 558
490 586
70 752
680 707
654 738
874 925
38 832
391 353
391 891
142 280
142 712
142 953
334 772
334 214
630 629
220 75
879 164
333 569
333 0
333 19
500 782
500 586
500 814
500 435
232 782
232 168
232 946
232 425
293 547
810 881
685 629
67 963
163 62
164 420
164 223
164 322
502 976
502 118
502 178
502 0
284 951
538 0
165 344
165 31
165 316
946 425
946 356
946 472
40 196
40 712
40 198
40 568
607 696
650 686
260 912
260 168
260 90
381 192
381 532
723 41
166 586
166 112
166 674
166 74
166 743
53 200
53 692
53 120
850 738
850 516
850 881
850 924
850 682
850 804
850 1001
850 541
850 196
812 503
223 638
151 280
0 470
0 991
0 710
0 314
0 976
0 249
0 519
0 862
0 6
0 409
0 228
0 78
0 767
0 693
0 178
422 90
752 120
613 90
13 951
912 425
912 790
912 782
912 168
832 649
277 147
935 746
429 454
429 415
429 196
168 472
454 772
454 120
712 547
712 280
712 299
517 854
517 112
418 996
738 231
684 844
684 318
684 321
990 280
415 707
561 629
951 584
951 214
940 214
318 956
817 280
718 356
718 61
718 90
718 595
718 114
531 528
668 746
866 549
314 710
314 693
314 228
737 440
813 746
6 249
586 984
586 267
586 214
586 126
586 974
962 465
647 280
730 854
369 646
364 764
591 534
851 978
851 750
547 280
547 167
629 750
629 288
629 891
629 280
629 530
629 24
629 493
629 360
629 978
629 631
90 742
90 765
746 900
746 692
35 280
751 854
249 491
249 409
196 147
196 120
120 198
120 62
120 772
41 73
491 5
491 281
74 112
943 343
167 280
534 649
534 310
980 5
868 790
14 924
288 750
674 112
408 280
353 920
485 646
772 633
772 75
280 656
280 24
280 32
443 742
602 126
724 181
993 75
693 228
472 425
758 956
758 918
458 577
692 205
984 267
62 646
855 581
365 732
696 410
200 136
126 790
513 646
581 742
551 646
355 147
748 933
891 24
577 147
590 147
171 147
782 61
972 147
933 147
633 193
214 742
