580 686
580 669
275 369
275 149
275 857
703 306
703 951
703 784
248 772
248 530
248 915
248 75
248 214
535 185
720 746
720 367
720 527
720 935
347 171
923 890
923 915
923 334
923 90
923 595
923 32
923 235
229 293
384 790
373 391
373 344
736 245
736 540
251 239
251 987
169 61
439 52
439 949
439 266
439 730
997 367
948 52
948 454
948 313
948 218
948 90
948 126
948 517
948 435
948 74
948 425
948 416
948 912
948 250
948 120
624 338
624 789
624 696
624 840
362 802
362 918
362 306
362 565
362 664
362 974
362 716
362 771
977 1004
977 189
977 418
977 149
977 153
802 187
994 540
994 987
994 582
450 900
450 712
450 915
450 530
416 790
416 946
658 280
658 891
28 987
657 772
107 320
107 670
107 393
107 208
107 1004
107 201
107 175
107 29
107 383
107 289
107 5
107 464
107 335
107 98
107 688
107 980
107 367
107 236
107 537
107 138
107 381
107 118
107 664
107 652
107 898
107 643
107 772
107 532
107 899
107 810
107 468
107 327
107 553
107 808
107 985
107 192
115 536
573 149
573 74
301 469
15 731
15 422
289 810
106 534
377 718
377 149
353 391
353 21
353 181
98 117
98 278
98 707
98 401
98 454
98 134
98 268
98 713
433 796
433 789
433 987
25 844
25 386
290 321
915 687
915 530
915 586
915 200
915 316
915 136
915 428
915 17
915 952
915 857
915 718
915 185
915 591
915 120
427 955
796 987
966 168
1001 506
1001 14
1001 685
1001 532
273 951
570 306
550 629
543 316
557 367
388 772
388 534
388 61
898 772
52 868
52 232
52 66
52 472
52 45
52 765
52 602
141 469
141 188
150 471
731 584
731 284
731 422
428 316
428 952
428 224
428 31
428 351
428 349
885 74
159 220
65 367
65 220
324 367
614 190
614 469
614 188
840 874
840 987
840 231
840 955
895 518
843 883
843 184
30 765
662 443
662 40
662 75
662 214
662 187
189 772
189 32
189 410
189 281
414 772
414 891
401 454
401 429
401 165
401 415
507 160
837 738
392 267
883 754
883 907
883 225
883 184
883 407
883 779
883 772
605 333
605 670
605 5
605 178
605 228
605 685
605 502
919 534
327 149
527 710
540 987
540 874
540 641
540 338
540 955
808 899
808 29
783 14
783 654
954 469
926 147
846 280
111 790
294 166
294 586
294 759
294 814
294 74
184 754
184 907
184 225
184 711
184 407
184 779
241 469
499 684
499 844
499 367
546 738
542 772
542 517
807 772
521 133
521 168
149 246
149 127
149 643
149 866
149 779
149 849
795 424
795 469
795 978
850 772
850 13
850 367
78 502
101 246
822 534
104 425
104 74
104 168
160 280
987 245
987 617
987 789
987 872
987 641
987 338
987 849
987 873
987 809
987 764
987 480
987 482
987 311
987 361
987 95
987 68
987 582
987 367
987 698
987 531
987 231
987 56
987 955
70 772
70 38
70 367
680 284
687 712
654 738
654 991
812 2
812 790
812 700
874 245
874 873
874 231
874 764
38 534
38 90
391 484
391 750
391 288
776 617
776 367
510 534
337 904
337 505
154 534
64 534
376 832
334 367
334 220
334 75
125 676
125 534
125 622
125 206
253 151
611 14
102 534
367 865
367 629
367 946
367 316
367 40
367 157
367 927
367 147
367 220
367 544
367 190
367 963
367 233
367 940
367 127
367 435
367 684
367 472
367 569
367 178
367 978
367 502
220 749
220 120
220 214
220 75
879 534
333 470
333 767
333 749
333 178
333 502
500 62
232 425
232 744
232 472
232 946
232 648
293 772
293 697
293 718
810 335
646 62
421 469
435 586
435 332
435 166
435 267
386 319
67 165
48 458
48 216
48 558
132 369
369 823
602 721
602 517
602 648
602 90
284 422
351 200
351 952
165 344
165 31
165 316
670 506
670 688
670 5
670 553
670 335
670 381
670 980
670 29
477 534
946 912
946 880
40 272
40 75
40 712
309 534
650 410
873 383
873 231
41 758
934 595
364 582
236 537
236 320
950 663
587 789
587 833
381 532
558 216
173 506
166 984
166 586
166 517
166 74
739 143
739 280
676 534
53 738
53 321
53 274
402 634
402 788
300 784
754 718
754 393
789 470
789 951
188 469
188 951
188 920
151 196
338 193
338 329
338 849
113 518
976 178
335 772
335 118
335 643
13 772
912 425
912 356
912 744
912 472
912 762
912 813
912 730
912 313
912 168
562 534
716 772
716 718
716 61
21 782
135 581
135 772
906 534
832 423
935 746
935 668
935 813
952 200
969 772
969 718
323 139
323 534
323 951
745 738
2 32
2 790
2 700
2 119
120 190
120 633
120 865
120 316
120 772
120 147
120 978
120 534
454 1003
712 278
712 214
712 591
316 190
316 806
316 136
316 857
316 193
316 200
517 586
517 565
517 267
517 765
517 356
517 854
517 157
517 61
517 674
418 996
349 92
526 772
526 280
526 902
526 360
425 949
425 790
425 765
425 168
834 772
684 718
684 746
190 920
190 90
329 95
663 410
663 343
561 280
561 629
940 75
940 214
682 772
127 772
127 718
24 750
24 629
24 891
24 280
24 630
24 530
565 772
718 866
718 904
718 61
718 415
718 724
718 122
718 595
718 841
718 742
718 114
668 746
231 245
231 415
951 925
951 274
951 939
951 978
951 706
569 470
791 32
970 772
256 721
122 772
122 980
122 857
743 721
105 374
137 306
813 746
813 214
813 90
157 746
133 313
133 648
133 765
133 90
971 200
6 772
586 772
586 383
586 267
586 530
586 74
586 984
586 974
962 147
893 534
823 890
823 551
983 214
267 984
267 478
267 891
267 648
267 751
939 534
164 322
274 181
178 862
178 470
178 772
178 228
178 32
178 502
152 83
591 534
591 61
851 978
161 235
692 233
629 772
629 280
90 61
90 32
90 518
90 746
90 721
90 648
90 147
601 534
784 772
784 214
784 306
784 155
784 83
784 390
817 469
489 534
374 742
35 469
170 697
170 855
142 200
249 491
249 470
249 643
206 534
537 208
460 534
95 239
1004 506
1004 724
42 534
902 280
902 360
730 356
730 313
109 721
168 984
168 949
168 744
168 472
168 648
763 772
470 693
957 469
975 397
518 799
855 581
855 697
74 984
74 112
74 974
356 721
356 765
167 469
167 547
534 649
534 638
534 772
534 247
534 84
534 788
534 139
534 622
534 322
534 343
534 474
534 740
572 246
980 772
671 772
671 397
868 790
14 924
14 506
638 509
283 772
924 199
344 200
322 343
630 772
630 978
506 199
506 502
553 772
451 469
469 424
469 547
469 207
469 978
772 669
772 931
772 340
772 530
772 787
772 890
772 590
772 205
772 281
772 114
772 292
772 742
772 280
772 235
772 595
772 199
772 881
772 724
772 8
772 75
772 765
772 544
280 891
280 547
280 281
280 631
697 925
423 246
502 61
502 214
502 228
264 193
881 804
266 949
277 214
424 207
988 547
758 844
458 319
383 138
530 61
530 891
890 633
62 163
464 228
71 595
995 891
181 920
181 656
857 136
581 942
45 782
32 214
272 900
272 187
272 75
272 742
187 900
187 60
648 721
648 765
978 920
590 147
171 147
782 700
782 790
782 66
313 721
319 216
306 742
306 75
742 61
700 790
138 528
721 765
147 75
