207 362
482 531
256 765
654 682
362 383
362 868
703 120
383 220
278 553
248 607
535 369
62 800
62 542
62 646
62 214
5 335
334 742
464 335
464 980
646 485
814 500
220 150
220 75
275 14
416 126
416 743
416 868
416 648
416 765
232 742
948 868
118 335
823 485
126 782
513 369
977 1004
762 586
532 335
532 381
67 963
369 913
397 975
551 2
72 528
947 774
799 542
201 335
771 742
996 418
313 765
670 335
670 107
214 742
107 208
107 980
107 553
208 335
208 1004
208 236
175 335
657 921
61 742
873 231
942 712
660 306
660 91
170 231
688 335
648 439
648 168
32 921
236 335
537 335
432 531
112 803
381 335
173 506
173 1001
173 582
166 332
664 335
531 809
531 641
531 480
531 251
1004 335
1004 16
1004 189
468 335
99 605
550 743
925 231
192 335
644 506
644 199
702 14
737 335
245 231
840 231
338 231
923 542
29 335
86 765
570 765
356 868
356 586
356 743
356 742
55 595
159 742
335 985
335 980
335 810
335 643
335 899
335 553
335 808
28 231
311 231
912 472
30 743
30 765
719 738
868 765
14 924
924 506
90 765
743 721
641 540
854 485
854 542
152 765
742 517
742 718
742 765
742 472
742 502
682 783
682 738
682 650
66 227
872 650
433 540
542 765
721 765
540 231
502 231
607 231
764 231
598 425
425 472
850 75
987 231
231 955
