599 605
599 178
599 693
599 470
929 314
580 480
580 809
703 120
703 784
688 553
688 107
285 577
288 391
288 629
248 415
92 349
720 833
720 746
720 383
720 527
780 514
780 977
923 617
923 738
923 415
923 921
229 742
895 518
895 823
373 391
892 915
329 738
329 245
329 910
329 427
329 343
948 52
948 790
948 126
948 166
948 517
948 332
948 435
948 74
948 425
948 356
948 765
948 120
948 168
948 267
948 416
624 245
624 863
977 950
977 514
977 5
977 377
977 832
977 1004
977 790
977 613
977 153
977 423
506 783
506 921
506 996
506 173
506 924
506 1001
506 541
506 199
994 231
994 863
450 870
450 415
528 383
528 585
107 320
107 670
107 393
107 208
107 1004
107 201
107 29
107 289
107 5
107 464
107 335
107 985
107 175
107 236
107 537
107 118
107 381
107 664
107 810
107 980
107 898
107 643
107 532
107 899
107 652
107 468
107 553
107 808
107 192
107 737
626 863
573 500
573 586
301 207
301 280
15 731
15 680
15 422
289 899
511 849
353 391
353 630
98 401
656 988
656 280
656 951
656 920
466 695
371 4
290 214
915 316
915 428
915 280
915 31
915 851
332 500
332 586
332 318
332 517
332 383
332 53
332 435
332 356
332 844
332 912
332 168
1001 514
32 739
32 280
32 669
853 343
557 168
388 638
388 334
388 343
250 913
898 90
896 680
908 765
141 280
141 630
469 207
469 280
469 188
469 978
731 584
731 284
731 680
731 422
428 207
428 953
428 316
428 142
885 586
65 812
65 997
65 243
129 577
840 540
157 746
157 415
662 900
662 214
189 214
189 334
800 62
401 454
401 429
401 165
401 415
526 280
526 629
526 360
392 112
392 74
663 943
605 470
605 178
605 228
605 502
605 314
540 245
540 764
540 697
540 231
783 979
783 239
783 738
783 415
88 399
535 444
535 518
926 715
846 67
846 629
609 772
439 912
568 379
111 946
901 993
901 784
133 383
133 168
482 178
482 990
58 909
850 738
850 924
850 138
647 280
647 316
647 990
104 425
104 356
104 126
104 648
104 700
104 765
104 416
160 629
987 56
987 849
294 356
294 74
680 422
687 586
687 415
687 334
654 991
939 534
241 280
510 125
337 320
337 343
334 746
334 851
334 415
334 214
334 159
334 910
334 692
334 502
125 676
125 139
125 622
125 323
125 206
188 207
188 280
499 214
499 844
499 48
499 918
499 679
333 178
333 29
638 164
232 356
232 586
232 946
232 472
232 168
118 732
421 280
685 629
685 643
435 500
435 586
725 940
67 207
67 165
67 963
67 344
67 391
48 458
369 913
947 774
538 502
991 61
165 207
165 990
165 31
870 746
378 514
607 168
744 356
873 925
364 582
705 0
950 514
565 503
260 912
260 168
381 532
381 881
558 458
558 216
166 500
166 356
166 586
166 517
166 267
166 74
724 1004
715 577
53 890
124 518
812 2
812 465
812 700
789 470
223 415
223 90
913 518
338 849
338 231
422 280
752 887
752 120
335 537
335 553
912 356
912 214
912 472
912 425
912 730
912 266
912 77
912 168
716 383
135 581
135 942
135 170
135 245
832 514
935 746
935 233
952 630
952 316
185 833
185 415
429 454
541 576
120 707
120 191
120 772
120 997
120 198
120 196
454 772
316 857
316 806
316 990
316 200
316 191
316 136
316 235
316 214
316 142
316 351
316 971
517 112
517 415
517 383
1002 319
738 231
738 214
922 362
282 139
684 844
190 920
190 274
990 424
990 207
990 178
990 280
990 31
415 617
415 278
415 670
415 178
415 946
415 542
415 502
415 61
415 718
415 742
415 591
415 692
561 280
561 629
127 595
833 811
24 35
24 280
24 629
24 891
718 595
718 61
668 746
231 245
231 170
951 865
951 214
951 343
256 356
996 199
362 383
362 178
658 629
314 470
400 374
956 758
956 458
813 746
586 617
586 500
586 383
586 126
586 782
586 762
586 356
586 765
586 267
586 168
823 518
78 178
78 502
532 516
730 356
730 313
52 356
52 602
52 168
164 943
274 988
274 630
178 700
178 61
178 2
178 502
591 910
591 746
851 280
851 502
547 280
629 750
629 891
629 280
629 530
629 493
629 360
629 484
629 631
629 630
90 246
2 700
2 790
2 119
601 139
175 5
784 61
784 390
749 707
746 542
746 920
746 502
374 306
35 207
35 280
170 581
170 245
170 855
142 280
695 187
902 280
109 356
168 984
168 313
168 77
168 425
168 356
168 472
470 710
518 646
518 513
518 163
518 542
518 62
518 214
518 799
888 207
888 349
581 245
581 855
143 544
399 343
855 697
74 984
74 112
74 126
74 674
356 574
356 782
356 313
356 425
356 721
356 648
356 602
356 112
356 743
356 765
356 472
167 978
46 310
700 862
700 61
700 112
700 126
700 790
700 267
138 383
306 742
674 112
630 484
553 670
485 62
485 799
500 126
500 782
772 633
772 75
838 530
838 267
838 349
280 530
280 739
280 631
280 953
280 920
280 293
280 360
349 953
509 505
697 925
697 293
502 862
502 214
502 228
264 245
293 862
988 920
988 207
472 425
472 112
472 946
472 313
458 216
458 319
692 910
207 136
207 99
984 762
890 782
365 732
126 790
181 920
764 245
595 214
997 782
648 425
648 765
267 112
267 782
416 425
416 147
862 577
112 782
577 171
577 73
900 742
602 313
602 765
313 946
425 946
765 721
319 216
743 868
633 193
245 233
646 163
