599 178
599 99
599 0
599 314
455 502
275 849
688 506
688 670
688 107
979 738
535 444
535 62
535 369
535 120
445 391
445 288
780 977
923 193
923 687
923 738
923 450
923 591
923 921
923 502
895 62
373 190
373 353
373 391
251 987
439 266
439 948
329 624
948 772
948 356
948 949
948 168
977 950
977 514
977 208
977 419
977 1004
977 423
506 289
506 644
506 670
506 192
506 657
506 745
506 828
506 997
506 480
506 576
708 718
994 540
994 987
994 334
450 159
450 214
450 772
450 40
450 572
416 52
416 586
416 772
416 332
416 765
416 74
416 193
416 126
416 356
416 334
416 648
416 602
771 4
771 362
771 306
866 772
866 377
866 951
866 716
28 482
28 987
89 718
107 320
107 670
107 393
107 208
107 1004
107 201
107 175
107 29
107 289
107 5
107 464
107 335
107 98
107 980
107 236
107 537
107 381
107 118
107 664
107 652
107 898
107 643
107 718
107 532
107 899
107 810
107 468
107 553
107 808
107 985
107 192
107 737
15 731
15 680
15 422
377 101
377 457
377 365
484 391
484 288
98 117
98 454
98 707
98 401
98 134
98 429
98 268
98 592
98 713
656 190
153 418
153 410
921 738
497 773
497 281
25 844
25 48
291 401
332 500
1001 950
1001 685
433 738
433 540
433 987
433 840
720 813
720 746
720 668
720 935
550 841
550 746
550 546
543 838
134 592
226 540
336 926
52 112
52 356
52 648
141 188
428 207
428 951
885 74
159 724
159 214
159 233
614 188
559 402
559 622
559 50
281 772
157 147
843 61
189 333
189 772
189 670
189 410
189 502
603 474
414 327
414 891
401 454
401 165
401 415
401 429
526 629
526 561
897 180
883 754
883 951
305 232
605 538
605 670
605 693
605 840
605 409
605 178
605 0
605 685
657 576
540 245
540 874
540 338
540 764
540 873
540 987
540 231
540 840
540 855
540 56
540 697
540 68
540 364
783 516
783 576
926 772
926 748
926 715
926 577
846 24
846 280
846 629
846 561
846 288
609 592
447 74
294 782
294 817
294 313
294 74
339 178
522 61
482 990
482 641
482 987
482 56
482 480
482 432
149 716
795 424
795 207
795 421
372 404
101 423
101 716
135 617
135 371
135 90
135 581
135 855
135 692
160 629
987 245
987 789
987 809
987 872
987 641
987 338
987 849
987 873
987 432
987 840
987 764
987 480
987 311
987 361
987 95
987 68
987 582
987 698
987 531
987 231
987 56
987 955
987 925
499 772
499 844
499 704
70 772
70 334
70 343
680 422
687 841
687 746
687 61
687 334
687 692
687 502
874 245
874 873
874 231
874 840
874 764
552 181
552 951
534 42
534 772
133 648
78 178
78 0
78 951
589 383
334 638
334 586
334 435
334 500
334 692
125 622
253 151
630 353
630 423
630 629
630 288
220 772
333 767
333 19
333 228
333 178
333 0
333 502
638 388
638 164
638 322
638 832
232 425
232 356
232 790
232 472
232 946
232 782
232 74
293 716
810 7
810 881
421 424
685 629
435 356
435 586
435 772
435 782
435 267
788 634
67 165
67 344
48 956
48 558
48 458
48 319
48 216
48 684
391 353
391 288
947 774
538 178
538 231
538 0
538 502
991 178
991 0
165 344
165 31
165 316
670 5
670 381
670 29
946 425
40 772
40 272
40 214
607 718
607 231
607 891
607 343
607 833
607 696
607 692
607 191
551 62
873 697
873 840
847 207
963 214
236 208
236 6
236 90
705 0
371 863
558 207
558 956
723 73
676 622
53 542
955 840
812 119
188 978
188 752
188 502
752 920
752 16
0 470
0 710
0 314
0 976
0 249
0 502
0 862
0 6
0 409
0 228
0 929
0 767
0 693
0 732
0 178
0 99
0 519
422 613
295 178
113 62
976 178
913 62
311 840
912 126
912 813
912 74
912 168
13 951
716 16
716 19
716 724
716 423
735 586
735 310
104 425
104 765
104 74
887 383
832 319
832 423
832 90
565 772
565 41
935 746
935 668
935 813
935 692
952 200
952 316
323 622
2 516
541 738
120 62
773 288
454 193
454 429
454 268
454 592
712 214
316 838
316 214
517 356
103 663
103 423
418 996
1002 319
738 951
542 772
542 62
784 83
190 181
190 951
190 274
190 772
190 353
990 424
990 31
561 978
561 629
561 288
940 214
997 90
127 772
718 916
718 61
718 178
718 591
718 851
668 746
231 415
951 996
951 424
951 42
951 978
569 178
644 924
644 199
644 90
256 74
362 862
362 143
779 710
658 629
314 178
722 62
737 849
956 458
956 216
971 200
933 355
6 178
586 762
586 310
586 356
586 126
586 267
823 62
267 772
267 112
267 936
532 516
532 804
164 322
369 62
369 646
274 772
178 470
178 710
178 249
178 502
178 862
178 409
178 228
178 929
178 767
178 693
178 214
178 99
591 502
117 268
444 62
629 750
629 891
629 24
629 280
629 288
629 530
629 772
629 493
629 360
629 631
90 246
90 388
90 397
90 448
90 464
429 415
175 246
175 849
713 592
746 841
746 692
170 840
170 936
510 622
42 310
376 410
841 772
841 692
41 73
143 280
143 544
143 669
143 214
399 343
849 423
74 984
74 743
74 648
356 868
356 126
356 743
356 313
356 383
356 765
356 602
356 648
167 988
582 840
980 479
268 633
700 838
700 790
700 306
14 924
465 790
288 493
288 750
674 112
468 643
803 112
516 804
854 62
854 602
485 62
772 340
772 500
772 147
772 739
772 868
772 24
280 502
299 343
443 742
56 840
697 925
697 855
423 246
502 862
669 544
724 181
250 62
424 207
432 383
692 245
692 61
692 191
617 193
207 493
544 8
530 891
984 126
984 782
62 646
62 513
62 163
62 799
814 500
126 782
126 648
513 646
471 673
493 24
764 245
764 840
58 909
595 201
595 61
648 765
32 840
187 60
862 909
112 646
112 392
891 24
900 61
925 840
863 343
840 61
782 790
782 61
425 721
646 163
