599 99
599 710
599 314
275 479
275 849
275 175
703 120
285 147
285 336
535 369
535 913
720 935
347 933
347 147
347 966
895 799
895 518
895 823
373 207
373 391
595 71
595 404
169 372
424 207
329 540
329 910
329 832
372 934
372 572
372 404
372 149
948 165
948 191
948 946
948 90
948 235
948 425
948 356
948 765
948 752
948 133
948 721
948 912
948 868
948 257
948 790
948 415
948 743
948 267
948 435
948 803
948 472
948 134
948 120
948 168
624 540
38 528
516 804
450 662
113 62
107 810
107 320
107 214
107 90
107 335
107 98
107 201
107 643
573 166
573 586
15 422
289 335
106 788
377 422
484 630
484 530
484 288
98 117
98 278
98 707
98 401
98 454
98 134
98 429
98 268
98 713
433 796
433 789
433 987
433 214
466 568
921 327
497 773
497 977
290 278
915 428
915 953
915 316
915 857
796 987
332 500
332 61
332 318
1001 506
273 951
173 506
468 335
445 414
445 530
445 891
550 443
388 534
388 742
250 886
250 518
250 163
336 926
52 868
52 790
141 469
469 167
469 207
469 614
469 188
469 547
469 35
469 954
469 512
469 630
469 851
150 471
731 284
731 196
731 422
428 207
428 990
428 316
428 888
428 857
885 166
885 586
885 974
129 577
324 676
324 84
405 782
559 50
559 376
559 299
840 874
840 245
840 540
840 318
840 764
157 926
628 135
628 870
30 104
30 743
662 214
662 443
189 181
414 391
414 563
414 995
414 891
401 454
401 165
401 415
401 429
401 196
526 530
883 225
605 228
99 314
527 422
808 335
808 688
808 29
783 214
954 207
954 530
954 951
926 715
926 147
846 530
846 288
439 949
439 912
439 266
439 168
863 742
441 4
441 371
111 294
294 762
294 586
294 256
294 166
556 168
522 61
985 335
540 245
540 874
540 987
540 231
540 581
540 764
540 120
58 909
893 509
521 166
795 207
850 214
850 752
101 423
101 951
880 873
104 425
104 790
104 721
104 74
104 765
104 416
160 571
160 530
987 415
499 321
499 704
499 558
499 684
499 844
499 458
70 214
70 334
680 284
654 991
654 719
874 245
874 873
874 231
874 764
944 214
944 90
391 353
391 530
391 288
776 334
78 314
337 919
337 663
154 950
334 718
334 75
334 214
334 772
334 534
334 502
367 581
367 40
367 963
367 214
220 214
638 951
638 509
232 425
232 790
232 472
232 313
232 75
232 575
293 697
293 724
810 335
810 881
685 630
685 530
435 126
435 500
435 586
435 90
423 1004
423 246
423 779
423 849
67 207
67 963
48 458
48 319
369 913
284 422
284 584
991 61
165 207
870 193
870 135
870 75
946 472
704 868
704 73
704 618
704 458
704 503
704 743
835 736
835 233
40 900
40 695
40 415
610 288
415 542
415 178
415 127
873 231
777 16
236 537
236 5
236 90
236 335
236 201
236 532
371 4
371 135
371 362
381 335
558 458
558 844
723 41
723 503
166 586
166 74
664 335
639 335
22 663
277 147
812 790
789 470
223 718
151 90
338 951
634 788
976 178
976 349
335 670
335 208
335 201
335 175
335 29
335 737
335 464
335 688
335 980
335 537
335 118
335 228
335 643
335 899
335 1004
335 262
335 553
335 192
335 5
912 425
912 168
912 74
135 581
832 139
832 319
935 746
935 668
952 517
952 316
614 214
2 700
2 790
168 949
168 472
168 575
168 77
168 74
316 962
316 90
517 112
418 996
349 207
425 500
425 949
425 790
425 356
425 545
425 109
425 648
425 416
684 318
684 571
990 178
990 24
663 706
561 530
940 214
24 35
24 530
981 784
531 214
19 16
569 470
278 147
256 648
362 35
658 530
314 767
314 710
105 56
737 849
933 748
933 147
586 500
586 267
586 126
586 782
586 74
571 394
571 530
823 542
267 214
267 891
730 868
274 120
1000 458
1000 919
178 862
178 470
178 502
364 764
706 239
591 910
851 988
851 957
851 570
851 547
851 951
851 530
851 390
152 86
629 530
629 288
90 857
90 192
90 500
175 849
749 502
35 207
170 581
170 782
618 458
120 356
120 765
715 147
41 503
41 458
518 62
518 646
518 214
518 799
581 942
143 544
855 697
74 984
356 126
356 765
590 147
582 764
46 139
534 214
868 743
136 207
924 14
924 199
344 200
322 879
630 288
630 530
353 891
485 542
485 62
800 62
500 782
500 814
280 530
443 742
697 925
953 207
502 862
502 214
633 193
724 246
988 207
659 742
472 313
458 956
458 319
458 216
692 910
207 978
956 216
530 750
530 631
530 891
530 288
530 493
530 360
984 126
542 62
62 646
62 163
5 214
126 790
686 147
355 147
748 147
648 721
648 765
416 765
891 193
891 563
891 288
784 742
577 147
900 742
171 147
29 899
972 147
319 216
743 765
306 742
214 951
214 765
214 343
721 765
