437 738
599 178
599 130
599 710
599 693
599 502
929 178
929 249
929 710
929 314
275 849
275 175
703 771
979 738
979 850
285 147
285 926
278 423
535 369
720 668
720 383
780 977
347 748
347 147
347 926
923 738
923 316
923 214
923 367
229 421
229 188
229 374
373 391
373 207
251 987
424 469
424 978
424 990
424 421
424 207
68 987
948 416
948 112
948 316
948 392
948 674
948 517
948 267
948 751
948 803
624 540
362 586
362 383
977 950
977 514
977 189
977 1004
977 423
506 738
506 173
506 850
506 644
304 4
304 441
304 936
590 577
590 147
590 926
994 540
994 987
450 40
450 595
828 738
828 745
828 850
771 863
771 400
771 306
771 317
771 83
771 390
28 987
657 738
657 185
657 850
197 850
197 32
107 320
107 670
107 393
107 208
107 201
107 175
107 29
107 289
107 5
107 98
107 464
107 335
107 985
107 688
107 980
107 236
107 537
107 652
107 381
107 118
107 664
107 810
107 898
107 643
107 532
107 899
107 1004
107 468
107 327
107 553
107 808
107 192
107 737
573 617
573 166
301 469
301 978
301 988
106 402
98 454
98 268
98 401
433 987
575 232
575 912
575 966
260 912
290 214
858 991
915 92
915 200
915 316
915 214
915 428
915 142
915 349
915 953
796 987
291 268
92 316
582 173
582 987
723 48
445 391
550 334
543 316
853 343
134 168
388 70
388 346
388 322
388 343
266 912
702 738
702 850
702 14
617 546
141 978
469 954
469 614
469 188
469 795
469 421
469 957
469 817
469 167
469 547
469 241
469 35
469 207
469 978
136 428
136 316
731 739
731 680
731 422
428 207
428 316
428 857
885 416
614 978
840 874
840 540
840 987
157 926
30 868
30 912
30 765
30 416
662 900
189 502
401 454
401 165
401 415
401 429
401 196
526 629
526 530
837 783
837 738
837 850
837 719
837 654
837 516
837 745
837 13
837 382
392 74
663 950
663 343
883 951
605 178
605 789
605 693
605 538
99 178
327 738
327 850
327 175
527 710
32 214
783 738
783 682
88 46
954 978
954 207
926 171
926 715
926 931
926 129
926 277
926 686
926 972
926 933
926 577
926 73
926 748
926 355
926 147
846 67
846 629
846 288
609 633
609 90
439 912
17 316
949 912
949 168
949 472
949 416
294 817
482 987
546 534
546 873
546 595
546 671
149 716
149 293
795 978
795 207
850 644
850 719
850 654
850 996
850 945
850 199
850 738
850 650
850 13
850 921
850 14
850 881
850 516
850 1001
850 173
850 745
850 804
850 270
850 541
850 576
101 246
105 418
135 628
135 61
135 371
135 549
135 942
135 170
135 692
160 629
160 530
987 245
987 789
987 809
987 872
987 641
987 338
987 849
987 873
987 432
987 764
987 480
987 540
987 311
987 361
987 95
987 698
987 531
987 231
987 56
987 955
987 925
499 684
499 844
70 120
70 90
487 38
487 90
687 812
687 40
699 912
654 738
654 991
654 682
654 199
874 245
874 873
874 231
874 764
874 540
391 484
391 67
391 288
339 178
142 31
142 316
589 383
334 2
334 61
334 591
125 622
253 151
223 343
730 868
730 912
730 112
730 356
540 329
540 231
540 863
540 692
540 955
220 383
333 178
500 814
500 435
500 332
232 126
232 912
232 472
232 168
118 502
646 485
646 854
646 369
646 551
646 62
646 513
421 978
685 629
685 530
685 643
435 332
67 207
67 165
67 963
67 344
630 629
630 530
48 458
48 558
947 774
538 178
538 862
991 178
165 207
165 316
165 344
165 31
165 857
946 425
946 416
40 272
40 962
40 187
607 696
607 75
650 738
650 682
934 595
934 318
302 207
302 316
236 537
950 399
558 207
173 738
166 126
166 74
166 416
715 577
715 147
591 718
676 622
53 633
53 692
955 311
812 700
812 790
812 126
812 2
812 75
789 633
188 978
188 280
151 75
338 773
338 231
224 316
0 178
295 178
976 178
976 314
976 349
976 832
913 369
335 537
335 175
13 738
13 951
912 868
912 77
912 425
912 356
912 765
912 472
912 556
912 168
912 416
629 658
629 750
629 561
629 891
629 288
629 24
629 280
629 530
629 493
629 360
629 631
935 746
935 668
935 813
952 316
323 622
745 738
185 14
682 738
541 738
168 984
168 868
168 472
168 77
168 416
316 971
316 888
316 349
316 280
316 200
316 31
316 953
316 990
316 647
316 857
316 344
316 214
517 782
517 746
517 112
103 510
418 996
738 644
738 719
738 945
738 199
738 1001
738 921
738 761
738 14
738 996
738 881
738 532
738 516
738 924
738 270
738 576
425 472
425 416
512 978
990 207
990 31
990 888
187 568
940 214
997 90
746 277
746 813
746 668
565 73
718 754
718 595
718 243
231 178
951 225
951 724
909 383
74 112
74 383
74 674
644 924
644 199
256 721
256 126
996 199
122 693
658 530
314 178
314 710
737 849
133 126
133 602
971 200
6 178
586 782
249 178
78 178
243 178
552 978
178 470
178 710
178 502
178 862
178 409
178 228
178 767
178 693
178 569
534 42
534 120
534 343
851 817
851 978
117 268
90 671
2 700
2 790
2 119
2 126
2 782
2 833
2 75
175 423
175 5
175 849
713 566
713 268
817 978
568 293
35 978
35 207
456 4
206 622
1004 320
120 660
120 865
120 775
957 978
975 397
491 29
855 581
855 697
849 423
943 343
356 472
356 765
167 978
46 622
46 310
268 633
671 397
700 126
465 119
674 112
674 267
542 485
542 62
854 214
854 502
553 5
484 288
772 633
838 857
280 547
280 281
280 530
443 193
697 925
697 293
423 246
633 193
293 724
293 585
724 246
277 147
988 207
988 978
336 577
472 313
458 577
692 61
692 214
207 978
931 147
628 581
628 870
383 528
530 891
530 360
530 24
890 147
71 595
714 193
126 790
764 245
978 547
686 147
355 147
748 933
748 147
648 416
416 765
416 193
310 343
577 147
919 61
602 721
171 147
972 147
933 147
547 656
868 765
