437 738
599 605
599 693
599 409
599 710
599 228
275 849
275 175
535 444
445 288
780 950
819 818
923 951
923 151
923 772
923 738
923 239
923 53
923 231
923 214
923 502
923 197
923 541
923 120
229 523
229 568
169 372
439 949
439 90
439 260
439 168
997 120
948 104
948 743
948 586
948 120
948 648
948 166
948 517
948 250
948 592
948 416
624 245
624 231
977 189
977 225
977 410
977 872
977 1004
977 56
977 779
977 849
977 1001
977 883
506 738
506 644
506 14
506 924
506 292
506 1001
304 4
994 540
994 582
450 40
450 678
828 738
658 280
658 629
89 718
89 517
107 335
107 98
107 468
107 201
301 988
301 280
15 680
289 262
106 740
377 696
377 866
377 457
377 423
377 716
98 117
98 454
98 707
98 401
98 134
98 429
98 291
98 268
98 592
98 713
433 987
921 783
921 738
921 32
921 657
371 135
371 214
497 491
290 214
915 971
915 165
915 200
915 316
915 90
915 428
915 280
915 142
291 429
92 280
1001 738
1001 199
273 581
723 758
723 41
468 432
720 214
550 546
550 743
134 592
976 502
740 75
740 788
740 157
250 178
250 886
250 332
78 409
702 738
52 868
52 949
52 790
141 512
141 214
141 530
485 542
731 189
731 696
428 189
428 31
428 316
428 857
159 724
159 233
324 214
405 135
559 420
840 874
157 517
843 687
843 16
843 320
843 711
843 184
843 407
843 534
843 388
843 718
843 591
662 443
189 607
189 200
189 381
189 595
189 530
189 502
414 891
401 429
401 165
526 280
526 629
526 360
837 783
837 745
837 13
837 738
837 719
883 718
883 61
883 724
605 333
327 738
327 381
657 738
657 178
808 29
783 738
783 682
783 654
954 207
954 280
926 147
846 280
846 629
846 288
609 854
863 909
447 586
949 472
949 168
294 313
294 74
180 727
241 280
482 56
58 909
82 135
149 372
149 716
795 207
795 421
372 595
372 404
928 1004
880 538
135 4
135 628
135 870
135 233
135 581
135 170
135 742
160 280
160 629
987 105
70 607
70 120
687 607
654 738
654 682
939 510
939 282
874 245
874 873
874 231
874 764
874 540
534 607
534 337
534 402
534 388
534 120
133 602
337 649
337 505
111 586
678 696
334 607
334 388
334 214
334 220
540 641
540 630
540 955
220 75
220 214
879 75
333 862
333 743
500 782
500 332
500 814
546 595
546 844
293 280
810 335
810 262
421 280
685 643
685 630
685 629
435 586
435 267
423 849
67 561
67 963
67 165
67 344
67 207
630 530
630 629
48 319
48 956
947 774
991 716
165 316
165 344
165 31
946 425
40 214
607 718
607 517
607 231
607 127
607 591
607 692
650 738
650 682
873 231
236 537
950 103
950 514
260 912
260 168
381 14
558 207
558 956
173 738
173 13
166 759
166 586
166 743
166 517
776 214
53 193
53 940
53 813
402 788
402 649
850 738
850 90
812 790
812 168
188 280
188 502
0 6
422 280
634 788
13 516
13 738
912 868
912 730
912 356
912 168
719 738
719 410
719 541
104 721
104 425
104 126
565 844
565 517
935 746
952 112
952 344
952 200
952 517
393 16
745 738
682 738
541 738
541 951
541 199
120 865
120 772
120 178
120 775
120 629
773 288
454 429
454 592
316 214
316 90
517 586
517 200
517 542
517 765
517 803
517 854
517 356
517 61
517 112
517 674
517 602
103 943
738 644
738 951
738 945
738 199
738 761
738 14
738 996
738 881
738 979
738 924
738 532
738 516
738 214
738 270
738 576
684 844
235 147
329 264
990 280
990 31
415 429
561 207
561 280
561 629
561 288
940 214
318 71
817 280
718 61
718 866
718 502
531 214
231 245
231 830
918 758
909 862
791 32
644 199
996 924
996 951
362 383
743 602
105 61
137 936
956 600
813 746
544 214
586 868
586 126
586 782
586 984
586 310
586 416
647 280
249 409
249 595
730 868
274 280
178 862
178 214
178 772
178 228
178 75
178 502
963 214
391 288
851 978
851 280
851 547
547 280
629 288
629 891
629 214
629 280
629 530
629 24
629 493
629 360
629 631
90 742
90 8
175 849
746 214
35 280
170 581
142 207
142 280
142 857
695 187
86 443
86 152
168 868
168 790
168 966
168 77
168 425
168 356
168 472
168 266
628 855
491 29
143 696
855 951
943 310
356 868
356 214
167 207
167 280
167 978
46 310
980 464
868 790
14 924
638 790
288 493
288 838
288 484
924 516
674 112
322 2
239 857
239 742
469 280
280 493
280 136
280 631
280 207
280 530
280 953
280 595
280 656
280 408
280 502
280 920
280 24
280 424
280 360
280 32
280 388
443 775
443 152
443 379
232 425
232 313
232 472
232 74
502 862
502 118
502 710
502 595
264 581
425 472
277 147
424 207
585 228
988 207
988 978
693 710
458 216
763 528
692 214
710 228
530 214
984 126
669 696
696 61
696 563
696 595
696 32
200 136
126 416
581 951
905 281
515 214
317 951
790 2
595 404
595 739
74 313
74 112
865 214
900 742
602 765
920 214
306 742
214 742
214 569
742 61
721 765
420 96
