687 500
644 738
644 783
405 628
996 924
703 135
703 659
703 306
534 746
935 746
535 62
535 369
720 746
5 670
334 135
334 500
334 997
334 220
923 506
923 541
813 746
646 62
814 500
220 75
220 196
761 837
500 586
500 126
500 332
416 126
329 624
654 682
293 862
823 62
126 104
126 356
126 586
126 790
126 782
126 573
126 66
648 356
648 912
648 790
648 168
108 701
977 1004
977 419
685 605
685 898
685 614
685 630
685 1001
532 700
67 963
947 774
591 746
851 135
161 784
769 47
870 135
214 742
107 468
682 783
682 738
682 650
168 949
784 742
289 335
289 810
289 192
746 135
746 668
746 223
746 595
746 502
170 135
170 231
997 617
249 14
32 921
921 14
921 657
862 772
862 379
862 280
862 662
950 663
371 135
381 335
381 192
1004 14
796 14
166 517
173 506
62 542
62 800
62 120
863 742
388 742
602 517
576 657
628 135
581 135
29 670
356 517
159 887
159 742
670 189
670 506
912 949
14 605
14 924
14 506
14 881
14 724
900 742
506 657
854 517
891 414
742 772
742 120
4 135
66 227
517 718
586 762
867 231
82 135
