275 849
275 175
278 214
248 506
92 915
92 31
92 316
720 746
720 587
720 935
780 977
819 329
923 239
923 214
923 951
923 90
923 742
923 502
229 306
373 656
840 874
840 987
251 987
439 912
948 120
948 75
948 592
948 803
699 313
699 912
38 474
38 782
38 309
38 939
506 173
506 644
802 40
802 572
994 531
994 987
450 40
450 947
450 712
528 193
771 170
771 870
771 863
442 249
658 629
28 987
89 61
107 335
107 464
69 950
573 166
573 912
573 416
301 630
301 795
235 890
235 214
289 262
377 246
996 90
98 134
98 401
433 987
153 977
497 773
25 558
290 253
290 214
858 978
858 165
915 990
915 165
915 316
915 90
915 772
915 543
915 428
915 530
915 857
427 955
291 401
535 542
535 472
582 987
273 581
273 752
273 306
723 565
723 73
326 587
445 629
445 288
550 500
550 746
550 546
543 316
976 349
740 420
266 912
266 790
78 404
347 933
347 147
52 912
52 313
731 284
428 61
428 31
428 316
885 586
885 90
885 912
885 30
885 416
159 62
159 334
159 214
159 940
159 798
159 502
405 135
559 420
281 718
281 127
157 542
157 586
157 517
628 135
628 581
628 82
843 718
30 104
30 868
30 90
30 912
30 120
662 443
662 40
189 0
189 951
189 502
414 891
434 672
401 454
401 165
401 683
401 415
401 429
526 629
867 118
883 718
883 951
305 946
424 207
424 421
424 795
783 738
783 120
926 748
926 565
926 715
926 577
846 67
846 629
846 561
846 288
609 772
568 40
447 416
111 586
111 762
111 854
111 912
111 416
294 912
294 313
294 416
184 193
184 754
184 718
133 168
540 245
540 264
540 56
540 231
540 233
540 874
540 987
540 955
540 120
58 909
58 338
82 170
795 207
795 493
795 512
795 978
795 421
795 817
850 761
850 738
850 90
850 541
850 120
101 246
101 977
101 423
928 666
880 416
160 629
987 245
987 789
987 809
987 872
987 641
987 338
987 849
987 873
987 432
987 764
987 482
987 311
987 361
987 95
987 68
987 698
987 531
987 231
987 56
987 480
987 955
987 925
499 607
499 321
499 558
70 534
70 310
680 284
939 323
874 245
874 873
874 231
874 764
977 950
977 514
977 208
977 103
977 175
977 1004
977 693
977 410
977 32
977 423
391 629
391 288
776 334
142 857
142 316
142 631
142 267
337 323
337 505
589 383
334 772
334 2
253 566
253 151
592 454
592 713
333 19
500 332
500 814
500 416
232 607
232 313
232 168
118 5
810 881
421 32
421 188
685 605
685 629
685 1001
435 782
435 854
435 267
435 416
423 246
423 103
423 175
67 963
67 165
67 656
630 167
630 629
630 891
48 854
48 558
369 250
947 774
947 40
165 316
165 344
165 31
165 857
870 170
946 425
946 472
40 695
40 187
40 272
40 488
40 198
40 712
40 900
40 379
40 254
40 60
40 572
607 231
607 891
607 91
607 742
607 75
873 789
236 537
236 90
260 912
381 532
558 207
558 956
558 319
558 216
558 458
918 854
918 844
166 416
166 912
166 74
591 61
591 502
53 193
53 772
402 832
754 718
754 595
789 95
188 920
188 656
188 614
188 502
151 2
759 416
0 595
0 249
0 716
634 788
912 313
912 256
912 574
912 356
912 949
912 765
912 648
912 602
912 868
912 586
912 743
912 77
912 762
912 214
912 416
912 168
716 718
735 310
104 425
832 322
565 41
565 854
935 413
935 746
137 581
137 90
393 16
393 249
541 924
120 586
120 742
120 772
120 765
120 416
773 288
454 772
454 429
454 127
316 772
316 629
517 542
517 61
517 256
517 267
418 105
542 239
542 586
542 646
542 684
542 356
542 765
784 742
190 920
190 656
190 267
990 656
415 429
561 207
561 629
561 288
833 951
24 629
332 126
332 416
718 904
718 61
718 711
718 122
718 90
718 866
718 32
718 114
718 502
531 214
668 413
231 245
231 170
74 416
791 32
644 924
644 14
644 199
256 112
256 478
256 648
256 267
256 186
866 90
687 696
687 214
687 772
687 746
687 365
687 502
813 413
813 746
813 214
794 854
971 344
586 868
586 126
586 782
586 267
586 984
586 854
586 416
823 193
823 239
823 62
249 693
267 478
267 112
267 838
267 648
267 186
164 420
178 502
851 978
851 547
851 629
851 502
732 365
692 746
692 191
629 891
629 288
629 280
629 530
629 493
629 360
629 484
629 978
629 631
90 649
90 193
90 191
605 1001
746 413
193 633
193 595
537 208
537 440
86 443
86 742
854 956
854 782
854 763
854 416
168 425
168 868
168 949
168 790
168 472
168 416
41 73
491 5
966 45
966 227
966 66
943 310
167 817
167 502
1001 924
46 310
572 614
868 765
14 924
288 493
288 484
924 516
239 742
239 951
239 772
239 595
239 502
516 790
516 804
516 881
469 207
614 656
614 891
772 951
772 890
772 75
772 742
772 857
280 32
280 656
280 502
696 61
443 152
697 925
502 862
502 951
633 416
881 804
425 765
425 472
277 862
988 207
472 313
152 742
458 214
207 547
956 790
544 739
984 416
890 742
62 646
62 214
126 416
857 951
581 936
707 951
686 933
686 577
686 147
790 863
595 404
595 951
416 782
416 765
416 147
416 762
900 742
863 742
16 225
879 420
214 951
245 233
951 306
420 96
