599 178
278 98
278 923
275 327
703 135
688 553
866 951
248 696
314 178
314 929
535 369
535 913
720 746
819 329
923 617
923 334
923 127
923 707
923 235
229 696
956 499
373 391
225 951
761 804
439 168
6 178
586 984
586 135
586 157
586 912
586 383
586 435
249 178
624 245
78 178
532 804
532 1001
730 425
369 913
274 920
178 470
178 710
178 0
178 976
178 339
178 502
178 862
178 409
178 228
178 929
178 333
178 605
178 767
178 693
178 569
178 99
178 538
534 696
851 387
851 696
851 167
851 920
851 978
851 428
851 530
117 98
658 629
629 750
629 846
629 561
629 891
629 526
629 24
629 280
629 288
629 530
629 685
629 160
629 493
629 360
629 631
629 630
107 98
429 98
601 70
235 416
746 935
377 718
35 978
98 707
98 401
98 454
98 134
98 268
98 713
170 135
522 550
31 990
523 765
542 135
337 113
915 696
915 428
915 142
891 24
594 135
332 126
1001 950
543 971
134 807
134 416
168 984
168 912
250 551
336 926
617 416
141 978
518 551
150 416
428 920
428 696
428 530
885 984
885 912
179 789
74 984
74 912
356 425
167 978
559 50
840 874
157 135
157 696
843 718
662 443
189 718
700 790
257 416
800 62
288 773
288 846
288 484
288 391
288 630
929 99
814 500
239 951
239 159
239 214
239 713
540 874
540 245
484 391
281 718
281 127
926 715
609 707
772 75
904 718
329 245
482 990
482 531
388 70
724 718
880 416
135 581
135 742
135 530
135 942
135 697
135 834
472 425
70 214
70 65
680 707
692 696
687 696
207 990
874 245
874 873
874 925
874 764
874 231
530 920
142 920
984 762
984 912
890 416
62 646
784 769
334 696
334 75
114 718
630 920
365 718
500 782
500 435
696 410
696 607
696 718
232 425
200 952
643 685
643 381
126 790
126 416
581 765
978 188
707 951
707 416
165 990
104 425
104 936
61 718
873 633
764 245
595 127
267 112
416 191
416 90
416 1003
416 454
416 425
416 752
416 214
416 91
416 833
416 633
416 951
416 185
416 120
862 99
862 832
112 425
310 343
324 591
53 120
812 790
16 718
0 732
75 120
716 718
214 425
214 951
214 940
214 127
742 765
245 264
245 231
245 233
936 765
32 718
