115 912
886 250
834 214
834 587
834 692
834 746
834 120
139 510
139 513
139 125
139 676
139 832
139 477
139 402
139 622
139 534
139 780
139 977
139 206
139 939
139 343
225 779
225 407
225 883
776 214
776 687
776 159
776 278
776 450
776 334
776 571
776 752
777 410
335 107
335 468
335 737
335 119
335 898
335 464
335 208
335 808
335 381
335 1004
335 201
335 810
335 29
335 899
335 5
335 175
335 700
335 537
335 516
335 670
335 553
335 385
335 985
335 643
335 236
335 980
335 532
335 118
335 664
335 688
740 106
740 157
740 612
740 879
740 788
708 916
221 746
40 272
40 159
40 466
40 662
40 53
40 379
40 572
40 60
40 947
40 267
40 214
40 187
40 712
40 900
40 488
40 254
40 264
40 802
40 450
40 695
40 568
40 120
582 338
582 840
582 540
582 832
582 987
582 369
582 994
582 329
582 364
582 173
582 28
582 764
582 105
584 731
584 422
584 15
323 622
454 890
454 98
454 150
454 863
454 543
454 90
454 165
454 134
454 922
454 713
454 268
454 609
454 592
454 858
454 291
454 401
454 91
454 278
454 429
454 1003
454 772
454 120
580 91
580 544
580 383
580 791
580 528
580 377
580 32
165 424
165 915
165 267
165 990
165 838
165 136
165 316
165 67
165 344
165 428
165 401
165 142
165 857
165 207
165 31
165 349
165 586
165 947
165 858
522 718
522 61
522 293
522 843
522 854
82 784
82 572
82 135
82 771
422 143
422 527
422 731
422 284
422 280
422 696
422 377
422 680
422 15
947 466
947 264
947 310
947 837
947 160
947 105
947 257
947 568
947 479
947 58
947 161
947 450
947 948
947 695
947 586
947 774
947 120
833 185
833 257
833 752
833 415
527 731
835 742
835 214
45 52
45 66
45 126
45 227
471 272
471 629
471 415
858 552
858 849
858 160
858 991
125 402
125 534
125 622
125 206
765 648
765 30
765 721
765 166
765 356
765 313
765 126
765 908
765 946
765 209
765 912
765 90
765 52
765 332
765 104
765 890
765 936
765 586
765 602
765 743
765 772
4 304
4 441
4 120
4 135
4 771
4 371
736 231
160 530
160 915
160 526
160 629
160 838
160 571
160 136
160 547
160 428
160 360
160 857
160 586
160 24
160 267
418 996
418 308
418 105
418 153
418 977
418 178
418 1001
418 364
553 670
553 5
553 107
236 537
236 189
236 532
236 506
236 107
236 977
236 208
236 249
236 2
971 915
971 142
971 267
971 990
971 200
971 952
971 136
971 316
971 630
971 428
185 213
185 915
185 248
185 684
185 670
185 742
185 502
185 762
102 622
360 530
360 267
360 280
360 526
360 936
360 629
479 890
479 980
479 122
479 718
479 275
479 586
479 337
479 904
386 758
386 319
110 74
110 166
110 803
110 112
110 674
135 159
135 528
135 951
135 942
135 742
135 720
135 170
135 746
135 936
135 61
135 75
135 743
135 371
135 120
135 292
135 718
135 233
135 790
135 191
135 549
135 628
135 692
135 517
135 870
135 405
135 415
135 161
135 581
135 337
135 334
135 772
135 362
624 231
624 329
624 311
624 245
624 994
624 719
624 692
624 738
624 764
86 742
86 443
86 152
688 107
688 702
688 898
688 29
688 670
413 214
413 700
413 191
413 696
413 530
413 900
413 935
413 53
413 746
413 196
798 784
798 692
798 659
231 698
231 700
231 245
231 540
231 921
231 987
231 873
231 738
231 178
231 502
231 764
231 2
98 707
98 592
98 107
98 291
98 401
98 134
98 278
98 429
98 713
98 268
98 117
544 214
544 143
544 144
544 415
544 563
544 53
544 669
544 8
70 633
70 191
70 334
70 638
70 53
70 42
70 90
70 324
70 91
70 534
70 343
70 939
70 509
70 950
70 120
333 506
333 767
333 178
333 228
65 214
65 687
65 193
65 629
84 324
340 61
340 743
208 783
208 977
208 107
398 450
398 159
398 712
659 742
659 306
659 771
659 784
369 62
369 159
369 513
369 646
369 535
200 915
200 267
200 990
200 952
200 136
200 316
200 746
200 428
200 142
200 344
200 543
306 742
306 784
306 229
306 790
306 374
306 120
306 161
306 83
306 771
306 137
113 542
113 62
113 823
113 854
299 559
299 832
299 638
299 951
299 509
299 634
664 700
664 537
664 107
664 643
664 381
664 737
664 192
664 810
664 985
664 440
31 915
31 142
31 267
31 990
31 838
31 190
31 316
31 428
443 516
443 718
443 267
443 662
443 908
443 53
443 742
443 193
443 159
443 152
443 602
872 987
872 2
470 189
470 789
470 178
470 249
470 502
268 633
268 592
268 291
268 134
268 683
268 1003
268 713
268 117
885 648
885 984
885 447
885 74
885 571
885 416
885 912
885 889
885 332
885 294
885 313
885 586
885 168
885 256
885 111
530 630
530 159
530 267
530 280
530 851
530 445
530 502
530 90
530 891
530 857
530 383
530 846
530 935
530 214
530 631
530 542
530 571
530 184
530 517
530 91
530 731
530 414
530 288
530 493
530 629
530 685
530 920
530 189
530 658
530 526
530 561
530 915
530 718
530 334
530 692
530 746
530 428
530 141
530 450
530 120
530 24
530 591
530 772
758 565
758 723
758 318
758 25
758 918
758 499
758 844
758 91
758 684
758 458
758 956
472 52
472 159
472 232
472 356
472 782
472 260
472 209
472 743
472 90
472 416
472 575
472 313
472 912
472 946
472 168
474 510
465 812
954 614
954 207
954 469
954 964
954 547
954 978
954 428
206 402
206 477
206 622
206 534
206 939
206 487
939 38
939 622
939 534
939 337
603 780
332 435
332 984
332 126
332 447
332 191
332 119
332 782
332 416
332 250
332 52
332 573
332 294
332 575
332 166
332 586
332 648
332 912
332 500
752 629
752 191
752 978
752 617
752 994
752 62
752 147
752 415
752 850
752 178
752 56
841 274
841 746
841 120
401 278
401 291
401 429
401 415
401 196
14 700
14 644
14 924
14 516
14 410
14 790
14 724
14 921
14 199
14 1001
14 783
14 702
14 506
14 173
14 719
14 850
394 571
105 890
105 235
105 374
641 987
641 633
889 2
802 662
802 450
802 159
802 362
450 272
450 267
450 662
450 742
450 61
450 75
450 60
450 572
450 187
450 254
450 712
450 595
450 334
450 571
450 692
450 746
450 991
450 754
450 568
450 264
450 415
450 120
450 695
450 900
450 362
337 38
337 718
337 663
337 505
337 649
337 509
502 724
502 280
502 862
502 189
502 228
502 718
502 409
502 178
502 710
502 167
502 214
502 605
502 388
502 188
502 976
502 692
502 746
502 118
502 693
502 362
502 334
502 591
502 78
502 538
690 586
538 700
538 693
538 178
538 228
538 362
596 264
267 648
267 435
267 353
267 647
267 857
267 80
267 630
267 662
267 190
267 847
267 166
267 855
267 344
267 978
267 493
267 416
267 720
267 408
267 112
267 405
267 846
267 656
267 371
267 870
267 631
267 628
267 990
267 952
267 280
267 316
267 478
267 517
267 674
267 731
267 686
267 256
267 704
267 120
267 700
267 136
267 535
267 629
267 685
267 920
267 274
267 67
267 142
267 658
267 526
267 181
267 891
267 915
267 392
267 838
267 186
267 373
267 302
267 428
267 988
267 561
267 803
267 581
267 586
267 24
267 202
267 684
107 468
107 737
107 537
107 898
107 464
107 53
107 808
107 381
107 201
107 134
107 810
107 226
107 652
107 5
107 175
107 214
107 192
107 670
107 29
107 980
107 985
107 91
107 532
107 393
107 118
107 415
107 75
107 320
107 1004
12 870
166 718
166 74
166 356
166 674
166 392
166 416
166 294
166 759
166 112
166 586
166 602
166 743
166 500
166 762
199 996
199 541
199 924
199 506
199 850
199 644
199 979
199 1001
554 633
404 595
404 189
404 372
404 169
173 738
173 890
173 644
173 657
173 506
173 850
173 428
416 890
416 648
416 868
416 159
416 133
416 435
416 730
416 126
416 90
416 573
416 759
416 62
416 912
416 168
416 214
416 984
416 721
416 232
416 74
416 439
416 517
416 91
416 707
416 256
416 120
416 425
416 880
416 260
416 294
416 77
416 104
416 313
416 602
416 586
416 30
416 447
416 646
416 356
416 782
416 949
416 196
416 52
416 111
416 147
416 266
416 334
416 500
13 541
13 738
13 516
13 693
13 783
13 506
13 850
13 743
585 922
585 719
585 528
585 168
6 0
6 189
6 178
6 249
6 506
654 738
654 650
654 543
654 783
654 837
654 991
654 682
483 696
483 190
483 229
483 283
483 249
572 161
572 609
572 731
572 159
572 372
572 371
572 120
572 32
935 214
935 966
935 111
935 159
935 415
935 571
935 347
935 62
935 746
226 440
466 662
466 695
424 630
424 990
424 469
424 207
424 795
424 547
424 978
424 421
644 541
644 924
644 506
644 1001
644 996
644 738
644 702
644 491
644 134
644 977
644 850
124 250
124 722
318 844
318 956
318 558
318 684
318 25
318 319
318 499
318 362
863 742
863 784
863 771
863 534
863 789
863 772
990 647
990 280
990 316
990 136
990 482
990 344
990 795
990 142
990 17
990 658
990 408
990 857
990 178
990 915
990 349
990 952
990 469
990 180
990 302
990 428
990 957
990 953
990 543
990 207
990 92
865 214
865 415
865 159
865 53
865 120
141 214
141 614
141 512
141 280
141 630
141 469
141 428
141 421
141 978
141 188
439 90
439 260
439 232
439 77
439 266
439 912
439 949
439 168
71 595
138 674
477 402
477 622
477 534
477 310
587 720
587 415
587 789
587 617
587 329
997 214
997 415
151 278
151 609
151 923
151 253
151 706
320 537
320 843
320 1004
456 304
699 260
699 77
699 912
699 168
35 658
35 207
35 469
35 280
35 547
35 978
35 362
891 630
891 353
891 629
891 153
891 851
891 547
891 607
891 445
891 90
891 700
891 414
891 207
891 526
891 24
204 586
969 977
969 410
969 509
464 214
464 980
464 61
464 718
742 571
742 784
742 159
742 400
742 550
742 923
742 951
742 771
742 90
742 229
742 104
742 609
742 75
742 901
742 769
742 214
742 570
742 718
742 900
742 692
742 746
742 591
742 890
742 415
742 152
742 334
742 83
742 993
742 120
767 178
658 846
658 629
658 280
658 136
658 731
658 561
658 92
658 24
775 214
775 537
775 329
775 692
775 746
775 120
1004 189
1004 423
1004 175
1004 181
1004 716
1004 977
1004 249
780 509
780 622
780 514
780 103
780 977
780 164
780 950
850 890
850 924
850 650
850 576
850 327
850 837
850 546
850 53
850 541
850 134
850 75
850 804
850 881
850 516
850 270
850 191
850 657
850 506
850 745
850 682
850 1001
850 761
850 996
850 738
850 197
850 702
850 921
850 783
850 719
850 120
19 890
16 127
16 410
16 718
16 719
16 843
16 506
16 407
16 832
16 732
519 178
599 605
599 693
599 702
599 976
599 178
599 409
599 710
338 987
338 196
338 415
972 926
972 577
972 147
972 277
718 724
718 188
718 851
718 377
718 388
718 32
718 607
718 684
718 157
718 746
718 61
718 595
718 542
718 711
718 904
718 517
718 980
718 843
718 534
718 569
718 120
718 114
718 281
718 716
718 189
718 696
718 410
718 5
718 915
718 127
718 754
718 687
718 356
718 593
718 692
718 866
718 293
718 883
718 586
718 591
718 415
469 630
469 159
469 851
469 547
469 512
469 795
469 229
469 421
469 167
469 301
469 614
469 978
469 241
469 817
469 957
469 207
469 120
469 24
469 188
393 843
393 201
186 648
186 112
186 517
186 256
180 727
867 118
428 647
428 629
428 136
428 838
428 302
428 189
428 953
428 142
428 857
428 92
428 915
428 349
428 952
428 316
428 122
428 543
428 207
931 926
931 577
931 277
931 147
91 565
91 629
91 280
91 851
91 723
91 30
91 189
91 77
91 844
91 647
91 29
91 912
91 220
91 167
91 915
91 693
91 233
91 660
91 301
91 978
91 517
91 673
91 52
91 716
91 147
91 207
402 510
402 832
402 638
402 559
402 42
402 324
402 50
402 622
402 788
402 534
402 634
402 676
402 164
402 106
116 692
116 772
127 159
127 281
127 724
127 595
127 114
127 53
127 732
127 189
127 423
127 410
127 843
127 716
127 883
127 687
127 607
127 293
127 122
127 754
127 916
127 120
842 132
510 46
510 399
510 264
510 509
510 622
510 534
510 977
510 132
510 75
487 534
487 977
195 595
240 126
613 90
613 362
672 844
672 600
672 918
730 30
730 356
730 37
730 868
730 517
730 912
788 106
788 634
216 558
216 321
216 458
216 319
216 499
216 48
808 175
808 898
808 29
808 5
575 232
575 912
575 782
575 814
575 168
517 648
517 53
517 120
517 112
517 546
517 2
517 214
517 61
517 317
517 392
517 356
517 478
517 746
517 674
517 803
517 415
517 586
517 256
517 722
739 214
739 915
739 143
739 24
739 746
444 62
444 535
444 513
444 823
444 854
444 250
682 783
682 738
682 650
75 915
75 629
75 851
75 334
75 920
75 53
75 170
75 220
75 147
75 371
75 178
75 772
75 120
233 214
233 329
233 159
233 334
233 692
233 245
233 617
600 956
710 423
710 832
710 693
710 178
187 801
187 695
949 260
949 435
949 266
949 232
949 77
949 556
949 912
949 168
461 586
883 779
883 189
883 790
883 915
883 407
883 184
883 843
251 671
251 410
251 987
251 159
372 595
372 169
372 934
293 862
293 246
293 61
293 724
293 280
293 716
293 700
671 290
671 692
671 746
738 650
738 576
738 921
738 923
738 837
738 541
738 761
738 745
738 214
738 270
738 506
738 951
738 828
738 702
738 264
738 783
738 719
840 698
840 987
840 764
840 873
686 926
686 435
686 577
686 147
686 277
278 214
278 609
278 592
278 24
278 923
278 290
278 415
278 713
534 890
534 923
534 951
534 42
534 862
534 324
534 622
534 388
534 343
534 649
534 214
534 223
534 334
534 571
534 310
534 746
534 843
534 591
534 993
534 120
132 388
769 830
769 159
568 488
568 379
568 771
568 660
568 695
309 38
309 1
926 890
926 171
926 715
926 951
926 230
926 347
926 277
926 748
926 590
926 577
926 147
926 933
926 285
926 157
926 772
207 493
207 851
207 847
207 136
207 547
207 67
207 795
207 953
207 558
207 421
207 167
207 301
207 373
207 978
207 988
207 349
207 188
126 168
126 868
126 790
126 232
126 77
126 356
126 66
126 782
126 573
126 30
126 52
126 104
126 586
126 362
126 912
126 2
295 178
480 987
480 482
480 1001
732 0
732 118
246 101
246 423
246 175
246 724
246 5
142 143
142 630
142 647
142 280
142 136
142 547
142 344
142 953
142 857
142 543
142 134
142 915
142 61
142 952
142 301
142 316
142 302
142 92
142 188
558 565
558 723
558 458
558 321
558 319
558 499
558 48
558 844
558 918
558 684
558 25
558 159
558 956
558 704
558 41
104 648
104 30
104 721
104 74
104 908
104 523
104 256
104 52
104 294
104 743
104 362
589 383
589 290
696 143
696 915
696 61
696 8
696 851
696 334
696 995
696 607
696 678
696 844
696 229
696 159
696 812
696 377
696 2
696 591
592 609
592 134
592 713
661 700
29 381
29 899
29 5
164 853
164 879
164 343
164 638
946 648
946 235
946 425
946 53
946 305
700 38
700 272
700 159
700 435
700 96
700 838
700 53
700 771
700 707
700 866
700 516
700 2
700 178
700 881
700 605
700 61
700 232
700 790
700 24
700 638
700 607
700 746
700 532
700 812
700 334
322 343
322 334
322 950
322 879
322 399
457 377
69 343
69 879
670 506
670 175
670 381
670 415
670 5
832 38
832 319
832 638
832 663
832 324
832 388
832 951
832 514
832 90
832 229
832 936
832 1
832 423
832 509
832 634
646 112
646 62
646 823
646 542
646 250
646 334
646 513
646 485
900 214
900 272
900 159
900 662
900 571
900 746
900 161
900 546
900 120
782 648
782 435
782 984
782 66
782 586
782 912
782 500
782 168
612 214
499 565
499 73
499 723
499 321
499 53
499 319
499 618
499 48
499 679
499 844
499 956
499 684
499 458
499 918
499 704
499 41
991 614
991 61
991 543
991 178
52 648
52 868
52 66
52 30
52 356
52 201
52 602
52 912
52 168
308 577
308 277
879 223
879 368
879 420
879 548
147 890
147 633
147 235
147 159
147 150
147 715
147 193
147 951
147 53
147 90
147 355
147 285
147 230
147 134
147 214
147 707
147 171
147 515
147 347
147 277
147 590
147 577
147 415
147 933
147 334
147 772
147 120
927 214
571 663
571 542
571 277
571 870
571 62
571 684
571 161
571 285
571 731
161 239
161 994
161 581
161 586
581 890
581 540
581 594
581 830
581 528
581 855
581 53
581 951
581 170
581 936
581 692
152 83
24 630
24 915
24 493
24 629
24 280
24 189
24 647
24 143
137 771
137 936
684 565
684 458
684 48
684 918
684 25
684 546
684 743
684 214
684 844
684 321
684 319
684 746
684 956
684 586
684 704
181 249
181 537
181 189
181 724
181 190
181 274
181 167
868 648
868 573
868 790
868 356
868 602
868 30
868 2
194 951
194 626
194 159
849 987
849 275
849 175
849 737
1003 707
1003 987
1003 334
724 915
724 716
724 851
724 547
724 32
724 862
724 189
724 228
724 491
724 5
662 214
662 272
662 159
662 838
662 53
662 193
662 379
373 280
373 190
136 915
136 838
136 316
136 953
136 341
136 857
136 120
32 214
32 143
32 280
32 862
32 731
32 197
32 159
32 977
32 789
32 791
349 915
349 838
349 976
349 316
493 630
493 159
493 629
493 685
493 301
493 547
493 978
493 561
493 288
355 590
355 577
355 277
329 214
329 245
329 692
329 248
329 910
329 819
329 264
633 495
633 540
633 11
633 987
633 53
633 707
633 193
633 546
633 343
633 923
633 500
759 232
759 74
759 586
759 912
759 362
241 547
241 280
25 565
25 956
25 48
25 723
25 844
25 918
25 458
25 704
427 955
535 159
535 823
535 854
535 250
535 62
535 513
535 120
535 722
535 334
535 485
535 762
898 175
577 715
577 159
577 171
577 590
577 230
577 936
577 347
577 277
577 748
577 285
577 458
577 58
577 933
577 157
912 159
912 984
912 30
912 77
912 266
912 556
912 90
912 447
912 232
912 790
912 191
912 74
912 356
912 260
912 762
912 586
912 168
955 311
955 540
955 873
955 925
955 773
955 987
214 290
214 435
214 852
214 159
214 280
214 851
214 190
214 987
214 720
214 784
214 220
214 371
214 940
214 712
214 316
214 746
214 515
214 910
214 731
214 707
214 531
214 569
214 993
214 168
214 248
214 629
214 595
214 923
214 920
214 324
214 243
214 963
214 542
214 178
214 743
214 844
214 687
214 356
214 528
214 692
214 994
214 283
214 56
214 812
214 783
214 586
214 334
214 500
988 239
988 423
988 547
988 978
388 638
388 159
388 280
388 264
388 310
388 90
388 591
388 343
388 634
388 334
388 509
388 843
388 2
232 790
232 77
232 356
232 37
232 94
232 260
232 313
232 178
232 168
382 516
26 362
305 425
18 622
828 719
687 609
687 915
687 923
687 607
687 746
687 414
687 415
687 546
687 586
687 334
687 843
687 772
687 120
239 609
239 866
239 159
239 230
239 951
239 713
532 381
532 516
532 175
532 790
532 537
532 1001
532 743
702 924
702 78
702 506
702 977
702 1001
921 101
921 381
921 327
921 923
921 837
0 189
0 410
0 118
0 178
0 249
569 178
634 638
634 559
634 509
634 950
288 630
288 629
288 561
288 445
362 143
362 528
362 316
362 542
362 866
362 383
362 901
362 168
362 191
362 356
362 189
362 491
362 854
362 695
362 812
272 754
272 193
629 890
629 630
629 846
629 280
629 685
629 880
629 53
629 302
629 90
629 561
629 196
629 609
629 631
629 316
629 334
629 159
629 190
629 978
629 120
629 772
629 526
223 663
223 399
223 415
223 343
223 638
223 746
754 595
754 407
754 120
414 526
414 8
230 951
230 277
415 890
415 248
415 462
415 586
415 851
415 316
415 923
415 617
415 324
415 157
415 150
415 191
415 542
415 692
415 607
415 159
415 783
415 429
415 334
415 591
908 30
908 425
908 77
908 762
908 602
908 743
908 133
274 630
274 167
274 190
274 614
274 920
274 656
274 772
705 76
260 790
260 66
260 266
260 77
260 586
260 762
260 743
260 168
566 253
566 713
341 915
719 410
719 506
719 837
719 541
719 56
719 783
719 745
61 565
61 490
61 909
61 30
61 866
61 157
61 915
61 746
61 356
61 692
61 243
61 591
61 819
61 120
977 378
977 153
977 497
977 189
977 410
977 399
977 103
977 1001
977 996
977 514
977 423
977 249
977 950
761 866
761 516
761 928
761 790
761 783
761 576
761 924
761 881
843 407
843 907
843 201
843 711
843 591
843 779
843 120
762 77
762 356
762 586
326 120
171 590
171 159
171 933
171 347
171 277
291 134
291 429
291 120
441 304
56 90
56 432
56 159
56 540
56 987
56 482
96 638
96 420
319 159
319 48
319 918
319 458
319 423
377 866
377 423
377 729
377 159
377 951
866 101
866 159
866 506
866 423
321 844
321 565
321 458
321 704
321 159
321 618
321 48
996 541
996 506
996 1001
996 120
994 746
994 410
994 764
994 540
994 987
994 120
364 987
364 248
264 245
264 663
264 692
264 586
264 343
264 764
542 159
542 53
542 62
542 823
542 356
542 746
542 250
542 513
542 854
542 586
542 334
542 485
542 772
542 120
783 516
783 650
783 790
783 837
783 506
783 120
676 622
83 784
83 53
83 771
83 703
722 854
722 62
890 853
890 468
890 663
890 915
890 190
890 923
890 77
890 617
890 48
890 324
890 62
890 649
890 178
890 168
890 30
890 192
890 721
890 175
890 625
890 506
890 280
890 978
890 956
890 193
890 334
890 90
460 324
72 120
235 923
235 951
650 410
153 410
153 1001
453 951
184 779
184 423
697 855
697 925
697 311
697 170
697 540
995 910
909 862
909 383
909 528
909 58
748 277
62 159
62 823
62 250
62 500
62 513
62 854
62 551
62 485
77 648
77 356
77 557
77 37
77 266
77 313
77 586
77 168
383 887
383 526
383 531
383 586
383 528
159 565
159 290
159 940
159 784
159 190
159 951
159 607
159 243
159 712
159 157
159 316
159 746
159 851
159 283
159 807
159 595
159 923
159 547
159 189
159 963
159 343
159 713
159 167
159 707
159 651
159 692
159 506
159 586
159 334
159 830
159 500
407 779
407 907
680 707
680 731
680 284
680 790
680 15
421 90
421 280
421 630
421 547
421 978
421 795
46 343
46 310
626 703
824 547
111 133
111 586
111 602
595 790
595 716
595 951
595 189
595 169
595 934
595 546
595 249
316 647
316 190
316 838
316 53
316 344
316 90
316 17
316 857
316 915
316 952
316 302
316 392
316 953
316 543
316 92
316 334
316 120
904 189
420 559
420 638
515 500
409 189
409 178
409 249
409 78
984 294
984 447
984 313
984 74
984 586
984 168
950 343
950 663
950 514
950 103
120 280
120 851
120 190
120 987
120 720
120 248
120 948
120 433
120 823
120 743
120 731
120 220
120 485
120 53
120 189
120 586
120 915
120 196
120 191
120 549
120 310
120 978
120 772
120 854
120 193
120 500
681 951
378 103
378 514
245 698
245 540
245 830
245 987
245 764
721 356
721 602
721 743
540 698
540 873
540 987
540 855
540 53
540 193
540 546
540 925
540 311
327 275
327 381
327 657
327 506
133 648
133 602
133 168
11 53
73 723
73 458
73 41
37 313
37 356
37 256
37 168
482 809
482 432
482 410
482 531
482 987
482 951
844 565
844 723
844 918
844 546
844 956
844 458
809 432
809 987
809 28
189 652
189 201
189 716
189 114
189 149
189 862
189 410
189 178
189 915
189 249
189 365
294 447
294 790
294 74
294 817
294 313
294 586
294 256
294 500
227 66
313 648
313 447
313 74
313 356
313 30
313 256
134 614
134 356
253 290
925 987
178 228
178 53
178 862
178 605
178 250
178 693
178 90
178 976
178 280
178 692
178 607
178 339
178 188
178 334
178 249
178 78
743 550
743 516
743 356
743 546
743 157
743 602
743 704
556 790
556 168
609 923
609 880
609 617
609 53
609 772
814 500
516 550
516 924
516 790
516 837
516 1001
516 704
516 356
516 881
317 374
716 149
716 410
716 249
356 435
356 90
356 112
356 602
356 30
356 790
356 746
356 209
356 586
356 168
356 256
356 500
853 343
302 915
302 838
817 552
817 851
817 547
817 978
657 541
657 440
657 506
657 10
17 915
17 857
197 38
197 923
704 565
704 546
559 50
559 622
559 509
773 497
796 143
509 638
509 90
2 38
2 790
2 630
2 952
2 66
2 526
143 790
143 862
143 731
143 741
143 144
630 685
630 951
630 647
630 915
630 512
630 746
630 656
630 957
630 188
630 167
966 933
966 66
966 347
966 168
353 190
647 915
647 280
647 301
647 547
647 920
647 92
576 506
851 741
851 280
851 920
851 547
851 552
851 167
851 978
851 188
851 334
617 830
617 607
617 586
617 334
617 923
617 772
118 862
118 365
541 410
541 951
541 506
541 923
541 1001
541 979
953 915
953 280
953 374
122 410
122 857
122 693
458 565
458 48
458 956
458 918
458 723
979 119
546 550
546 248
546 923
546 614
546 176
546 193
546 551
546 334
546 220
546 188
196 731
201 249
220 334
220 53
275 114
275 175
175 410
175 737
175 423
175 5
790 506
790 956
790 812
790 526
790 881
790 168
790 30
790 119
790 638
790 602
790 229
790 266
74 648
74 447
74 392
74 573
74 256
74 76
74 112
74 586
74 168
506 248
506 440
506 381
506 881
506 970
506 1001
506 511
506 249
506 90
905 281
638 649
638 334
638 324
638 706
638 343
638 42
638 346
478 648
478 112
478 256
801 746
801 1001
119 812
980 591
980 746
901 784
901 771
513 485
514 103
531 987
531 432
429 343
41 565
41 723
803 112
803 392
803 674
784 771
784 703
784 229
924 410
924 881
924 837
924 1001
468 537
468 643
468 810
706 324
663 410
663 951
663 90
663 343
663 334
663 649
192 381
837 410
837 586
880 707
880 692
547 280
547 512
547 795
547 862
547 552
547 561
547 167
547 957
547 301
547 614
547 978
547 964
547 188
284 731
440 537
440 381
440 737
440 361
918 956
918 854
963 67
963 53
266 168
764 698
764 987
167 964
167 280
167 795
167 951
167 978
167 920
167 188
707 951
707 692
707 193
101 423
573 447
573 586
191 150
191 190
191 692
191 90
392 112
392 674
557 435
557 168
310 1
310 586
310 343
310 103
691 485
723 565
723 956
228 605
228 693
249 114
249 410
249 149
870 405
870 731
948 586
729 243
491 281
491 5
95 987
95 873
551 823
551 250
648 586
648 168
648 602
648 256
432 987
432 881
951 936
951 855
951 771
951 42
951 552
951 957
951 170
951 500
190 920
190 978
190 53
190 334
190 656
987 53
987 68
987 698
987 433
987 873
987 361
987 311
987 789
987 28
512 978
344 915
344 952
344 67
90 923
90 771
90 170
90 978
170 855
1001 685
1001 745
1001 76
1001 381
1001 410
1001 399
857 915
857 838
157 915
157 277
157 746
157 334
674 112
168 586
168 923
168 209
168 602
168 30
168 447
168 607
168 334
537 381
693 791
873 698
873 660
590 277
150 311
150 343
746 550
746 731
746 248
746 923
746 920
746 915
746 692
746 277
746 812
746 586
746 334
746 591
250 500
957 374
957 978
910 334
910 923
910 692
910 53
910 591
193 923
193 53
789 605
789 433
92 915
92 838
256 30
256 112
229 106
229 374
229 607
229 343
229 334
15 731
685 643
685 528
838 915
838 952
67 846
67 561
48 565
48 956
30 209
30 936
30 602
855 112
855 936
933 347
933 277
149 114
830 692
692 248
692 550
692 923
692 607
692 591
692 334
692 772
607 334
58 586
720 334
720 53
643 381
819 53
586 435
586 712
586 447
586 500
586 334
565 956
435 53
435 500
38 324
823 485
846 561
940 53
280 281
280 920
280 862
280 526
280 561
280 656
280 915
280 631
280 902
280 188
368 343
795 561
795 978
76 410
76 399
423 103
810 7
656 920
106 399
410 433
712 433
952 915
176 334
347 277
103 943
103 343
209 53
731 334
731 741
277 715
277 285
550 334
550 500
248 923
248 591
923 53
923 915
923 772
923 334
923 591
920 334
53 978
53 343
53 614
771 703
343 399
343 334
343 591
915 334
915 543
447 500
324 591
614 978
614 188
978 964
978 552
978 301
978 334
978 188
591 334
334 500
301 188
