834 772
833 185
833 720
833 987
833 462
833 415
833 940
833 147
833 75
833 607
833 617
777 883
777 410
777 365
335 107
335 867
335 468
335 737
335 192
335 464
335 208
335 808
335 381
335 1004
335 201
335 810
335 29
335 899
335 5
335 175
335 700
335 537
335 670
335 553
335 607
335 985
335 643
335 236
335 980
335 532
335 118
335 664
335 688
855 292
855 135
855 720
855 170
855 540
855 697
855 581
855 176
855 628
40 272
40 596
40 662
40 90
40 566
40 379
40 61
40 572
40 60
40 947
40 214
40 187
40 823
40 712
40 900
40 290
40 927
40 488
40 254
40 159
40 415
40 802
40 450
40 695
40 568
40 772
584 731
584 284
538 605
538 693
538 333
538 724
538 0
538 569
538 178
538 502
538 951
538 362
879 223
879 420
879 788
879 612
879 75
879 740
879 322
165 122
165 647
165 629
165 136
165 67
165 344
165 200
165 142
165 17
165 857
165 543
165 31
165 915
165 858
165 990
165 952
165 92
165 316
165 302
165 428
165 401
165 971
165 953
165 207
165 586
522 896
522 38
522 61
522 265
522 415
522 718
522 75
522 120
131 14
82 870
82 628
82 720
82 135
82 184
82 771
456 720
767 90
767 599
767 693
767 333
767 0
767 178
767 569
767 745
767 710
767 6
898 90
898 107
898 532
125 139
125 174
125 622
125 64
125 676
125 603
765 648
765 530
765 868
765 528
765 159
765 133
765 776
765 166
765 126
765 908
765 30
765 416
765 104
765 313
765 602
765 762
765 214
765 915
765 472
765 356
765 209
765 671
765 111
765 890
765 450
765 168
765 305
765 90
765 742
91 315
91 502
91 317
91 483
91 75
91 499
91 607
418 996
418 541
418 308
418 105
418 153
418 531
418 977
418 364
474 38
474 603
122 915
122 410
122 857
122 716
122 693
122 711
122 184
122 772
122 428
102 534
102 139
102 622
102 64
479 718
479 980
479 377
479 586
386 319
135 462
135 72
135 703
135 292
135 329
135 720
135 170
135 936
135 443
135 942
135 371
135 772
135 742
135 718
135 549
135 4
135 628
135 692
135 607
135 517
135 141
135 870
135 405
135 90
135 61
135 161
135 581
135 450
135 337
135 176
135 993
135 120
624 231
624 329
624 245
624 873
624 692
624 338
991 696
991 61
991 858
991 654
991 2
991 0
991 569
991 712
991 178
991 693
991 436
413 746
413 935
413 823
413 927
798 159
231 245
231 807
231 736
231 987
231 582
231 329
231 170
231 448
231 178
231 764
231 233
231 698
231 338
231 840
231 540
231 969
231 873
231 607
231 994
231 738
231 264
231 511
231 910
231 502
231 2
98 107
98 592
98 291
98 401
98 607
98 707
98 278
98 454
98 134
98 429
98 713
98 268
98 117
544 214
544 143
544 159
544 772
544 415
535 90
535 113
535 823
535 854
535 444
535 542
535 586
535 369
535 927
535 684
333 599
333 312
333 862
333 605
333 6
333 75
333 178
333 470
333 710
333 19
333 693
333 506
333 29
333 607
333 228
333 502
333 409
333 78
333 783
333 0
333 569
333 249
333 743
65 326
65 193
65 334
65 178
65 607
65 771
701 90
482 789
482 410
482 990
482 540
482 987
482 251
482 274
482 994
482 641
482 531
482 606
482 178
482 176
482 433
307 586
708 718
708 843
306 214
306 784
306 915
306 61
306 807
306 776
306 607
306 374
306 659
306 771
306 703
306 742
306 660
306 229
306 159
306 334
306 591
306 90
306 362
443 550
443 272
443 61
443 662
443 900
443 72
443 908
443 517
443 703
443 742
443 161
443 936
443 546
443 581
443 152
443 86
443 120
872 987
470 189
470 605
470 693
470 0
470 569
470 178
268 257
268 633
268 592
268 454
268 291
268 134
268 683
268 15
268 713
268 117
530 630
530 493
530 629
530 776
530 280
530 586
530 742
530 891
530 684
530 157
530 75
530 360
530 267
530 214
530 915
530 61
530 356
530 160
530 517
530 671
530 450
530 2
530 24
530 526
582 840
582 580
582 832
582 987
582 364
582 674
582 994
582 849
582 686
582 764
582 105
1003 609
954 585
954 469
954 280
954 978
954 362
206 139
206 622
206 64
695 90
695 700
695 596
695 450
695 362
695 568
752 220
752 589
752 629
752 304
752 415
752 850
752 191
752 416
752 927
752 120
14 924
14 13
14 650
14 724
14 576
14 837
14 199
14 541
14 189
14 381
14 173
14 410
14 761
14 881
14 644
14 945
14 516
14 270
14 506
14 1001
14 996
14 738
14 702
14 921
14 783
14 719
394 571
803 392
803 772
803 112
803 517
803 674
802 159
802 607
802 61
802 450
802 568
450 571
450 272
450 596
450 466
450 462
450 662
450 923
450 398
450 742
450 684
450 546
450 61
450 572
450 776
450 754
450 947
450 915
450 187
450 718
450 712
450 900
450 692
450 517
450 428
450 671
450 595
450 356
450 586
450 568
450 772
249 693
249 280
249 506
249 32
249 828
249 189
249 658
249 6
249 643
249 0
249 569
249 178
249 502
596 568
596 272
596 187
596 254
596 662
596 239
596 572
596 947
133 648
133 416
133 256
133 908
133 602
133 168
107 468
107 159
107 737
107 537
107 464
107 208
107 810
107 90
107 808
107 381
107 1004
107 850
107 664
107 75
107 29
107 652
107 5
107 175
107 214
107 192
107 553
107 670
107 985
107 713
107 236
107 980
107 643
107 201
107 118
107 415
107 532
107 688
107 320
543 200
543 971
543 344
543 990
543 915
543 952
543 316
543 360
199 996
199 644
199 924
199 772
199 921
199 506
199 738
199 90
682 924
682 650
682 654
682 783
682 506
682 738
682 772
969 189
969 532
969 423
969 977
969 410
969 178
969 607
969 502
6 189
6 693
6 670
6 506
6 0
6 569
6 178
6 772
483 61
483 220
483 299
483 646
483 471
483 569
483 334
483 607
483 5
935 90
935 214
935 966
935 684
935 571
935 746
424 953
424 280
424 709
424 990
424 207
424 469
424 629
424 978
424 421
424 795
433 432
433 159
433 540
433 987
433 815
433 32
433 994
433 738
433 641
433 410
433 789
433 881
990 647
990 629
990 280
990 136
990 838
990 344
990 200
990 142
990 17
990 658
990 408
990 857
990 92
990 915
990 952
990 316
990 302
990 428
990 971
990 953
990 31
990 24
238 899
301 493
301 280
301 469
301 547
301 795
301 978
805 772
138 397
138 867
138 499
138 264
259 681
587 326
587 720
587 454
587 56
587 415
151 253
151 471
151 629
151 923
151 290
151 316
459 517
527 720
699 260
699 77
699 168
13 828
13 738
13 516
13 532
13 719
13 783
13 506
204 586
203 772
658 267
658 630
658 629
658 280
658 838
658 422
658 136
658 547
658 274
658 160
658 561
658 92
658 362
658 24
658 188
1004 189
1004 532
1004 16
1004 236
1004 29
1004 506
1004 977
1004 208
1004 320
850 924
850 159
850 837
850 53
850 196
850 996
850 738
850 197
850 772
850 134
850 90
31 90
31 915
31 647
31 838
31 190
31 92
31 200
31 316
31 428
599 605
599 693
599 506
599 0
599 569
599 5
599 178
599 710
972 577
972 347
972 147
972 277
39 923
469 630
469 35
469 280
469 851
469 512
469 547
469 32
469 795
469 229
469 421
469 167
469 61
469 141
469 978
469 241
469 817
469 957
469 207
469 188
186 648
186 267
186 112
186 313
186 256
186 517
415 245
415 629
415 540
415 784
415 316
415 978
415 617
415 324
415 329
415 75
415 178
415 214
415 233
415 191
415 150
415 692
415 607
415 401
415 416
719 828
719 738
719 159
719 921
719 410
719 837
127 101
127 718
127 629
127 724
127 595
127 334
127 114
127 377
127 607
127 293
127 149
127 716
127 866
127 772
127 159
127 883
127 61
127 916
127 843
487 139
487 64
195 410
195 189
195 325
539 332
381 159
381 670
381 576
381 327
381 270
381 90
381 532
381 506
381 643
381 810
381 29
381 192
381 881
575 260
575 332
575 472
575 232
575 77
575 2
575 966
575 782
575 912
575 949
575 168
517 565
517 159
517 267
517 462
517 851
517 923
517 920
517 742
517 416
517 684
517 112
517 166
517 61
517 648
517 586
517 915
517 718
517 776
517 952
517 356
517 854
517 478
517 256
517 671
517 646
517 731
517 542
517 305
517 772
739 214
739 669
739 731
739 159
739 341
739 915
739 143
739 280
739 24
739 591
739 629
710 693
710 832
710 184
710 779
710 0
710 569
710 178
710 502
710 175
391 24
391 629
187 337
187 568
883 189
883 718
883 716
883 61
883 597
883 377
883 772
372 595
372 609
372 169
372 934
372 404
293 630
293 866
293 61
293 724
293 280
293 716
293 718
293 711
293 16
453 595
686 577
686 147
686 157
686 347
686 277
686 650
278 214
278 159
278 776
278 462
278 923
278 290
278 607
278 454
278 471
278 586
278 334
278 713
534 510
534 323
534 159
534 663
534 951
534 32
534 324
534 746
534 622
534 61
534 343
534 139
534 84
534 388
534 718
534 64
534 334
534 571
534 638
534 612
534 607
534 322
534 676
534 591
534 772
688 506
688 532
568 585
568 495
568 466
568 662
568 60
568 272
568 488
568 379
568 947
136 915
136 629
136 280
136 316
136 160
136 428
136 200
136 857
136 207
876 696
876 999
324 214
324 612
324 239
324 139
324 638
324 622
324 64
324 159
142 630
142 647
142 629
142 915
142 951
142 280
142 316
142 428
142 200
142 159
142 207
142 92
142 267
552 988
552 685
552 951
552 978
552 901
104 30
104 74
104 602
104 313
104 126
104 908
104 912
104 305
164 638
164 368
164 103
164 420
84 735
84 337
84 97
832 38
832 337
832 159
832 955
832 540
832 96
832 388
832 184
832 103
832 329
832 423
832 309
832 780
832 950
832 139
832 410
832 638
612 214
612 46
612 633
612 388
612 399
612 310
612 514
612 740
612 53
612 607
612 505
612 159
612 780
612 603
612 334
612 649
612 772
612 120
958 180
86 662
86 152
86 742
52 416
52 232
52 912
52 356
52 126
52 602
52 472
52 868
52 168
308 577
308 277
557 356
557 166
557 912
557 927
557 168
161 835
161 338
161 272
161 540
161 863
161 784
161 662
161 571
161 771
161 90
161 994
161 239
161 572
161 581
161 586
161 900
581 742
581 72
581 273
581 692
581 176
581 942
581 90
581 720
581 936
581 772
152 422
152 362
24 143
24 630
24 493
24 629
24 540
24 280
24 838
24 685
24 547
24 32
24 200
24 891
24 561
24 647
24 526
24 360
24 656
24 160
24 428
24 846
24 188
137 742
137 692
137 936
763 528
849 149
849 329
849 275
849 423
849 175
849 737
849 700
849 327
849 987
849 5
150 416
150 617
32 143
32 214
32 281
32 724
32 280
32 716
32 114
32 118
32 862
32 189
32 891
32 496
32 61
32 791
32 410
32 977
32 90
32 693
32 718
32 572
32 243
32 428
32 754
32 731
32 197
32 491
32 337
32 502
32 772
32 188
442 506
759 586
759 166
228 605
228 693
228 0
228 569
228 178
228 502
228 362
25 319
25 48
25 458
427 329
427 955
427 540
18 896
214 852
214 159
214 940
214 662
214 987
214 951
214 617
214 62
214 720
214 684
214 912
214 220
214 371
214 835
214 776
214 321
214 865
214 290
214 316
214 746
214 671
214 515
214 738
214 731
214 531
214 569
214 167
214 629
214 540
214 609
214 687
214 923
214 920
214 742
214 178
214 743
214 844
214 472
214 233
214 356
214 692
214 428
214 963
214 147
214 334
214 283
388 565
388 38
388 96
388 718
388 638
388 528
388 923
388 61
388 607
388 322
388 617
388 746
388 299
388 132
388 337
388 334
388 509
232 648
232 260
232 472
232 126
232 868
232 790
232 166
232 356
232 782
232 607
232 30
232 416
232 77
232 966
232 313
232 912
232 168
64 510
64 524
64 322
64 477
64 139
64 939
64 154
158 922
893 509
828 738
828 532
828 783
828 132
828 837
828 745
395 514
239 159
239 233
239 663
239 613
239 854
239 923
239 528
239 951
239 706
239 542
239 629
702 541
702 644
702 924
702 783
702 506
702 745
702 738
702 690
207 35
207 647
207 280
207 851
207 847
207 67
207 978
207 953
207 558
207 493
207 167
207 795
207 428
207 988
207 264
207 92
207 188
569 295
569 629
569 862
569 605
569 693
569 976
569 607
569 502
569 409
569 0
569 2
569 78
362 168
362 609
362 464
362 547
362 618
362 758
362 918
362 166
362 383
362 561
362 563
362 421
362 167
362 585
362 192
362 318
362 660
362 141
362 900
362 428
362 870
362 254
362 812
362 201
362 371
362 485
362 704
272 61
272 595
272 900
272 692
272 662
272 379
272 572
272 703
272 120
790 700
790 516
790 119
790 126
790 260
790 956
790 532
790 812
790 2
790 680
790 168
707 193
707 159
707 923
707 880
707 951
707 120
956 700
956 844
956 319
956 216
956 48
956 499
956 758
956 918
956 558
956 684
956 458
956 679
72 90
72 159
72 662
72 772
977 490
977 410
977 153
977 497
977 208
977 1001
977 996
977 236
977 189
977 423
977 796
7 810
843 407
843 90
843 907
843 61
843 724
843 711
843 607
843 19
843 779
843 201
843 320
762 260
762 984
762 178
762 185
762 794
762 74
762 586
762 908
762 607
762 168
326 146
326 120
291 401
291 454
291 134
291 429
291 713
441 4
441 628
441 304
319 558
319 458
319 736
319 684
319 73
319 499
319 48
319 618
283 90
283 159
996 644
996 924
996 410
996 951
996 153
996 506
996 541
996 738
854 61
854 823
854 542
854 927
854 551
854 113
854 513
854 586
854 722
854 485
854 120
578 159
83 784
83 771
83 807
83 697
83 75
83 772
722 823
722 927
736 90
736 692
736 769
995 671
995 176
909 862
909 58
896 114
896 410
332 700
332 435
332 126
332 318
332 191
332 782
332 250
332 416
332 111
332 558
332 166
332 586
332 500
432 915
432 153
432 987
432 512
432 56
166 565
166 416
166 126
166 90
166 294
166 112
166 447
166 157
166 602
166 743
166 984
166 61
166 74
166 356
166 782
166 573
166 674
166 704
166 586
166 500
173 541
173 924
173 657
173 506
173 10
173 738
173 428
997 90
997 75
997 772
46 676
46 1
46 622
46 603
626 873
626 936
167 630
167 159
167 280
167 851
167 920
167 607
167 978
167 988
167 547
167 181
167 274
167 90
779 630
779 184
779 295
327 738
327 275
327 897
327 1001
711 718
711 724
711 61
316 890
316 235
316 647
316 629
316 838
316 344
316 607
316 90
316 200
316 17
316 857
316 134
316 159
316 915
316 275
316 349
316 952
316 302
316 428
316 392
316 971
316 953
316 257
316 92
216 758
216 565
216 558
216 321
216 458
216 499
216 48
216 684
420 559
420 96
420 322
420 509
452 907
452 162
357 217
950 303
950 402
950 663
950 514
950 780
950 343
950 103
950 1001
414 891
414 772
887 383
887 819
681 377
681 295
378 514
493 630
493 629
493 280
493 685
493 978
493 838
493 160
493 795
493 891
493 561
73 558
73 458
73 513
73 41
73 723
73 48
73 499
618 458
618 499
618 321
426 325
294 648
294 984
294 868
294 74
294 817
294 416
294 77
294 313
294 586
294 256
294 885
227 66
227 45
227 966
230 633
230 193
230 147
230 157
230 577
230 347
230 277
134 738
134 592
134 454
134 178
925 698
925 311
925 269
925 955
925 540
925 697
925 987
743 550
743 472
743 516
743 159
743 462
743 74
743 356
743 908
743 868
743 912
743 416
743 684
743 546
743 586
743 602
743 305
743 704
840 698
840 245
840 540
840 318
840 987
317 374
317 692
716 101
716 718
716 724
716 377
716 980
716 189
716 866
716 61
716 916
716 772
162 595
678 696
339 178
393 377
393 907
393 184
393 61
197 987
559 402
559 299
559 622
559 50
559 346
559 634
27 147
648 435
648 126
648 267
648 313
648 908
648 478
648 182
648 30
648 416
648 869
648 356
648 586
648 168
648 256
630 629
630 280
630 920
630 951
630 978
630 241
630 891
630 360
630 915
630 392
630 638
630 377
630 160
630 731
630 685
630 188
966 933
966 347
966 168
353 190
353 891
353 656
647 915
647 267
647 280
647 838
647 629
647 547
647 274
647 428
647 90
647 200
647 561
647 92
513 62
513 551
513 139
513 823
513 646
513 369
513 927
513 485
541 644
541 924
541 410
541 16
541 506
541 1001
541 738
953 915
953 629
953 200
953 280
953 374
265 149
979 783
979 738
979 512
563 143
563 731
563 422
804 881
220 90
220 471
220 383
220 159
220 75
220 334
220 772
175 101
175 275
175 410
175 737
175 246
175 532
175 423
175 5
638 700
638 38
638 628
638 410
638 223
638 96
638 951
638 343
638 334
638 2
478 267
478 256
119 700
119 812
119 465
119 2
980 718
980 709
980 670
980 851
980 464
980 553
980 236
980 61
980 810
980 502
531 994
531 641
531 987
531 591
531 607
429 401
429 196
429 454
789 994
789 605
789 141
789 987
789 364
939 510
939 38
939 139
939 622
939 383
939 223
939 951
939 69
78 862
78 0
78 731
78 693
78 506
78 976
78 178
78 605
468 664
466 662
466 60
663 510
663 159
663 794
663 571
663 42
663 90
663 1
663 343
663 410
663 649
663 399
537 700
537 236
537 181
537 532
537 440
537 528
537 208
537 674
880 189
880 923
942 936
481 565
918 758
918 844
918 684
918 458
918 600
918 499
448 692
505 735
505 337
649 42
266 260
266 416
266 77
266 439
266 912
266 949
266 168
769 292
769 873
769 95
769 176
769 251
769 742
260 74
260 356
260 439
260 126
260 868
260 949
260 30
260 416
260 472
260 77
260 168
260 602
260 912
101 90
101 246
101 999
101 423
101 718
101 377
101 866
191 253
191 823
191 927
191 692
191 607
191 617
191 90
191 499
191 684
191 75
191 334
191 120
723 565
723 758
723 458
723 933
723 679
723 499
723 41
241 957
241 229
241 645
241 141
241 851
241 280
241 547
241 795
241 817
305 416
305 356
305 168
305 912
870 731
870 720
870 12
870 571
870 771
729 243
729 377
729 189
95 383
95 987
95 251
95 772
551 90
551 823
551 646
551 927
1 337
1 399
1 310
1 309
987 890
987 245
987 540
987 809
987 53
987 68
987 159
987 764
987 955
987 185
987 338
987 471
987 873
987 772
987 251
987 994
987 311
987 364
987 641
987 511
987 28
987 56
987 361
90 890
90 853
90 629
90 830
90 662
90 416
90 720
90 546
90 810
90 984
90 940
90 823
90 506
90 4
90 613
90 184
90 927
90 912
90 193
90 0
90 464
90 248
90 281
90 915
90 692
90 923
90 114
90 920
90 48
90 787
90 742
90 200
90 313
90 791
90 178
90 761
90 881
90 124
90 472
90 516
90 718
90 233
90 651
90 356
90 900
90 602
90 62
90 428
90 144
90 509
90 56
379 662
857 915
857 952
857 838
857 160
857 428
857 200
857 971
857 17
157 926
157 776
157 462
157 356
157 347
157 277
157 607
157 671
157 577
157 147
157 586
157 684
250 700
250 886
250 416
250 823
250 646
250 542
250 62
250 334
250 927
250 607
652 189
168 984
168 730
168 313
168 369
168 30
168 416
168 112
168 77
168 447
168 602
168 912
168 700
168 472
168 868
168 209
168 356
168 439
168 782
168 607
168 949
168 586
168 2
192 664
192 506
727 180
290 687
290 566
290 193
290 159
290 589
290 923
290 253
957 978
16 19
16 423
16 718
16 506
16 754
16 410
16 772
910 329
910 692
910 591
910 571
881 700
881 516
881 928
881 506
881 738
881 783
881 761
881 650
92 915
92 280
92 847
92 428
92 200
92 731
256 267
256 74
256 356
256 30
256 416
256 313
15 422
15 731
15 680
15 159
809 772
809 994
809 75
809 641
96 223
96 299
96 788
96 132
96 346
96 509
96 634
838 700
838 267
838 685
838 160
838 344
838 428
838 988
838 656
67 561
67 963
67 846
67 344
87 160
449 586
42 510
42 323
42 402
42 337
42 322
5 890
5 553
5 208
5 670
5 532
5 491
5 506
5 383
5 29
585 4
585 547
585 764
585 371
660 374
660 75
660 794
830 633
692 550
692 248
692 540
692 687
692 703
692 462
692 329
692 775
692 546
692 61
692 742
692 338
692 718
692 233
692 334
692 176
692 607
692 746
692 159
692 591
573 416
573 74
573 586
573 782
573 617
573 772
573 120
577 926
577 715
577 458
577 590
577 347
577 277
577 748
577 355
577 285
577 931
577 147
577 58
577 933
577 171
807 784
807 659
807 772
812 700
812 2
812 465
819 329
975 397
975 776
365 189
365 2
365 118
565 61
565 499
565 48
565 679
565 844
565 558
565 684
565 458
565 318
565 178
565 704
565 41
435 984
435 633
435 267
435 586
435 782
435 500
280 267
280 851
280 445
280 633
280 891
280 846
280 422
280 656
280 281
280 631
280 61
280 408
280 160
280 421
280 685
280 993
280 35
280 629
280 547
280 920
280 274
280 526
280 775
280 561
280 360
280 915
280 338
280 614
280 817
280 56
280 188
654 783
654 738
654 650
795 428
795 421
795 978
229 742
229 374
229 696
229 61
229 383
229 659
229 607
423 700
423 246
423 184
423 377
423 103
423 866
423 2
684 776
684 687
684 923
684 742
684 48
684 679
684 844
684 558
684 458
684 915
684 318
684 321
684 542
684 571
684 499
684 671
684 851
684 185
684 356
684 586
684 704
634 402
634 299
634 788
634 337
634 509
948 586
410 143
410 38
410 650
410 153
410 687
410 837
410 189
410 251
410 607
410 1001
410 994
410 924
410 56
304 4
304 720
712 398
226 506
217 899
184 724
184 754
184 377
184 875
184 607
184 201
976 0
976 178
976 693
822 735
822 337
409 693
409 506
409 0
409 178
934 595
934 861
934 169
934 281
485 62
485 823
485 542
485 646
485 75
485 794
485 927
704 499
704 159
704 458
704 41
704 48
114 236
114 189
114 718
923 890
923 633
923 235
923 159
923 462
923 915
923 687
923 921
923 951
923 53
923 617
923 566
923 476
923 609
923 516
923 506
923 746
923 875
923 738
923 193
923 56
923 542
923 120
923 334
923 591
923 772
923 2
920 633
920 248
920 190
920 274
920 189
920 891
920 159
920 656
787 159
703 720
703 771
862 143
862 495
862 693
862 572
862 772
862 118
862 0
862 178
862 502
243 754
243 61
243 377
602 30
602 868
602 61
602 356
602 126
602 908
602 416
713 592
713 454
713 566
915 776
915 344
915 302
915 17
915 159
915 61
915 952
915 671
915 971
915 185
915 120
915 281
915 687
915 742
915 200
915 189
915 341
915 718
915 356
915 607
915 428
915 586
915 591
915 891
437 738
447 984
447 868
447 586
447 313
447 416
528 609
528 383
528 685
528 867
528 334
528 607
614 35
614 267
614 851
614 190
614 978
614 274
614 53
614 988
614 891
614 188
614 858
818 438
818 58
111 586
111 885
111 794
741 143
285 571
285 347
285 147
285 277
571 742
571 776
571 542
571 900
571 160
571 277
571 62
571 885
56 159
56 994
56 329
56 641
56 772
188 159
188 461
188 851
188 951
188 978
188 988
188 141
188 274
188 421
323 510
323 139
323 622
323 132
139 510
139 524
139 477
139 402
139 622
139 343
139 154
139 174
776 159
776 687
776 356
776 591
776 671
776 334
776 586
776 772
776 891
208 236
208 506
208 783
369 646
369 823
369 77
369 444
369 407
369 927
758 844
758 318
758 458
758 558
758 499
758 41
454 609
454 592
454 927
454 196
454 401
454 147
454 264
454 772
454 120
580 143
58 338
58 891
58 586
422 700
422 112
422 680
422 12
422 613
422 377
422 731
422 284
422 696
791 143
791 609
947 586
947 774
45 66
45 2
471 444
471 185
471 617
471 53
772 190
772 8
772 75
772 656
772 540
772 595
772 738
772 927
772 120
772 633
772 245
772 629
772 687
772 731
772 742
772 566
772 526
772 891
772 61
772 178
772 609
772 233
772 549
772 994
772 720
772 572
772 586
772 334
4 720
4 159
4 771
4 371
160 846
160 629
160 891
160 159
160 61
160 561
160 586
160 360
160 526
927 356
927 416
927 633
927 113
927 444
927 159
927 609
927 592
927 823
927 646
927 542
927 607
927 193
927 147
927 770
927 120
236 189
236 532
236 506
236 29
236 320
971 200
971 952
185 605
185 670
185 383
185 248
185 502
465 700
465 2
465 783
698 245
698 540
698 873
698 764
633 890
633 233
633 53
633 193
633 75
955 773
955 540
955 28
955 311
68 383
68 189
68 176
921 738
921 270
921 657
921 506
921 576
921 796
398 61
659 742
659 159
659 771
292 936
200 952
200 344
200 428
200 17
200 341
200 302
113 823
299 984
299 397
299 407
299 607
201 189
836 176
885 313
885 126
885 586
472 868
472 318
472 313
472 782
472 416
472 209
472 62
472 356
472 61
472 912
794 591
549 994
549 866
253 566
62 159
62 823
62 646
62 542
62 75
374 742
374 105
401 683
105 233
641 540
641 251
641 176
337 735
337 310
337 97
337 514
337 586
337 936
502 143
502 159
502 724
502 687
502 951
502 693
502 178
502 700
502 605
502 718
502 61
502 607
502 591
502 532
502 118
502 511
502 0
502 334
502 2
267 629
267 662
267 190
267 891
267 112
267 984
267 428
267 700
267 586
267 526
12 720
404 506
416 868
416 607
416 126
416 617
416 53
416 742
416 77
416 313
416 984
416 823
416 74
416 356
416 439
416 949
416 912
416 147
416 586
416 2
69 343
936 30
936 720
936 908
572 890
572 605
572 693
572 951
572 731
60 771
457 377
457 724
644 924
644 491
644 506
644 738
644 1001
318 356
318 499
318 196
318 844
318 589
865 383
865 159
865 629
141 978
141 302
439 77
439 912
439 949
477 383
477 310
477 622
35 851
35 978
742 784
742 159
742 462
742 687
742 771
742 586
742 61
742 356
742 900
742 607
742 993
742 891
402 510
775 506
788 106
788 740
788 509
780 514
780 735
780 103
780 322
780 509
149 718
149 904
338 609
338 540
338 951
338 994
338 264
338 120
592 607
428 609
428 951
428 61
428 302
931 171
931 277
194 951
853 223
628 720
628 75
797 731
672 844
672 458
730 356
730 126
444 823
846 629
846 112
846 561
75 178
75 607
75 646
75 334
233 245
233 540
233 607
233 53
233 329
233 159
901 771
380 440
251 159
251 506
951 890
951 235
951 245
951 724
951 190
951 774
951 371
951 506
951 866
951 322
951 706
671 159
671 462
671 397
671 586
671 356
671 891
671 2
933 590
933 147
933 347
933 277
132 676
132 334
132 591
309 97
309 38
926 147
926 715
926 347
926 748
926 277
510 223
510 622
490 377
295 693
295 0
295 178
732 383
732 0
732 118
246 61
246 724
246 377
558 844
558 321
558 48
558 458
558 499
589 383
696 143
696 61
696 248
696 392
696 334
696 607
696 731
696 181
696 591
718 281
718 462
718 377
718 607
718 866
718 189
718 343
718 19
718 61
718 724
718 670
718 595
718 356
718 904
718 851
718 542
718 754
718 591
29 159
29 506
29 815
29 808
29 532
700 867
700 126
700 277
700 112
700 680
700 761
700 693
700 748
700 908
700 532
700 2
670 462
670 189
670 808
670 643
670 506
670 532
646 890
646 61
646 112
646 823
646 542
646 607
646 383
646 178
900 61
900 550
900 662
900 546
900 159
782 126
782 74
782 868
782 77
782 586
782 500
499 159
499 607
499 687
499 48
499 844
499 458
499 679
499 41
499 321
499 44
499 2
147 890
147 159
147 715
147 277
147 355
147 171
147 823
147 347
147 607
147 196
147 590
147 193
181 866
181 61
181 724
181 190
181 274
181 656
868 356
868 209
868 30
868 586
868 120
868 912
724 159
724 685
724 866
724 1001
724 61
724 506
724 189
724 796
662 61
373 190
373 656
126 313
126 984
126 74
126 356
126 586
126 500
126 2
355 347
355 277
329 248
329 540
329 176
329 607
329 245
329 311
329 159
329 264
912 159
912 30
912 77
912 356
912 949
912 120
223 462
223 343
223 310
223 322
871 720
61 851
61 377
61 866
61 112
61 754
61 30
61 595
61 687
61 193
61 591
61 120
61 550
61 607
61 53
61 189
61 542
61 178
61 356
61 334
61 2
823 120
823 542
823 770
590 171
590 347
590 277
532 118
532 737
532 808
532 383
532 516
532 553
532 1001
532 738
532 491
532 820
0 189
0 605
0 178
0 693
0 118
629 143
629 685
629 445
629 607
629 891
629 561
629 360
629 631
629 159
629 190
629 526
629 978
629 120
754 687
908 30
908 2
274 190
274 817
274 656
740 322
566 687
341 383
761 738
761 516
761 783
761 866
171 347
171 277
735 514
735 603
377 159
377 866
377 731
377 506
377 586
377 2
189 38
189 546
189 605
189 595
189 904
189 159
189 506
321 159
321 458
994 863
994 540
994 364
994 245
994 764
994 120
364 506
364 764
264 245
264 540
264 586
511 540
511 607
783 159
783 462
783 506
783 1001
783 738
783 837
783 270
783 120
783 650
676 622
176 245
176 746
176 764
176 588
176 591
890 613
890 542
890 607
890 53
460 322
650 738
650 745
347 748
347 277
347 715
347 2
745 738
745 506
445 891
748 277
77 949
77 313
77 2
383 940
383 334
383 720
383 526
383 356
383 978
383 922
383 586
680 731
680 720
680 284
680 2
421 978
371 720
270 738
270 576
595 550
595 609
595 687
178 159
178 605
178 693
178 607
178 118
178 2
178 334
515 356
120 245
120 687
120 343
120 609
120 607
120 196
120 637
120 500
120 586
120 334
245 540
245 873
540 863
540 764
540 311
540 697
540 193
540 28
540 773
687 159
687 617
687 462
687 607
687 586
687 334
687 591
687 500
867 322
679 844
844 458
844 159
844 85
866 53
866 159
866 2
313 984
313 30
313 356
609 53
609 720
609 334
814 500
516 738
657 738
356 159
356 30
356 462
356 209
356 74
356 607
356 586
817 851
817 978
808 506
796 143
796 506
509 106
891 550
891 190
891 526
891 360
576 738
497 773
497 281
617 159
617 462
617 310
617 607
617 720
617 586
617 334
303 103
720 159
720 170
720 607
720 731
720 697
458 48
458 41
546 550
546 159
546 586
546 607
546 193
546 334
196 607
275 737
74 984
74 586
74 500
506 159
506 605
506 1001
506 738
506 924
506 248
506 643
506 491
905 281
405 170
738 924
738 159
738 837
738 597
738 945
738 1001
709 851
514 103
514 603
697 311
697 170
697 771
784 771
924 1001
524 622
706 343
863 310
547 851
547 978
284 731
53 607
53 193
53 159
462 248
462 851
462 542
462 607
462 334
462 591
963 159
764 330
392 112
392 674
310 586
310 103
277 715
277 48
322 38
322 368
322 343
322 334
988 851
988 978
2 526
2 693
2 66
2 334
143 669
143 144
143 731
159 190
159 343
159 746
159 940
159 731
159 607
159 209
159 715
159 978
159 952
159 500
159 542
159 334
190 334
190 656
512 978
344 952
8 731
1001 685
984 586
693 605
746 550
746 665
746 591
674 112
851 978
851 591
193 607
193 731
193 500
685 643
30 209
360 526
399 343
607 550
607 542
607 731
607 334
607 591
607 500
643 605
586 731
586 869
586 837
586 281
586 500
586 542
586 334
38 343
38 334
38 591
940 334
669 731
542 500
731 550
550 500
248 591
631 561
