834 692
834 120
833 185
833 720
833 150
833 462
833 232
833 687
833 61
833 987
833 617
833 607
777 718
777 729
335 107
335 867
335 468
335 737
335 192
335 464
335 208
335 90
335 808
335 381
335 1004
335 201
335 810
335 532
335 29
335 899
335 5
335 175
335 537
335 670
335 553
335 985
335 236
335 980
335 643
335 118
335 664
335 688
335 2
951 194
951 159
951 663
951 71
951 809
951 190
951 987
951 936
951 239
951 771
951 742
951 189
951 552
951 454
951 534
951 774
951 214
951 707
951 605
951 807
951 506
951 638
951 502
951 738
951 731
951 706
951 170
951 83
951 923
951 581
221 413
221 120
40 272
40 596
40 662
40 26
40 90
40 379
40 752
40 198
40 572
40 60
40 947
40 214
40 187
40 712
40 900
40 316
40 927
40 86
40 488
40 193
40 254
40 802
40 450
40 695
40 568
40 772
40 120
584 731
538 90
538 605
538 547
538 333
538 572
538 0
538 569
538 178
538 502
538 362
879 223
879 638
879 388
879 420
879 69
879 606
879 368
879 164
879 322
165 915
165 846
165 858
165 838
165 136
165 316
165 67
165 344
165 401
165 200
165 142
165 257
165 857
165 207
165 586
165 31
941 383
522 907
522 718
522 729
522 61
522 127
522 334
131 987
82 870
82 628
82 720
82 135
82 731
82 362
527 870
527 720
527 406
527 422
527 12
527 785
767 599
767 333
767 201
767 0
767 569
767 178
767 710
898 236
898 980
898 107
125 510
125 487
125 323
125 524
125 206
125 324
125 460
125 477
125 102
125 622
125 534
125 139
125 939
125 154
765 648
765 890
765 868
765 425
765 528
765 908
765 48
765 942
765 30
765 416
765 104
765 166
765 912
765 168
765 214
765 90
765 472
765 61
765 77
765 356
765 313
765 209
765 743
765 52
765 450
765 762
765 256
765 362
91 609
91 191
91 660
91 356
91 987
91 499
91 315
91 229
91 423
91 415
91 120
91 334
91 830
91 772
91 885
418 996
418 541
418 969
418 308
418 105
418 153
418 977
418 411
418 7
474 38
122 426
122 915
122 275
122 693
122 883
122 718
122 628
122 178
122 502
122 904
208 107
208 410
208 236
208 977
208 249
479 586
479 61
386 319
386 25
135 462
135 153
135 233
135 987
135 703
135 292
135 720
135 170
135 936
135 61
135 942
135 178
135 371
135 214
135 318
135 72
135 540
135 549
135 176
135 628
135 692
135 733
135 870
135 994
135 405
135 362
135 534
135 415
135 161
135 581
135 679
135 337
135 334
135 4
135 772
135 120
624 231
624 329
624 245
624 873
624 692
624 338
624 764
86 662
86 443
86 152
86 90
413 214
413 550
413 746
413 684
413 926
413 935
413 692
413 157
413 927
413 196
798 90
798 784
798 329
798 987
798 692
798 771
798 769
231 245
231 540
231 987
231 923
231 178
231 764
231 698
231 338
231 840
231 693
231 873
231 607
231 671
231 738
231 185
231 264
231 511
231 586
231 28
231 502
231 2
98 707
98 592
98 107
98 291
98 401
98 278
98 454
98 134
98 429
98 713
98 268
98 117
544 214
544 159
544 415
544 316
544 772
544 120
535 684
535 159
535 823
535 607
535 854
535 369
535 927
535 250
535 90
535 542
535 517
535 513
535 356
535 444
535 157
535 334
535 586
535 722
333 502
333 312
333 862
333 605
333 19
333 29
333 743
333 710
333 599
333 693
333 178
333 160
333 228
333 470
333 409
333 364
333 0
333 569
333 120
333 249
333 78
333 6
65 687
65 987
65 193
65 61
84 324
84 638
84 534
84 97
84 337
84 591
740 534
740 157
740 638
740 891
740 106
705 76
218 862
708 718
708 866
708 377
708 729
306 214
306 203
306 61
306 863
306 807
306 374
306 53
306 692
306 659
306 771
306 703
306 742
306 660
306 229
306 531
306 334
306 90
306 120
443 214
443 90
443 159
443 662
443 602
443 53
443 703
443 742
443 161
443 193
443 546
443 152
443 334
443 743
443 120
872 987
470 189
470 605
470 0
470 569
470 789
470 178
268 633
268 592
268 454
268 291
268 713
268 117
117 454
530 630
530 493
530 629
530 280
530 685
530 838
530 90
530 189
530 658
530 891
530 561
530 935
530 178
530 360
530 267
530 214
530 571
530 377
530 160
530 746
530 24
530 502
530 120
758 844
758 956
758 723
758 918
758 499
789 994
789 987
789 605
789 141
954 630
954 280
954 469
954 362
954 978
954 817
206 534
206 139
939 612
939 90
939 38
939 323
939 139
939 534
939 638
939 102
939 510
752 471
752 191
752 987
752 617
752 416
752 185
752 499
752 586
752 178
752 850
752 220
752 120
841 90
841 935
841 920
841 794
841 274
14 90
14 924
14 516
14 410
14 724
14 506
14 189
14 1001
14 828
14 738
14 702
14 921
14 783
14 719
14 796
14 881
14 365
394 571
394 823
803 267
803 392
803 800
803 517
803 674
803 74
803 416
803 294
803 112
803 166
803 110
803 772
802 90
802 275
802 61
802 662
802 596
802 450
802 428
802 272
450 272
450 462
450 662
450 26
450 90
450 678
450 187
450 572
450 935
450 695
450 61
450 703
450 712
450 595
450 900
450 692
450 746
450 568
450 754
450 415
450 334
450 571
450 120
340 528
431 915
431 316
596 239
596 187
596 483
596 695
133 648
133 52
133 416
133 356
133 602
133 166
133 908
133 256
133 168
784 742
784 159
784 863
784 61
784 83
543 994
543 971
543 915
543 955
543 540
543 200
543 952
543 316
543 641
543 344
543 428
199 996
199 644
199 924
199 828
199 90
199 506
199 541
199 738
199 772
42 90
42 638
42 402
42 322
42 323
42 159
42 649
42 337
42 612
42 950
969 718
969 977
969 410
969 772
6 189
6 716
6 0
6 569
6 178
6 249
6 120
483 444
483 648
483 283
483 769
935 214
935 966
935 776
935 571
935 692
935 607
935 746
935 90
935 700
935 62
935 111
935 739
935 415
935 844
935 168
424 469
424 990
424 280
424 207
424 817
424 978
424 547
424 421
424 795
433 582
433 994
433 738
433 432
433 629
433 641
433 95
433 987
433 189
433 881
990 915
990 349
990 280
990 838
990 316
990 482
990 428
990 200
990 207
990 31
990 178
990 56
238 0
238 899
741 454
571 742
571 663
571 776
571 542
571 900
571 160
571 277
571 870
571 62
571 684
571 534
571 161
571 285
571 910
571 885
805 772
138 783
138 528
138 867
138 415
587 890
587 720
587 61
587 220
587 415
151 290
151 253
151 609
459 90
459 267
459 517
699 260
699 416
699 294
699 232
699 77
699 168
13 828
13 738
13 532
13 719
13 850
13 837
13 772
204 586
213 374
395 534
658 630
658 629
658 280
658 851
658 190
658 838
658 160
658 142
658 731
658 891
658 92
658 24
1004 107
1004 0
1004 464
1004 410
1004 175
1004 921
1004 114
1004 236
1004 189
1004 506
1004 181
1004 977
1004 320
114 718
114 189
114 61
114 883
850 890
850 90
850 837
850 987
850 541
850 316
850 682
850 196
850 828
850 173
850 516
850 197
850 772
850 783
850 193
850 75
850 761
850 881
850 120
599 693
599 506
599 409
599 605
599 423
599 78
599 0
599 569
599 178
599 502
599 710
972 715
972 147
972 171
39 923
469 630
469 35
469 280
469 851
469 547
469 512
469 274
469 795
469 90
469 142
469 421
469 167
469 61
469 141
469 301
469 614
469 978
469 241
469 817
469 957
469 207
469 188
186 90
186 648
186 256
186 517
186 267
415 890
415 248
415 629
415 462
415 851
415 692
415 987
415 617
415 978
415 742
415 783
415 416
415 471
415 157
415 178
415 150
415 223
415 718
415 61
415 233
415 232
415 191
415 542
415 517
415 316
415 607
415 241
415 670
415 401
415 687
415 147
415 591
415 278
415 334
415 923
415 454
719 828
719 541
719 738
719 410
719 783
719 159
719 819
719 837
127 890
127 178
127 61
127 629
127 724
127 316
127 377
127 607
127 90
127 16
127 866
127 189
127 454
127 883
127 75
127 916
127 772
127 120
487 139
195 277
240 868
575 168
575 260
575 472
575 814
575 232
575 77
575 782
575 332
575 912
517 648
517 267
517 462
517 586
517 90
517 416
517 112
517 546
517 159
517 157
517 743
517 214
517 472
517 61
517 718
517 356
517 478
517 890
517 75
517 362
517 334
517 256
517 772
517 120
739 143
739 915
739 629
739 462
739 280
739 687
739 334
739 316
739 595
739 341
739 630
739 422
739 120
710 693
710 184
710 409
710 423
710 0
710 569
710 178
710 605
710 175
187 90
187 4
187 61
187 267
187 337
187 695
187 568
883 718
883 724
883 754
883 377
883 904
883 16
883 716
883 61
883 843
372 595
372 169
372 934
372 404
293 890
293 630
293 605
293 718
293 729
293 724
293 280
293 61
293 862
293 547
293 239
453 595
686 355
686 577
686 147
686 609
686 933
686 157
686 927
278 214
278 890
278 159
278 462
278 609
278 923
278 90
278 731
278 454
278 713
534 510
534 638
534 139
534 223
534 90
534 324
534 102
534 746
534 343
534 178
534 692
534 388
534 64
534 188
534 334
534 832
534 612
534 607
534 322
534 502
534 822
534 477
534 591
534 772
534 120
769 671
769 863
769 733
769 660
769 176
769 771
769 83
769 742
769 292
769 116
769 987
568 488
568 495
568 61
568 239
568 379
568 229
568 947
136 915
136 61
136 629
136 280
136 952
136 838
136 160
136 316
136 142
136 344
136 428
136 90
136 200
136 207
136 857
136 647
594 454
594 1002
324 214
324 38
324 638
324 139
324 832
324 96
324 388
324 607
324 586
324 334
324 591
324 362
142 214
142 630
142 915
142 647
142 267
142 280
142 952
142 316
142 428
142 857
142 200
142 971
142 159
142 207
142 846
142 90
552 160
552 858
552 274
552 817
552 978
552 901
552 454
104 30
104 648
104 868
104 425
104 549
104 356
104 313
104 908
104 416
104 256
164 90
164 853
164 310
164 420
164 528
164 638
164 322
701 292
701 549
701 423
701 842
701 330
832 106
832 638
832 388
832 16
832 96
832 612
832 309
832 514
832 132
832 337
832 509
832 950
832 634
612 46
612 106
612 633
612 663
612 90
612 454
612 890
612 343
612 337
612 334
612 772
958 180
991 61
991 858
991 654
991 0
991 569
991 712
991 178
991 502
52 472
52 356
52 166
52 126
52 607
52 868
52 30
52 416
52 111
52 557
52 812
52 586
52 602
52 912
52 168
308 926
557 260
557 77
557 356
557 912
557 168
161 626
161 61
161 540
161 662
161 900
161 771
161 994
161 239
161 581
161 572
161 586
161 120
581 338
581 337
581 61
581 233
581 540
581 733
581 176
581 628
581 855
581 942
581 742
581 720
581 170
581 936
581 72
581 137
581 273
31 200
31 915
31 190
31 349
31 2
31 316
31 280
31 838
31 428
24 630
24 647
24 267
24 540
24 280
24 851
24 629
24 978
24 547
24 160
24 274
24 994
24 891
24 641
24 561
24 493
24 301
24 955
137 742
137 523
137 936
763 90
849 700
849 275
849 423
849 175
849 737
849 511
849 327
849 987
150 416
150 471
32 214
32 915
32 61
32 718
32 280
32 377
32 316
32 791
32 249
32 862
32 669
32 197
32 580
32 693
32 159
32 143
32 977
32 90
661 550
661 692
442 537
442 29
442 899
442 506
759 984
759 447
759 166
759 74
759 586
759 885
228 90
228 605
228 0
228 569
228 178
228 502
25 565
25 319
25 216
25 48
25 844
25 918
25 558
25 684
25 458
25 956
25 704
983 531
983 987
427 329
427 955
18 896
18 729
214 868
214 852
214 159
214 940
214 280
214 851
214 987
214 62
214 720
214 684
214 857
214 220
214 371
214 835
214 633
214 776
214 662
214 865
214 290
214 316
214 746
214 515
214 738
214 731
214 707
214 531
214 569
214 704
214 107
214 629
214 915
214 687
214 923
214 920
214 617
214 742
214 343
214 178
214 743
214 550
214 844
214 472
214 718
214 239
214 614
214 692
214 978
214 428
214 994
214 147
214 578
214 356
214 586
214 334
214 595
214 772
388 38
388 528
388 299
388 96
388 638
388 742
388 843
388 132
388 334
388 509
388 772
232 648
232 472
232 573
232 356
232 439
232 782
232 416
232 607
232 30
232 166
232 332
232 112
232 313
232 266
232 168
232 912
232 74
64 890
64 139
64 2
158 731
893 120
828 924
828 650
828 576
828 327
828 745
828 923
828 654
828 837
828 437
828 541
828 979
828 173
828 761
828 881
828 644
828 945
828 516
828 270
828 657
828 506
828 682
828 1001
828 996
828 738
828 532
828 702
828 921
828 783
440 90
440 537
440 380
440 737
440 107
440 664
440 226
440 843
239 633
239 159
239 858
239 663
239 809
239 854
239 987
239 742
239 713
239 866
239 197
239 923
702 423
702 506
702 644
702 664
702 881
207 630
207 35
207 647
207 280
207 547
207 67
207 795
207 90
207 558
207 891
207 493
207 428
207 978
207 817
207 988
207 92
569 295
569 502
569 862
569 605
569 629
569 693
569 976
569 607
569 249
569 409
569 0
569 78
288 629
362 168
362 528
362 464
362 909
362 149
362 383
362 371
362 922
362 171
362 542
362 301
362 795
362 428
362 870
362 586
272 742
272 754
272 662
272 61
272 53
272 595
272 900
272 772
790 700
790 30
790 868
790 863
790 119
790 885
790 126
790 866
790 260
790 595
790 956
790 197
790 266
790 966
790 812
790 532
790 423
790 2
790 680
790 761
790 168
707 609
707 193
707 159
707 680
707 923
707 880
956 565
956 844
956 723
956 672
956 319
956 216
956 48
956 499
956 918
956 558
956 684
956 458
956 600
956 90
956 41
72 90
72 692
72 540
977 638
977 410
977 153
977 497
977 251
977 1001
977 996
977 236
977 189
977 423
977 796
928 881
7 810
7 737
881 700
881 516
881 804
881 738
881 783
881 761
762 648
762 984
762 794
762 74
762 356
762 166
762 908
762 800
762 260
762 185
762 77
762 586
762 912
762 885
326 334
326 120
291 401
291 454
291 134
291 429
291 1003
291 120
319 565
319 458
319 736
319 48
319 499
319 918
319 558
319 423
319 216
319 618
283 90
996 541
996 153
996 506
996 738
996 423
996 644
996 90
996 120
854 890
854 609
854 337
854 159
854 794
854 823
854 646
854 542
854 927
854 250
854 90
854 918
854 193
854 113
854 722
854 586
854 62
854 743
854 120
578 714
83 901
83 159
83 863
83 807
83 697
83 880
83 771
722 823
722 927
736 540
995 176
995 733
909 383
909 867
909 58
62 159
62 823
62 646
62 369
62 746
62 551
62 513
62 542
62 485
432 641
432 153
432 809
432 987
432 56
166 267
166 90
166 416
166 294
166 112
166 157
166 602
166 912
166 74
166 356
166 782
166 573
166 674
166 110
166 586
166 168
166 743
166 2
173 541
173 454
173 506
173 90
997 890
997 75
997 316
997 629
997 120
46 132
46 310
46 343
46 622
626 863
779 407
779 423
779 843
327 657
327 275
327 381
711 718
711 729
711 843
711 120
316 890
316 633
316 647
316 190
316 987
316 344
316 90
316 17
316 857
316 159
316 275
316 349
316 952
316 971
316 720
316 92
316 120
316 107
316 629
316 607
316 838
316 53
316 200
316 502
316 134
316 178
316 915
316 392
316 302
316 428
316 953
316 978
216 565
216 458
216 558
216 321
216 499
216 48
216 618
420 96
420 559
420 322
950 663
950 638
950 368
950 103
950 1001
950 322
950 514
950 780
950 343
950 788
414 572
414 891
414 772
887 53
681 729
378 514
493 630
493 159
493 629
493 280
493 685
493 838
493 978
493 160
493 891
493 561
73 565
73 90
73 723
73 684
73 321
73 499
73 679
618 558
618 499
618 321
215 2
426 890
426 454
294 984
294 782
294 447
294 267
294 630
294 74
294 885
294 313
294 817
294 416
294 112
294 77
294 586
294 674
294 334
294 256
294 168
227 66
227 966
230 193
230 454
230 147
134 923
134 963
134 592
134 454
134 356
134 987
134 683
134 738
925 697
925 987
925 429
925 955
743 890
743 550
743 868
743 159
743 356
743 472
743 927
743 416
743 120
743 602
743 912
743 704
743 794
556 823
556 168
90 890
90 853
90 650
90 613
90 190
90 987
90 857
90 168
90 537
90 4
90 628
90 120
90 281
90 809
90 30
90 200
90 791
90 516
90 670
90 646
90 356
90 900
90 499
90 949
90 464
90 682
90 891
90 940
90 662
90 541
90 416
90 112
90 201
90 810
90 226
90 572
90 220
90 223
90 61
90 321
90 865
90 506
90 912
90 657
90 664
90 485
90 704
90 107
90 924
90 398
90 248
90 629
90 923
90 927
90 920
90 742
90 526
90 343
90 944
90 70
90 862
90 718
90 315
90 191
90 978
90 994
90 361
90 542
90 141
90 870
90 56
90 188
840 698
840 245
840 540
840 873
840 987
317 374
317 523
562 454
678 696
339 178
393 107
393 907
393 201
393 377
393 184
393 843
393 365
197 61
197 923
197 987
706 638
706 322
648 700
648 126
648 267
648 74
648 908
648 478
648 416
648 121
648 356
648 885
648 602
648 256
630 629
630 280
630 377
630 241
630 423
630 685
630 141
630 421
966 700
966 45
966 933
966 66
966 347
966 168
353 190
353 373
353 891
647 915
647 280
647 838
647 301
647 547
647 274
647 428
647 200
647 953
647 561
647 92
647 421
513 823
513 139
513 485
513 927
513 369
541 506
541 923
541 1001
541 16
541 738
541 979
953 915
953 857
953 280
953 92
953 428
953 838
953 2
265 729
979 738
979 654
563 696
563 731
804 516
804 532
220 890
220 159
220 692
220 75
220 334
220 471
220 772
220 120
287 782
175 246
175 275
175 423
175 737
175 107
175 532
175 5
349 976
349 428
349 838
638 890
638 510
638 38
638 139
638 299
638 663
638 223
638 96
638 853
638 788
638 780
638 343
638 346
638 634
638 700
638 106
638 1003
638 735
638 310
638 103
638 322
638 822
638 514
638 676
638 334
638 509
478 267
478 256
119 812
980 107
980 718
980 670
980 462
980 716
980 464
980 381
980 61
980 320
980 772
980 120
217 899
499 565
499 890
499 48
499 918
499 558
499 684
499 458
499 844
499 679
499 178
499 41
499 318
499 321
499 191
499 723
499 704
499 120
531 671
531 809
531 987
531 251
531 482
531 607
531 56
269 540
429 401
429 454
429 196
1003 609
695 337
695 466
695 159
695 61
78 731
78 0
78 506
78 688
78 178
78 502
78 169
237 716
468 107
468 664
468 506
466 267
466 712
663 223
663 410
663 399
663 322
663 591
663 649
663 343
984 435
984 447
984 74
984 356
984 782
984 586
984 168
984 912
984 885
880 923
880 250
942 30
942 292
942 337
942 936
481 565
918 565
918 318
918 321
918 672
918 48
918 679
918 844
918 332
918 684
918 458
918 704
448 692
505 337
640 772
266 416
266 77
266 439
266 912
266 949
266 168
167 988
167 159
167 181
167 851
167 280
167 978
167 817
260 45
260 356
260 2
260 439
260 126
260 949
260 912
260 416
260 77
260 586
260 168
260 66
101 246
101 866
101 423
101 729
101 724
101 718
101 377
191 915
191 891
191 944
191 692
191 617
191 416
191 927
191 61
191 334
191 120
687 609
687 614
687 718
687 776
687 462
687 356
687 923
687 251
687 607
687 746
687 742
687 416
687 61
687 586
687 791
723 565
723 672
723 41
723 277
241 280
241 547
241 421
249 605
249 716
249 506
249 189
249 0
249 178
249 502
870 633
870 628
870 731
870 720
870 572
870 680
870 12
729 724
729 716
729 19
729 246
729 243
729 423
729 59
729 149
729 718
729 377
729 866
729 16
729 916
95 987
95 540
95 873
551 159
551 823
551 927
341 200
341 915
425 908
425 305
1 337
1 322
1 309
1 310
987 890
987 159
987 576
987 482
987 582
987 329
987 633
987 248
987 75
987 185
987 471
987 873
987 772
987 251
987 738
987 746
987 671
987 68
987 120
987 683
987 364
987 245
987 955
987 540
987 835
987 809
987 923
987 53
987 462
987 193
987 963
987 764
987 698
987 609
987 338
987 692
987 607
987 196
987 994
987 311
987 257
987 361
987 641
987 28
987 334
987 731
987 56
720 890
720 629
720 12
720 855
720 617
720 170
720 936
720 383
720 120
720 680
720 371
720 304
720 4
720 628
720 731
720 697
857 915
857 61
857 838
857 160
857 428
857 200
857 17
857 422
198 120
198 454
157 926
157 248
157 462
157 715
157 746
157 684
157 356
157 347
157 607
157 577
157 147
157 542
157 933
157 586
157 120
157 334
250 334
250 886
250 823
250 782
250 178
250 332
250 927
652 107
652 189
168 313
168 126
168 586
168 30
168 416
168 112
168 77
168 812
168 912
168 472
168 447
168 74
168 439
168 782
168 800
168 607
168 949
168 356
192 107
192 664
192 506
192 381
727 180
290 566
290 193
290 159
290 454
290 589
290 253
957 547
957 978
957 817
16 595
16 189
16 410
16 754
16 718
16 843
910 329
910 193
843 907
843 718
843 724
843 184
843 607
843 61
843 407
843 120
92 200
92 915
92 280
92 428
256 868
256 447
256 74
256 313
256 30
256 416
256 356
256 885
256 267
15 422
15 633
15 731
15 680
96 299
96 132
96 509
96 634
838 35
838 629
838 160
838 428
838 200
838 971
838 891
838 561
838 656
67 920
67 561
67 963
67 846
67 190
67 344
87 160
855 170
855 540
855 936
855 697
855 176
855 733
465 890
465 700
465 2
465 812
585 922
585 4
585 58
830 692
830 61
692 550
692 159
692 955
692 462
692 595
692 528
692 742
692 329
692 775
692 546
692 248
692 776
692 900
692 338
692 61
692 233
692 176
692 607
692 746
692 733
692 671
692 718
692 787
692 334
692 591
573 885
573 416
573 112
573 74
573 586
573 782
573 120
182 356
577 926
577 715
577 147
577 458
577 936
577 58
577 347
812 700
812 718
812 2
812 500
812 120
819 329
819 836
975 397
975 738
365 189
365 118
565 926
565 528
565 458
565 321
565 672
565 48
565 844
565 558
565 684
565 679
565 41
435 332
435 267
435 74
435 586
435 782
435 500
71 595
654 738
654 650
654 783
654 682
795 817
795 547
795 421
795 978
116 772
684 318
684 458
684 321
684 746
684 844
684 558
684 48
684 679
684 334
684 704
183 688
634 337
634 788
634 559
634 299
634 402
634 509
948 586
410 143
410 0
410 650
410 716
410 189
410 56
304 4
712 380
712 398
712 226
176 764
176 245
176 68
176 482
176 329
176 746
176 641
176 588
176 836
184 595
184 633
184 423
184 754
184 607
809 482
809 334
809 731
809 772
809 591
822 454
822 337
822 509
822 322
409 506
409 0
409 178
934 595
934 318
485 500
485 823
485 646
485 542
485 927
993 742
993 863
528 609
528 8
528 205
528 607
528 48
528 742
528 783
528 890
528 383
528 120
923 890
923 633
923 159
923 462
923 609
923 921
923 53
923 235
923 476
923 178
923 592
923 746
923 875
923 738
923 783
923 193
923 334
923 591
923 772
923 120
920 700
920 159
920 629
920 280
920 190
920 274
920 746
920 189
920 502
920 891
920 120
920 656
920 772
920 188
53 890
53 633
53 245
53 629
53 540
53 190
53 311
53 866
53 454
53 75
53 901
53 609
53 724
53 321
53 542
53 614
53 927
53 731
53 193
53 334
53 56
53 120
703 61
703 159
703 120
862 605
862 502
862 495
862 118
862 0
862 572
862 178
243 61
243 718
602 472
602 126
602 61
602 356
602 782
602 912
602 416
602 111
713 566
713 592
713 454
915 633
915 462
915 280
915 408
915 344
915 302
915 742
915 200
915 189
915 718
915 178
915 629
915 61
915 952
915 607
915 428
915 971
915 17
915 591
915 334
915 502
915 772
915 120
437 1001
447 313
447 74
447 586
447 885
614 280
614 851
614 141
614 978
614 190
614 817
614 185
614 454
614 120
614 188
818 438
818 58
111 794
111 586
111 885
285 147
285 715
301 547
301 280
301 817
301 978
772 628
772 190
772 669
772 416
772 248
772 75
772 912
772 61
772 542
772 927
772 120
772 107
772 633
772 245
772 609
772 526
772 8
772 178
772 549
772 682
772 994
772 506
772 586
772 334
772 454
188 988
188 280
188 851
188 141
188 978
188 817
188 502
188 178
188 421
886 523
323 510
323 402
323 622
323 139
323 676
139 510
139 524
139 174
139 676
139 102
139 477
139 154
139 106
776 193
776 159
776 334
776 746
627 890
482 251
482 178
482 56
482 733
369 823
369 444
369 586
369 407
369 927
582 994
582 329
582 311
582 955
582 2
582 764
454 107
454 696
454 416
454 633
454 196
454 609
454 592
454 735
454 253
454 488
454 428
454 401
454 875
454 193
454 147
454 264
454 334
454 120
580 143
580 791
58 338
58 586
179 193
422 143
422 280
422 68
422 377
422 284
422 731
422 696
422 680
791 718
791 617
947 586
947 774
835 334
45 66
471 868
471 617
858 633
858 891
858 280
858 851
4 81
4 867
4 771
4 371
153 1001
800 267
800 472
800 931
800 356
800 586
800 500
160 629
160 280
160 891
160 159
160 586
160 360
160 526
927 356
927 416
927 113
927 444
927 120
927 75
927 629
927 609
927 592
927 823
927 646
927 542
927 607
927 196
927 515
927 193
927 147
927 770
305 700
305 356
305 912
236 537
236 189
236 107
236 716
236 532
236 29
971 200
971 267
971 952
971 344
971 428
185 61
185 248
737 107
737 664
5 107
5 724
5 670
5 491
5 553
5 246
5 189
5 808
5 118
5 506
5 586
5 29
5 502
110 674
110 112
688 107
688 532
688 553
688 506
688 464
698 245
698 540
698 873
698 764
633 159
633 540
633 126
633 671
633 75
633 178
633 251
633 193
633 120
70 334
70 607
70 120
955 890
955 338
955 540
955 994
955 311
955 641
955 28
955 773
68 189
68 733
921 738
921 657
398 61
398 775
659 742
659 229
659 61
659 863
659 807
659 771
292 364
200 952
200 302
200 344
200 428
200 17
200 159
113 337
113 823
113 542
299 509
299 322
201 107
201 189
201 754
836 733
836 56
885 782
885 74
885 126
885 889
885 416
885 313
885 586
472 61
472 356
472 782
472 209
472 416
472 313
472 912
549 866
253 890
253 566
332 318
332 586
332 782
332 416
332 500
401 683
257 178
105 233
641 338
641 540
641 994
641 311
641 28
641 56
337 514
337 936
337 780
337 735
337 607
337 320
337 477
337 97
337 509
502 159
502 724
502 851
502 189
502 595
502 718
502 75
502 178
502 605
502 693
502 141
502 506
502 628
502 607
502 280
502 532
502 519
502 118
502 511
502 0
502 731
502 334
502 591
502 120
267 280
267 662
267 416
267 112
267 629
267 392
267 674
267 586
267 891
404 595
404 506
404 169
821 823
416 890
416 868
416 500
416 126
416 586
416 949
416 112
416 912
416 74
416 439
416 193
416 120
416 147
416 77
416 313
416 30
416 356
416 782
416 607
416 196
416 334
416 2
936 908
936 30
936 405
572 731
572 371
572 120
226 506
457 377
644 738
644 423
644 491
644 506
124 823
318 844
318 558
318 679
865 890
865 120
141 851
141 817
141 978
439 77
439 912
477 310
664 537
664 107
664 643
664 381
664 985
664 810
320 383
320 107
35 280
35 978
35 817
464 107
742 159
742 462
742 550
742 771
742 61
742 863
742 900
742 746
742 662
742 334
742 591
742 120
402 50
402 559
402 103
775 334
775 746
775 120
788 106
780 303
780 1001
780 514
780 103
149 866
149 423
149 716
149 718
149 377
338 61
338 540
338 801
338 994
338 193
338 181
338 245
718 159
718 724
718 377
718 866
718 61
718 595
718 904
718 120
718 462
718 754
718 732
718 189
718 19
718 716
718 607
718 591
718 334
180 829
428 61
428 952
428 302
428 17
931 715
853 343
853 322
672 844
672 558
672 48
730 356
730 868
730 912
808 29
808 670
808 107
444 823
846 629
846 280
846 595
846 561
75 107
75 248
75 462
75 190
75 617
75 546
75 178
75 61
75 607
75 193
75 334
75 120
251 994
251 159
251 540
1001 650
1001 553
1001 506
1001 514
1001 724
1001 103
1001 738
1001 423
1001 381
1001 685
671 159
671 397
671 738
671 364
671 245
671 334
671 591
671 764
933 171
933 715
933 347
933 147
132 61
132 334
926 890
926 147
926 715
926 590
926 334
926 748
510 223
510 622
510 97
295 0
295 178
732 0
732 118
246 423
246 724
246 377
558 458
558 321
558 704
558 48
558 844
589 383
696 143
696 61
696 392
696 181
696 607
29 506
29 670
29 107
700 890
700 235
700 347
700 607
700 771
700 761
700 782
700 532
700 277
700 2
670 107
670 462
670 553
670 506
670 381
646 890
646 159
646 823
646 607
646 423
646 542
646 178
900 61
900 595
900 746
900 662
900 334
782 126
782 112
782 74
782 193
782 586
782 500
782 120
682 738
682 650
682 783
147 159
147 715
147 355
147 171
147 347
147 277
147 196
147 590
147 120
181 537
181 189
181 724
181 190
181 61
181 274
868 126
868 30
868 356
868 586
868 912
724 407
724 159
724 716
724 685
724 866
724 189
724 796
662 61
373 190
126 74
126 356
126 30
126 889
126 586
126 2
126 500
329 245
329 233
329 540
329 421
329 733
329 343
408 280
912 159
912 30
912 949
912 77
912 74
912 356
912 209
912 586
912 120
223 462
223 343
223 310
223 322
61 550
61 851
61 193
61 356
61 904
61 120
61 771
61 189
61 30
61 233
61 607
61 334
61 591
823 542
823 120
590 715
590 347
590 171
532 381
532 761
532 553
532 516
532 118
532 2
0 537
0 189
0 605
0 423
0 178
0 693
0 976
0 118
629 890
629 280
629 851
629 190
629 978
629 526
629 561
629 2
629 360
629 631
629 334
629 607
629 193
629 685
629 120
629 731
629 891
754 595
754 377
754 716
908 30
908 356
274 190
274 280
523 273
566 462
566 120
761 738
761 516
761 783
761 837
761 396
171 715
377 159
377 281
377 866
377 423
377 506
377 189
377 716
377 731
377 586
866 716
866 423
994 550
994 245
994 540
994 863
994 311
994 364
994 28
994 56
994 120
364 248
364 233
364 120
364 764
264 586
264 245
783 159
783 650
783 462
783 576
783 837
783 189
783 516
783 506
783 738
783 120
676 622
890 235
890 190
890 978
890 731
890 107
890 540
890 11
890 963
890 178
890 609
890 607
235 120
650 738
650 423
347 715
347 277
745 506
745 738
745 837
445 891
445 280
103 310
103 368
103 322
103 303
103 423
103 514
103 343
77 356
383 315
383 922
383 669
383 112
383 586
407 159
680 731
421 280
421 547
421 978
421 817
371 120
595 189
595 169
628 178
904 189
515 356
515 586
515 500
423 537
423 275
423 334
120 190
120 746
120 674
120 193
120 189
120 178
120 609
120 356
120 196
120 591
120 940
120 280
120 851
120 617
120 731
120 107
120 248
120 586
120 553
120 310
120 978
120 500
120 542
120 334
245 233
245 540
245 733
245 193
245 170
245 764
540 863
540 28
540 873
540 311
540 697
540 56
716 189
976 178
679 844
844 159
844 321
844 458
189 550
189 607
189 381
189 178
189 605
189 506
313 74
313 356
313 30
178 159
178 851
178 607
178 605
178 693
986 66
609 617
609 193
814 500
516 738
797 669
356 159
356 112
356 209
356 74
356 770
356 30
356 607
356 949
356 542
356 586
356 334
196 190
196 193
196 731
704 159
704 41
704 321
509 106
891 280
891 978
891 526
891 159
891 360
891 851
143 159
576 506
576 738
617 462
617 607
617 193
617 159
617 586
617 334
617 733
458 48
458 277
303 368
303 514
381 506
381 107
546 550
546 771
546 586
817 280
817 851
817 547
817 978
817 988
817 512
553 107
74 112
74 586
506 924
506 248
506 591
506 738
506 491
506 334
905 281
905 491
738 597
738 837
50 559
118 107
697 311
697 170
697 873
697 771
107 537
107 985
107 810
524 159
559 622
863 310
863 771
547 280
547 851
547 512
547 978
462 248
462 851
462 542
462 586
462 334
462 591
963 159
764 733
392 112
392 2
392 674
97 309
310 368
310 322
310 343
310 943
310 586
310 334
322 368
322 943
322 343
322 399
825 586
988 851
988 978
491 281
2 586
2 334
2 281
159 500
159 851
159 190
159 607
159 746
159 321
159 209
159 731
159 334
159 343
159 315
159 978
159 940
159 193
159 56
190 656
512 978
344 952
693 605
746 550
746 851
746 233
746 542
746 733
746 334
746 591
674 112
851 280
851 978
193 48
193 334
193 500
229 607
685 643
685 280
360 526
360 280
607 280
607 591
607 334
309 38
586 209
586 550
586 837
586 334
586 500
733 588
38 343
284 731
399 343
656 280
281 280
542 334
542 500
280 631
280 526
280 561
280 591
748 715
550 526
343 368
