834 749
202 629
202 160
833 720
833 609
833 416
833 185
833 159
833 462
833 415
833 850
833 617
777 457
777 16
777 718
777 410
777 32
335 107
335 867
335 468
335 737
335 898
335 464
335 208
335 790
335 808
335 228
335 381
335 1004
335 664
335 810
335 29
335 201
335 5
335 175
335 537
335 670
335 553
335 440
335 385
335 985
335 236
335 980
335 643
335 118
335 532
335 688
951 435
951 159
951 267
951 273
951 692
951 541
951 170
951 857
951 58
951 546
951 214
951 203
951 388
951 724
951 865
951 976
951 711
951 738
951 809
951 971
951 239
951 569
951 78
951 798
951 35
951 915
951 595
951 703
951 707
951 200
951 142
951 306
951 552
951 341
951 769
951 609
951 338
951 377
951 502
951 772
951 706
951 506
951 581
951 31
951 731
951 500
40 890
40 272
40 159
40 662
40 239
40 749
40 112
40 198
40 696
40 596
40 572
40 214
40 187
40 712
40 900
40 26
40 568
40 488
40 193
40 147
40 415
40 802
40 450
40 695
40 502
584 731
584 680
584 15
538 862
538 333
538 569
538 470
538 78
538 502
879 223
879 548
879 510
879 368
879 75
879 132
879 740
879 164
879 322
879 174
165 683
165 647
165 847
165 136
165 838
165 67
165 344
165 200
165 142
165 17
165 857
165 543
165 948
165 92
165 424
165 915
165 858
165 990
165 952
165 316
165 302
165 428
165 401
165 971
165 953
165 207
165 31
522 457
522 61
522 436
522 716
522 114
522 145
131 738
131 850
82 697
82 870
82 135
82 628
82 771
456 371
456 936
898 385
898 532
125 323
125 676
125 337
125 139
125 174
765 648
765 214
765 868
765 290
765 133
765 915
765 356
765 313
765 859
765 517
765 591
765 30
765 104
765 845
765 936
765 383
765 120
765 168
765 602
765 743
765 762
91 308
91 423
91 788
91 120
91 75
91 166
91 607
91 499
418 996
418 969
418 105
418 977
418 331
418 308
418 32
122 915
122 924
122 61
122 479
122 136
122 837
122 428
122 866
122 857
122 693
122 718
122 410
479 586
386 25
135 248
135 267
135 540
135 34
135 703
135 30
135 720
135 936
135 449
135 922
135 75
135 942
135 371
135 214
135 292
135 72
135 65
135 4
135 628
135 692
135 462
135 870
135 197
135 159
135 812
135 581
135 176
135 120
624 582
624 231
624 329
624 994
624 245
624 364
624 873
624 692
991 595
991 569
991 61
991 654
798 90
798 483
798 159
798 278
798 581
798 607
231 698
231 338
231 840
231 245
231 955
231 540
231 873
231 987
231 350
231 607
231 462
231 738
231 185
231 749
231 810
231 2
98 707
98 278
98 592
98 454
98 291
98 134
98 107
98 429
98 713
98 268
98 117
544 143
544 214
544 159
544 8
535 472
535 462
535 823
535 646
535 854
535 53
535 369
535 927
535 250
535 499
535 684
535 542
535 444
535 75
535 124
535 113
535 722
333 502
333 599
333 605
333 693
333 743
333 228
333 470
333 862
333 816
333 409
333 6
333 0
333 569
333 249
333 710
65 784
65 272
65 629
65 776
65 280
65 687
65 923
65 920
65 771
65 742
65 546
65 449
65 75
65 948
65 220
65 530
65 915
65 326
65 191
65 253
65 607
65 927
65 502
65 851
65 193
65 450
65 334
65 83
65 120
701 220
740 106
740 157
740 612
740 788
307 541
307 159
307 659
708 866
708 718
306 194
306 159
306 863
306 374
306 830
306 659
306 771
306 742
306 660
306 229
306 720
306 523
306 749
306 137
443 700
443 550
443 159
443 662
443 830
443 692
443 53
443 137
443 742
443 193
443 250
443 546
443 152
443 703
443 86
872 143
872 987
872 650
872 686
430 662
470 599
470 605
470 693
470 228
470 249
470 862
470 189
470 409
470 6
470 572
470 0
470 569
470 789
470 502
470 710
268 633
268 592
268 454
268 291
268 713
268 117
117 291
530 630
530 493
530 629
530 280
530 851
530 685
530 920
530 749
530 891
530 449
530 360
530 267
530 214
530 915
530 718
530 462
530 334
530 377
530 160
530 569
530 24
530 526
758 844
758 956
758 499
758 41
758 918
758 48
758 723
789 329
789 605
789 364
789 540
789 731
789 987
789 422
789 32
954 207
954 469
954 280
954 547
954 978
954 167
206 534
206 139
206 103
695 585
695 187
695 159
695 511
695 662
695 596
695 450
695 692
695 568
695 362
752 644
752 416
752 927
752 191
752 850
752 772
752 120
14 763
14 924
14 410
14 724
14 644
14 657
14 506
14 199
14 1001
14 828
14 173
14 738
14 702
14 381
14 921
14 783
14 719
14 850
14 365
394 571
803 948
803 267
803 517
845 30
845 111
845 762
845 356
845 166
845 168
845 602
845 912
845 694
802 90
802 272
802 187
802 662
802 450
802 572
450 272
450 596
450 462
450 187
450 662
450 398
450 742
450 696
450 749
450 248
450 572
450 947
450 762
450 718
450 233
450 712
450 900
450 568
450 595
450 159
450 571
450 362
249 605
249 693
249 433
249 670
249 716
249 158
249 32
249 502
249 862
249 189
249 969
249 409
249 6
249 569
431 188
596 662
596 329
133 416
133 602
133 586
133 168
107 737
107 192
107 687
107 464
107 810
107 90
107 381
107 201
107 850
107 75
107 29
107 652
107 5
107 537
107 718
107 553
107 670
107 236
107 393
107 985
107 440
107 980
107 643
107 118
107 664
107 320
543 200
543 971
543 428
543 891
199 644
199 924
199 592
199 657
199 506
199 1001
199 541
199 738
199 996
199 173
199 850
199 90
199 702
42 460
42 323
42 402
42 548
42 706
969 189
969 410
969 509
969 718
969 977
969 761
969 2
6 189
6 248
6 381
6 783
6 506
6 569
6 75
483 742
483 229
483 927
483 326
483 153
483 607
483 220
483 978
948 890
948 459
948 629
948 126
948 416
948 517
948 112
948 75
948 267
948 592
948 232
948 191
948 392
948 313
948 859
948 499
948 927
948 674
948 52
948 168
948 500
948 120
424 978
424 990
424 280
424 469
424 847
424 136
424 547
424 795
424 817
424 142
424 953
424 207
424 92
424 421
433 90
433 738
433 338
433 159
433 540
433 693
433 410
433 987
433 541
433 32
990 200
990 142
990 647
990 280
990 316
990 31
990 482
990 569
990 428
571 742
571 663
571 542
571 900
571 160
571 277
571 870
571 62
571 684
571 161
571 285
571 935
571 910
571 731
571 885
71 595
71 318
564 517
587 326
587 720
587 318
587 415
587 245
587 343
196 311
196 147
196 873
196 586
196 429
196 850
151 134
151 253
151 566
151 290
370 15
13 738
13 239
13 532
13 516
13 719
13 850
13 837
13 743
835 214
835 910
835 248
835 233
835 830
835 692
938 326
658 915
658 629
658 280
658 838
658 547
658 428
658 870
658 891
658 31
658 24
658 360
658 267
1004 236
1004 189
1004 643
1004 175
1004 724
1004 595
1004 977
1004 911
850 576
850 987
850 979
850 683
850 541
850 654
850 173
850 75
850 745
850 650
850 644
850 270
850 506
850 1001
850 738
850 185
850 702
850 90
850 120
850 924
850 327
850 921
850 837
850 134
850 761
850 881
850 609
850 945
850 516
850 657
850 682
850 996
850 197
850 783
850 719
850 772
152 830
152 86
599 409
599 693
599 506
599 569
599 710
972 147
972 366
39 707
469 630
469 35
469 280
469 851
469 512
469 528
469 547
469 274
469 795
469 862
469 229
469 552
469 421
469 167
469 141
469 301
469 614
469 142
469 978
469 241
469 817
469 988
469 264
469 207
469 188
186 722
186 267
186 517
186 256
415 435
415 629
415 630
415 987
415 191
415 612
415 372
415 401
415 504
415 749
415 569
415 127
415 220
415 150
719 738
719 410
719 783
719 837
719 761
127 101
127 866
127 718
127 281
127 724
127 716
127 377
127 32
127 293
127 732
127 149
127 246
127 189
127 193
127 423
127 749
127 75
127 843
487 139
195 595
240 232
800 62
448 435
448 332
575 260
575 472
575 232
575 77
575 439
575 168
517 648
517 565
517 159
517 267
517 462
517 356
517 499
517 684
517 112
517 166
517 157
517 602
517 607
517 472
517 61
517 392
517 854
517 478
517 674
517 542
517 586
517 256
517 362
739 915
739 731
739 159
739 772
682 738
682 650
682 654
682 783
682 924
710 605
710 423
710 569
710 184
187 700
187 254
187 466
187 112
187 662
187 60
883 184
883 907
883 718
372 595
372 609
372 572
372 934
293 700
293 605
293 718
293 724
293 569
293 32
453 595
764 698
764 582
764 516
764 245
764 364
764 994
764 987
764 840
764 176
764 446
686 577
686 147
686 650
686 933
686 347
686 171
278 159
278 454
278 940
278 291
278 449
278 290
278 566
278 220
278 120
534 84
534 38
534 638
534 388
534 174
534 64
534 692
534 322
534 324
534 102
534 61
534 749
534 139
534 343
534 591
167 630
167 159
167 718
167 942
167 851
167 862
167 547
167 274
167 817
167 988
167 280
167 552
167 207
167 188
167 978
167 90
167 362
568 784
568 495
568 660
568 771
568 662
568 488
568 379
568 595
568 198
568 935
568 60
568 947
76 185
126 648
126 232
126 2
126 356
126 885
126 573
126 52
126 416
126 759
126 166
126 586
126 500
126 168
594 454
597 101
324 700
324 388
324 139
324 159
324 832
324 634
324 638
324 334
324 591
324 362
142 630
142 159
142 267
142 280
142 847
142 274
142 344
142 978
142 200
142 953
142 857
142 214
142 915
142 952
142 302
142 428
142 971
142 207
142 92
142 24
552 547
552 858
552 207
552 851
552 141
552 817
552 978
552 188
104 859
104 743
164 853
164 548
164 788
164 649
164 638
164 103
164 420
164 174
84 343
84 388
84 663
832 303
832 638
832 388
832 174
832 788
832 96
832 612
832 103
832 38
832 509
612 633
612 159
612 64
612 388
612 343
612 334
612 103
958 180
86 662
86 830
86 703
52 472
52 45
52 166
52 356
52 66
52 868
52 30
52 77
52 313
52 2
52 201
52 168
308 926
308 147
308 347
308 748
557 193
557 912
557 168
161 193
161 692
161 586
161 863
581 72
581 830
581 855
581 34
581 942
581 292
581 720
581 159
581 264
581 936
581 749
581 248
581 176
581 692
31 915
31 647
31 716
31 847
31 838
31 428
31 200
31 491
31 569
31 24
24 630
24 631
24 493
24 629
24 280
24 547
24 160
24 891
24 647
24 360
24 267
137 771
137 769
763 657
763 134
849 338
849 275
849 175
849 737
849 327
849 506
849 987
849 540
849 1001
849 423
849 446
849 511
849 650
150 147
32 143
32 432
32 159
32 580
32 754
32 862
32 189
32 170
32 891
32 381
32 693
32 791
32 428
32 977
32 843
32 700
32 19
32 380
32 280
32 184
32 502
32 236
32 572
32 718
32 0
32 569
32 90
32 365
442 175
759 166
322 223
322 853
322 638
322 388
322 548
322 663
322 64
322 310
322 343
322 2
25 956
25 321
25 458
25 672
25 684
25 319
25 216
25 48
25 499
427 890
427 329
427 955
214 159
214 940
214 987
214 416
214 684
214 844
214 935
214 912
214 220
214 371
214 223
214 72
214 776
214 712
214 865
214 4
214 290
214 160
214 590
214 738
214 239
214 707
214 515
214 852
214 272
214 629
214 915
214 687
214 923
214 731
214 920
214 787
214 742
214 255
214 743
214 885
214 609
214 900
214 428
214 720
214 147
214 586
214 334
214 891
72 159
232 260
232 966
232 77
232 912
232 168
158 716
158 176
158 997
26 662
26 379
893 509
467 650
828 139
828 1001
828 106
395 663
395 514
239 609
239 629
239 506
239 923
239 706
239 428
239 149
239 857
239 502
702 644
702 924
702 382
702 670
702 106
702 327
702 506
702 1001
702 90
702 738
702 516
702 197
702 842
702 761
702 837
207 630
207 35
207 493
207 851
207 847
207 136
207 547
207 67
207 795
207 953
207 558
207 428
207 421
207 988
207 301
207 978
207 241
207 817
207 957
207 92
207 188
569 159
569 280
569 851
569 847
569 90
569 953
569 580
569 749
569 572
569 428
569 422
569 281
569 631
569 693
569 976
569 409
569 685
569 0
569 78
569 120
569 295
569 482
569 53
569 862
569 189
569 605
569 977
569 360
569 915
569 718
569 228
569 808
569 491
569 502
569 188
362 978
362 663
362 280
362 12
362 528
362 547
362 369
362 659
362 909
362 808
362 381
362 383
362 602
362 421
362 168
362 585
362 922
362 605
362 718
362 141
362 4
362 184
362 216
362 870
362 971
362 111
362 854
362 502
362 993
272 700
272 159
272 712
272 687
272 900
272 662
272 116
272 147
272 595
272 2
260 416
260 790
260 77
260 356
260 912
260 168
956 700
956 565
956 465
956 790
956 321
956 672
956 319
956 216
956 48
956 499
956 558
956 684
956 458
956 41
956 743
956 704
956 2
388 853
388 61
388 638
388 90
388 299
388 383
388 343
388 337
388 591
977 644
977 862
977 718
977 153
977 497
977 921
977 996
977 208
977 1001
977 541
977 236
977 409
977 410
977 791
977 2
881 541
881 700
881 738
881 532
881 790
881 921
881 783
881 506
881 643
881 761
762 648
762 984
762 868
762 248
762 915
762 356
762 416
762 185
762 166
762 586
762 168
762 885
326 687
326 146
326 930
653 738
291 609
291 592
291 401
291 454
291 134
291 120
291 429
291 1003
291 713
319 558
319 458
319 499
319 672
319 423
319 216
319 48
319 684
996 541
996 644
996 738
996 657
996 506
996 745
854 551
854 923
854 369
854 62
854 113
854 444
854 120
854 124
854 337
854 61
854 794
854 823
854 646
854 542
854 416
854 927
854 250
854 513
854 586
854 722
854 485
619 11
83 784
83 863
83 993
83 771
83 830
83 901
722 444
722 823
722 646
722 369
722 927
736 245
736 692
995 176
995 334
909 585
909 383
909 58
896 861
332 700
332 435
332 633
332 318
332 782
332 500
332 250
432 987
166 30
166 868
166 416
166 609
166 356
166 515
166 573
166 185
166 500
166 586
166 168
166 602
166 743
166 772
173 541
173 738
173 454
173 657
173 506
173 924
173 428
997 75
997 205
997 34
997 607
46 676
626 863
440 537
440 380
440 737
440 226
327 738
327 275
327 897
327 737
327 381
316 915
316 159
316 200
316 392
316 847
316 838
316 428
216 90
216 672
216 558
216 321
216 684
216 499
216 48
420 96
420 950
420 548
452 595
950 663
950 343
950 103
950 303
414 891
887 179
493 630
493 631
493 629
493 685
493 301
493 978
493 731
493 891
493 561
493 360
73 499
73 458
73 679
618 499
618 321
482 410
482 641
482 531
482 847
482 251
482 987
482 56
482 176
215 180
426 907
294 648
294 416
294 313
294 77
294 586
294 817
294 256
294 868
294 885
960 34
230 159
230 147
134 515
134 416
134 592
134 454
134 143
925 698
925 840
925 269
925 955
925 540
925 697
925 429
925 311
774 105
774 947
556 369
556 77
840 698
840 338
840 245
840 540
840 994
840 318
840 987
317 692
317 607
317 304
716 457
716 718
716 377
716 149
716 16
716 189
716 423
716 118
716 61
716 365
678 696
393 980
393 184
393 61
393 907
197 609
197 546
197 987
197 923
706 638
706 663
884 189
27 147
773 497
773 700
773 338
773 955
648 267
648 30
648 416
648 356
648 586
648 885
648 602
648 256
630 629
630 851
630 838
630 920
630 274
630 685
630 891
630 421
630 267
630 915
630 790
630 301
630 377
630 160
630 428
630 188
966 171
966 933
966 935
966 347
966 168
353 190
353 185
353 891
647 915
647 631
647 280
647 136
647 547
647 817
647 90
647 200
647 428
513 62
513 646
513 369
513 927
513 485
541 576
541 923
541 90
541 808
541 644
541 410
541 657
541 506
541 16
541 738
541 921
541 685
541 783
541 586
953 200
953 374
953 92
953 428
866 457
866 101
866 423
866 159
866 718
866 377
446 423
446 175
979 738
563 779
563 8
804 761
220 159
220 692
220 607
220 90
220 105
220 749
220 75
220 769
220 334
175 275
175 410
175 737
175 670
175 184
175 1001
175 246
175 144
175 423
175 5
175 650
790 700
790 516
790 267
790 45
790 984
790 66
790 628
790 229
790 17
790 532
790 812
790 2
790 680
790 912
790 500
790 168
638 700
638 38
638 548
638 663
638 96
638 53
638 509
638 862
638 69
638 622
638 788
638 159
638 334
638 634
478 267
478 256
754 718
754 595
754 528
754 184
754 843
980 718
980 915
980 687
980 61
980 464
531 90
531 159
531 641
531 987
531 56
269 311
429 401
429 454
1003 401
1003 707
1003 609
939 90
939 139
78 862
78 506
78 502
554 185
468 643
466 662
466 112
466 712
663 410
663 223
663 303
663 343
663 649
984 168
984 416
984 313
984 356
984 586
984 885
880 707
880 609
880 923
942 936
918 318
918 684
918 48
918 499
505 822
505 337
505 174
649 548
769 292
769 233
769 863
769 830
769 692
769 607
769 742
769 229
769 116
769 58
769 176
707 609
707 633
707 67
707 193
707 680
707 713
101 457
101 149
101 423
101 724
101 246
101 184
101 779
101 377
191 927
191 749
191 190
191 75
191 253
191 120
687 159
687 280
687 920
687 923
687 742
687 607
687 462
687 248
687 59
687 692
687 915
687 718
687 776
687 290
687 457
687 377
687 499
687 671
687 783
687 586
687 334
687 502
687 772
723 565
723 704
723 933
723 499
723 48
723 41
241 280
241 547
241 421
305 168
305 416
305 356
305 290
305 859
305 912
305 53
870 585
870 337
870 141
870 12
870 628
870 771
870 421
870 731
870 697
95 987
95 193
95 540
95 873
551 646
551 62
551 90
551 927
968 646
574 356
1 106
1 343
1 323
1 309
987 245
987 540
987 809
987 193
987 588
987 582
987 749
987 68
987 955
987 90
987 338
987 873
987 251
987 994
987 311
987 364
987 641
987 511
987 28
987 56
987 361
90 38
90 940
90 280
90 851
90 377
90 1001
90 749
90 124
90 912
90 644
90 935
90 865
90 506
90 613
90 160
90 927
90 236
90 223
90 915
90 248
90 609
90 920
90 862
90 200
90 189
90 746
90 526
90 561
90 631
90 742
90 360
90 844
90 233
90 660
90 692
90 978
90 428
90 334
379 662
857 915
857 136
857 428
857 292
857 200
857 17
857 193
198 662
198 120
198 454
157 926
157 915
157 718
157 462
157 607
157 542
157 499
157 502
157 844
157 731
157 684
157 775
157 356
157 248
157 586
157 743
157 147
250 662
250 646
250 886
250 927
652 189
168 868
168 369
168 416
168 313
168 77
168 912
168 885
168 30
168 915
168 472
168 356
168 439
168 347
168 607
168 743
168 586
168 2
192 532
192 381
192 506
727 180
290 253
290 159
290 629
290 614
290 53
290 566
290 193
290 589
290 56
957 978
16 595
16 410
16 718
16 613
910 923
910 329
910 193
910 692
910 607
910 591
843 907
843 61
843 724
843 718
843 407
843 607
843 320
92 915
92 847
92 428
256 472
256 267
256 356
256 515
256 416
256 112
256 313
256 602
256 743
256 885
15 731
15 284
15 406
15 680
15 422
809 159
809 364
809 8
96 609
96 788
96 299
96 509
96 634
838 662
838 631
838 846
838 267
838 952
838 847
838 392
838 428
838 200
838 971
838 281
67 561
67 963
67 190
67 656
67 344
87 160
855 311
855 720
855 540
855 697
855 176
855 34
449 462
449 280
465 2
465 812
585 280
660 784
660 159
660 783
660 749
660 692
660 771
660 659
830 245
830 863
830 540
830 873
830 692
830 229
830 771
830 659
830 329
830 185
830 400
830 193
830 901
692 550
692 159
692 462
692 176
692 329
692 775
692 749
692 248
692 742
692 61
692 233
692 334
692 607
692 746
692 731
692 264
692 591
692 56
573 868
573 586
573 416
573 772
577 926
577 458
577 936
577 933
577 58
577 347
577 147
812 700
812 550
812 119
812 2
975 397
365 189
365 718
565 550
565 159
565 321
565 48
565 859
565 499
565 844
565 684
565 546
565 318
565 679
565 41
435 633
435 782
435 500
280 890
280 851
280 891
280 422
280 421
280 631
280 141
280 160
280 656
280 35
280 629
280 462
280 547
280 528
280 920
280 189
280 526
280 561
280 360
280 915
280 718
280 566
280 817
280 188
280 502
280 408
847 547
654 783
654 738
229 106
229 153
229 607
229 771
229 742
229 75
229 343
684 48
684 679
684 844
684 558
684 458
684 718
684 743
684 915
684 318
684 321
684 542
684 499
684 356
684 586
684 704
406 731
406 284
406 696
406 422
406 12
406 680
634 323
634 106
634 299
634 788
634 509
935 159
935 776
935 933
410 38
410 251
410 650
410 595
410 837
410 924
410 700
410 718
410 994
410 153
410 189
410 1001
410 56
712 159
712 380
712 662
712 61
712 398
60 662
217 180
184 700
184 724
184 779
184 650
184 607
184 246
184 423
184 407
976 605
976 502
976 580
409 506
934 595
485 62
485 823
485 646
485 927
993 742
993 901
993 863
114 189
114 275
114 718
114 159
923 890
923 550
923 528
923 159
923 462
923 609
923 53
923 633
923 546
923 75
923 915
923 738
923 193
923 772
923 542
923 120
923 334
923 591
923 500
923 2
920 915
920 633
920 159
920 462
920 851
920 190
920 274
920 181
920 656
787 159
787 2
862 605
862 791
862 428
862 189
862 502
862 580
862 495
862 572
243 457
243 59
476 609
602 472
602 356
602 743
602 416
602 586
602 912
713 566
713 159
713 454
713 592
915 851
915 136
915 8
915 17
915 159
915 912
915 61
915 952
915 971
915 185
915 591
915 371
915 248
915 629
915 462
915 731
915 200
915 472
915 718
915 356
915 428
915 542
915 75
915 502
49 248
709 547
528 542
528 867
528 380
528 383
528 589
614 858
614 141
614 547
614 978
614 454
818 438
818 58
111 586
285 147
301 428
301 656
301 795
301 547
301 978
301 188
56 159
56 540
56 749
56 329
56 193
56 423
56 641
188 159
188 141
188 547
188 978
188 421
323 402
323 509
323 139
139 510
139 524
139 174
139 1001
139 477
139 102
139 154
139 106
776 617
776 193
776 159
776 334
776 53
776 502
776 591
208 236
208 537
369 646
369 927
369 444
369 62
369 770
369 263
582 994
582 364
582 580
582 105
454 633
454 53
454 416
454 609
454 592
454 401
454 488
454 193
454 147
454 772
454 120
580 143
580 791
580 48
58 586
58 2
422 731
422 540
422 696
422 680
947 662
45 66
471 190
858 700
772 633
772 940
772 398
772 703
772 546
772 75
772 609
772 61
772 823
772 927
772 586
772 120
772 334
4 700
4 720
4 159
4 771
859 515
859 472
859 592
859 416
859 356
859 743
160 631
160 846
160 629
160 851
160 685
160 526
160 561
160 586
160 360
160 891
927 629
927 821
927 416
927 113
927 444
927 609
927 592
927 823
927 646
927 542
927 607
927 515
927 147
927 770
927 120
236 537
236 670
236 506
236 189
236 185
236 383
236 2
971 200
971 267
971 428
971 344
185 106
185 629
185 617
185 30
185 458
185 334
5 532
5 670
5 491
5 246
5 553
688 808
688 532
688 670
688 506
688 404
698 245
698 540
698 873
698 311
633 609
633 940
633 11
633 251
633 53
633 416
633 193
633 75
955 540
955 873
955 311
68 176
68 540
921 657
921 506
921 1001
921 738
921 381
921 783
921 796
398 159
659 742
659 159
659 374
292 718
292 201
292 502
200 550
200 267
200 136
200 344
200 17
200 546
200 159
200 952
200 302
200 428
113 646
113 542
299 402
299 788
299 509
201 189
201 718
201 724
836 176
836 540
885 889
885 416
885 313
885 586
472 356
472 912
472 416
472 313
472 743
253 566
62 159
62 646
62 542
62 743
374 523
257 779
257 147
257 823
257 421
641 540
641 251
641 176
337 646
337 223
337 780
337 788
337 320
502 550
502 159
502 851
502 749
502 248
502 901
502 700
502 605
502 718
502 607
502 572
502 334
267 629
267 416
267 662
267 17
267 891
267 112
267 936
267 561
267 944
267 392
267 428
267 988
267 700
267 869
267 586
267 526
404 595
404 506
404 718
416 868
416 159
416 629
416 313
416 912
416 356
416 782
416 193
416 147
416 586
416 2
473 810
936 30
572 696
572 662
457 61
457 718
457 377
457 19
457 246
457 423
457 696
644 924
644 650
644 506
644 1001
644 738
318 321
318 672
318 499
318 595
318 558
318 679
865 749
865 159
141 718
141 851
141 547
141 978
141 421
439 77
439 912
477 310
664 380
35 547
35 851
35 978
464 718
742 784
742 159
742 462
742 771
742 749
742 912
742 900
742 607
742 334
402 343
402 509
775 718
775 891
775 591
775 607
788 106
788 50
780 106
780 303
780 603
780 509
780 103
149 700
338 329
338 540
338 511
718 159
718 724
718 720
718 423
718 749
718 61
718 904
718 595
718 248
718 629
718 462
718 607
718 48
718 732
718 246
718 586
718 334
718 377
718 189
718 591
718 916
894 629
373 190
373 344
428 851
428 136
428 274
428 159
428 629
428 61
428 952
428 302
428 17
931 147
842 132
853 159
853 343
613 53
672 844
672 458
672 558
672 48
808 532
444 383
444 823
444 646
846 631
846 629
846 112
846 561
846 547
846 891
75 462
75 550
75 190
75 617
75 53
75 189
75 609
75 749
75 223
75 945
75 670
75 499
75 607
75 2
75 334
75 120
901 223
901 771
901 863
901 749
508 738
533 771
380 810
251 506
1001 924
1001 650
1001 724
1001 423
1001 106
1001 506
1001 738
1001 532
1001 685
671 462
671 397
671 334
671 607
671 115
933 590
933 171
933 347
933 147
309 97
309 523
309 106
926 590
926 61
926 147
926 715
926 748
510 174
732 0
732 118
246 423
246 724
246 377
558 321
558 48
558 499
558 844
558 458
589 383
696 595
696 377
696 360
592 499
29 381
29 532
29 118
29 670
29 506
29 783
29 48
700 119
700 771
700 703
700 516
700 891
700 112
700 61
700 605
700 17
700 277
700 193
700 532
700 2
670 605
670 462
670 553
670 532
670 381
670 506
670 783
670 643
646 823
646 542
900 662
782 586
782 66
782 500
499 48
499 607
499 458
499 679
499 41
499 844
499 823
499 321
499 542
499 743
499 44
499 356
499 586
499 591
499 704
147 890
147 715
147 277
147 171
147 347
147 607
147 590
868 30
868 356
868 586
868 912
724 685
724 159
724 377
662 11
662 488
180 829
136 629
136 159
136 749
329 873
329 245
329 738
329 264
329 248
329 334
329 176
749 629
749 540
749 61
749 233
749 607
749 746
749 264
749 334
912 159
912 313
912 77
912 743
912 356
912 586
223 462
223 343
223 607
871 628
61 159
61 53
61 383
61 343
61 233
61 356
61 674
61 193
61 591
823 542
382 924
590 159
590 171
590 347
590 48
532 118
532 381
532 761
532 650
532 437
532 516
532 553
532 506
532 738
532 491
532 820
532 2
0 605
0 118
629 159
629 190
629 334
629 978
629 891
629 561
629 360
629 631
629 462
629 392
629 189
629 193
629 356
629 685
629 2
629 526
119 2
274 159
274 851
274 190
274 817
566 120
761 738
761 516
761 783
171 347
377 605
377 53
377 607
377 731
377 423
795 988
795 547
795 978
795 421
994 540
994 245
364 248
364 863
364 540
364 506
264 170
264 586
511 540
783 516
783 650
783 462
783 738
783 506
783 381
176 245
176 588
890 609
890 193
890 714
890 546
890 500
460 38
235 609
650 745
650 738
650 144
650 423
745 738
103 106
103 303
103 310
103 423
103 514
77 2
77 356
383 867
383 922
383 311
383 586
383 334
680 731
680 720
680 284
421 978
421 547
421 817
270 738
270 704
628 720
628 2
904 189
743 550
743 30
743 546
743 516
743 506
743 356
743 120
743 704
515 356
731 159
731 284
731 540
731 8
731 720
731 281
423 779
423 59
120 190
120 53
120 546
120 609
120 193
389 2
245 540
540 546
540 193
540 873
540 311
540 697
540 796
540 361
595 189
595 248
679 844
679 321
844 159
844 321
844 458
844 546
189 281
189 462
189 607
189 546
189 506
313 30
313 2
313 356
325 863
609 159
609 546
609 193
516 437
516 837
516 924
516 738
714 193
714 617
657 738
657 506
356 159
356 462
356 607
356 30
356 209
356 586
356 500
817 547
817 978
17 2
704 458
704 41
704 48
704 321
796 143
509 303
891 159
891 190
891 561
891 631
891 685
143 159
576 506
576 738
497 281
497 491
34 873
458 321
458 48
458 546
303 343
303 368
102 174
381 506
381 643
546 550
546 495
546 48
546 607
546 193
546 334
747 738
275 737
553 491
506 924
506 248
506 605
506 738
506 491
738 924
738 837
738 437
738 607
738 945
697 311
697 170
697 771
784 863
924 837
524 174
559 346
863 771
863 720
547 851
547 512
547 824
547 360
547 631
547 978
547 988
53 233
53 542
53 978
53 193
53 190
53 311
462 248
462 586
462 851
462 542
462 334
462 591
703 159
703 771
492 248
392 674
392 112
310 343
277 715
228 605
228 693
988 978
491 281
2 586
2 66
495 159
159 8
159 193
159 607
159 586
159 38
159 940
159 851
159 669
159 720
159 542
159 209
159 591
159 343
159 978
159 334
159 500
190 193
190 656
512 978
344 952
8 144
537 737
693 605
873 550
873 771
674 112
851 978
851 591
193 550
193 617
548 174
685 643
48 321
48 669
617 720
360 631
360 526
360 561
233 607
607 112
607 248
607 343
607 397
607 978
607 334
607 591
586 248
586 500
586 334
38 334
112 631
399 343
281 631
542 591
542 334
550 248
248 591
631 526
631 561
526 561
343 368
591 334
