834 746
225 16
225 101
225 423
225 779
225 883
225 977
225 184
225 246
777 410
335 890
335 107
335 528
335 737
335 192
335 464
335 208
335 468
335 381
335 1004
335 201
335 810
335 29
335 899
335 5
335 175
335 700
335 537
335 670
335 553
335 236
335 980
335 808
335 643
335 118
335 289
335 664
335 688
335 362
951 890
951 194
951 159
951 833
951 273
951 190
951 978
951 855
951 369
951 42
951 541
951 416
951 633
951 284
951 543
951 898
951 428
951 214
951 388
951 663
951 16
951 883
951 738
951 957
951 687
951 857
951 239
951 534
951 939
951 78
951 120
951 617
951 107
951 13
951 245
951 540
951 915
951 595
951 923
951 880
951 742
951 53
951 679
951 707
951 189
951 306
951 552
951 299
951 410
951 925
951 609
951 317
951 695
951 377
951 866
951 424
951 603
951 996
951 807
951 56
951 706
951 581
951 502
951 772
951 803
813 214
813 915
813 776
813 900
813 53
813 746
813 912
813 742
813 720
813 450
813 935
813 571
813 668
813 413
584 731
584 284
584 15
538 231
538 605
538 333
538 314
538 880
538 184
538 99
538 90
538 929
538 239
538 0
538 569
538 178
538 502
538 362
879 322
879 388
879 663
879 223
879 735
879 740
879 69
879 164
879 742
879 420
879 534
879 343
879 75
165 890
165 35
165 647
165 586
165 136
165 67
165 344
165 302
165 200
165 142
165 17
165 857
165 543
165 31
165 915
165 858
165 990
165 952
165 280
165 316
165 160
165 428
165 401
165 971
165 953
165 207
165 92
165 349
522 189
522 61
522 546
522 184
522 38
522 746
522 365
82 700
82 784
82 628
82 170
82 267
82 135
82 184
82 83
82 771
833 185
833 720
833 462
833 415
833 662
833 854
833 607
833 120
527 870
527 720
527 696
527 135
527 422
527 771
767 599
767 605
767 410
767 333
767 314
767 99
767 929
767 409
767 6
767 0
767 569
767 404
767 178
767 359
898 107
898 29
898 685
898 2
125 90
125 534
125 139
125 622
125 510
765 648
765 868
765 425
765 133
765 166
765 936
765 570
765 152
765 742
765 946
765 104
765 313
765 61
765 157
765 948
765 602
765 743
765 168
765 214
765 30
765 472
765 318
765 721
765 232
765 356
765 416
765 517
765 912
765 854
765 542
765 586
765 362
765 86
765 90
765 120
314 599
314 605
314 693
314 333
314 277
314 228
314 99
314 929
314 0
314 569
314 178
314 710
314 169
91 292
91 779
91 189
91 415
91 660
91 120
91 638
91 499
91 617
91 607
517 565
517 648
517 267
517 851
517 89
517 607
517 751
517 166
517 157
517 948
517 61
517 232
517 952
517 478
517 746
517 674
517 587
517 135
517 256
517 425
517 462
517 687
517 472
517 53
517 742
517 200
517 189
517 542
517 112
517 388
517 602
517 586
517 915
517 814
517 718
517 392
517 356
517 186
517 692
517 243
517 591
517 854
517 803
517 415
517 450
517 334
517 502
474 510
474 38
474 939
474 399
474 603
122 915
122 738
122 410
122 469
122 716
122 718
122 114
122 837
122 316
122 428
479 700
479 345
479 980
479 61
479 716
479 718
479 977
479 837
479 586
479 2
386 319
50 420
50 559
135 150
135 776
135 851
135 923
135 855
135 617
135 292
135 703
135 742
135 189
135 214
135 170
135 936
135 371
135 443
135 942
135 769
135 530
135 915
135 61
135 233
135 317
135 4
135 628
135 692
135 607
135 746
135 870
135 405
135 105
135 581
135 450
135 337
135 334
135 90
624 90
624 231
624 329
624 840
624 245
624 863
624 540
624 692
624 338
86 742
86 90
86 662
86 443
86 152
413 196
413 935
413 746
413 668
798 159
798 659
798 769
231 245
231 540
231 987
231 329
231 170
231 874
231 178
231 764
231 338
231 233
231 873
231 830
231 607
231 502
231 52
231 738
231 264
231 415
231 531
231 334
231 923
231 863
231 2
683 401
683 268
544 214
544 143
544 144
544 580
544 739
544 669
544 741
544 791
544 415
544 563
544 8
425 109
425 648
425 235
425 159
425 416
425 356
425 730
425 90
425 332
425 949
425 61
425 948
425 602
425 912
425 168
425 472
425 721
425 232
425 290
425 946
425 415
425 586
425 305
425 104
333 312
333 862
333 189
333 605
333 19
333 6
333 178
333 470
333 710
333 249
333 599
333 693
333 184
333 607
333 228
333 99
333 929
333 409
333 78
333 0
333 569
333 502
333 743
65 193
84 534
208 537
208 977
208 107
208 236
93 752
705 0
705 769
708 718
708 184
306 700
306 784
306 746
306 273
306 863
306 292
306 659
306 307
306 771
306 607
306 742
306 229
306 523
306 383
306 2
306 334
306 362
443 214
443 245
443 662
443 920
443 53
443 90
443 329
443 379
443 775
443 152
443 743
443 530
443 915
443 721
443 602
443 692
443 851
443 731
443 193
443 450
443 772
443 742
872 801
872 599
872 686
872 506
872 987
872 977
470 605
470 0
470 569
470 178
470 99
268 98
268 633
268 592
268 454
268 291
268 134
268 196
268 713
268 117
117 98
530 630
530 484
530 493
530 629
530 724
530 280
530 851
530 685
530 920
530 90
530 189
530 846
530 891
530 526
530 561
530 483
530 288
530 750
530 360
530 267
530 214
530 915
530 631
530 141
530 571
530 160
530 746
530 687
530 731
530 469
530 658
530 450
530 24
530 772
530 188
758 844
758 956
758 73
758 499
758 41
758 918
758 48
758 723
1003 90
1003 454
1003 291
954 630
954 207
954 469
954 280
954 978
954 167
206 534
206 139
206 622
206 832
939 585
939 510
939 38
939 323
939 139
939 299
939 509
939 282
939 622
939 788
939 70
939 534
752 188
752 471
752 273
752 191
752 595
752 920
752 16
752 147
752 415
752 70
752 850
752 127
752 120
841 550
841 692
841 746
841 687
841 506
841 935
841 920
841 274
841 772
14 644
14 924
14 410
14 724
14 506
14 199
14 1001
14 996
14 783
14 738
14 702
14 381
14 921
14 173
14 719
14 796
14 881
394 571
394 823
803 550
803 415
803 267
803 112
803 166
803 546
803 948
803 362
802 742
802 187
802 662
802 61
802 572
802 40
802 450
802 428
336 926
336 715
450 214
450 272
450 159
450 835
450 187
450 662
450 923
450 920
450 502
450 746
450 572
450 40
450 947
450 915
450 61
450 712
450 595
450 900
450 678
450 851
450 731
450 415
450 695
450 571
450 772
450 120
249 605
249 693
249 595
249 29
249 189
249 99
249 442
249 929
249 393
249 409
249 1004
249 0
249 569
249 410
249 178
133 648
133 356
133 126
133 256
133 52
133 416
133 104
133 948
133 602
133 912
133 168
825 782
543 915
543 952
543 316
543 838
543 136
543 971
543 428
543 200
543 142
543 891
543 857
543 991
199 541
199 644
199 738
199 996
199 173
199 506
199 1001
489 534
42 90
42 510
42 323
42 943
42 534
42 649
42 310
969 184
969 977
969 837
969 189
969 1004
6 334
6 236
6 189
6 506
6 0
6 569
6 605
6 178
6 607
483 229
483 471
483 863
483 153
483 586
483 782
483 316
483 607
948 890
948 648
948 868
948 267
948 751
948 126
948 439
948 90
948 416
948 294
948 104
948 112
948 166
948 912
948 447
948 75
948 674
948 743
948 772
948 168
948 592
948 949
948 232
948 209
948 392
948 356
948 313
948 946
948 250
948 52
948 854
948 586
948 256
948 500
948 120
424 644
424 990
424 280
424 469
424 73
424 547
424 978
424 795
424 989
424 207
424 31
424 421
424 618
721 52
721 648
721 104
721 356
721 602
721 743
433 840
433 410
433 540
433 809
433 987
433 482
433 32
433 994
433 738
433 849
433 546
433 977
433 789
990 915
990 561
990 280
990 207
990 31
990 316
990 656
990 482
990 428
301 988
301 630
301 207
301 493
301 280
301 851
301 469
301 795
301 978
138 383
138 444
259 184
587 326
587 720
587 540
587 415
587 617
587 56
587 120
151 609
151 290
151 2
151 923
151 253
151 120
456 371
456 832
699 912
699 313
13 90
13 783
13 738
13 516
13 532
13 173
13 506
13 837
13 881
204 267
224 316
224 349
224 112
658 630
658 629
658 381
658 280
658 92
658 160
1004 107
1004 184
1004 928
1004 670
1004 883
1004 114
1004 724
1004 189
1004 921
1004 980
1004 977
1004 764
850 541
850 924
850 506
850 837
850 196
850 90
850 996
850 738
850 193
850 702
850 383
850 761
850 881
850 120
31 915
31 561
31 838
31 316
31 92
31 24
31 795
31 428
790 648
790 868
790 782
790 863
790 595
790 126
790 837
790 229
790 294
790 423
790 104
790 447
790 465
790 168
790 700
790 984
790 516
790 318
790 232
790 356
790 638
790 956
790 52
790 119
790 812
790 266
790 2
599 605
599 693
599 228
599 99
599 929
599 409
599 849
599 0
599 569
599 178
599 710
972 926
972 577
972 347
972 147
39 923
39 120
469 35
469 280
469 851
469 547
469 512
469 795
469 421
469 167
469 141
469 614
469 978
469 241
469 817
469 957
469 630
469 207
469 188
186 648
186 112
186 256
186 267
888 349
888 112
415 630
415 940
415 851
415 617
415 40
415 70
415 157
415 150
415 223
415 248
415 542
415 316
415 746
415 687
415 185
415 278
415 429
415 120
415 107
415 462
415 595
415 923
415 742
415 946
415 178
415 718
415 670
415 191
415 692
415 607
415 401
415 783
415 127
415 334
415 591
719 541
719 738
719 410
719 837
719 924
719 329
127 281
127 595
127 53
127 40
127 246
127 423
127 454
127 293
127 843
127 150
127 101
127 718
127 687
127 184
127 607
127 779
127 980
127 193
127 754
127 334
127 772
127 120
487 534
487 139
195 595
195 916
622 46
622 510
622 323
622 139
622 299
622 676
622 603
622 896
622 559
622 788
622 534
381 192
381 738
381 468
381 670
381 107
381 327
381 506
381 980
381 189
381 532
381 921
381 29
381 664
381 178
381 537
381 5
575 52
575 472
575 966
575 782
575 912
575 500
575 168
891 630
891 353
891 629
891 280
891 614
891 920
891 607
891 445
891 90
891 696
891 414
891 383
891 24
891 656
891 267
739 143
739 772
739 595
739 731
739 746
739 120
710 101
710 605
710 693
710 737
710 929
710 832
710 184
710 228
710 99
710 779
710 423
710 0
710 569
710 178
710 502
391 484
391 353
391 629
391 373
391 288
391 67
391 445
187 60
187 695
187 40
860 304
860 371
883 915
883 101
883 718
883 724
883 779
883 754
883 184
883 246
883 0
883 857
883 61
883 977
883 843
372 149
372 169
372 934
372 595
372 572
372 325
372 404
293 19
293 605
293 724
293 280
293 716
293 547
293 149
293 32
293 862
293 246
293 866
293 102
293 976
293 16
293 362
123 180
686 267
686 926
686 577
686 147
686 696
686 933
686 157
686 347
686 650
278 214
278 609
278 566
278 414
278 776
278 923
278 290
278 98
278 772
278 120
534 510
534 38
534 70
534 609
534 851
534 862
534 102
534 402
534 322
534 139
534 343
534 649
534 843
534 634
534 90
534 388
534 562
534 571
534 310
534 607
534 746
534 591
534 477
534 337
534 334
534 502
534 772
534 120
688 404
688 506
688 670
688 107
568 742
568 229
568 379
568 466
568 198
568 595
568 60
568 947
568 40
126 648
126 868
126 240
126 889
126 573
126 294
126 104
126 112
126 166
126 912
126 168
126 700
126 984
126 232
126 542
126 782
126 416
126 52
126 332
126 869
126 356
126 586
126 2
367 923
40 272
40 466
40 662
40 379
40 198
40 120
40 572
40 60
40 947
40 150
40 214
40 712
40 900
40 488
40 254
40 695
40 772
40 362
594 454
876 101
324 214
324 38
324 70
324 592
324 586
324 638
324 362
142 585
142 915
142 143
142 631
142 267
142 280
142 136
142 316
142 978
142 607
142 857
142 207
142 274
142 428
142 188
552 988
552 181
552 851
552 817
552 614
552 978
552 167
104 648
104 984
104 472
104 74
104 908
104 30
104 294
104 313
104 885
913 163
913 62
913 369
913 823
164 322
164 310
164 402
164 420
164 943
164 638
164 103
164 950
701 184
832 510
832 38
832 378
832 663
832 96
832 740
832 582
832 423
832 299
832 780
832 410
832 346
832 634
832 862
832 388
832 319
832 638
832 184
832 103
832 322
832 603
832 90
832 514
832 402
832 950
958 180
991 716
991 0
991 569
991 178
52 648
52 868
52 574
52 416
52 112
52 313
52 912
52 168
52 472
52 232
52 356
52 949
52 201
52 266
52 556
52 256
52 2
673 471
308 418
161 586
161 571
161 746
581 742
581 170
581 264
581 273
581 936
581 855
581 628
581 137
152 742
24 630
24 846
24 267
24 281
24 280
24 772
24 909
24 561
24 493
24 750
24 120
24 167
24 629
137 90
137 742
137 936
109 356
109 730
109 232
763 565
763 214
763 956
763 461
763 854
763 528
763 48
150 617
150 107
150 629
150 462
150 190
150 978
150 220
89 718
89 61
32 214
32 840
32 718
32 280
32 921
32 184
32 421
32 862
32 197
32 591
32 696
32 410
32 977
32 791
32 692
442 189
759 984
759 416
759 294
759 166
759 782
759 332
322 106
322 38
322 388
322 706
322 663
322 735
322 638
322 740
322 420
322 223
322 343
322 2
322 334
322 591
322 634
25 844
25 918
25 318
25 684
25 458
25 672
25 558
25 956
25 48
427 955
535 472
535 120
535 113
535 823
535 2
535 444
535 542
535 157
535 62
535 369
535 250
18 896
214 143
214 868
214 235
214 159
214 940
214 662
214 416
214 720
214 458
214 166
214 935
214 912
214 220
214 168
214 61
214 776
214 712
214 865
214 141
214 290
214 316
214 746
214 515
214 738
214 239
214 569
214 371
214 629
214 687
214 923
214 920
214 53
214 707
214 963
214 178
214 742
214 531
214 551
214 356
214 692
214 62
214 428
214 74
214 577
214 147
214 334
214 502
214 56
388 550
388 38
388 280
388 96
388 742
388 299
388 718
388 843
388 634
388 90
388 61
388 638
388 184
388 491
388 132
388 334
388 502
232 687
232 607
232 946
232 949
232 112
232 313
232 134
232 602
232 912
232 168
232 984
232 472
232 74
232 356
232 782
232 416
232 166
232 332
232 586
232 305
64 139
828 644
828 738
828 516
828 650
828 506
828 804
440 537
440 189
440 380
440 737
440 506
440 226
239 868
239 159
239 629
239 595
239 512
239 923
239 528
239 742
239 416
239 857
239 656
239 823
239 542
239 713
239 577
239 934
239 502
239 772
239 120
414 159
414 327
414 923
414 687
414 607
207 630
207 35
207 493
207 280
207 847
207 547
207 67
207 795
207 953
207 558
207 408
207 561
207 167
207 957
207 373
207 978
207 428
207 988
207 349
569 862
569 605
569 99
569 178
569 295
569 693
569 976
569 228
569 502
569 339
569 929
569 409
569 0
569 78
288 484
288 493
288 629
288 630
288 280
288 838
288 445
288 773
288 561
288 846
288 750
362 143
362 565
362 464
362 647
362 724
362 662
362 528
362 512
362 909
362 771
362 862
362 189
362 35
362 383
362 120
362 220
362 168
362 74
362 310
362 952
362 491
362 854
362 371
362 993
362 188
272 383
272 754
272 193
272 595
272 662
272 379
272 742
272 900
307 835
307 229
307 159
307 863
307 586
307 659
307 901
307 83
260 439
260 266
260 912
260 168
956 565
956 458
956 672
956 48
956 679
956 918
956 503
956 558
956 684
956 600
956 216
956 41
956 700
956 844
956 318
956 854
956 319
956 499
956 704
72 108
977 921
977 153
977 480
977 184
977 732
977 149
977 189
977 275
977 423
977 849
977 693
977 780
977 192
977 101
977 605
977 410
977 175
977 419
977 418
977 377
977 103
977 1001
977 996
977 779
977 409
977 950
977 514
977 0
977 56
977 2
7 810
843 718
843 16
843 687
843 711
843 61
843 184
843 591
843 779
843 907
843 407
843 320
762 984
762 447
762 294
762 356
762 782
762 185
762 416
762 111
762 718
762 586
762 248
762 912
762 500
326 586
291 401
291 609
291 98
291 454
291 429
291 196
441 700
441 4
441 304
441 371
319 1002
319 672
319 918
319 48
319 216
319 499
319 558
319 684
319 458
996 644
996 101
996 383
996 153
996 506
996 924
996 418
996 90
996 738
996 423
996 702
996 173
996 105
83 784
83 462
83 863
83 855
83 771
83 742
83 697
83 870
83 901
83 400
722 62
722 823
722 250
153 229
153 410
153 836
153 418
262 810
262 289
909 862
909 887
909 528
909 248
909 863
909 58
909 383
909 120
909 787
255 577
896 700
896 189
332 435
332 61
332 542
332 782
332 573
332 250
332 416
332 356
332 318
332 586
332 910
332 500
166 90
166 573
166 294
166 112
166 313
166 383
166 61
166 447
166 912
166 168
166 609
166 516
166 718
166 704
166 74
166 356
166 782
166 416
166 674
166 392
166 854
166 586
166 743
166 2
173 738
173 702
173 454
173 657
173 506
173 428
997 90
997 506
997 772
997 120
46 510
46 310
46 399
46 943
626 863
167 585
167 630
167 61
167 280
167 851
167 160
167 547
167 978
167 817
167 988
167 181
167 274
167 502
779 407
779 101
779 907
779 410
779 754
779 711
779 184
779 246
779 423
779 849
327 192
327 924
327 275
327 650
327 737
327 644
327 702
327 745
327 1001
327 149
327 738
327 897
327 921
327 849
711 246
711 718
711 572
711 184
316 890
316 136
316 647
316 629
316 838
316 53
316 344
316 90
316 200
316 17
316 189
316 857
316 159
316 915
316 349
316 191
316 392
316 373
316 302
316 428
316 952
316 971
316 953
316 235
316 92
316 772
316 120
216 558
216 321
216 458
216 672
216 618
216 48
216 499
420 223
420 559
420 96
420 740
340 772
950 223
950 638
950 663
950 310
950 103
950 1001
950 822
950 423
950 69
950 943
950 514
950 780
950 343
950 106
702 738
702 644
702 1001
887 383
887 193
378 603
378 514
493 630
493 629
493 280
493 795
493 978
493 561
493 750
73 644
73 672
73 926
73 41
73 499
73 618
73 723
618 644
618 918
618 321
618 499
426 416
426 184
426 462
294 648
294 984
294 782
294 447
294 74
294 573
294 817
294 416
294 313
294 912
294 586
294 256
294 885
227 966
227 45
227 66
230 926
230 147
134 844
134 143
134 98
134 592
134 356
134 738
134 190
134 554
925 840
925 955
925 697
925 987
925 874
925 849
774 947
556 912
556 823
556 168
840 605
840 245
840 540
840 863
840 873
840 955
840 987
840 582
840 311
840 170
840 56
840 61
840 874
840 764
317 304
716 19
716 101
716 114
716 718
716 724
716 16
716 61
716 377
716 502
716 149
716 246
716 866
716 423
716 0
678 696
339 178
393 16
393 907
393 61
393 107
393 184
379 862
379 947
197 90
197 718
197 586
197 923
197 746
559 402
884 184
648 868
648 267
648 90
648 416
648 113
648 912
648 168
648 74
648 356
648 586
648 885
648 256
630 700
630 353
630 629
630 540
630 280
630 685
630 547
630 160
630 561
630 846
630 656
630 360
630 631
630 377
630 978
630 141
630 957
630 773
630 423
630 894
630 668
630 526
966 472
966 45
966 933
966 66
966 946
966 168
353 373
353 920
353 190
353 838
647 428
647 280
541 644
541 924
541 410
541 506
541 923
541 738
541 1001
541 90
541 921
541 837
953 957
953 915
953 280
953 428
979 783
979 738
979 512
563 696
563 143
563 731
804 700
804 516
804 532
804 783
804 761
804 881
220 90
220 471
220 383
220 506
220 75
220 334
220 772
175 107
175 101
175 275
175 410
175 737
175 582
175 246
175 423
175 849
175 532
175 5
349 915
349 281
349 976
349 428
638 700
638 38
638 337
638 663
638 346
638 591
638 102
638 706
638 159
638 2
638 334
638 634
478 818
478 256
478 267
119 700
119 2
119 465
119 812
980 107
980 718
980 532
980 61
980 464
980 746
499 890
499 565
499 1000
499 607
499 672
499 48
499 844
499 503
499 558
499 684
499 458
499 679
499 465
499 41
499 935
499 318
499 321
499 53
499 723
499 772
499 918
499 704
531 994
531 383
531 987
531 280
531 482
531 746
269 987
269 245
429 401
429 98
429 454
789 95
789 987
789 731
789 873
78 929
78 409
78 506
78 0
78 99
78 178
78 605
78 404
468 107
468 432
468 643
466 662
663 61
663 399
663 571
663 103
663 943
663 343
71 595
71 318
880 707
880 416
880 923
880 120
481 565
918 458
918 672
918 854
918 48
918 844
918 946
918 684
523 229
448 90
505 337
505 184
505 603
649 90
649 510
649 402
649 337
266 416
266 439
266 912
266 949
266 168
769 742
769 863
769 58
769 736
769 692
769 771
707 98
707 193
707 633
707 680
707 923
707 416
707 120
101 724
101 685
101 184
101 149
101 246
101 866
101 897
101 423
101 849
101 275
101 718
101 377
101 16
101 56
191 90
191 107
191 416
191 770
191 374
191 935
191 692
191 607
723 565
723 277
723 48
723 41
241 229
241 141
241 978
241 280
305 946
305 885
870 935
870 571
870 771
870 405
870 731
870 170
870 112
870 772
870 337
95 987
551 799
551 62
551 823
551 2
551 250
995 742
574 356
574 912
98 592
98 107
98 401
98 454
98 713
987 432
987 245
987 955
987 540
987 809
987 480
987 482
987 582
987 193
987 849
987 68
987 764
987 698
987 338
987 873
987 251
987 607
987 994
987 311
987 361
987 641
987 28
987 56
987 105
90 940
90 280
90 190
90 58
90 397
90 8
90 416
90 720
90 170
90 1001
90 70
90 157
90 226
90 168
90 223
90 865
90 506
90 439
90 946
90 746
90 236
90 193
90 885
90 704
90 120
90 107
90 629
90 915
90 923
90 464
90 547
90 742
90 246
90 866
90 178
90 343
90 509
90 30
90 609
90 472
90 516
90 718
90 233
90 657
90 356
90 692
90 978
90 428
90 147
90 783
90 116
90 644
90 248
90 502
603 735
603 822
603 514
603 780
603 337
603 509
895 799
895 62
895 823
895 163
857 915
857 136
857 687
857 838
857 952
857 428
857 200
857 160
857 17
857 772
857 120
198 488
198 120
198 454
157 926
157 356
157 347
157 740
157 542
157 854
157 933
157 61
157 472
157 718
157 171
157 184
157 277
157 746
157 590
157 577
157 147
157 285
157 586
157 248
157 684
250 886
250 62
250 823
250 607
250 646
250 542
250 369
250 485
250 444
250 113
250 513
250 854
250 770
250 178
652 107
168 868
168 782
168 586
168 730
168 416
168 77
168 912
168 472
168 984
168 447
168 74
168 356
168 439
168 30
168 949
168 935
168 812
168 256
192 107
192 506
727 180
16 61
16 754
16 184
16 246
16 102
16 410
290 671
290 566
290 614
290 159
290 589
290 253
290 120
957 851
957 978
929 693
929 506
929 605
929 228
929 99
929 862
929 409
929 0
929 410
929 178
929 502
881 700
881 738
881 516
881 506
881 810
881 396
92 915
92 200
92 838
92 280
92 428
256 267
256 74
256 356
256 416
256 112
256 313
256 912
256 885
666 928
15 738
15 731
15 284
15 406
15 422
15 680
15 837
374 659
96 299
96 634
838 700
838 915
838 267
838 952
838 428
838 112
838 629
67 561
67 963
67 846
67 190
67 656
67 344
67 141
855 609
855 170
855 540
855 273
855 697
855 692
855 628
5 107
5 118
5 553
5 921
5 732
5 670
5 189
5 532
5 506
5 491
5 586
5 29
585 528
585 771
585 371
585 188
585 228
660 120
830 185
830 245
830 692
692 245
692 540
692 687
692 923
692 703
692 742
692 329
692 775
692 58
692 696
692 935
692 178
692 337
692 61
692 233
692 334
692 607
692 746
692 994
692 364
692 718
573 74
573 586
573 782
573 416
573 912
296 184
477 139
812 700
812 550
812 746
812 772
812 465
812 2
819 818
819 329
365 457
365 866
365 718
365 118
365 687
365 184
365 377
365 732
565 926
565 48
565 321
565 854
565 844
565 558
565 684
565 586
565 679
565 772
565 41
435 772
435 416
435 267
435 356
435 854
435 586
435 782
435 334
435 500
435 120
400 742
280 143
280 484
280 851
280 136
280 445
280 408
280 846
280 422
280 656
280 281
280 631
280 61
280 160
280 421
280 687
280 731
280 685
280 35
280 629
280 595
280 547
280 920
280 274
280 862
280 902
280 526
280 561
280 178
280 750
280 360
280 915
280 718
280 614
280 373
280 978
280 817
280 491
280 511
280 502
280 772
280 188
654 783
654 738
654 837
654 682
654 650
76 471
76 410
503 458
503 704
503 41
423 377
423 246
423 866
423 849
423 780
423 410
423 718
423 184
423 103
684 318
684 321
684 542
684 571
684 48
684 679
684 844
684 185
684 558
684 746
684 458
684 248
684 704
434 672
634 299
634 788
634 132
634 346
634 509
935 111
935 703
935 915
935 571
935 53
935 746
935 742
935 200
935 971
935 720
935 668
935 120
410 143
410 376
410 924
410 815
410 650
410 497
410 482
410 837
410 994
410 377
410 976
410 251
410 184
410 189
410 1001
410 56
304 4
712 193
712 607
854 235
854 617
854 48
854 591
854 416
854 674
854 113
854 356
854 602
854 609
854 794
854 823
854 542
854 782
854 185
854 62
854 111
854 890
854 586
854 485
347 926
347 171
347 715
347 277
347 748
347 355
347 590
347 577
347 931
347 147
347 285
347 933
99 693
99 976
99 605
99 228
99 862
99 409
99 0
99 178
99 502
809 994
809 482
809 8
822 735
409 605
409 0
409 178
934 595
934 318
934 404
485 799
485 62
485 823
485 646
485 542
993 742
993 772
993 863
114 738
114 275
114 718
114 837
923 890
923 235
923 159
923 617
923 912
923 595
923 506
923 746
923 875
923 738
923 193
923 120
923 633
923 609
923 687
923 921
923 528
923 53
923 742
923 476
923 233
923 915
923 591
923 502
923 772
923 2
511 849
920 550
920 159
920 851
920 190
920 546
920 656
920 915
920 978
920 746
920 700
920 181
920 188
920 526
53 890
53 633
53 70
53 940
53 189
53 454
53 609
53 542
53 978
53 193
53 147
53 772
53 120
703 784
703 159
703 771
862 687
862 547
862 189
862 572
862 178
862 791
862 662
862 605
862 693
862 614
862 184
862 277
862 118
862 0
862 502
862 772
862 188
243 742
243 61
476 120
602 868
602 356
602 313
602 743
602 416
602 61
602 586
602 912
713 566
713 159
713 592
915 851
915 136
915 586
915 502
915 408
915 185
915 61
915 952
915 160
915 746
915 971
915 248
915 687
915 742
915 200
915 696
915 178
915 718
915 428
915 720
915 772
915 731
915 668
49 248
447 984
447 782
447 74
447 356
447 885
447 557
447 416
447 586
447 912
528 867
528 922
528 193
528 589
528 383
528 120
528 772
614 988
614 629
614 190
614 547
614 978
614 193
614 546
614 572
614 454
614 656
614 772
614 188
818 438
818 58
998 2
111 416
111 586
111 782
111 912
111 746
285 926
285 577
285 147
285 277
571 742
571 776
571 900
571 160
571 62
571 885
56 540
56 68
56 482
56 617
56 994
56 566
56 491
56 772
188 629
188 687
188 200
188 229
188 178
188 656
188 978
188 421
188 851
188 141
188 502
188 772
323 510
323 139
323 337
139 510
139 676
139 1001
139 102
139 601
139 154
776 687
776 70
776 629
776 334
776 746
482 432
482 480
482 251
482 641
482 28
482 606
482 178
369 444
369 62
369 823
369 112
369 646
369 392
369 513
582 245
582 540
582 994
582 329
582 105
582 514
582 764
582 364
454 609
454 592
454 633
454 196
454 401
454 488
454 193
454 772
454 743
454 120
580 143
580 791
58 338
58 586
422 731
422 284
422 377
422 572
422 613
422 680
947 586
835 742
835 771
835 233
45 782
45 66
471 107
471 120
858 629
858 633
858 978
772 890
772 868
772 267
772 190
772 978
772 416
772 866
772 75
772 823
772 542
772 613
772 160
772 120
772 926
772 633
772 70
772 629
772 281
772 609
772 687
772 742
772 274
772 189
772 500
772 178
772 356
772 377
772 566
772 147
772 783
772 334
772 502
4 720
4 771
736 383
800 62
160 360
160 629
160 281
160 687
160 526
160 561
160 586
927 823
236 537
236 532
236 107
236 0
971 200
971 952
971 344
971 428
185 248
185 670
185 501
185 994
185 502
465 890
465 629
698 837
698 738
633 609
633 70
633 595
633 946
633 416
633 193
633 680
633 120
70 38
70 334
70 310
70 607
70 343
70 120
955 311
955 540
955 28
955 773
68 189
68 540
68 724
68 29
921 724
921 657
921 506
921 189
921 738
921 783
921 796
398 61
659 742
659 784
659 863
659 771
292 141
292 506
292 836
200 952
200 136
200 344
200 428
200 687
200 189
282 509
113 62
113 823
299 343
299 509
664 107
836 540
885 30
885 984
885 74
885 782
885 416
885 313
885 586
885 912
472 416
472 687
472 946
472 949
472 112
472 313
472 912
472 984
472 61
472 356
472 782
472 607
472 743
253 566
253 120
62 159
62 416
62 444
62 163
62 823
62 646
62 542
62 799
62 513
62 120
257 416
257 586
257 120
105 61
105 764
105 418
641 837
641 738
641 540
337 38
337 310
337 617
337 607
337 502
337 2
502 38
502 159
502 724
502 851
502 978
502 281
502 605
502 61
502 595
502 976
502 746
502 118
502 248
502 687
502 506
502 464
502 742
502 189
502 0
502 107
502 178
502 455
502 718
502 607
502 228
502 491
502 693
502 334
502 591
690 189
267 751
267 662
267 190
267 526
267 112
267 936
267 561
267 912
267 392
267 674
267 952
267 586
267 120
404 700
404 55
404 2
404 595
404 506
404 607
821 823
416 868
416 159
416 730
416 617
416 75
416 912
416 984
416 74
416 439
416 743
416 120
416 946
416 313
416 356
416 782
416 949
416 147
416 193
416 586
416 334
416 500
897 180
949 356
949 439
949 912
473 537
473 650
936 577
936 170
457 377
644 924
644 650
644 506
644 745
644 738
644 1001
644 264
644 783
792 863
407 184
318 844
865 159
865 120
141 61
141 512
141 978
141 421
439 77
439 356
439 912
799 163
799 823
799 646
799 542
577 926
577 159
577 715
577 748
577 355
577 458
577 933
577 178
577 171
577 277
577 607
577 590
577 931
577 147
289 107
289 506
289 810
289 899
201 107
201 189
201 595
201 184
320 107
35 978
35 817
464 107
567 586
742 890
742 159
742 851
742 229
742 901
742 61
742 746
742 687
742 591
742 120
742 784
742 863
742 754
742 771
742 189
742 775
742 718
742 900
742 607
742 334
902 629
402 788
402 310
775 329
775 746
775 120
788 740
780 514
107 737
107 808
107 985
107 810
107 532
107 29
107 75
107 899
107 537
107 718
107 670
107 553
107 643
107 118
519 0
149 246
149 866
338 994
338 540
592 609
894 846
373 190
373 656
428 851
428 136
428 344
428 17
428 189
428 159
428 61
428 952
428 302
428 491
226 540
931 926
931 147
668 720
668 746
601 376
601 510
853 343
853 943
797 731
672 321
672 946
672 48
672 844
730 868
730 112
730 74
730 356
730 912
808 29
444 823
444 383
75 550
75 147
75 334
75 740
75 607
75 771
75 193
75 190
75 784
75 178
75 120
233 245
233 540
233 687
233 746
233 329
233 159
233 764
385 867
251 383
251 928
1001 924
1001 605
1001 506
1001 685
1001 738
1001 532
1001 514
671 746
671 491
875 120
933 926
933 590
933 171
933 355
933 147
309 38
926 715
926 771
926 277
926 355
926 129
926 171
926 748
926 590
926 147
510 943
281 484
281 61
281 497
281 178
281 905
281 193
281 526
281 491
281 718
163 646
480 506
480 432
732 118
732 595
732 0
732 184
246 275
246 718
246 724
246 184
246 377
246 866
246 849
558 321
558 48
558 458
558 704
589 383
589 120
696 143
696 61
696 607
696 595
696 377
696 669
696 731
696 687
718 724
718 851
718 916
718 687
718 605
718 61
718 184
718 904
718 746
718 595
718 731
718 754
718 19
718 866
718 189
718 178
718 356
718 607
718 334
718 591
874 245
874 540
874 873
874 764
29 724
29 899
29 670
29 491
29 506
700 277
700 629
700 112
700 178
700 371
700 605
700 669
700 184
700 607
700 532
700 750
700 782
700 704
700 2
670 605
670 248
670 553
670 506
670 189
646 112
646 823
646 513
646 542
900 687
900 61
900 662
900 746
782 38
782 240
782 868
782 112
782 2
782 912
782 984
782 61
782 74
782 607
782 869
782 586
782 66
782 500
682 783
682 738
682 650
147 235
147 715
147 748
147 355
147 609
147 171
147 277
147 196
147 590
147 193
181 537
181 189
181 724
181 190
181 274
181 656
868 550
868 159
868 30
868 889
868 546
868 912
868 356
868 586
868 120
868 2
724 184
724 978
724 607
724 159
662 550
662 193
662 546
180 829
136 952
136 344
537 506
537 657
355 129
355 715
329 245
329 264
329 863
329 364
912 984
912 61
912 77
912 515
912 586
912 313
912 743
912 30
912 907
912 356
912 74
223 310
223 343
223 103
223 746
61 38
61 851
61 484
61 607
61 371
61 605
61 595
61 542
61 904
61 674
61 229
61 550
61 343
61 586
61 687
61 356
61 377
61 189
61 754
61 334
61 591
823 687
823 124
823 542
823 513
823 193
823 120
590 171
532 576
532 738
532 516
532 761
0 432
0 595
0 189
0 605
0 178
0 295
0 693
0 976
0 228
0 118
501 248
629 890
629 484
629 846
629 851
629 685
629 445
629 978
629 561
629 360
629 550
629 631
629 687
629 190
629 193
629 750
629 120
629 526
754 595
754 184
754 907
274 190
274 817
740 106
566 120
761 738
761 516
761 396
171 715
735 69
735 586
735 310
377 506
377 189
377 866
377 159
795 846
795 817
795 512
795 978
795 421
946 356
994 764
994 540
994 863
994 746
994 849
994 245
994 334
364 189
364 540
364 506
364 764
264 245
264 540
264 586
976 605
976 178
783 270
783 650
783 607
783 506
783 837
783 189
783 738
783 516
783 576
783 120
890 143
890 609
890 235
890 849
890 245
890 120
999 184
235 143
235 849
235 120
650 738
273 229
184 38
184 595
184 193
184 615
184 279
184 189
184 907
184 607
745 506
745 738
745 837
103 310
103 943
103 514
383 595
383 867
383 432
383 112
383 356
383 922
383 720
383 586
383 120
680 731
680 284
421 229
421 978
371 863
270 738
270 189
595 550
595 546
595 189
595 169
595 746
595 193
743 550
743 516
743 356
743 74
743 30
743 546
743 586
743 704
120 143
120 190
120 546
120 462
120 193
120 540
120 609
120 687
120 30
120 189
120 542
120 178
120 334
120 196
120 500
120 586
120 731
245 540
245 334
245 591
245 764
540 863
540 849
540 764
540 873
540 193
540 697
687 178
687 189
687 609
687 542
687 607
687 746
687 586
687 334
11 462
867 118
844 321
844 546
844 458
844 704
866 159
313 30
313 74
313 356
313 112
178 607
178 693
178 418
178 295
178 189
178 605
178 657
178 978
178 228
609 38
609 159
609 617
609 963
609 944
609 984
609 193
814 500
516 924
516 738
516 764
516 2
714 193
657 738
657 643
657 506
657 576
356 112
356 984
356 74
356 209
356 550
356 30
356 542
356 586
817 988
817 851
817 978
704 48
796 143
849 275
849 737
143 669
143 731
1000 112
1000 458
497 773
497 491
617 193
617 586
617 500
102 334
458 321
458 48
546 550
546 746
546 193
546 731
196 731
129 715
74 112
74 984
74 392
74 674
74 586
506 576
506 899
506 738
506 924
506 248
506 189
738 576
738 924
738 837
738 945
738 437
738 916
720 863
720 746
697 311
697 873
697 771
706 310
863 771
863 343
863 764
863 311
547 851
547 978
462 607
189 731
189 550
189 607
189 491
240 586
392 112
392 674
310 399
310 368
310 69
310 943
310 586
310 343
277 715
228 605
228 693
988 2
988 978
491 731
2 715
2 889
2 984
2 334
526 561
526 360
159 940
159 607
159 746
159 334
943 399
943 69
943 343
943 548
190 978
190 334
190 656
512 978
344 952
8 731
170 771
41 48
984 586
693 605
873 550
746 851
746 542
746 731
746 550
746 248
746 665
746 607
746 591
746 334
674 112
674 586
851 978
851 731
851 334
193 542
193 731
193 500
229 607
685 605
685 643
607 343
607 591
607 586
607 334
69 343
586 38
586 837
586 542
586 334
586 500
916 837
38 334
846 561
284 731
112 952
399 343
542 500
550 500
561 978
343 368
334 500
