834 749
834 367
834 229
834 692
834 772
225 883
225 184
225 951
777 16
777 410
777 718
777 127
335 107
335 867
335 528
335 737
335 192
335 951
335 464
335 208
335 790
335 468
335 228
335 381
335 1004
335 201
335 810
335 29
335 899
335 5
335 262
335 537
335 175
335 670
335 440
335 985
335 553
335 236
335 980
335 808
335 643
335 118
335 289
335 664
335 688
335 65
335 772
335 639
855 720
855 170
855 955
855 540
855 153
855 697
855 581
855 925
855 83
855 771
855 311
974 984
974 868
974 294
974 759
974 74
974 586
974 362
974 885
813 214
813 996
813 746
813 400
813 663
813 356
813 571
813 277
813 517
813 90
813 720
813 147
813 935
813 912
813 668
813 168
584 731
584 680
584 284
584 15
538 605
538 418
538 470
538 0
538 178
538 249
538 239
538 502
879 420
879 663
879 534
879 69
879 740
879 164
879 322
165 915
165 990
165 806
165 952
165 838
165 136
165 316
165 67
165 344
165 401
165 200
165 857
165 207
165 31
165 948
941 890
522 393
522 120
522 61
522 746
522 546
522 718
522 428
522 866
522 732
522 365
131 850
131 264
82 870
82 784
82 937
82 697
82 528
82 628
82 371
833 367
833 518
833 720
833 193
833 415
833 185
833 587
833 811
833 499
833 752
833 150
527 870
527 680
527 720
527 422
527 710
767 599
767 409
767 605
767 410
767 333
767 0
767 314
767 178
767 249
767 710
898 107
898 688
898 772
125 510
125 323
125 139
125 622
125 206
125 534
125 832
125 676
765 648
765 868
765 126
765 425
765 133
765 166
765 923
765 528
765 908
765 523
765 30
765 416
765 104
765 313
765 684
765 157
765 948
765 602
765 743
765 168
765 214
765 90
765 472
765 721
765 232
765 356
765 517
765 912
765 52
765 111
765 772
765 542
765 586
765 704
765 120
314 599
314 693
314 333
314 976
314 228
314 99
314 929
314 605
314 78
314 0
314 409
314 178
314 249
314 710
91 193
91 718
91 849
91 415
91 948
91 178
91 617
91 220
91 120
517 565
517 648
517 751
517 535
517 267
517 415
517 542
517 112
517 166
517 546
517 157
517 948
517 602
517 75
517 214
517 367
517 472
517 61
517 952
517 356
517 478
517 674
517 450
517 803
517 854
517 586
517 772
517 684
474 38
474 139
474 534
474 939
474 334
474 322
474 591
122 915
122 924
122 275
122 718
122 479
122 469
122 114
122 980
122 428
122 142
122 857
122 693
122 410
122 977
122 178
122 904
122 772
122 167
208 537
208 320
208 236
208 107
479 718
479 275
386 319
386 25
135 367
135 628
135 61
135 153
135 528
135 942
135 870
135 170
135 362
135 264
135 581
135 120
135 772
135 371
624 231
624 338
624 840
624 245
624 789
624 540
624 692
624 792
624 746
624 90
624 329
624 731
624 299
624 696
624 587
624 935
991 700
991 61
991 858
991 654
991 718
991 0
991 614
991 178
991 249
991 693
798 245
798 951
798 482
798 863
231 468
231 245
231 540
231 987
231 541
231 383
231 946
231 423
231 749
231 874
231 764
231 698
231 840
231 233
231 873
231 334
231 830
231 329
231 994
231 738
231 185
231 5
231 264
231 415
231 95
231 731
231 2
98 707
98 107
98 290
98 401
98 134
98 454
98 278
98 429
98 120
98 713
98 268
98 117
544 143
544 367
544 65
544 739
544 144
544 741
544 8
544 669
544 214
544 454
544 580
544 791
544 563
544 772
544 120
535 214
535 518
535 551
535 472
535 823
535 356
535 854
535 415
535 369
535 250
535 542
535 185
535 684
535 913
535 444
535 120
535 157
535 948
535 586
535 722
333 693
333 470
333 249
333 19
333 605
333 6
333 749
333 0
333 178
333 502
333 743
65 784
65 70
65 629
65 107
65 687
65 987
65 190
65 703
65 151
65 720
65 850
65 425
65 75
65 948
65 713
65 220
65 367
65 356
65 782
65 316
65 978
65 752
65 851
65 193
65 147
65 415
65 334
65 772
65 120
701 292
701 728
701 997
740 106
740 248
740 863
740 788
740 534
740 157
740 343
740 912
93 192
705 0
218 948
708 377
708 718
306 784
306 400
306 273
306 374
306 528
306 951
306 659
306 523
306 703
306 742
306 229
306 75
306 981
306 769
306 214
306 585
306 570
306 863
306 790
306 660
306 161
306 137
306 772
306 362
443 214
443 962
443 72
443 863
443 703
443 550
443 662
443 742
443 53
443 86
443 90
443 332
443 193
443 450
443 75
443 40
443 152
443 229
872 987
872 433
872 686
470 599
470 605
470 693
470 550
470 951
470 228
470 502
470 862
470 6
470 0
470 569
470 789
470 178
470 249
470 710
268 633
268 291
268 117
268 196
268 401
268 454
268 134
268 429
268 1003
268 713
268 147
117 120
530 630
530 484
530 750
530 248
530 629
530 280
530 851
530 685
530 920
530 445
530 160
530 493
530 200
530 846
530 120
530 658
530 526
530 857
530 561
530 383
530 24
530 586
530 360
530 214
530 915
530 550
530 631
530 61
530 954
530 356
530 571
530 692
530 391
530 746
530 450
530 367
530 288
530 772
530 891
758 318
758 1000
758 499
758 723
758 844
758 918
758 503
758 558
758 458
758 956
758 704
758 41
789 994
789 432
789 433
789 264
789 587
789 987
789 731
789 951
789 849
954 988
954 630
954 207
954 851
954 469
954 301
954 951
954 978
954 957
954 817
206 534
206 139
206 324
939 38
939 139
939 706
939 534
939 638
939 951
939 247
752 784
752 70
752 629
752 776
752 687
752 190
752 136
752 89
752 518
752 454
752 595
752 718
752 850
752 948
752 178
752 326
752 471
752 191
752 150
752 692
752 322
752 865
752 997
752 83
752 120
351 200
351 142
351 915
351 952
351 782
351 316
351 428
14 890
14 924
14 724
14 576
14 921
14 923
14 199
14 32
14 90
14 173
14 270
14 850
14 611
14 881
14 962
14 644
14 410
14 506
14 1001
14 738
14 702
14 783
14 719
14 796
394 571
394 184
803 416
803 267
803 112
803 392
803 948
845 946
802 187
802 568
802 662
802 450
802 362
802 695
802 572
802 40
825 586
266 90
266 699
266 425
266 232
266 790
266 356
266 439
266 949
266 260
266 946
266 77
266 948
266 912
266 168
249 528
249 32
249 502
249 862
249 189
249 605
249 6
249 178
249 519
249 599
249 693
249 433
249 976
249 228
249 99
249 929
249 409
249 643
249 710
249 491
249 506
249 783
249 0
249 362
249 78
431 188
133 648
133 109
133 721
133 356
133 126
133 90
133 521
133 294
133 104
133 313
133 948
133 602
133 256
133 168
107 214
107 468
107 299
107 192
107 327
107 464
107 90
107 289
107 381
107 985
107 383
107 201
107 810
107 532
107 29
107 652
107 5
107 175
107 367
107 537
107 670
107 553
107 440
107 980
107 138
107 899
107 236
107 393
107 808
107 643
107 772
107 118
107 664
107 688
107 320
107 1004
107 120
543 915
543 971
543 806
543 891
543 200
543 654
543 952
543 316
543 344
199 644
199 924
199 863
199 506
199 837
199 996
199 738
199 185
199 850
199 541
199 772
554 90
42 962
42 106
42 38
42 323
42 139
42 832
42 534
42 649
42 509
573 435
573 74
573 885
573 126
573 617
573 149
573 687
573 294
573 166
573 546
573 586
573 120
573 90
573 762
468 643
468 712
468 75
6 178
6 605
6 718
6 506
6 772
6 0
6 29
6 881
6 120
483 687
483 995
483 229
483 471
948 648
948 435
948 868
948 235
948 267
948 190
948 126
948 617
948 90
948 696
948 416
948 454
948 112
948 751
948 912
948 214
948 721
948 790
948 74
948 439
948 250
948 772
948 239
948 168
948 182
948 166
948 120
948 425
948 699
948 30
948 946
948 294
948 77
948 104
948 313
948 134
948 602
948 743
948 367
948 472
948 191
948 392
948 356
948 782
948 332
948 52
948 854
948 257
948 890
948 415
948 193
948 586
948 500
981 784
424 988
424 552
424 990
424 469
424 421
424 207
424 846
424 280
424 547
424 978
424 795
925 840
925 955
925 540
925 873
925 697
925 987
925 874
925 951
925 311
433 214
433 840
433 410
433 987
433 32
433 90
433 994
433 738
433 796
433 591
990 915
990 846
990 806
990 280
990 952
990 178
990 316
990 795
990 482
990 428
990 658
990 454
990 207
990 31
990 24
990 56
301 988
301 851
301 229
301 207
301 188
301 469
301 280
301 547
301 978
301 167
138 383
138 528
587 784
587 326
587 540
587 24
587 617
587 329
587 891
587 415
587 334
587 591
587 56
151 962
151 367
151 253
151 923
151 290
151 617
151 196
151 90
151 749
151 566
151 454
151 890
151 278
456 304
699 356
699 946
699 425
699 77
699 439
699 912
699 168
13 214
13 700
13 738
13 516
13 693
13 644
13 783
13 506
13 850
13 951
13 772
835 742
835 367
835 662
835 233
835 863
835 736
835 749
835 782
835 703
213 951
213 863
658 143
658 629
658 280
658 160
658 90
658 731
658 891
658 381
658 92
658 24
1004 275
1004 724
1004 236
1004 595
1004 184
1004 16
1004 189
1004 423
1004 381
1004 506
1004 977
1004 407
1004 320
1004 5
850 650
850 576
850 979
850 745
850 90
850 383
850 229
850 654
850 173
850 804
850 214
850 644
850 270
850 995
850 506
850 1001
850 611
850 828
850 738
850 702
850 921
850 541
850 120
850 924
850 837
850 53
850 299
850 134
850 761
850 881
850 367
850 437
850 516
850 657
850 682
850 196
850 996
850 197
850 415
850 783
850 719
850 75
850 772
152 86
152 863
152 83
599 605
599 693
599 130
599 951
599 99
599 710
599 0
599 409
599 732
599 178
599 78
972 926
972 896
972 147
972 277
39 923
39 772
469 630
469 35
469 280
469 851
469 512
469 838
469 547
469 274
469 978
469 200
469 552
469 421
469 167
469 988
469 451
469 656
469 141
469 614
469 795
469 241
469 817
469 957
469 207
469 362
469 188
888 207
888 316
888 806
888 428
415 940
415 851
415 190
415 987
415 89
415 617
415 40
415 749
415 229
415 720
415 454
415 546
415 157
415 811
415 220
415 371
415 223
415 150
415 542
415 316
415 687
415 278
415 429
415 997
415 248
415 595
415 995
415 923
415 742
415 189
415 558
415 178
415 586
415 762
415 70
415 718
415 670
415 569
415 660
415 310
415 692
415 946
415 502
415 401
415 147
415 783
415 450
415 127
415 334
415 591
719 828
719 644
719 738
719 410
719 654
719 506
719 837
781 184
127 214
127 367
127 718
127 281
127 716
127 866
127 149
127 595
127 229
127 423
127 843
127 178
127 772
127 120
487 139
195 595
195 896
195 951
195 934
539 332
917 915
917 316
381 644
381 327
381 532
381 90
381 810
381 29
381 5
381 214
381 192
381 270
381 670
381 506
381 980
381 289
381 702
381 643
381 334
381 591
575 168
575 472
575 232
575 782
575 966
575 500
575 912
891 630
891 484
891 353
891 846
891 267
891 280
891 995
891 445
891 229
891 546
891 493
891 75
891 563
891 997
891 214
891 391
891 631
891 61
891 865
891 507
891 153
891 160
891 951
891 193
891 414
891 750
891 288
891 550
891 248
891 629
891 809
891 685
891 838
891 142
891 526
891 775
891 207
891 696
891 561
891 360
891 915
891 33
891 397
891 782
891 607
891 24
891 2
739 143
739 367
739 61
739 144
739 280
739 920
739 951
739 53
739 214
739 229
739 731
739 341
739 750
739 935
739 915
739 772
710 832
710 184
710 502
710 99
710 605
710 423
710 275
710 0
710 178
710 78
710 849
391 610
391 484
391 353
391 629
391 280
391 951
391 373
391 67
391 445
391 158
391 750
391 288
391 414
187 214
187 272
187 662
187 60
187 900
187 568
187 450
187 40
187 695
187 572
187 947
860 848
883 907
883 718
883 724
883 754
883 951
883 745
883 184
883 866
883 90
883 779
883 189
883 843
883 407
883 919
883 377
883 772
372 149
372 362
372 718
372 169
372 934
372 595
372 572
372 114
372 951
372 404
293 19
293 902
293 718
293 724
293 280
293 876
293 547
293 866
293 246
293 149
293 697
293 229
293 934
293 207
293 546
293 693
293 568
293 772
293 365
536 115
686 926
686 147
686 580
686 650
278 214
278 61
278 712
278 687
278 923
278 290
278 866
278 566
278 454
278 120
278 1003
278 147
534 460
534 38
534 323
534 139
534 601
534 247
534 229
534 102
534 546
534 343
534 634
534 214
534 106
534 388
534 64
534 571
534 638
534 893
534 746
534 768
534 822
534 154
534 120
534 510
534 489
534 70
534 84
534 334
534 324
534 402
534 622
534 788
534 61
534 649
534 367
534 550
534 906
534 562
534 919
534 692
534 322
534 477
534 309
534 676
534 591
534 772
688 808
688 670
688 78
568 585
568 272
568 466
568 660
568 60
568 40
568 662
568 379
568 450
568 695
568 947
76 609
76 410
76 764
126 648
126 435
126 868
126 66
126 528
126 294
126 104
126 166
126 912
126 168
126 700
126 984
126 45
126 721
126 790
126 356
126 782
126 52
126 869
126 586
126 2
40 272
40 425
40 662
40 53
40 90
40 229
40 198
40 749
40 572
40 60
40 75
40 947
40 214
40 367
40 712
40 900
40 290
40 196
40 488
40 193
40 254
40 450
40 695
40 772
40 120
876 980
876 866
876 2
32 280
32 851
32 921
32 923
32 920
32 53
32 90
32 669
32 189
32 580
32 696
32 791
32 178
32 214
32 915
32 840
32 718
32 746
32 716
32 197
32 2
32 24
32 365
324 585
324 367
324 38
324 96
324 70
324 460
324 919
324 638
324 601
324 322
324 164
324 388
324 239
324 84
324 337
324 676
324 591
324 154
142 915
142 267
142 806
142 280
142 952
142 136
142 316
142 274
142 200
142 857
142 224
142 92
142 428
552 988
552 858
552 614
552 951
552 978
552 167
104 168
104 425
104 790
104 74
104 356
104 313
104 908
104 416
104 30
104 946
104 294
104 521
104 721
104 256
104 885
913 109
913 163
913 823
913 799
913 369
913 762
164 46
164 223
164 853
164 70
164 106
164 638
164 559
164 893
164 322
164 402
164 420
164 943
84 310
84 70
84 638
832 510
832 38
832 638
832 70
832 622
832 96
832 369
832 329
832 423
832 299
832 780
832 139
832 977
832 346
832 649
832 634
832 106
832 388
832 976
832 319
832 184
832 322
832 376
832 154
832 514
832 132
832 509
832 950
21 353
21 656
21 782
612 229
958 180
86 662
86 863
52 648
52 868
52 425
52 267
52 66
52 521
52 812
52 166
52 602
52 912
52 168
52 472
52 45
52 232
52 790
52 439
52 782
52 229
52 356
52 586
52 689
673 863
308 418
161 784
161 235
161 388
161 863
161 900
161 951
161 659
161 626
161 586
161 571
161 239
581 245
581 540
581 153
581 951
581 703
581 742
581 332
581 170
581 749
581 942
581 371
581 367
581 337
581 273
581 191
581 628
581 692
581 870
581 405
581 193
581 264
581 697
581 450
31 915
31 846
31 806
31 280
31 952
31 316
31 428
31 410
31 92
31 24
24 630
24 35
24 846
24 629
24 280
24 528
24 200
24 229
24 953
24 561
24 360
24 631
24 782
24 160
24 428
24 507
24 750
24 526
137 239
137 863
109 721
109 425
109 232
109 356
109 256
763 48
763 772
150 435
150 229
150 471
150 147
150 191
150 749
150 600
150 499
89 718
89 189
89 61
683 401
661 617
442 0
759 984
759 332
759 294
759 166
759 74
759 586
228 214
228 605
228 693
228 464
228 0
228 178
228 502
228 362
25 844
25 558
25 684
25 618
25 48
486 353
486 148
486 181
486 190
486 373
486 656
983 214
983 923
427 329
427 955
214 159
214 776
214 190
214 987
214 951
214 62
214 157
214 343
214 371
214 515
214 290
214 316
214 746
214 851
214 193
214 700
214 425
214 807
214 595
214 189
214 230
214 178
214 5
214 609
214 356
214 692
214 499
214 147
214 693
214 586
214 502
214 435
214 267
214 940
214 784
214 662
214 277
214 720
214 684
214 226
214 912
214 220
214 388
214 712
214 141
214 638
214 738
214 239
214 61
214 531
214 0
214 569
214 248
214 629
214 754
214 923
214 920
214 53
214 703
214 742
214 946
214 963
214 775
214 72
214 944
214 450
214 70
214 367
214 518
214 718
214 233
214 614
214 283
214 978
214 854
214 294
214 500
214 542
214 783
214 334
214 772
72 662
72 772
232 648
232 868
232 425
232 166
232 313
232 742
232 946
232 77
232 75
232 744
232 912
232 168
232 984
232 472
232 43
232 790
232 356
232 782
232 416
232 260
232 586
232 229
64 139
158 563
158 445
26 662
893 509
893 299
893 120
828 541
828 644
828 738
828 516
828 506
828 480
828 745
828 650
440 537
440 506
440 361
440 737
440 226
239 613
239 595
239 923
239 951
239 742
239 243
239 609
239 713
239 634
239 367
239 56
239 251
239 428
239 78
239 706
239 95
239 772
702 890
702 924
702 644
702 327
702 506
702 184
702 738
667 988
667 387
667 547
207 630
207 484
207 35
207 136
207 547
207 67
207 445
207 795
207 953
207 558
207 857
207 428
207 421
207 167
207 957
207 451
207 614
207 373
207 978
207 241
207 99
207 988
207 387
207 817
207 349
207 188
569 862
569 367
569 605
569 749
569 482
569 178
288 610
288 484
288 846
288 629
288 280
288 838
288 773
288 630
288 750
362 565
362 784
362 35
362 716
362 464
362 771
362 909
362 30
362 918
362 849
362 383
362 371
362 141
362 428
362 812
362 664
272 742
272 450
272 379
272 662
272 75
272 900
272 772
223 718
223 746
223 663
223 343
223 334
223 950
790 630
790 868
790 638
790 425
790 267
790 863
790 716
790 30
790 956
790 384
790 294
790 721
790 458
790 177
790 447
790 977
790 881
790 885
790 700
790 260
790 516
790 465
790 77
790 782
790 347
790 416
790 595
790 111
790 764
790 812
790 168
790 2
707 609
707 633
707 1003
707 923
707 880
707 951
707 193
707 454
707 120
707 680
707 772
707 311
956 565
956 844
956 319
956 216
956 48
956 499
956 700
956 558
956 458
956 434
956 41
388 38
388 70
388 96
388 742
388 229
388 299
388 343
388 178
388 509
388 61
388 334
388 638
388 591
388 634
388 919
388 502
388 772
388 120
977 153
977 497
977 114
977 732
977 149
977 969
977 423
977 780
977 403
977 407
977 410
977 184
977 189
977 418
977 996
977 491
977 514
977 0
977 796
977 950
7 810
7 418
843 907
843 718
843 779
843 754
843 711
843 184
843 16
843 393
843 546
843 201
843 597
843 407
762 648
762 435
762 984
762 111
762 166
762 185
762 294
762 586
762 178
762 912
762 120
326 318
326 241
326 191
326 586
130 178
130 502
441 4
441 423
441 304
441 317
441 371
319 1000
319 736
319 723
319 48
319 216
319 499
319 558
319 684
319 458
283 772
996 644
996 738
996 423
996 153
996 506
996 418
619 11
83 784
83 697
83 769
722 542
722 518
153 692
153 818
153 746
153 410
153 540
153 995
153 764
153 482
153 418
153 411
153 329
153 1001
153 969
153 588
153 245
262 810
909 585
909 609
909 58
909 841
909 862
909 383
909 454
909 589
909 371
909 935
909 901
332 435
332 353
332 558
332 294
332 170
332 912
332 586
332 168
332 700
332 984
332 318
332 854
332 782
332 347
332 250
332 870
332 356
332 61
332 256
332 500
166 435
166 416
166 521
166 294
166 112
166 912
166 984
166 61
166 74
166 356
166 782
166 674
166 392
166 111
166 500
166 586
166 885
166 743
173 90
173 738
173 644
173 506
173 10
173 428
997 890
997 367
997 633
997 818
997 609
997 692
997 53
997 196
997 90
997 229
997 193
997 749
997 120
46 106
46 139
46 132
46 310
46 676
46 369
902 35
902 360
902 526
902 280
902 547
779 149
779 61
779 718
779 754
779 423
779 184
327 149
327 738
327 192
327 921
327 644
327 414
711 184
711 866
711 951
711 718
316 890
316 630
316 235
316 647
316 224
316 915
316 190
316 629
316 136
316 838
316 617
316 344
316 90
316 200
316 17
316 953
316 857
316 962
316 367
316 806
316 349
316 952
316 229
316 302
316 428
316 334
316 971
316 193
316 92
316 120
316 299
316 772
216 890
216 558
216 1000
216 458
216 318
216 618
216 48
216 321
420 96
420 559
507 484
507 685
507 782
507 160
507 445
507 629
950 88
950 399
950 663
950 514
950 343
950 638
950 154
414 563
414 995
414 445
414 8
414 90
414 692
414 334
414 591
414 772
887 383
887 53
887 589
378 603
378 514
493 280
493 838
493 629
73 565
73 503
73 558
73 48
73 1000
73 41
73 723
73 704
73 499
618 318
618 321
618 458
618 684
618 499
618 704
618 41
307 863
294 435
294 313
294 984
294 814
294 447
294 74
294 111
294 586
294 885
294 256
294 500
230 935
230 347
134 742
134 90
134 566
134 738
134 746
134 196
336 926
336 285
336 577
336 147
336 700
743 367
743 472
743 721
743 416
743 550
743 74
743 356
743 868
743 746
743 30
743 229
743 111
743 602
743 704
556 77
556 912
556 168
598 946
598 313
840 245
840 955
840 540
840 809
840 987
840 582
840 170
840 318
840 874
840 764
840 471
840 698
840 338
840 61
840 873
840 251
840 994
840 361
840 700
840 28
840 56
317 304
317 863
716 890
716 484
716 365
716 61
716 595
716 114
716 377
716 149
716 866
716 643
716 169
716 718
716 772
339 178
393 61
393 754
393 184
393 377
197 923
559 106
559 50
559 299
559 622
559 376
773 497
648 425
648 267
648 885
648 30
648 416
648 454
648 751
648 602
648 912
648 90
648 721
648 74
648 782
648 478
648 356
648 168
648 256
630 484
630 629
630 280
630 851
630 685
630 838
630 951
630 160
630 200
630 423
630 377
630 267
630 547
630 952
630 978
630 656
630 167
630 772
966 472
966 66
966 347
966 949
966 168
353 181
353 838
353 750
353 190
353 656
647 915
647 806
647 280
647 952
647 136
300 784
300 601
541 738
541 410
541 921
541 644
541 506
541 576
541 923
816 607
895 799
895 518
895 823
895 163
895 383
895 551
895 646
895 485
979 644
979 512
979 923
979 738
841 90
841 718
841 746
563 741
563 731
804 516
804 761
804 881
220 367
220 159
220 191
220 90
220 383
220 229
220 609
220 749
220 425
220 75
220 334
220 471
220 772
220 120
177 168
175 275
175 423
175 849
175 737
175 410
175 5
175 553
349 915
349 846
349 224
349 806
349 952
349 976
349 92
349 428
638 460
638 38
638 96
638 70
638 663
638 601
638 528
638 951
638 853
638 862
638 229
638 235
638 69
638 299
638 343
638 2
638 346
638 634
638 700
638 103
638 322
638 591
638 376
638 309
638 706
638 514
638 132
638 337
638 509
638 106
478 818
478 267
478 2
768 70
768 159
768 334
768 591
768 322
754 16
754 907
754 718
754 595
754 184
754 120
980 528
980 248
980 670
980 464
980 236
980 772
980 693
980 718
980 320
980 5
531 890
531 987
531 482
531 746
257 401
257 454
257 120
429 401
429 454
429 196
1003 334
1003 454
695 585
695 662
695 951
695 450
695 60
78 605
78 693
78 878
78 951
78 502
78 862
78 185
78 289
78 410
78 0
78 178
621 718
466 662
466 379
466 712
663 410
663 706
663 571
663 528
663 322
663 591
663 337
663 22
663 70
663 343
663 935
663 649
71 595
880 435
880 946
880 147
880 890
880 873
880 923
880 451
880 772
481 565
918 844
918 318
918 684
918 383
918 679
918 499
448 329
448 738
505 603
505 337
505 120
640 772
649 890
649 106
450 248
450 662
450 923
450 90
450 229
450 965
450 572
450 947
450 915
450 61
450 712
450 900
450 595
450 586
450 571
167 35
167 607
167 851
167 547
167 978
167 656
167 817
167 988
167 229
167 181
167 141
167 188
167 838
167 274
167 957
367 776
367 190
367 987
367 951
367 927
367 157
367 371
367 290
367 160
367 671
367 731
367 852
367 425
367 528
367 844
367 696
367 836
367 178
367 609
367 472
367 356
367 692
367 499
367 147
367 812
367 586
367 502
367 435
367 868
367 940
367 280
367 851
367 978
367 720
367 684
367 70
367 865
367 542
367 738
367 248
367 629
367 923
367 920
367 53
367 703
367 742
367 193
367 566
367 963
367 775
367 713
367 915
367 518
367 718
367 233
367 557
367 614
367 946
367 783
367 334
367 772
101 90
101 246
101 718
101 16
101 423
101 184
101 377
101 951
191 675
191 190
191 692
191 607
191 749
191 120
191 371
687 248
687 280
687 851
687 923
687 528
687 53
687 397
687 775
687 75
687 776
687 915
687 61
687 724
687 712
687 356
687 290
687 607
687 746
687 671
687 910
687 193
687 772
687 586
687 334
687 502
687 500
687 812
593 718
723 565
723 844
723 1000
723 277
723 48
723 499
723 503
723 558
723 41
241 547
241 851
241 280
241 512
241 141
340 61
340 772
870 935
870 571
870 628
870 951
870 405
870 193
870 75
870 731
870 371
95 994
95 329
95 873
95 987
95 56
387 988
387 484
387 547
387 169
387 851
387 730
387 114
387 676
387 978
551 799
551 518
551 823
551 646
995 749
995 245
995 264
995 692
995 671
995 783
995 243
995 775
995 696
995 75
995 334
995 591
425 435
425 868
425 77
425 545
425 260
425 946
425 720
425 313
425 744
425 912
425 168
425 472
425 721
425 439
425 782
425 416
425 949
425 521
425 700
425 518
425 500
425 356
425 772
425 120
987 245
987 955
987 540
987 809
987 480
987 482
987 617
987 582
987 849
987 68
987 764
987 28
987 698
987 338
987 873
987 772
987 251
987 692
987 994
987 311
987 269
987 361
987 641
987 796
987 90
987 56
987 120
403 890
403 929
403 114
90 890
90 565
90 853
90 235
90 775
90 1002
90 613
90 190
90 868
90 857
90 77
90 422
90 267
90 192
90 280
90 746
90 236
90 5
90 120
90 685
90 292
90 200
90 866
90 558
90 360
90 609
90 472
90 356
90 692
90 499
90 949
90 953
90 147
90 435
90 38
90 662
90 136
90 720
90 423
90 749
90 226
90 912
90 644
90 935
90 721
90 952
90 542
90 439
90 168
90 361
90 784
90 205
90 248
90 629
90 923
90 464
90 547
90 53
90 771
90 742
90 854
90 61
90 944
90 915
90 518
90 718
90 233
90 334
90 602
90 978
90 428
90 865
90 772
90 141
90 668
90 500
90 188
379 662
379 454
857 838
857 136
857 951
857 200
857 17
857 454
857 422
857 585
857 915
857 275
857 806
857 952
857 782
857 428
857 953
857 120
198 662
198 120
157 926
157 248
157 542
157 229
157 746
157 933
157 546
157 577
157 472
157 61
157 171
157 356
157 347
157 277
157 590
157 193
157 931
157 147
157 285
157 586
157 502
157 684
250 163
250 886
250 662
250 356
250 782
250 518
250 444
250 854
250 749
250 586
168 890
168 416
168 586
168 730
168 260
168 521
168 313
168 77
168 744
168 912
168 984
168 472
168 746
168 868
168 74
168 356
168 439
168 946
168 589
168 949
168 500
168 557
168 2
192 643
192 506
192 644
192 29
192 690
727 180
16 19
16 410
16 423
16 772
16 718
290 321
290 923
290 253
290 617
290 566
290 866
290 193
290 53
290 589
290 586
957 851
957 547
957 978
929 410
929 0
929 99
929 178
929 878
910 329
910 692
910 591
910 571
881 700
881 644
881 516
881 506
881 738
881 810
881 772
92 915
92 806
92 280
92 952
92 846
92 428
256 721
256 313
256 356
256 730
256 912
15 731
15 284
15 520
15 422
15 680
374 742
374 229
374 105
374 863
374 400
96 299
96 132
96 346
96 509
96 634
838 915
838 806
838 280
838 136
838 445
838 428
838 631
838 782
67 963
67 846
67 181
67 656
67 344
242 865
242 33
405 782
405 170
465 119
465 700
465 2
465 812
171 926
171 590
171 577
171 147
171 933
171 347
171 951
698 245
698 540
698 873
698 764
970 772
660 193
660 863
660 951
830 540
692 851
692 617
692 329
692 749
692 75
692 935
692 61
692 863
692 873
692 746
692 671
692 229
692 245
692 540
692 923
692 920
692 742
692 189
692 775
692 233
692 915
692 718
692 33
692 607
692 428
692 994
692 264
692 819
692 334
692 591
692 56
969 718
969 61
969 528
969 178
969 509
969 772
477 310
477 139
682 644
682 738
682 650
682 654
682 772
819 890
819 662
819 329
819 61
819 873
819 749
819 338
975 671
975 397
365 718
365 281
365 595
365 189
365 732
365 866
365 118
365 0
365 410
565 926
565 48
565 715
565 704
565 499
565 679
565 844
565 558
565 684
565 458
565 41
565 178
565 772
435 962
435 267
435 416
435 984
435 696
435 518
435 74
435 356
435 782
435 111
435 772
435 586
435 885
435 334
435 500
435 120
400 318
400 863
400 769
280 484
280 851
280 951
280 445
280 953
280 846
280 422
280 656
280 629
280 610
280 631
280 547
280 141
280 160
280 421
280 750
280 120
280 35
280 281
280 685
280 920
280 526
280 561
280 360
280 915
280 373
280 978
280 428
280 772
280 188
654 962
654 644
654 738
654 783
654 837
247 601
229 776
229 851
229 329
229 749
229 421
229 371
229 731
229 190
229 120
229 248
229 629
229 863
229 920
229 472
229 189
229 299
229 775
229 343
229 915
229 518
229 718
229 693
229 356
229 782
229 499
229 428
229 637
229 147
229 491
229 812
229 783
229 586
229 334
229 684
503 1000
503 704
503 41
423 377
423 246
423 849
423 786
423 646
423 275
423 718
423 315
423 310
423 184
423 103
423 334
423 591
684 1000
684 53
684 48
684 679
684 844
684 558
684 458
684 546
684 718
684 472
684 318
684 321
684 542
684 571
684 499
684 746
684 946
684 185
684 704
684 356
684 586
684 502
634 890
634 601
634 376
634 402
634 622
634 788
634 139
634 346
634 106
935 700
935 233
935 571
935 746
935 749
935 971
935 720
935 696
935 193
935 337
935 668
935 111
410 924
410 815
410 650
410 482
410 923
410 837
410 718
410 994
410 251
410 184
410 189
410 1001
410 502
410 56
304 4
712 662
712 775
712 398
712 591
226 643
226 506
226 120
114 700
114 275
114 718
114 169
114 61
114 772
184 510
184 38
184 323
184 732
184 149
184 315
184 808
184 849
184 580
184 432
184 561
184 407
184 409
184 41
184 582
184 907
184 718
184 275
184 103
184 246
184 521
184 491
184 0
99 605
99 693
99 669
99 502
99 862
99 491
99 0
99 791
99 178
809 591
822 509
822 603
409 178
409 605
409 0
934 595
934 169
934 55
934 861
934 318
934 772
934 404
485 890
485 799
485 62
485 823
485 513
485 854
485 646
485 542
704 868
704 318
704 321
704 499
704 48
704 30
704 558
704 458
704 41
528 38
528 915
528 609
528 703
528 742
528 542
528 526
528 775
528 589
528 383
528 178
528 585
528 865
528 356
528 377
528 322
528 502
528 772
923 890
923 235
923 159
923 951
923 617
923 644
923 595
923 506
923 746
923 671
923 875
923 738
923 120
923 633
923 248
923 629
923 915
923 921
923 742
923 53
923 189
923 476
923 609
923 472
923 233
923 356
923 772
923 193
923 586
923 334
923 591
923 500
511 428
149 275
149 377
149 246
149 866
149 643
149 849
787 772
703 784
703 863
703 951
703 53
703 170
703 120
862 605
862 693
862 0
862 178
862 502
243 61
243 454
243 718
243 772
476 772
721 356
721 908
721 313
721 602
602 356
602 313
602 111
602 61
602 586
602 912
713 454
915 851
915 136
915 344
915 953
915 428
915 224
915 61
915 952
915 746
915 971
915 120
915 806
915 248
915 629
915 920
915 200
915 718
915 185
915 302
915 408
915 17
915 586
915 334
915 591
915 772
915 341
437 506
437 516
437 738
437 644
447 74
614 858
614 188
614 851
614 951
614 978
614 274
614 988
614 190
614 120
614 772
614 629
818 292
818 807
818 438
111 356
111 746
111 946
111 586
285 926
285 700
285 577
285 147
571 742
571 776
571 542
571 900
571 160
571 277
571 62
571 731
571 885
56 482
56 566
56 994
56 329
56 105
56 383
56 28
56 772
188 988
188 547
188 851
188 920
188 978
188 951
188 141
188 846
188 120
323 106
323 139
323 622
323 951
323 369
323 322
139 510
139 601
139 951
139 369
139 622
139 346
139 106
139 322
139 376
139 154
139 706
139 676
139 309
776 334
776 617
776 591
482 606
482 251
482 178
369 518
369 275
369 823
369 646
369 936
369 62
369 513
369 444
369 132
369 407
582 540
582 994
582 329
582 364
582 580
582 890
582 764
582 955
454 235
454 629
454 302
454 75
454 360
454 609
454 471
454 865
454 253
454 373
454 904
454 196
454 401
454 147
454 706
454 772
454 120
580 143
580 669
580 791
58 951
58 2
422 143
422 284
422 613
422 377
422 731
422 181
422 680
947 662
947 774
203 863
203 772
45 66
45 782
471 416
471 147
471 190
471 811
858 951
772 890
772 235
772 775
772 951
772 8
772 75
772 875
772 613
772 738
772 671
772 190
772 120
772 70
772 281
772 807
772 595
772 292
772 189
772 178
772 609
772 657
772 812
772 193
772 586
772 724
772 377
772 669
772 633
772 866
772 912
772 553
772 542
772 656
772 590
772 993
772 784
772 248
772 629
772 920
772 53
772 742
772 566
772 526
772 518
772 277
772 931
772 500
772 783
772 334
772 205
4 848
4 951
4 371
736 245
736 540
736 863
736 764
736 2
800 984
800 62
160 550
160 629
160 782
160 585
160 428
160 526
160 360
160 120
236 537
236 532
236 201
236 320
236 5
971 200
971 806
971 952
971 344
185 570
185 670
185 506
185 742
185 532
185 248
185 334
185 502
185 233
737 849
5 605
5 553
5 464
5 670
5 491
5 808
5 532
5 506
5 118
5 29
585 35
585 118
585 851
585 547
585 189
585 849
585 901
585 371
633 890
633 609
633 70
633 540
633 53
633 311
633 193
633 75
633 120
70 890
70 601
70 38
70 299
70 566
70 322
70 943
70 343
70 399
70 919
70 310
70 103
70 376
70 309
70 334
70 120
955 641
955 540
955 311
921 644
921 506
921 657
921 738
921 29
921 611
398 900
659 742
659 784
659 863
200 224
200 136
200 344
200 341
200 806
200 952
200 302
200 428
200 120
113 646
113 163
113 518
113 62
113 854
299 38
299 629
299 334
299 671
299 558
299 147
299 788
299 591
664 644
984 868
984 267
984 74
984 782
984 586
984 912
984 885
885 74
885 313
885 416
885 962
885 586
885 2
472 112
472 730
472 746
472 313
472 744
472 356
472 782
472 347
472 946
472 949
472 912
472 542
472 586
472 502
906 88
906 106
906 788
253 566
62 163
62 518
62 646
62 542
62 513
62 854
62 890
62 500
62 120
401 196
105 742
105 863
105 418
641 28
641 540
337 510
337 61
337 106
337 310
337 904
337 603
337 132
337 919
337 591
919 601
919 376
919 322
919 1000
502 724
502 356
502 591
502 542
502 189
502 746
502 775
502 749
502 693
502 178
502 605
502 718
502 976
502 61
502 878
502 118
502 506
502 0
502 586
502 120
502 334
267 751
267 392
267 629
267 112
267 936
267 120
267 586
520 680
404 55
404 169
404 595
404 732
416 868
416 629
416 313
416 30
416 946
416 912
416 356
416 586
416 147
897 180
69 735
572 890
572 246
572 662
572 731
572 724
572 746
811 617
644 924
644 650
644 576
644 837
644 611
644 945
644 516
644 270
644 657
644 506
644 745
644 1001
644 761
644 738
644 532
644 783
318 566
318 946
318 844
865 749
865 120
141 383
141 851
141 978
439 260
439 356
439 730
439 946
439 949
439 521
439 77
439 912
799 163
799 518
799 646
577 926
577 129
577 715
577 347
577 277
577 590
577 147
577 458
577 933
289 506
289 810
289 899
201 270
201 320
320 411
320 617
35 988
35 851
35 978
742 390
742 863
742 784
742 383
742 617
742 749
742 901
742 718
742 993
742 900
742 61
742 746
742 662
742 120
626 863
402 88
402 106
402 943
402 788
775 746
775 900
775 566
775 329
775 749
788 622
788 106
788 509
780 603
780 106
780 514
519 0
163 518
163 383
163 646
163 542
518 609
518 383
518 444
518 962
518 823
518 646
518 854
518 513
518 542
518 120
718 159
718 724
718 377
718 61
718 595
718 904
718 746
718 120
718 248
718 281
718 246
718 189
718 732
718 178
718 866
718 193
718 334
33 364
33 764
373 190
373 344
428 224
428 136
428 953
428 806
428 952
428 302
428 17
545 30
545 946
931 926
931 159
931 277
668 720
668 952
668 746
601 510
601 676
853 890
853 343
672 844
730 868
730 112
730 356
730 912
730 30
730 854
730 946
730 751
730 313
730 676
730 586
878 178
808 29
808 899
751 112
751 854
751 676
751 586
444 542
75 550
75 868
75 248
75 617
75 749
75 940
75 607
75 662
75 147
75 334
75 120
901 784
901 863
461 506
632 264
251 506
951 143
951 724
951 851
951 329
951 273
951 926
951 245
951 629
951 807
951 715
951 595
951 731
951 274
951 284
951 866
951 178
951 609
951 338
951 53
951 978
951 147
951 706
611 924
611 506
611 738
671 550
671 397
671 749
671 334
254 662
933 926
933 355
933 147
933 347
933 748
132 106
309 38
926 129
926 590
926 715
926 347
926 748
926 277
926 355
926 147
490 586
281 189
281 491
281 61
281 905
281 377
480 506
338 994
338 329
338 193
338 849
338 540
338 264
732 189
732 118
732 0
732 407
889 868
558 550
558 458
558 1000
558 48
558 546
558 844
558 321
558 499
589 922
589 383
696 595
696 607
696 851
696 189
696 731
696 783
696 586
696 334
696 120
874 245
874 540
874 873
874 764
29 670
29 506
29 899
750 484
750 629
750 445
700 782
700 595
700 953
700 866
700 665
700 516
700 119
700 277
700 746
700 988
700 590
700 812
700 361
700 334
700 2
670 605
670 118
670 553
670 643
670 506
646 890
646 513
646 542
646 112
646 178
900 61
900 662
900 746
782 890
782 662
782 445
782 912
782 61
782 3
782 347
782 746
782 656
782 629
782 685
782 66
782 988
782 806
782 643
782 356
782 170
782 586
782 500
782 2
499 1000
499 48
499 679
499 383
499 458
499 844
499 41
499 321
499 193
499 120
914 769
147 550
147 715
147 277
147 355
147 720
147 546
147 962
147 347
147 748
147 590
147 196
147 120
181 537
181 724
181 190
181 920
181 274
181 189
181 656
606 863
88 106
868 30
868 521
868 912
868 356
868 586
724 796
724 246
724 506
724 189
724 866
724 334
724 591
662 11
662 53
662 60
662 488
662 193
662 586
136 629
136 806
136 952
136 302
355 347
329 890
329 245
329 540
329 749
329 343
329 764
329 994
329 311
329 264
329 731
749 890
749 248
749 540
749 178
749 233
749 334
749 189
749 746
749 854
749 2
912 890
912 38
912 744
912 77
912 347
912 746
912 30
912 521
912 313
912 260
912 356
912 946
912 949
912 74
912 586
610 484
61 851
61 546
61 542
61 674
61 120
61 550
61 693
61 356
61 591
61 586
61 334
61 169
823 890
823 542
823 513
823 500
823 120
590 546
590 347
590 2
532 738
532 118
532 516
532 506
532 1001
57 2
937 628
0 605
0 178
0 693
0 976
0 118
769 784
769 863
769 383
769 771
629 550
629 484
629 846
629 685
629 445
629 978
629 526
629 561
629 546
629 2
629 360
629 631
629 120
119 812
119 2
908 30
274 190
274 920
274 53
274 445
274 656
274 120
523 383
523 863
566 377
566 120
643 657
643 685
761 506
761 738
735 310
735 603
377 246
377 364
189 595
189 491
189 120
946 30
946 313
946 962
946 744
946 356
946 607
994 245
994 540
994 193
994 764
994 264
994 311
364 264
364 764
264 245
264 462
264 540
264 28
264 617
264 193
264 597
264 764
264 361
854 542
783 506
783 738
783 890
783 120
676 622
890 190
890 458
890 506
890 731
890 120
890 609
890 53
890 962
890 233
890 657
890 334
235 273
235 120
650 738
650 506
745 738
745 506
745 837
445 846
445 360
103 310
77 356
77 949
77 260
77 521
77 2
383 851
383 547
383 720
383 526
383 178
383 873
383 952
383 586
383 500
784 390
784 863
784 617
784 170
784 546
784 155
784 697
680 731
680 284
421 988
421 846
421 547
421 795
421 978
371 628
570 851
570 863
270 738
270 506
628 178
774 863
120 190
120 193
120 178
120 609
120 907
120 356
120 196
120 586
120 591
120 617
120 656
120 540
120 542
120 731
120 550
120 547
120 920
120 53
120 963
120 343
120 233
120 978
962 190
962 178
245 540
245 170
245 764
245 233
245 873
245 334
245 591
540 53
540 546
540 764
540 233
540 873
540 311
540 697
540 193
540 28
595 546
595 169
595 550
595 746
11 506
976 143
976 605
976 178
679 844
679 458
844 550
844 48
844 458
844 546
313 30
313 112
313 74
313 356
178 550
178 546
178 295
178 418
178 605
178 693
178 356
178 657
609 53
609 193
814 500
516 506
516 924
516 738
797 731
657 738
657 506
657 837
356 586
356 746
356 112
356 744
356 30
356 949
356 542
356 500
302 806
302 952
817 851
817 547
817 978
17 806
17 952
993 863
509 603
509 706
849 275
143 669
143 731
1000 458
1000 48
1000 112
1000 41
576 738
576 506
851 390
851 547
851 920
851 795
851 978
851 988
851 591
617 720
617 334
617 607
617 746
617 586
458 48
458 321
458 41
546 764
546 550
546 920
546 8
546 669
546 542
546 277
546 738
546 491
546 526
196 190
196 731
275 952
321 48
321 53
74 392
74 112
74 586
506 1001
506 738
506 924
506 248
506 837
506 945
905 491
738 1001
738 924
738 837
738 53
738 597
738 945
514 106
514 1001
514 603
697 873
697 311
697 170
697 771
863 1002
863 315
863 233
863 720
863 807
920 190
920 978
920 656
547 846
547 512
547 795
547 526
547 656
547 978
547 988
53 963
53 944
53 542
53 311
53 491
53 193
622 106
392 112
392 674
310 343
310 322
277 746
322 943
322 343
322 603
322 334
322 376
322 591
988 3
988 795
988 656
988 978
2 484
2 669
2 953
2 812
2 586
2 334
484 169
943 106
190 656
512 978
344 806
344 952
8 731
8 746
812 550
812 746
812 334
1001 605
1001 685
1001 154
41 48
693 605
806 224
806 952
806 953
746 720
746 542
746 550
746 731
746 248
746 665
746 233
746 591
746 586
746 334
674 112
521 586
193 550
193 542
193 334
795 846
795 978
685 605
360 846
360 526
607 334
607 591
949 260
586 940
586 542
586 248
586 334
586 500
846 656
846 526
284 731
399 106
399 343
106 603
952 224
952 953
550 248
550 500
526 978
526 561
591 334
334 500
