833 535
833 150
833 367
833 692
833 987
833 617
833 720
833 546
833 248
833 178
833 214
833 915
833 811
833 316
833 499
833 752
833 91
833 185
833 415
833 278
833 587
833 151
777 16
777 229
777 718
335 537
335 289
335 175
335 790
335 107
335 385
335 464
335 553
335 90
335 643
335 664
335 810
335 688
335 29
335 5
951 435
951 38
951 323
951 55
951 225
951 273
951 332
951 13
951 169
951 284
951 166
951 343
951 214
951 433
951 865
951 976
951 4
951 715
951 184
951 372
951 656
951 738
951 239
951 789
951 939
951 78
951 15
951 926
951 681
951 633
951 663
951 599
951 595
951 147
951 923
951 274
951 53
951 707
951 324
951 866
951 649
951 178
951 883
951 885
951 609
951 474
951 832
951 660
951 377
951 500
951 706
951 506
951 141
951 31
951 367
951 772
951 188
974 648
974 984
974 868
974 867
974 435
974 74
974 782
974 332
974 294
974 104
974 313
974 586
974 948
974 256
974 500
974 885
813 996
813 379
813 517
813 720
813 400
813 662
813 571
813 935
813 214
813 746
813 668
584 731
584 284
584 15
538 585
538 605
538 333
538 130
538 470
538 314
538 293
538 502
538 0
538 569
538 407
538 178
538 249
879 88
879 223
879 337
879 322
879 534
879 638
879 740
879 164
879 69
879 591
165 915
165 948
165 990
165 67
165 280
165 136
165 316
165 302
165 344
165 428
165 401
165 806
165 857
165 207
165 31
165 351
165 586
522 718
522 891
522 546
522 61
522 746
522 732
82 870
82 784
82 628
82 802
82 135
82 2
225 700
225 779
225 423
225 883
225 716
225 166
225 184
527 870
527 720
527 304
527 680
527 422
527 855
527 731
527 710
767 585
767 599
767 605
767 333
767 506
767 0
767 314
767 178
767 249
767 710
767 78
776 214
776 367
776 75
776 692
776 923
776 334
776 571
125 510
125 323
125 139
125 622
125 206
125 534
125 676
765 648
765 868
765 425
765 133
765 908
765 742
765 332
765 104
765 313
765 948
765 602
765 912
765 168
765 214
765 30
765 472
765 721
765 790
765 100
765 356
765 607
765 517
765 674
765 52
765 704
765 542
765 586
765 90
765 120
314 13
314 333
314 73
314 502
314 862
314 605
314 178
314 470
314 710
314 599
314 693
314 976
314 277
314 228
314 99
314 929
314 409
314 0
314 249
314 78
314 169
91 609
91 185
91 454
91 415
91 850
91 120
91 178
91 499
517 565
517 459
517 535
517 751
517 648
517 814
517 542
517 332
517 112
517 166
517 383
517 718
517 157
517 948
517 602
517 75
517 267
517 472
517 61
517 392
517 356
517 53
517 478
517 425
517 674
517 854
517 803
517 415
517 586
517 2
517 684
474 323
474 84
474 38
474 282
474 402
474 299
474 832
474 534
474 939
474 309
122 915
122 924
122 275
122 718
122 61
122 837
122 428
122 90
122 980
122 185
122 857
122 693
102 534
102 70
479 948
479 114
479 980
479 337
479 718
386 90
386 319
135 245
135 65
135 153
135 851
135 316
135 923
135 936
135 942
135 742
135 278
135 329
135 306
135 170
135 581
135 383
135 371
135 292
135 61
135 233
135 703
135 4
135 628
135 692
135 870
135 405
135 118
135 415
135 161
135 587
135 337
135 334
624 338
624 28
624 245
624 540
624 863
624 873
624 96
624 692
624 738
624 746
624 994
624 329
624 239
624 789
624 299
624 343
624 836
624 764
86 662
86 443
86 152
86 90
798 329
798 53
231 245
231 540
231 736
231 921
231 987
231 170
231 849
231 749
231 874
231 947
231 338
231 840
231 433
231 873
231 782
231 863
231 994
231 738
231 185
231 511
231 783
231 923
231 2
98 401
98 707
98 134
98 454
98 107
98 278
98 429
98 713
98 268
98 117
544 962
544 143
544 580
544 65
544 367
544 741
544 8
544 669
544 144
544 739
544 791
544 563
425 648
425 109
425 868
425 633
425 182
425 435
425 730
425 415
425 518
425 53
425 30
425 946
425 499
425 77
425 104
425 313
425 134
425 598
425 948
425 602
425 912
425 168
425 214
425 260
425 472
425 721
425 790
425 232
425 74
425 439
425 416
425 949
425 743
425 521
425 332
425 356
425 250
425 266
425 256
425 120
333 178
333 184
333 228
333 249
333 19
333 605
333 506
333 696
333 0
333 569
333 29
333 470
65 435
65 749
65 915
65 687
65 190
65 923
65 528
65 316
65 243
65 963
65 134
65 75
65 948
65 178
65 220
65 997
65 700
65 367
65 865
65 56
65 280
65 377
65 784
65 752
65 196
65 193
65 993
65 812
65 278
65 120
65 334
65 772
65 147
208 783
208 107
208 201
208 1004
93 90
93 192
705 0
708 718
306 585
306 784
306 61
306 863
306 790
306 915
306 374
306 659
306 703
306 742
306 696
306 229
306 963
306 161
306 718
306 343
306 334
306 450
306 769
443 962
443 550
443 945
443 272
443 718
443 662
443 214
443 53
443 703
443 742
443 13
443 161
443 72
443 152
443 90
40 272
40 629
40 662
40 190
40 53
40 379
40 198
40 749
40 572
40 569
40 947
40 214
40 367
40 187
40 712
40 731
40 900
40 978
40 196
40 488
40 193
40 254
40 264
40 415
40 802
40 450
40 362
40 695
40 568
40 120
470 700
470 599
470 605
470 693
470 228
470 502
470 862
470 409
470 0
470 569
470 789
470 178
470 249
470 710
268 633
268 454
268 291
268 713
268 117
530 630
530 248
530 629
530 280
530 851
530 685
530 838
530 740
530 189
530 658
530 891
530 739
530 377
530 157
530 450
530 360
530 371
530 915
530 288
530 571
530 316
530 160
530 293
530 687
530 920
530 586
530 367
530 24
530 526
758 844
758 956
758 918
758 41
758 723
758 499
1003 707
1003 609
1003 607
1003 890
1003 454
954 585
954 35
954 280
954 851
954 469
954 301
954 614
954 547
954 978
954 817
954 957
954 193
954 207
954 188
954 167
206 487
206 323
206 139
206 622
206 534
206 676
939 510
939 38
939 61
939 706
939 534
939 139
939 509
752 887
752 70
752 178
752 617
752 312
752 534
752 471
752 850
752 948
752 786
752 150
752 609
752 518
752 388
752 191
752 506
752 811
752 869
752 587
752 120
351 647
351 915
351 136
351 838
351 344
351 200
351 142
351 953
351 857
351 31
351 224
351 349
351 990
351 952
351 782
351 316
351 302
351 428
351 971
351 806
351 888
351 543
351 92
351 17
14 644
14 924
14 275
14 410
14 724
14 134
14 506
14 199
14 1001
14 996
14 783
14 516
14 702
14 382
14 173
14 719
14 850
14 796
14 611
14 881
394 571
803 332
803 112
803 392
803 948
803 674
802 187
802 572
802 450
802 4
266 260
266 77
266 439
266 948
266 912
266 949
266 168
305 946
305 232
431 188
133 984
133 472
133 126
133 356
133 528
133 908
133 30
133 294
133 383
133 948
133 602
133 168
390 784
543 915
543 142
543 302
543 806
543 200
543 952
543 316
543 971
543 428
199 996
199 924
199 516
199 644
199 506
199 541
199 738
199 702
199 921
199 654
199 719
199 850
199 90
237 595
499 890
499 565
499 683
499 1000
499 73
499 618
499 48
499 216
499 844
499 956
499 503
499 558
499 684
499 458
499 679
499 41
499 214
499 318
499 25
499 321
499 319
499 723
499 918
499 587
499 704
573 648
573 435
573 332
573 948
573 790
573 166
573 74
573 356
573 586
573 126
573 500
6 236
6 409
6 0
6 178
6 605
6 249
483 718
483 471
483 775
483 220
483 58
948 648
948 435
948 868
948 235
948 267
948 940
948 126
948 90
948 134
948 416
948 112
948 166
948 75
948 250
948 912
948 947
948 168
948 721
948 790
948 77
948 542
948 160
948 674
948 772
948 120
948 214
948 609
948 699
948 923
948 837
948 260
948 946
948 104
948 313
948 58
948 574
948 602
948 743
948 30
948 367
948 472
948 191
948 392
948 356
948 310
948 332
948 52
948 74
948 257
948 890
948 161
948 586
948 782
948 500
424 957
424 547
424 990
424 207
424 469
424 280
424 421
424 978
424 167
424 795
721 648
721 109
721 472
721 356
721 313
721 126
721 908
721 743
721 52
721 104
721 602
721 256
433 383
433 840
433 540
433 238
433 482
433 987
433 828
433 994
433 738
433 531
433 789
433 120
990 915
990 647
990 224
990 806
990 280
990 178
990 316
990 482
990 428
990 957
990 293
990 207
990 31
990 24
990 92
301 280
301 851
301 469
301 614
301 547
301 274
301 293
301 978
301 957
301 552
301 920
301 207
301 188
71 595
138 383
138 542
138 850
587 194
587 807
587 784
587 617
587 329
587 343
587 220
587 150
587 326
587 789
587 471
587 540
587 277
587 678
587 947
587 940
587 415
587 586
151 214
151 700
151 626
151 687
151 923
151 253
151 316
151 617
151 566
151 890
151 278
151 962
699 77
699 168
13 700
13 738
13 532
13 516
13 654
13 850
13 719
13 743
835 367
835 692
835 233
658 902
658 846
658 629
658 280
658 685
658 160
658 731
658 92
658 24
658 507
658 267
1004 107
1004 275
1004 724
1004 153
1004 595
1004 506
1004 184
1004 509
1004 236
1004 643
1004 849
1004 977
1004 320
850 924
850 150
850 738
850 576
850 837
850 987
850 745
850 53
850 541
850 134
850 644
850 173
850 761
850 804
850 881
850 650
850 962
850 996
850 437
850 516
850 657
850 506
850 682
850 1001
850 611
850 828
850 193
850 197
850 702
850 921
850 278
850 719
850 90
611 921
599 502
599 693
599 878
599 228
599 99
599 929
599 605
599 0
599 178
599 249
599 710
972 147
972 715
39 609
39 923
469 630
469 35
469 280
469 851
469 547
469 512
469 274
469 795
469 329
469 293
469 421
469 167
469 451
469 141
469 614
469 978
469 241
469 817
469 957
469 207
469 188
186 53
888 806
888 349
888 207
888 316
888 428
415 940
415 851
415 987
415 617
415 229
415 454
415 546
415 248
415 75
415 811
415 157
415 371
415 223
415 61
415 542
415 185
415 278
415 429
415 687
415 923
415 742
415 946
415 178
415 762
415 70
415 609
415 518
415 718
415 670
415 191
415 692
415 416
415 591
415 401
415 147
415 783
415 450
415 127
415 334
415 502
719 924
719 650
719 576
719 327
719 921
719 923
719 654
719 837
719 437
719 541
719 979
719 173
719 270
719 761
719 881
719 996
719 945
719 516
719 410
719 657
719 506
719 745
719 682
719 1001
719 828
719 738
719 532
719 702
719 783
719 197
719 644
127 101
127 61
127 716
127 377
127 184
127 89
127 866
127 732
127 16
127 189
127 916
127 934
127 718
127 178
127 595
127 365
55 595
240 435
240 166
539 332
917 915
917 428
575 966
575 500
575 232
575 472
575 347
575 912
575 949
575 168
891 630
891 353
891 248
891 629
891 280
891 838
891 740
891 995
891 445
891 302
891 90
891 383
891 696
891 157
891 360
891 267
891 158
891 160
891 414
891 397
891 750
891 24
739 143
739 53
739 280
739 696
739 144
739 32
739 8
710 693
710 249
710 90
710 605
710 0
710 178
710 502
710 78
391 610
391 484
391 353
391 288
391 750
391 373
391 67
391 445
723 565
723 503
723 458
723 1000
723 41
723 277
723 48
187 900
187 662
187 272
187 572
187 695
187 450
187 60
187 568
187 947
860 848
883 907
883 718
883 724
883 754
883 184
883 866
883 90
883 779
883 189
883 843
883 166
883 716
883 407
883 772
372 149
372 90
372 169
372 934
372 700
372 716
372 404
293 550
293 915
293 647
293 724
293 280
293 716
293 920
293 547
293 32
293 8
293 19
293 246
293 229
293 35
293 526
293 149
293 561
293 572
293 422
293 421
293 360
293 862
293 455
293 631
293 656
293 851
293 377
293 142
293 241
293 502
293 16
293 953
293 697
293 141
293 188
293 24
293 568
686 926
686 185
686 577
686 147
686 715
686 157
278 629
278 540
278 500
278 923
278 617
278 566
278 454
278 75
278 220
278 214
278 61
278 233
278 334
278 290
278 316
278 332
278 196
278 401
278 147
278 502
278 772
278 120
534 460
534 38
534 323
534 139
534 601
534 740
534 32
534 42
534 90
534 329
534 427
534 75
534 649
534 214
534 106
534 61
534 571
534 893
534 768
534 16
534 185
534 676
534 154
534 510
534 489
534 70
534 663
534 53
534 862
534 324
534 622
534 788
534 388
534 343
534 247
534 843
534 84
534 906
534 562
534 919
534 64
534 322
534 477
534 309
534 334
534 591
688 107
688 553
688 670
688 506
688 898
688 899
688 169
568 662
568 379
568 383
126 648
126 435
126 868
126 66
126 77
126 294
126 759
126 104
126 166
126 885
126 700
126 984
126 45
126 790
126 74
126 356
126 782
126 332
126 52
126 521
126 586
126 168
126 500
324 367
324 38
324 337
324 70
324 586
324 96
142 915
142 224
142 267
142 806
142 280
142 136
142 316
142 428
142 200
142 953
142 857
142 207
142 892
142 188
552 978
552 858
104 648
104 700
104 472
104 790
104 74
104 356
104 908
104 523
104 30
104 52
104 416
104 294
104 77
104 256
104 168
913 109
913 389
913 518
913 535
913 163
913 383
913 369
913 250
164 223
164 322
164 402
164 943
164 663
164 343
164 638
164 420
84 337
84 70
84 638
832 38
832 319
832 70
832 369
832 42
832 90
832 329
832 423
832 780
832 977
832 950
832 634
832 106
832 388
832 175
832 976
832 638
832 184
832 1001
832 376
832 78
832 514
832 509
832 309
21 782
612 548
958 180
991 700
991 61
991 858
991 654
991 718
991 0
991 614
991 178
991 249
991 502
52 648
52 868
52 267
52 232
52 528
52 472
52 790
52 416
52 356
52 602
52 912
52 168
308 418
161 784
161 863
161 571
161 53
161 659
161 993
161 936
161 581
161 901
581 870
581 245
581 540
581 153
581 851
581 692
581 628
581 855
581 703
581 742
581 383
581 170
581 936
581 371
581 337
581 137
581 942
581 997
31 214
31 915
31 349
31 806
31 316
31 428
31 92
31 24
24 143
24 630
24 35
24 846
24 629
24 280
24 528
24 445
24 189
24 953
24 526
24 915
24 902
24 782
24 414
24 750
24 188
137 742
137 784
137 771
137 703
109 356
109 790
763 214
763 185
763 867
763 334
150 318
150 471
150 940
150 191
150 987
150 316
150 617
150 454
150 178
150 147
486 700
486 148
486 190
486 920
486 656
486 362
32 749
32 580
32 280
32 687
32 921
32 923
32 53
32 862
32 669
32 134
32 61
32 791
32 840
32 718
32 428
32 197
32 92
32 2
32 502
32 188
661 692
759 984
759 332
759 294
759 77
759 435
759 74
759 166
228 249
228 605
228 61
228 693
228 0
228 178
228 502
25 844
25 956
25 48
25 684
25 458
25 918
25 558
25 704
427 329
427 70
427 955
427 540
983 214
535 367
535 518
535 356
535 542
535 722
535 369
535 854
535 62
535 684
535 472
535 444
535 157
535 124
535 362
214 890
214 630
214 56
214 290
214 159
214 940
214 662
214 868
214 978
214 90
214 62
214 935
214 811
214 912
214 984
214 712
214 74
214 280
214 316
214 746
214 435
214 738
214 239
214 707
214 695
214 887
214 629
214 367
214 595
214 923
214 841
214 742
214 531
214 189
214 450
214 586
214 609
214 518
214 687
214 614
214 377
214 428
214 147
214 542
214 783
214 193
214 334
214 502
214 500
388 38
388 61
388 638
388 280
388 96
388 742
388 329
388 843
388 70
388 132
388 634
388 334
388 509
388 343
388 120
232 648
232 700
232 472
232 545
232 790
232 77
232 356
232 439
232 782
232 332
232 912
232 946
232 313
232 586
232 744
232 168
64 70
158 506
158 668
893 299
893 562
828 738
828 516
828 532
828 506
828 745
440 506
440 380
440 737
440 664
239 784
239 609
239 168
239 713
239 528
239 923
239 502
239 707
239 929
239 189
239 144
239 558
239 169
239 783
239 577
239 656
239 78
239 742
414 327
414 687
414 995
414 746
414 8
207 630
207 484
207 35
207 493
207 280
207 851
207 190
207 136
207 547
207 67
207 274
207 953
207 558
207 428
207 421
207 92
207 167
207 585
207 373
207 795
207 241
207 99
207 988
207 387
207 349
207 978
207 188
569 249
569 605
569 0
569 178
288 484
288 773
288 846
288 629
288 610
288 630
288 750
288 838
362 609
362 922
362 272
362 984
362 716
362 854
362 528
362 909
362 30
362 770
362 332
362 189
362 383
362 61
362 178
362 220
362 168
272 754
272 900
272 742
272 662
272 379
272 595
272 75
272 450
223 90
223 718
223 343
223 334
223 157
790 648
790 630
790 868
790 267
790 582
790 866
790 458
790 166
790 680
790 912
790 168
790 605
790 77
790 638
790 779
790 111
790 595
790 409
790 659
790 260
790 956
790 313
790 101
790 977
790 881
790 885
790 700
790 30
790 472
790 516
790 356
790 782
790 416
790 294
790 812
790 586
790 500
790 2
260 90
260 77
260 912
260 168
946 633
946 672
946 880
946 53
946 30
946 416
946 684
946 166
946 744
946 168
946 90
946 472
946 356
946 313
946 521
946 111
946 193
72 662
977 378
977 139
977 779
977 153
977 184
977 114
977 969
977 423
977 1001
977 780
977 407
977 5
977 700
977 410
977 613
977 377
977 103
977 418
977 996
977 236
977 513
977 514
977 796
977 950
843 907
843 16
843 687
843 711
843 61
843 184
843 779
843 393
843 718
843 597
843 407
843 591
843 166
762 435
762 984
762 294
762 185
762 586
762 168
326 696
326 2
130 178
130 502
130 78
315 936
441 4
441 304
441 317
441 371
319 1000
319 1002
319 618
319 48
319 844
319 956
319 558
319 684
319 458
319 216
283 90
996 644
996 924
996 516
996 153
996 506
996 418
996 541
996 738
996 105
996 654
996 364
83 697
83 784
83 855
722 740
722 518
722 823
722 2
736 90
736 383
736 245
736 540
995 671
995 696
995 243
995 502
995 153
995 865
995 334
995 607
909 862
909 585
909 528
909 58
909 819
909 120
909 867
255 147
896 861
896 680
62 518
62 646
62 542
62 571
62 800
62 369
62 250
62 90
62 799
62 895
62 113
62 513
62 485
62 500
62 120
677 782
166 907
166 435
166 267
166 724
166 716
166 53
166 90
166 332
166 294
166 112
166 866
166 743
166 885
166 407
166 984
166 516
166 61
166 779
166 74
166 782
166 184
166 674
166 392
166 111
166 356
166 586
166 500
173 90
173 738
173 516
173 506
173 924
173 428
997 90
997 678
997 792
997 205
997 2
997 782
997 120
46 88
46 601
46 310
46 399
46 323
46 663
46 132
46 337
46 369
626 863
779 407
779 184
327 107
327 516
327 849
327 381
327 341
711 718
316 267
316 235
316 647
316 857
316 851
316 136
316 344
316 302
316 90
316 332
316 17
316 112
316 749
316 428
316 224
316 806
316 952
316 971
316 185
316 92
316 229
316 629
316 915
316 920
316 725
316 838
316 53
316 742
316 200
316 450
316 134
316 962
316 367
316 349
316 191
316 392
316 782
316 978
316 953
316 193
316 586
316 731
316 772
216 565
216 956
216 558
216 1000
216 458
216 684
216 318
216 48
216 321
420 322
420 96
420 559
507 750
507 782
507 629
950 88
950 638
950 399
950 663
950 310
950 103
950 943
950 514
950 780
950 343
702 644
702 924
702 516
702 381
702 506
702 1001
887 383
887 367
378 603
378 514
493 484
493 838
493 629
73 565
73 926
73 577
73 458
73 1000
618 321
618 684
294 435
294 868
294 332
294 313
294 885
294 984
294 447
294 74
294 356
294 782
294 817
294 111
294 586
294 256
134 565
134 923
134 90
134 738
134 257
336 926
336 285
336 577
336 147
774 947
556 77
556 168
962 700
962 107
962 190
962 987
962 114
962 890
962 697
840 245
840 955
840 540
840 809
840 480
840 987
840 482
840 582
840 605
840 170
840 849
840 95
840 68
840 61
840 925
840 872
840 764
840 698
840 338
840 874
840 318
840 873
840 251
840 994
840 311
840 361
840 641
840 531
840 28
840 789
840 796
840 56
840 2
317 304
339 178
393 107
393 907
393 61
393 236
393 754
197 718
197 580
197 2
559 106
559 50
559 622
559 299
559 346
648 267
648 30
648 416
648 313
648 602
648 912
648 168
648 90
648 472
648 74
648 356
648 332
648 586
630 267
630 484
630 353
630 629
630 851
630 685
630 838
630 920
630 274
630 360
630 167
630 952
630 377
630 512
630 141
630 668
966 347
966 66
966 45
966 168
353 190
353 181
353 838
353 920
353 656
647 915
647 806
647 280
300 784
541 924
541 516
541 576
541 506
541 923
541 90
541 738
541 644
541 837
895 163
895 518
895 823
895 799
895 542
895 551
866 700
866 101
866 718
866 716
866 377
866 53
866 149
866 423
866 2
866 365
979 783
979 516
841 367
841 746
563 422
563 731
804 881
220 367
220 471
220 609
220 191
220 196
220 90
220 75
220 334
175 107
175 275
175 423
175 849
175 737
175 246
175 29
175 5
175 553
349 915
349 806
349 224
349 976
349 280
349 838
349 953
349 92
349 428
638 88
638 510
638 853
638 70
638 663
638 96
638 740
638 38
638 42
638 862
638 788
638 649
638 634
638 700
638 106
638 906
638 310
638 322
638 409
638 90
638 337
638 334
638 591
638 2
478 267
768 591
768 2
754 718
754 907
754 184
980 107
980 528
980 718
980 670
980 687
980 114
980 464
980 90
980 189
980 61
980 591
980 5
531 540
531 987
531 528
531 482
429 401
429 609
429 454
429 196
789 338
789 605
789 540
789 987
789 329
789 511
695 585
695 329
695 466
695 450
695 947
78 605
78 506
78 878
78 249
78 929
78 0
78 178
78 502
468 107
468 196
468 643
468 664
466 267
466 662
466 586
466 782
466 947
466 2
663 106
663 410
663 399
663 571
663 591
663 943
663 88
663 70
663 343
663 337
984 435
984 782
984 267
984 74
984 730
984 332
984 586
984 885
984 912
984 168
880 707
880 435
880 609
880 923
880 250
880 120
918 844
918 684
918 458
918 383
918 598
918 704
523 863
505 337
505 509
505 603
640 550
640 53
649 70
649 323
649 402
649 42
450 248
450 662
450 923
450 742
450 684
450 900
450 965
450 157
450 912
450 947
450 915
450 61
450 718
450 712
450 356
450 571
450 870
450 595
450 572
450 586
450 334
450 591
167 35
167 280
167 851
167 838
167 547
167 274
167 978
167 90
167 920
167 181
167 387
167 795
167 988
167 957
367 435
367 713
367 940
367 613
367 377
367 987
367 720
367 684
367 371
367 712
367 865
367 290
367 428
367 738
367 731
367 852
367 107
367 629
367 809
367 923
367 920
367 844
367 243
367 963
367 178
367 743
367 609
367 518
367 692
367 812
367 334
367 502
101 90
101 246
101 423
101 724
101 718
101 377
899 107
899 289
899 898
899 506
899 29
191 617
191 609
191 147
191 749
191 120
687 107
687 724
687 280
687 851
687 500
687 923
687 528
687 90
687 229
687 812
687 684
687 775
687 696
687 75
687 718
687 334
687 377
687 607
687 746
687 595
687 586
687 772
956 565
956 844
956 672
956 48
956 558
956 684
956 458
956 600
956 704
241 61
241 280
249 716
249 862
249 189
249 605
249 99
249 178
249 693
249 976
249 377
249 502
249 929
249 409
249 519
249 491
249 506
249 0
870 784
870 571
870 628
870 53
870 746
870 680
870 371
95 329
95 540
95 873
95 987
95 251
387 795
387 978
551 799
551 518
551 823
551 646
551 485
551 369
574 356
987 432
987 245
987 955
987 540
987 809
987 480
987 482
987 617
987 582
987 849
987 68
987 925
987 872
987 764
987 698
987 185
987 338
987 471
987 873
987 251
987 994
987 311
987 361
987 641
987 28
987 796
987 90
987 56
90 890
90 898
90 613
90 190
90 157
90 422
90 168
90 1001
90 671
90 662
90 120
90 926
90 70
90 915
90 114
90 518
90 292
90 625
90 189
90 113
90 791
90 178
90 609
90 646
90 356
90 692
90 657
90 147
90 502
90 454
90 143
90 435
90 868
90 940
90 280
90 851
90 669
90 953
90 423
90 936
90 749
90 244
90 226
90 912
90 61
90 74
90 506
90 105
90 107
90 248
90 629
90 644
90 920
90 923
90 464
90 837
90 53
90 742
90 881
90 769
90 862
90 233
90 246
90 651
90 978
90 428
90 361
90 334
90 188
379 662
379 900
857 915
857 806
857 17
857 136
857 838
857 200
857 953
857 428
857 2
198 120
198 454
157 926
157 585
157 248
157 356
157 851
157 740
157 577
157 742
157 586
157 915
157 935
157 61
157 718
157 670
157 542
157 347
157 277
157 746
157 731
157 147
157 334
157 591
157 684
250 886
250 782
250 356
250 662
250 542
250 518
250 854
250 332
250 749
652 107
168 586
168 730
168 77
168 868
168 607
168 313
168 744
168 912
168 30
168 472
168 74
168 356
168 439
168 557
168 416
168 949
168 332
168 521
168 923
192 107
192 289
192 553
192 381
192 506
192 664
727 180
16 19
16 282
16 410
16 716
290 147
290 589
290 923
290 253
290 53
290 120
957 953
957 280
957 374
957 547
957 978
929 506
929 0
929 99
929 178
929 878
910 193
910 329
910 185
910 692
910 334
910 591
881 700
881 644
881 924
881 516
881 1001
881 738
881 381
881 783
881 810
881 778
92 915
92 806
92 280
92 838
92 428
92 953
256 416
256 313
256 74
256 356
15 731
15 943
15 422
15 680
374 784
374 229
374 400
374 742
374 659
374 105
96 299
96 509
96 634
838 435
838 484
838 782
838 267
838 915
838 373
838 136
838 445
838 332
838 629
838 224
838 631
838 806
838 656
838 280
838 160
838 428
838 750
67 963
67 846
67 920
67 190
67 656
67 344
855 784
855 720
855 170
855 540
855 153
855 697
149 718
149 643
149 716
149 423
42 323
42 943
42 509
465 700
465 812
465 119
465 664
465 178
465 2
585 35
585 528
585 547
585 978
585 922
585 822
585 407
717 782
830 692
692 926
692 550
692 245
692 540
692 742
692 696
692 229
692 775
692 749
692 75
692 935
692 700
692 61
692 233
692 153
692 329
692 746
692 671
692 334
692 591
692 2
969 528
969 718
969 153
577 926
577 129
577 171
577 715
577 590
577 347
577 748
577 277
577 862
577 355
577 147
577 458
577 933
577 285
577 935
812 700
812 550
812 119
812 696
812 586
812 772
812 2
819 329
819 955
819 53
819 540
975 671
975 397
365 718
365 118
365 377
365 732
565 926
565 321
565 715
565 503
565 558
565 684
565 943
565 704
565 41
435 267
435 53
435 825
435 885
435 74
435 782
435 332
435 196
435 515
435 111
435 416
435 586
435 869
435 334
435 500
400 318
400 659
280 143
280 496
280 189
280 851
280 136
280 978
280 953
280 408
280 846
280 422
280 656
280 281
280 631
280 141
280 160
280 421
280 731
280 35
280 629
280 595
280 547
280 920
280 274
280 902
280 526
280 561
280 360
280 915
280 795
280 817
280 700
280 502
280 772
280 188
936 304
936 75
936 407
936 369
247 323
229 718
229 397
229 742
229 580
229 696
229 75
229 334
229 421
229 343
503 458
503 1000
503 704
423 716
423 377
423 369
423 246
423 189
423 849
684 458
684 1000
684 48
684 844
684 558
684 586
684 679
684 743
684 41
684 915
684 318
684 321
684 542
684 571
684 332
684 731
684 356
684 334
684 704
786 862
786 502
786 99
434 704
634 106
634 622
634 376
634 402
634 299
634 788
634 346
634 509
725 947
725 940
935 233
935 923
935 746
935 720
935 77
935 696
935 193
935 571
935 668
935 111
410 143
410 189
410 650
410 837
410 38
410 56
737 849
737 664
737 506
737 107
60 947
347 926
347 590
347 472
347 147
347 715
347 933
347 171
99 862
99 0
99 178
99 502
99 878
976 605
976 0
976 178
976 502
822 70
822 603
409 605
409 0
409 178
934 195
934 718
934 318
485 799
485 604
485 513
485 646
485 542
485 369
485 518
993 901
993 863
993 772
114 275
114 718
114 169
114 716
923 890
923 235
923 159
923 617
923 332
923 75
923 270
923 746
923 875
923 738
923 707
923 120
923 633
923 915
923 921
923 53
923 742
923 476
923 586
923 233
923 609
923 516
923 356
923 607
923 502
923 500
923 783
923 193
923 334
923 591
923 772
923 2
511 338
511 849
511 703
920 550
920 851
920 190
920 274
920 160
920 35
920 526
920 656
920 915
920 141
920 614
920 978
920 746
920 988
920 181
920 188
53 890
53 614
53 783
53 851
53 978
53 332
53 546
53 901
53 674
53 926
53 193
53 120
53 633
53 629
53 540
53 742
53 609
53 518
53 277
53 311
53 364
53 264
53 586
53 502
703 784
703 170
703 383
703 120
703 659
862 700
862 605
862 693
862 547
862 0
862 178
862 502
243 718
243 607
243 772
943 70
943 399
943 310
943 368
943 103
943 322
943 402
602 868
602 356
602 313
602 472
602 61
602 586
602 743
713 566
713 454
915 851
915 136
915 344
915 953
915 428
915 912
915 224
915 61
915 806
915 952
915 141
915 971
915 185
915 248
915 334
915 200
915 189
915 892
915 718
915 75
915 356
915 782
915 302
915 17
915 586
915 772
437 516
528 921
528 742
528 566
528 383
528 922
528 371
528 609
528 337
528 731
528 772
528 502
528 2
614 547
614 851
614 141
614 978
614 190
614 188
285 147
285 715
571 742
571 277
571 542
571 900
571 160
772 633
772 613
772 566
772 454
772 775
772 75
772 609
772 61
772 200
772 377
772 783
772 141
772 334
772 56
772 120
188 851
188 547
188 526
188 561
188 824
188 360
188 631
188 978
188 421
188 141
188 502
323 510
323 139
323 706
323 601
323 622
323 343
323 676
323 399
139 510
139 601
139 369
139 322
139 376
139 282
898 107
627 890
482 540
482 153
482 251
482 105
482 641
482 178
482 56
369 518
369 275
369 646
369 513
369 444
369 132
369 407
369 263
582 700
582 994
582 329
582 105
582 540
582 580
582 764
582 364
454 890
454 863
454 922
454 609
454 592
454 858
454 196
454 401
454 193
454 147
454 706
454 120
580 669
580 809
580 480
580 791
580 2
422 680
422 613
422 377
422 731
422 284
422 696
791 693
791 2
947 488
224 806
224 428
45 66
471 329
471 444
471 617
471 147
4 628
4 304
4 784
4 371
153 245
153 418
153 329
153 1001
153 746
153 588
153 836
153 764
800 854
160 629
236 107
236 532
236 537
971 806
971 200
971 952
185 854
185 171
185 742
185 334
5 107
5 491
5 506
5 464
5 29
5 118
5 670
698 540
633 609
633 311
633 70
633 540
633 184
633 617
633 707
633 193
633 476
633 75
633 500
633 120
70 510
70 853
70 609
70 38
70 299
70 383
70 343
70 399
70 103
70 322
70 264
70 75
70 334
70 509
70 120
955 311
955 264
955 540
955 873
955 925
68 506
68 540
921 516
921 724
921 657
921 506
921 1001
921 738
921 783
398 61
659 742
659 963
659 784
200 782
200 806
200 952
200 136
200 344
200 428
113 163
113 854
113 646
113 542
113 518
299 329
299 509
664 107
664 643
664 381
664 985
664 289
664 810
664 537
885 782
885 313
885 889
885 332
885 586
885 912
472 868
472 416
472 730
472 77
472 744
472 30
472 332
472 112
472 313
472 743
472 598
472 318
472 356
472 439
472 912
472 949
906 88
906 601
906 853
906 106
253 120
332 868
332 617
332 383
332 912
332 318
332 74
332 193
332 674
332 844
332 542
332 558
332 356
332 782
332 854
332 586
332 500
401 683
401 196
105 418
105 742
641 364
641 540
337 38
337 106
337 676
337 510
337 603
337 343
337 132
337 919
337 320
919 601
919 38
919 1000
919 376
502 851
502 978
502 749
502 75
502 605
502 61
502 878
502 746
502 118
502 0
502 731
502 189
502 693
502 178
502 718
502 607
502 854
502 334
502 591
267 751
267 344
267 112
267 700
267 631
267 392
267 782
267 988
267 586
925 311
925 540
925 873
925 697
925 874
925 849
404 595
404 506
404 718
404 169
416 629
416 30
416 313
416 743
416 707
416 356
416 782
416 912
416 147
416 586
949 77
949 356
949 439
949 912
473 810
654 738
654 650
654 516
654 783
654 837
654 682
572 696
572 749
572 662
226 506
226 764
457 377
644 924
644 516
644 506
644 1001
644 491
644 783
407 184
407 732
318 809
318 558
318 704
451 988
141 512
141 851
141 978
439 77
439 912
799 163
799 513
799 518
289 107
289 506
289 810
201 107
201 320
201 506
320 107
35 902
35 547
35 978
35 817
464 107
742 784
742 863
742 170
742 75
742 718
742 900
742 61
742 334
742 120
902 629
902 526
402 106
402 788
775 329
775 746
788 106
780 603
780 514
519 0
163 518
163 646
163 732
518 683
518 609
518 444
518 383
518 124
518 823
518 646
518 542
518 147
518 513
518 854
718 724
718 75
718 61
718 904
718 595
718 732
718 716
718 356
718 377
718 189
718 334
718 591
373 190
373 344
428 136
428 953
428 189
428 629
428 806
428 302
428 978
931 277
931 147
931 715
668 720
668 746
601 376
853 343
613 738
672 844
730 868
730 112
730 313
730 356
730 586
730 912
17 806
751 586
751 674
444 383
846 631
846 629
846 547
75 248
75 617
75 749
75 546
75 609
75 607
75 662
75 193
75 147
75 334
75 120
901 784
901 863
251 540
1001 924
1001 605
1001 506
1001 514
1001 685
1001 516
671 397
933 590
933 147
933 715
933 2
933 171
309 38
926 129
926 61
926 171
926 715
926 748
926 147
510 622
295 178
480 506
480 540
338 28
338 245
338 540
338 873
338 994
338 720
338 849
338 61
732 118
732 184
246 724
246 377
558 321
558 1000
558 48
558 844
558 458
558 704
589 383
696 107
696 377
696 851
696 900
696 607
696 746
696 595
696 731
696 586
696 334
696 56
874 245
874 849
874 540
874 873
874 764
29 107
29 381
29 808
29 670
29 724
29 118
700 782
700 119
700 112
700 749
700 178
700 605
700 61
700 392
700 334
700 748
700 532
700 586
700 2
670 107
670 605
670 248
670 553
670 506
670 643
670 364
670 381
646 112
646 513
646 542
900 863
900 662
900 746
900 383
900 120
782 890
782 484
782 629
782 662
782 607
782 112
782 656
782 61
782 3
782 74
782 912
782 66
782 867
782 743
782 356
782 988
782 405
782 806
782 586
782 500
782 2
682 738
682 516
682 650
682 783
682 924
147 890
147 715
147 383
147 617
147 748
147 355
147 546
147 171
147 277
147 196
147 590
147 334
181 189
181 61
181 724
181 190
181 274
181 656
88 106
88 343
88 399
868 30
868 889
868 313
868 743
868 356
868 912
868 704
724 178
724 107
724 377
724 189
662 193
662 383
136 806
136 952
136 302
355 715
329 245
329 281
329 540
329 849
329 343
329 994
329 738
329 264
329 56
749 629
749 607
749 190
749 707
749 189
749 178
749 343
749 609
749 233
749 854
749 978
749 783
749 2
749 334
912 313
912 77
912 383
912 744
912 74
912 356
912 521
912 586
610 629
61 550
61 851
61 617
61 120
61 170
61 546
61 542
61 674
61 784
61 716
61 693
61 178
61 586
61 19
61 233
61 356
61 334
61 591
823 542
533 784
590 715
590 171
532 107
532 516
532 381
937 628
0 432
0 605
0 178
0 693
769 383
629 484
629 685
629 978
629 189
629 561
629 383
629 360
629 631
629 193
629 750
629 526
119 2
908 30
274 851
274 190
274 978
274 988
274 656
740 248
740 322
566 120
761 516
761 396
171 715
735 603
377 685
377 189
377 738
377 731
795 851
795 978
795 421
994 245
994 863
994 540
994 189
994 764
364 248
364 506
364 764
264 376
264 245
264 540
264 738
264 28
783 516
783 650
783 738
783 506
676 622
890 609
890 235
890 334
890 11
235 609
650 738
650 516
650 745
184 189
745 738
745 516
745 506
445 750
77 521
77 746
77 356
77 2
77 500
383 867
383 844
383 720
383 810
383 321
383 56
383 716
383 731
383 586
383 500
195 595
784 863
784 697
784 170
784 155
784 963
680 707
680 731
680 284
421 978
371 628
371 837
270 516
595 550
595 189
595 169
178 143
178 669
178 605
178 878
178 418
178 118
178 107
178 546
178 359
178 693
178 978
178 2
628 2
743 550
743 356
743 516
743 704
872 143
872 540
750 484
120 190
120 609
120 196
120 707
120 356
120 193
598 313
328 2
245 233
245 540
245 873
245 170
245 591
245 764
540 720
540 849
540 546
540 873
540 697
540 809
540 764
540 311
540 361
540 28
540 796
540 56
716 609
716 189
867 118
814 500
844 48
844 586
844 704
189 334
189 546
189 376
189 497
189 491
189 506
313 744
313 112
313 74
313 356
609 476
609 546
609 707
609 193
609 591
516 764
516 924
516 738
516 576
516 837
516 945
516 657
516 506
657 506
356 112
356 744
356 30
356 542
356 586
356 334
302 806
817 988
817 851
817 978
817 2
808 107
704 30
704 458
704 321
704 48
796 143
509 603
509 346
849 275
143 376
143 669
143 193
1000 112
1000 48
1000 458
576 738
576 506
497 281
497 491
617 811
617 586
617 233
458 321
458 48
458 41
118 107
118 553
720 746
381 107
381 506
381 810
546 550
546 715
546 193
196 873
196 731
321 48
74 112
74 392
74 674
74 586
506 738
506 924
506 248
905 281
405 2
738 837
738 28
738 760
514 603
697 311
697 170
697 771
697 873
107 591
107 810
107 537
107 553
107 985
107 643
924 837
524 310
547 851
547 978
392 112
392 674
310 343
277 715
277 746
322 38
322 343
322 334
322 2
988 851
988 656
988 978
491 281
2 669
2 521
2 561
2 334
2 500
432 512
159 334
159 500
190 656
512 978
344 806
344 952
41 48
693 605
806 952
806 953
873 311
746 550
746 334
746 233
746 542
746 591
674 112
851 193
851 978
851 731
851 334
193 707
193 500
685 605
685 643
30 744
360 526
233 550
607 334
607 591
69 343
586 248
586 542
586 334
586 500
38 343
38 591
284 731
399 343
656 978
542 500
748 715
376 731
550 248
550 526
248 334
248 591
334 500
