323 84
323 951
323 906
323 534
139 534
833 416
833 720
833 127
833 415
898 335
898 2
898 107
335 537
335 553
335 192
335 2
335 464
335 670
335 980
335 289
335 790
335 118
335 1004
335 201
335 107
335 688
335 29
335 899
335 5
335 175
913 535
913 369
951 926
951 225
951 540
951 715
951 923
951 369
951 617
951 707
951 866
951 235
951 284
951 749
951 416
951 404
951 997
951 214
951 807
951 13
951 191
951 865
951 883
951 53
951 584
951 752
951 239
951 772
951 706
951 415
951 940
951 0
951 885
951 65
951 500
951 15
369 62
369 535
369 513
369 263
813 720
813 746
813 668
582 987
582 840
582 105
582 540
584 680
584 15
538 880
538 178
538 605
879 534
879 420
165 626
165 990
165 543
165 207
165 31
165 344
522 546
522 550
522 38
522 61
82 135
947 774
527 720
874 231
874 840
874 245
874 540
874 873
874 925
874 764
471 609
471 518
471 840
471 868
471 15
776 214
776 502
765 648
765 30
765 104
765 232
765 936
765 523
765 356
765 742
765 90
765 704
765 581
4 135
4 720
4 304
800 62
738 214
738 541
738 264
738 654
738 783
738 506
738 923
738 692
418 996
418 977
418 153
236 107
236 532
474 534
453 595
102 534
5 532
5 175
5 107
135 248
135 292
135 594
135 923
135 942
135 742
135 170
135 157
135 450
135 371
135 530
135 915
135 72
135 703
135 542
135 628
135 834
135 517
135 870
135 405
135 914
135 697
135 581
135 586
135 334
624 245
624 193
624 840
86 662
86 443
86 152
413 214
413 196
231 910
231 840
231 245
231 955
231 540
231 873
231 987
231 2
98 707
98 107
98 454
98 134
98 401
98 429
98 117
98 713
98 268
98 278
633 923
633 334
633 416
633 940
633 873
425 112
425 472
425 416
425 214
425 104
425 232
425 356
425 730
425 946
425 912
955 925
955 840
955 987
65 890
65 214
65 70
65 150
65 940
65 687
65 53
65 239
65 752
65 607
65 90
65 193
65 720
65 415
65 134
65 1003
65 772
65 120
68 987
482 531
482 480
482 987
482 990
482 56
659 306
974 435
292 942
200 952
306 374
306 720
306 61
306 873
113 62
113 337
299 388
664 107
443 662
443 915
872 987
470 178
530 214
530 915
530 891
530 280
530 851
530 542
530 428
530 920
530 517
530 629
758 844
758 956
758 918
758 73
758 41
758 499
758 723
472 782
472 912
472 232
472 168
789 179
789 987
789 2
906 88
906 534
954 469
954 990
206 534
206 487
497 281
253 566
253 290
253 151
332 435
332 586
332 126
332 318
332 500
752 416
752 191
752 120
14 506
14 924
14 702
257 416
641 987
588 245
450 915
450 900
450 334
450 517
337 505
919 534
305 232
454 196
454 429
454 416
454 53
431 188
267 648
267 435
267 142
267 112
267 751
267 586
267 478
267 517
107 468
107 737
107 192
107 327
107 464
107 208
107 90
107 670
107 289
107 381
107 985
107 201
107 810
107 29
107 899
107 175
107 214
107 537
107 553
107 393
107 652
107 643
107 980
107 808
107 532
107 118
107 688
107 320
107 1004
58 909
404 595
404 506
404 169
173 506
416 648
416 435
416 235
416 126
416 617
416 707
416 294
416 214
416 166
416 134
416 912
416 556
416 962
416 90
416 518
416 1003
416 880
416 191
416 150
416 356
416 91
416 185
416 890
416 415
416 2
416 120
516 532
516 761
6 178
654 991
16 718
948 356
811 415
424 469
424 990
644 1001
318 840
318 196
433 987
990 190
990 207
990 31
990 178
990 302
990 316
865 214
141 214
141 978
141 167
439 648
439 912
439 949
439 168
71 595
421 469
477 534
493 629
997 214
997 191
151 278
151 923
147 926
147 214
147 720
147 150
147 277
35 851
35 469
35 978
891 353
891 248
891 629
891 190
891 24
891 445
742 214
742 784
742 334
742 517
767 178
658 561
658 629
1004 977
1004 208
780 514
850 962
850 214
850 150
850 1001
850 415
31 92
858 991
599 929
599 314
599 178
518 535
518 551
518 854
518 62
518 53
718 696
718 61
718 281
718 724
718 595
718 114
718 377
718 904
718 32
718 994
718 189
718 716
718 127
718 843
718 365
39 923
469 630
469 512
469 301
469 614
469 547
469 795
469 241
469 817
469 957
469 207
469 274
469 167
469 188
373 391
373 344
428 915
428 696
428 920
428 851
428 316
91 716
91 830
91 774
251 987
127 214
127 595
127 923
127 281
314 178
314 929
314 693
314 333
668 746
601 962
601 534
601 70
672 844
730 356
730 912
788 534
788 634
160 552
160 629
575 66
575 912
575 966
575 168
517 915
517 687
517 920
517 851
517 731
517 112
517 591
75 910
75 191
75 546
75 120
75 196
75 334
75 53
75 772
75 607
710 929
710 178
41 565
41 73
41 723
41 499
391 484
391 288
883 843
61 243
61 534
61 840
61 991
61 228
971 543
293 697
611 921
671 609
671 923
671 325
671 120
875 923
278 214
278 334
278 923
278 196
304 441
132 388
688 553
309 534
581 193
581 594
581 936
926 565
926 129
926 577
926 715
926 336
926 347
926 748
510 534
126 52
126 790
126 812
126 2
295 178
367 923
40 214
480 987
338 987
338 840
732 0
324 214
324 334
324 70
324 591
142 915
142 920
142 274
558 956
558 499
558 48
104 936
589 383
589 290
589 909
696 915
696 248
696 851
696 692
696 607
696 595
696 229
696 534
696 157
696 410
696 334
696 687
696 2
247 534
29 506
29 867
29 532
164 943
164 420
700 812
700 790
700 2
84 534
832 862
832 38
832 423
646 62
646 112
900 193
782 435
782 500
782 2
612 214
499 214
499 319
499 1000
499 73
499 723
499 48
499 216
499 844
499 956
499 458
499 918
991 178
52 648
52 2
393 907
393 184
927 214
181 189
181 920
181 724
24 561
24 838
24 629
684 844
684 565
684 1000
868 168
868 912
868 2
849 987
849 175
150 629
724 189
724 246
662 915
180 847
136 542
136 316
136 915
32 534
32 791
32 840
723 565
723 503
723 73
329 819
329 910
329 245
544 214
544 669
544 143
544 563
544 8
759 984
759 166
322 534
322 70
322 2
983 2
535 542
912 648
912 214
912 984
912 232
912 435
912 74
912 356
912 949
912 260
912 77
912 586
912 266
912 885
912 168
333 929
333 605
333 178
214 435
214 190
214 987
214 720
214 746
214 220
214 371
214 940
214 531
214 316
214 515
214 239
214 569
214 70
214 629
214 923
214 920
214 963
214 178
214 356
214 692
214 978
214 334
988 207
988 915
388 70
388 2
64 534
893 534
716 365
239 159
239 940
239 923
239 713
532 1001
532 381
532 2
532 804
532 761
702 1001
937 585
937 628
0 178
569 178
288 484
288 773
288 846
288 629
288 630
769 784
362 383
362 586
362 909
629 630
629 631
629 846
629 280
629 685
629 561
629 526
629 190
629 750
629 360
119 2
119 790
119 812
415 630
415 500
415 762
274 188
274 920
274 167
740 534
740 420
260 168
605 840
605 685
605 178
605 1001
341 942
977 103
977 423
977 950
761 804
761 881
843 907
762 984
228 178
171 715
291 196
56 987
56 840
56 540
96 420
319 1002
377 365
321 216
994 987
994 840
264 245
854 542
854 586
854 62
854 250
783 541
783 506
676 534
890 609
890 940
890 595
890 923
460 534
235 923
184 607
313 2
909 862
909 383
909 528
62 823
62 513
62 551
62 485
62 120
77 356
77 2
383 807
383 179
383 586
383 547
383 500
680 707
680 720
680 284
680 15
925 311
925 697
925 987
925 840
46 88
111 935
327 275
327 381
316 915
316 11
420 559
774 540
409 178
885 984
885 586
950 88
950 663
950 514
950 103
950 1001
120 70
120 823
120 542
120 923
120 53
120 196
120 940
120 198
120 534
120 772
245 840
245 233
245 540
245 987
245 764
540 840
540 233
540 855
540 987
540 170
595 687
595 169
867 2
976 178
844 956
294 74
294 586
294 168
207 99
134 807
178 502
178 90
178 669
178 99
178 862
178 693
178 339
178 929
178 249
178 78
743 648
743 166
962 70
962 514
962 987
609 707
609 940
609 923
609 1003
609 53
609 772
609 196
814 500
840 987
840 170
840 764
840 873
840 311
840 2
562 534
192 506
192 381
356 168
356 648
356 250
196 435
196 940
196 720
196 70
196 429
559 50
796 987
509 638
2 966
2 528
2 923
2 168
2 984
2 790
2 812
2 586
2 334
2 502
630 920
630 685
353 920
1000 48
851 915
851 280
851 547
851 920
851 978
851 387
851 167
617 923
720 855
720 771
720 746
720 697
720 935
458 48
220 191
698 987
275 114
275 175
175 423
790 812
790 168
74 984
74 256
506 1001
506 381
506 78
638 634
768 591
697 170
697 873
697 855
939 534
78 502
489 534
663 534
663 343
663 528
663 649
984 168
984 586
880 707
880 923
547 585
622 534
649 534
764 987
167 915
167 978
167 188
70 159
707 923
101 246
101 423
191 190
191 692
191 334
191 53
687 500
687 923
687 746
310 343
591 534
591 923
591 746
95 987
551 250
143 669
432 987
159 923
159 940
476 923
987 809
987 873
987 311
987 361
987 531
987 28
90 693
90 940
90 923
1001 103
857 915
157 586
168 949
290 614
746 665
746 500
746 586
746 935
746 692
929 99
910 692
910 334
910 923
193 940
193 334
193 923
92 915
92 838
685 643
838 112
48 956
534 38
534 42
534 106
534 692
534 154
149 112
465 812
692 334
607 248
607 334
643 381
586 435
586 447
586 915
586 166
586 500
435 500
823 542
846 561
940 53
940 772
280 915
280 561
280 920
229 248
229 334
423 246
656 915
656 920
542 500
99 862
731 915
248 334
923 53
923 334
923 772
920 915
978 188
334 772
