1195 992
1195 1233
1195 1266
1195 1171
1823 100
1823 1879
1823 1823
667 1463
2055 2045
2055 1335
1330 27
1330 1592
1330 1061
1330 1
1330 1330
1360 429
810 1464
810 1234
946 290
946 45
375 675
375 586
375 375
375 66
375 1468
375 83
375 424
375 1048
2083 2083
2083 1384
2083 1784
2083 460
2083 1107
2128 2093
382 2011
382 1465
382 1618
382 78
382 65
382 83
382 297
382 473
382 1450
382 1354
382 2122
382 802
382 1610
382 382
382 1657
382 22
382 824
382 1623
382 412
382 4556
382 484
382 1946
382 1098
382 812
382 2623
382 1245
382 965
382 426
382 1593
382 1224
382 1042
382 136
382 1447
382 1228
382 1229
382 66
382 1345
382 763
382 1234
382 586
382 380
382 1463
382 4
382 1674
382 1840
382 1841
382 709
382 290
382 1040
382 143
382 1149
382 1403
382 36108
382 2562
382 1106
382 1496
382 1384
382 1171
382 350
382 310
382 431
382 10273
382 707
382 353
382 1335
382 1532
382 25
382 942
382 440
382 396
382 1459
382 450
382 1713
382 1589
382 1061
382 896
382 955
382 429
382 1636
382 1079
382 45
382 344
382 717
382 1158
382 175
382 1592
382 121
382 302
382 296
382 2042
382 428
382 935
382 11
382 1374
382 2095
382 1409
1120 462
1544 1583
1544 132
1544 943
1544 394
1465 1547
1465 402
1465 1672
1465 1465
1465 36108
1465 65
1465 1445
1465 1849
1465 619
1465 353
1465 377
1465 2051
1465 802
1465 1335
1465 1650
1465 1566
1465 303
1465 1909
1465 321
1465 290
1465 492
1465 943
1465 797
1465 11
1465 717
1465 1459
1465 450
1465 1468
1465 1589
1465 1708
1465 404
1465 934
1465 1577
1465 1536
1465 1450
1465 491
1465 3
1465 1570
1465 1320
1465 45
1465 766
1465 1993
1465 349
1465 936
1465 622
1465 317
1465 813
1465 1573
1465 250
1465 307
1465 1647
1465 1713
1465 460
1465 143
1465 121
1465 613
1465 1462
1465 1552
1465 1698
1465 428
1465 362
1465 1643
1465 1409
1962 302
1962 763
1386 1049
1386 763
2623 121
2623 297
2623 1450
2623 360
2623 2623
2623 450
2623 763
2623 532
1245 1409
1245 1233
1245 1353
1245 1784
1245 1384
1245 65
1245 297
1245 802
1245 947
1245 1044
1245 1335
1245 1437
1245 788
1245 1337
1245 343
1245 344
1245 1131
1245 943
1245 1340
1245 1698
1245 913
1245 450
1245 1245
1245 32
1245 78
1245 1061
1245 360
1245 2046
1245 1073
1245 429
1245 1636
1245 437
1245 1529
1245 66
1245 1976
1245 45
1245 763
1245 1234
1245 717
1245 622
1245 317
1245 310
1245 613
1245 4
1245 1763
1245 756
1245 451
1245 290
1245 362
1245 23571
1245 1149
1245 11
1708 1708
1708 78
1708 1944
1708 381
1708 2
1708 1384
1708 65
1708 1450
1708 1049
1708 798
1708 424
1708 66
1708 45
1708 1672
1708 936
1708 380
1708 2024
1708 1589
1708 1650
1708 1686
1708 296
1708 1762
1708 1532
1708 1149
431 1847
431 250
431 1161
431 1672
431 81
431 2
431 1384
431 136
431 65
431 2042
431 297
431 1986
431 431
431 424
431 619
431 66
431 22
431 45
431 1335
431 1310
431 586
431 259
431 1634
431 1463
431 1640
431 1131
431 1095
431 699
431 1021
431 683
431 422
431 451
431 582
431 2024
431 960
431 1149
431 11
1246 290
1246 1589
1246 381
1246 349
1837 350
1837 297
1837 302
1837 3
1837 290
1837 1837
1837 1131
1837 1171
136 1847
136 1233
136 290
136 586
136 1354
136 1302
136 65
136 136
136 429
136 143
136 19
136 1171
136 1536
136 1229
136 703
136 1976
136 45
136 1044
136 1234
136 717
136 709
136 1437
136 1621
136 935
136 1104
136 1306
136 1954
136 2156
136 802
136 3304
136 175
136 1450
136 1646
136 11
136 451
136 83
136 714
136 362
136 1532
136 812
136 441
1119 85
1119 238
1119 2082
1119 1265
1119 1501
1119 586
1119 896
1119 1119
1119 297
1119 45
1119 763
1119 1234
1119 1019
1119 351
1119 802
1119 2508
1119 1646
1119 1193
1119 416
1119 733
1119 2160
1119 450
1119 532
1949 1948
1949 1949
888 78
1688 1547
1729 1729
1729 1253
1631 1740
1631 1631
1631 1441
1631 1
1631 447
1631 45
1631 802
1631 1197
1631 1335
1762 745
2031 416
1954 763
1954 1970
1954 1407
345 1193
345 750
345 1851
345 1857
345 310
345 290
345 345
345 45
345 350
345 1546
1214 1519
1703 297
1703 437
1703 303
1703 360
1703 290
1703 975
1703 45
1703 763
1703 2508
1703 1703
1703 83
1822 943
1822 23571
416 712
416 1442
416 1
416 1450
416 1579
416 1456
416 1993
416 1532
416 586
416 1389
416 1443
416 1131
416 1347
416 75
416 121
416 425
416 451
416 2104
416 2129
416 785
425 1878
425 1799
425 1832
425 321
425 1921
425 1450
425 83
425 121
425 750
425 425
425 1107
425 582
425 1102
425 66
425 100
425 1040
425 1409
1671 66
1671 290
1671 1671
1671 1149
1671 1532
806 27
806 1233
806 2011
806 1441
806 1672
806 1253
806 1651
806 1042
806 1384
806 65
806 1592
806 297
806 143
806 1450
806 469
806 3304
806 45
806 806
806 4556
806 1532
806 935
806 385
806 630
806 1131
806 942
806 1623
806 362
806 121
806 451
806 1847
806 290
806 1595
806 1459
806 1409
806 11
979 36108
1321 462
1321 812
1811 1441
336 1223
2111 2121
2111 2111
2111 763
2111 1098
1799 785
1799 351
1799 1636
1799 348
1799 1
1799 1234
424 1
881 350
881 630
881 1131
881 763
881 406
353 78
353 1184
353 1074
353 1618
353 1171
353 1768
353 1899
353 939
353 1653
353 1345
353 1993
1948 121
1948 65
916 1648
916 346
916 1851
916 916
916 65
916 1532
947 1121
947 1651
947 582
947 699
947 66
947 310
947 45
947 394
1477 1469
1335 1672
1335 956
1335 1223
1335 65
1335 996
1335 1463
1335 1494
1335 1049
1335 699
1335 2051
1335 802
1335 1335
1335 1532
1335 1947
1335 22
1335 454
1335 83
1335 1198
1335 1340
1335 1747
1335 1468
1335 1589
1335 250
1335 1441
1335 1253
1335 1165
1335 930
1335 317
1335 1
1335 429
1335 1529
1335 66
1335 45
1335 763
1335 586
1335 813
1335 1650
1335 297
1335 359
1335 812
1335 1121
1335 605
1335 1552
1335 290
1335 428
1335 11
1532 1672
1532 262
1532 1353
1532 1161
1532 1564
1532 65
1532 83
1532 468
1532 297
1532 1849
1532 1354
1532 1227
1532 2051
1532 1054
1532 1657
1532 943
1532 1702
1532 1193
1532 733
1532 913
1532 1716
1532 1392
1532 1098
1532 812
1532 27
1532 1441
1532 1042
1532 1096
1532 1450
1532 798
1532 658
1532 1234
1532 622
1532 1674
1532 1928
1532 532
1532 709
1532 2043
1532 451
1532 290
1532 1149
1532 1547
1532 381
1532 1233
1532 1784
1532 1171
1532 683
1532 19
1532 1044
1532 1532
1532 1650
1532 321
1532 1131
1532 1618
1532 1281
1532 440
1532 36108
1532 1459
1532 450
1532 1059
1532 1023
1532 404
1532 394
1532 896
1532 1
1532 429
1532 1636
1532 385
1532 1924
1532 45
1532 1993
1532 1641
1532 1056
1532 441
1532 121
1532 302
1532 3
1532 2033
1532 1409
71 1841
1131 27
1131 1061
1131 262
1131 1770
1131 1470
1131 1302
1131 1171
1131 350
1131 297
1131 865
1131 1441
1131 1131
1131 1488
1131 802
1131 1019
1131 586
1131 143
1131 454
1131 1644
1131 3304
1131 1450
1131 121
1131 302
1131 451
1131 1098
1528 1657
1528 1528
1528 396
1528 78
1528 1095
1528 65
396 350
396 396
1589 32
1589 2
1589 381
1589 75
1589 1463
1589 788
1589 1851
1589 310
1589 450
1589 11
1927 824
1927 935
1927 1228
1927 913
1927 290
1927 619
1927 1447
1927 65
404 1651
404 1547
404 1541
404 2023
404 2
404 1384
404 404
404 1
404 1899
404 386
404 45
404 763
404 121
404 997
404 1020
404 310
404 88
404 4
404 1641
404 297
404 302
404 360
404 1177
404 1650
404 1797
404 1627
404 1193
404 394
404 493
404 290
404 370
1944 121
1944 1463
1944 1672
934 429
934 1354
1442 143
1442 1061
1442 1471
1442 1384
1442 454
1745 1651
1745 302
1745 1406
1745 290
1745 45
1745 763
1745 1171
288 350
288 288
288 1643
288 1047
288 360
1786 290
1786 45
1698 381
1698 360
1698 1353
1698 109
1698 1384
1698 1
1698 622
1698 350
1698 310
1698 437
1698 798
1698 65
1698 66
1698 45
1698 1234
1698 586
1698 1657
1698 1306
1698 1841
1698 83
1698 1508
1698 121
1698 750
1698 828
1698 582
1698 1698
1698 75
1698 956
1698 11
1555 1384
1555 1149
1555 709
1890 121
1890 441
1890 1168
1890 1890
1890 1060
303 2065
303 380
303 774
303 303
303 440
303 297
303 1551
303 2024
303 78
303 1928
303 1650
303 683
303 1384
303 2029
303 1353
303 1061
303 1098
303 1993
303 11
1313 462
1313 45
1313 2074
2467 1650
1618 1651
1618 1547
1618 1020
1618 321
1618 1618
1713 310
1713 1724
1713 484
1713 45
1713 1709
1713 83
1826 290
1826 683
1826 45
1826 451
1826 1826
1400 135
1364 2120
1364 1653
1364 1059
1364 65
1364 1364
121 1547
121 750
121 774
121 262
121 1353
121 78
121 1384
121 65
121 675
121 1867
121 290
121 1049
121 2106
121 1469
121 2051
121 2089
121 75
121 1345
121 22
121 494
121 21
121 1710
121 802
121 2024
121 2349
121 462
121 1737
121 11
121 913
121 960
121 1040
121 370
121 812
121 1651
121 367
121 513
121 1253
121 622
121 379
121 2
121 1
121 1899
121 1450
121 1171
121 66
121 45
121 763
121 766
121 344
121 350
121 586
121 450
121 1881
121 297
121 1953
121 321
121 1841
121 1878
121 121
121 451
121 1851
121 493
121 1595
121 2124
121 1842
121 143
121 1149
121 23571
582 622
582 310
582 2106
582 1095
582 1404
582 65
582 350
582 297
582 437
582 451
582 709
582 582
582 66
582 1040
582 32
801 297
801 1450
801 1626
801 801
801 1409
467 350
467 437
467 733
467 1098
467 1123
467 49
577 1017
577 93
577 1353
577 1106
577 763
577 441
1161 451
1161 65
1161 1851
2121 1061
2121 1646
1494 996
1849 1919
1849 1636
1849 3304
1849 1849
1849 428
1849 1044
1849 45
1849 763
1849 1455
1579 75
1579 1579
1054 1450
1365 359
1365 65
1222 1460
1222 429
1222 445
1222 1222
1222 913
1222 107
1222 1178
1222 1
343 586
343 935
343 340
343 343
343 1096
343 613
343 83
343 1
343 1234
343 66
343 310
343 1450
343 1249
343 1636
343 302
343 143
343 423
182 586
182 473
182 460
182 812
182 709
1782 290
1782 1782
1782 83
1782 1060
360 1706
360 1690
360 1353
360 2023
360 1384
360 36108
360 350
360 310
360 1525
360 707
360 88
360 1697
360 1310
360 1437
360 956
360 1573
360 454
360 2349
360 1648
360 1202
360 1985
360 450
360 812
360 32
360 360
360 2
360 1636
360 828
360 3
360 45
360 1048
360 370
360 143
360 75
360 451
360 1851
360 362
360 1149
360 1409
412 1018
412 1020
412 1060
412 2046
412 1179
412 1384
412 83
412 709
412 412
412 290
412 66
412 1040
412 930
1993 936
1993 1450
1993 65
1993 302
1993 1049
1993 2029
1993 1993
1102 45
2134 1355
2181 1353
1593 468
1593 1021
1593 2594
1593 454
1593 143
1593 65
1593 766
540 1982
1792 45
3214 22
1577 1577
1577 1570
1577 250
836 1320
836 1233
1536 1636
1536 317
1536 78
1536 1672
1536 1761
1536 1384
1536 1234
1536 3304
1536 1047
1536 359
1536 532
1536 302
1536 290
1536 428
1536 1098
1536 812
1536 949
1536 1409
1862 1855
1862 1302
798 1587
798 828
1791 1797
1791 65
1791 1
1791 707
766 78
766 1229
766 1450
766 1354
766 469
766 1044
766 766
766 586
766 405
766 3304
766 359
766 406
766 302
766 1340
766 733
766 290
766 450
766 812
766 1409
1878 2106
1878 1040
1878 1095
1878 1450
1878 65
1184 1401
1184 1012
1184 1171
1184 297
919 451
919 65
19 1547
19 19
19 709
19 454
19 406
19 1
451 1547
451 914
451 956
451 65
451 1125
451 1464
451 2110
451 619
451 1663
451 88
451 1019
451 25
451 997
451 1710
451 2089
451 450
451 812
451 1651
451 1
451 1521
451 429
451 143
451 437
451 3
451 1963
451 45
451 344
451 350
451 683
451 1355
451 307
451 1928
451 709
451 750
451 297
451 451
451 493
451 290
451 428
451 1842
451 1953
451 11
1328 310
20584 1178
1040 1353
1040 65
1040 75
1040 1450
1040 813
1040 66
1040 100
1040 1048
1040 1019
1040 351
1040 935
1040 259
1040 22
1040 494
1040 1306
1040 1867
1040 83
1040 750
1040 290
1040 1040
1040 143
1655 332
1844 1763
398 586
398 462
398 1392
398 398
398 1450
1106 1463
1106 250
1106 342
1106 1068
1106 622
1106 1106
1106 1353
1106 942
1106 45
1106 1109
1106 350
1106 310
1106 49
1106 1851
1106 290
1106 1946
1106 362
1106 434
1106 717
1966 25
1966 83
1966 11
1810 1796
571 695
571 1672
1401 1308
1401 788
1711 1121
441 440
441 262
441 1422
441 1768
441 297
441 143
441 445
441 441
441 1019
441 1619
441 1020
441 429
441 1098
441 1519
441 942
441 1450
441 1508
441 1004
441 750
441 1366
441 296
441 1888
441 695
441 812
441 1901
1472 316
1472 1469
1472 812
1472 297
1902 2160
1471 1469
1471 1471
1471 45
1471 1384
1178 586
1178 1061
2089 25
2089 1253
2089 2024
2089 1384
2089 896
2089 290
2089 1450
2089 2110
2089 296
2089 93
2089 66
2089 2133
2089 2089
2089 1149
2089 1409
778 1234
297 1847
297 1483
297 3077
297 78
297 1551
297 65
297 1768
297 996
297 297
297 605
297 310
297 1019
297 788
297 1657
297 22
297 986
297 2024
297 3304
297 83
297 1177
297 394
297 1737
297 1648
297 1098
297 1021
297 855
297 1233
297 1684
297 1501
297 2176
297 2
297 391
297 468
297 1450
297 445
297 66
297 1234
297 675
297 1594
297 1464
297 1355
297 1095
297 709
297 2097
297 290
297 1595
297 1061
297 1524
297 1149
297 1901
297 1547
297 1384
297 1171
297 622
297 350
297 1867
297 49
297 1508
297 707
297 1469
297 1592
297 55
297 1337
297 997
297 494
297 321
297 1125
297 824
297 462
297 1747
297 1459
297 450
297 1468
297 1042
297 1481
297 2003
297 2039
297 1253
297 1096
297 799
297 2807
297 109
297 1
297 429
297 1692
297 1634
297 45
297 344
297 4556
297 405
297 936
297 28
297 1701
297 422
297 630
297 460
297 143
297 750
297 302
297 1986
297 1492
297 11
297 2099
297 1409
1423 359
1423 1096
440 1028
440 1441
440 774
440 586
440 1455
440 1450
440 1915
440 1733
440 802
440 1019
440 972
440 942
440 1592
440 1646
440 440
440 913
440 1612
440 1901
391 468
93 936
93 763
93 302
93 1
93 1619
93 1198
93 733
93 93
93 290
93 45
93 1234
960 1450
960 1857
960 290
960 960
960 956
960 1547
370 1340
370 930
370 317
370 290
370 2
370 1223
370 65
370 1481
1037 1552
1037 462
1037 2044
1037 896
1037 1037
799 1450
799 2893
799 763
799 703
2807 290
2807 1674
1529 22
1529 699
1899 1899
1899 302
1035 351
1035 3
1079 350
1079 1737
1079 1
1079 1079
1079 763
1079 65
1621 942
28 83
28 11
402 1193
402 1049
402 402
402 1851
402 290
402 1704
402 802
402 1234
402 1171
402 11
1641 3
1641 733
1641 802
1641 1098
1641 1
2035 2035
2035 788
2035 1384
2035 11
987 290
987 1710
987 1972
987 468
987 987
1986 1384
1986 2
1986 763
1986 1
1558 429
1558 462
2143 2129
2143 362
2143 2143
2143 1409
1805 812
1805 11
1409 85
1409 1409
1409 250
1409 1353
1409 2926
1409 1384
1409 65
1409 2042
1409 468
1409 1867
1409 290
1409 1441
1409 802
1409 350
1409 1947
1409 2064
1409 1841
1409 1710
1409 914
1409 1137
1409 83
1409 1234
1409 1648
1409 913
1409 1747
1409 1459
1409 450
1409 27
1409 1651
1409 78
1409 622
1409 2046
1409 2058
1409 1636
1409 75
1409 66
1409 763
1409 936
1409 184
1409 1870
1409 1306
1409 310
1409 1095
1409 1450
1409 1800
1409 737
1409 1121
1409 750
1409 1888
1409 296
1409 362
1409 351
1409 2024
1409 675
1409 11
1353 1547
1353 381
1353 1353
1353 78
1353 1709
1353 1171
1353 350
1353 310
1353 1084
1353 49
1353 800
1353 619
1353 25
1353 2064
1353 2024
1353 1193
1353 2164
1353 2160
1353 450
1353 1651
1353 342
1353 586
1353 1455
1353 2
1353 896
1353 1
1353 290
1353 3
1353 66
1353 447
1353 45
1353 763
1353 622
1353 1162
1353 709
1353 362
1353 1149
1984 1946
605 380
605 1253
605 1306
605 943
605 83
605 1177
605 1450
605 605
605 1648
605 745
605 1345
1488 802
2122 1266
1610 1610
1610 302
1610 49
1610 1716
1610 290
1610 1946
1610 1459
1610 342
1343 350
1343 302
986 1355
986 11
1865 1864
1623 184
1623 429
1623 913
1623 310
1623 1369
1623 45
1623 1623
1623 1651
1623 11
1599 913
1794 75
1794 1455
1794 83
1470 1531
1470 1470
728 1345
1392 1165
1392 45
1392 83
1392 1
1392 812
927 812
927 65
1475 350
1475 613
1475 1
1475 1475
1967 943
1501 763
1501 1266
1644 1098
1644 802
1644 1672
1518 613
1518 1406
1518 1526
1622 302
1557 936
1557 1450
1557 1557
1557 774
1557 290
1557 956
1557 78
1557 1098
1557 1855
1557 1646
1855 66
1855 1098
1073 1340
1073 1384
1073 1073
2008 310
2008 1884
2008 1
2008 2008
2008 32
2008 1921
2008 2
2008 1149
2008 1114
2008 1546
2008 11
380 1437
380 1441
380 381
380 1947
380 943
380 896
380 65
380 83
380 675
380 310
380 380
380 1
380 1227
380 1468
1570 75
1570 828
1570 3
1570 1573
1570 450
1369 429
1369 2096
1369 3
1369 83
1369 874
1369 2112
1369 65
1369 102
1730 75
1730 437
1345 85
1345 1441
1345 1672
1345 290
1345 930
1345 83
1345 65
1345 812
1345 2045
1345 1450
1345 3
1345 45
1345 1345
1345 802
1345 1234
1345 717
763 848
763 2011
763 1407
763 914
763 78
763 1171
763 350
763 1867
763 2110
763 703
763 802
763 1672
763 1019
763 494
763 2064
763 454
763 83
763 565
763 1193
763 2045
763 1340
763 11
763 1459
763 1098
763 812
763 1684
763 2003
763 379
763 1
763 429
763 3
763 65
763 45
763 763
763 1234
763 586
763 1162
763 2258
763 630
763 695
763 1095
763 406
763 302
763 1338
763 290
763 2042
763 351
763 1704
763 1149
1647 1650
1647 1450
675 1847
675 1985
675 1672
675 381
675 1825
675 1547
675 65
675 1
675 1354
675 45
675 1234
675 1116
675 936
675 1464
675 1095
675 2039
675 290
675 362
1104 429
1104 462
1104 1
250 1441
250 2044
250 1672
250 381
250 1223
250 1171
250 1463
250 1447
250 936
250 454
250 394
250 1450
250 1852
250 750
250 302
250 913
4 1000
4 4
4 83
2562 1261
795 795
795 619
1722 429
1722 45
1533 462
1626 1629
1626 802
1626 1626
290 1847
290 296
290 1672
290 262
290 1553
290 956
290 78
290 65
290 1049
290 1450
290 1354
290 310
290 802
290 1657
290 381
290 454
290 943
290 83
290 1646
290 913
290 1098
290 812
290 855
290 1233
290 342
290 965
290 468
290 622
290 1042
290 1447
290 445
290 1228
290 66
290 1234
290 586
290 1881
290 1306
290 98
290 695
290 1355
290 1674
290 1840
290 1841
290 709
290 1619
290 1958
290 290
290 143
290 11
290 27
290 36108
290 1886
290 1825
290 2926
290 1384
290 1171
290 532
290 350
290 1464
290 800
290 1779
290 699
290 1770
290 25
290 494
290 824
290 1340
290 1648
290 1985
290 1459
290 450
290 2258
290 1059
290 1403
290 1651
290 2058
290 1061
290 1253
290 394
290 935
290 429
290 1636
290 45
290 1538
290 1406
290 936
290 1734
290 908
290 2508
290 359
290 1149
290 750
290 1851
290 1172
290 362
290 2133
290 932
1915 802
1780 1779
1149 1547
1149 1672
1149 956
1149 1784
1149 1384
1149 65
1149 2042
1149 1463
1149 699
1149 1852
1149 1657
1149 88
1149 66
1149 2160
1149 75
1149 1044
1149 695
1149 1793
1149 81
1149 379
1149 2058
1149 1450
1149 1320
1149 1234
1149 1048
1149 683
1149 317
1149 1306
1149 1355
1149 1765
1149 2097
1149 296
1149 1149
11 1672
11 32
11 1047
11 78
11 1384
11 1171
11 2042
11 350
11 310
11 1756
11 619
11 22
11 83
11 1233
11 1851
11 1
11 1450
11 135
11 1538
11 45
11 717
11 622
11 317
11 1306
11 630
11 1162
11 1765
11 1841
11 1508
11 750
11 11
11 1374
774 774
774 1463
774 1
1407 302
1407 1407
1407 454
1407 2082
1407 1302
381 1702
381 381
381 109
381 1384
381 622
381 310
381 437
381 45
381 344
381 717
381 586
381 1017
381 613
381 83
381 1177
381 1253
381 733
381 2039
381 1856
381 350
381 956
381 346
1840 824
1840 1354
1840 45
1840 812
2023 622
1179 135
1709 422
1709 1946
1709 930
1709 1709
1709 1048
4177 184
4177 4177
350 36108
350 78
350 1384
350 65
350 1768
350 184
350 1049
350 2106
350 1019
350 1619
350 1657
350 1463
350 733
350 75
350 350
350 1098
350 342
350 1879
350 1096
350 913
350 622
350 1
350 429
350 1404
350 437
350 1171
350 66
350 1634
350 717
350 1169
350 586
350 1767
350 2039
350 1585
350 1867
350 1389
350 348
350 1592
350 709
350 49
350 143
350 1612
310 1825
310 78
310 1384
310 65
310 1114
310 709
310 707
310 1291
310 788
310 494
310 1710
310 2349
310 733
310 1468
310 1
310 1404
310 66
310 45
310 622
310 310
310 1095
310 1450
310 359
310 75
1084 622
1084 1797
707 1233
707 36108
707 1306
707 2046
707 78
707 1636
707 733
707 707
707 66
469 622
469 302
469 1340
469 3
469 359
469 450
469 943
469 65
1000 1000
1000 143
1000 1864
1000 2113
1000 1928
1000 362
1000 1646
1000 1302
1566 1202
997 1672
997 83
997 717
1519 429
1519 1
1983 507
1979 2
1827 1627
332 25
2129 2160
2082 1464
2082 2082
2082 896
2082 1168
2082 428
2082 1459
2082 1061
2082 1447
835 1450
1422 66
1422 3
1422 1422
1977 1450
1 1483
1 1672
1 262
1 1551
1 88
1 1019
1 791
1 40
1 1710
1 1946
1 1098
1 812
1 996
1 27
1 1233
1 1441
1 2
1 1450
1 66
1 447
1 100
1 1020
1 1234
1 349
1 1664
1 622
1 813
1 1231
1 532
1 1797
1 143
1 397
1 32
1 1384
1 1463
1 785
1 25
1 1459
1 450
1 1468
1 1651
1 296
1 1
1 1521
1 1636
1 1963
1 45
1 344
1 2064
1 750
1 302
1 1851
1 1172
1649 100
1733 1227
1733 178
1733 1733
1950 943
791 88
4556 3
4556 4556
351 1651
351 36108
351 78
351 1171
351 896
351 184
351 1450
351 3
351 699
351 703
351 45
351 351
351 1710
351 175
351 2508
351 733
351 1704
1068 586
1068 1547
1068 45
429 1547
429 1672
429 956
429 1463
429 619
429 1437
429 25
429 83
429 2123
429 1198
429 765
429 733
429 2160
429 812
429 805
429 1233
429 1761
429 1042
429 429
429 1450
429 437
429 3
429 1228
429 1229
429 2165
429 45
429 1387
429 622
429 317
429 1674
429 348
429 1447
429 498
429 302
429 1445
613 1441
613 613
613 943
613 1406
613 1988
613 66
613 45
824 25
824 22
824 1047
824 78
824 1223
824 1591
824 824
824 3
824 1459
824 1234
348 36108
348 800
348 361
348 348
348 1098
348 1234
1028 1403
1028 1663
1028 1492
1028 1042
1028 532
785 1462
1710 447
1710 1953
1710 394
302 78
302 1551
302 1223
302 1171
302 1049
302 158
302 454
302 1172
302 1747
302 733
302 1459
302 1042
302 1384
302 1946
302 143
302 1960
302 45
302 1901
302 1674
302 1095
302 1592
302 498
302 812
302 109
302 302
302 1338
2124 1266
2124 1447
2124 802
284 1450
284 450
284 3
284 1202
284 36108
284 896
284 284
284 102
284 83
1374 1389
1374 812
932 1042
932 143
932 65
932 1674
2011 1459
2011 935
2011 812
2011 896
3077 2176
3077 109
3077 450
3077 622
1021 1437
1021 788
1021 494
1021 683
1021 1384
1021 65
1021 3
1021 259
1021 1648
1021 66
1021 1595
1021 1538
1021 1021
914 1450
914 494
914 1228
914 914
914 1234
914 45
914 83
914 1800
1884 1877
1884 296
78 362
78 78
78 1384
78 65
78 1763
78 49
78 800
78 1653
78 2051
78 802
78 788
78 1657
78 1841
78 454
78 493
78 1049
78 484
78 1946
78 1459
78 1169
78 812
78 1651
78 394
78 1591
78 143
78 2014
78 1619
78 45
78 1234
78 1171
78 1048
78 1664
78 622
78 1867
78 630
78 1095
78 2508
78 709
78 1462
78 1450
78 1704
1551 1450
1551 1234
996 996
996 262
996 913
996 394
996 1044
1049 1143
1049 1309
1049 1168
1049 394
1049 1463
1049 437
1049 3
1049 45
1049 802
1049 1121
1049 936
1049 317
1049 491
1049 98
1049 454
1049 239
1049 630
1049 532
1049 406
1049 75
1049 1049
1049 1044
1049 1098
1049 25
910 935
910 1646
2051 813
2051 1227
2051 909
2051 2051
2051 975
1220 1404
1220 3
1220 83
961 143
961 359
935 2003
935 1455
935 45
935 750
935 143
935 935
935 450
975 394
1460 454
1460 3
1460 1142
83 1847
83 1724
83 1672
83 619
83 1547
83 65
83 1463
83 1525
83 498
83 699
83 1437
83 1657
83 321
83 454
83 83
83 1546
83 1198
83 1340
83 1648
83 1459
83 450
83 812
83 346
83 1481
83 1441
83 1253
83 1042
83 45
83 896
83 1450
83 828
83 66
83 22
83 1234
83 717
83 23571
83 622
83 1306
83 1182
83 1197
83 750
83 437
83 1172
83 362
565 565
2164 362
434 362
340 2176
340 622
340 1389
340 1047
340 340
340 454
1717 1384
1717 1717
2926 45
426 426
426 1672
426 1763
2182 362
621 956
143 1354
143 1384
143 1171
143 622
143 865
143 1450
143 619
143 1044
143 1061
143 1636
143 25
143 1634
143 1060
143 66
143 1096
143 450
143 1098
143 812
143 1233
143 1253
143 422
143 1447
143 3
143 1320
143 45
143 1740
143 813
143 1464
143 630
143 532
143 359
143 1864
143 1650
143 1004
143 1019
143 1595
143 143
439 439
439 65
1229 25
1229 1061
1229 1653
1229 65
66 1847
66 397
66 36108
66 1724
66 1672
66 956
66 65
66 622
66 2172
66 1469
66 1654
66 788
66 22
66 494
66 321
66 1646
66 1842
66 1468
66 109
66 1481
66 1253
66 2046
66 1042
66 1223
66 1450
66 259
66 1171
66 66
66 45
66 717
66 1048
66 468
66 317
66 813
66 1098
66 1095
66 532
66 359
66 750
66 49
66 1366
66 2039
66 1172
100 717
100 733
100 100
1938 362
1938 1938
1938 1546
349 1847
349 788
349 943
349 1953
349 1384
349 107
349 1450
349 1851
349 1985
349 717
1901 1233
1306 644
1306 1306
1306 394
1306 2
1306 65
1306 468
1306 1636
1306 1234
1443 1462
1095 1947
1095 1547
1095 2024
1095 930
1095 1095
1095 1450
1095 3
1095 450
1841 1125
1841 1841
1841 2106
1841 450
1841 717
1109 1573
2043 2043
2043 532
2043 65
2043 1169
397 2
949 1340
949 359
949 45
1724 622
1724 1724
1724 3
1724 1177
1724 32
1724 450
1724 25
1700 812
1763 507
1763 1590
1763 454
1763 1098
1763 1450
1763 3
1763 1354
1763 45
1763 802
2106 1450
2106 2106
2106 307
2106 65
1223 1463
1223 1265
1223 985
1223 262
1223 788
1223 316
1223 1223
1223 65
1223 1450
1223 689
1223 812
1592 27
1592 75
1592 158
1592 1592
1592 1169
184 1851
184 622
1463 1483
1463 1547
1463 1441
1463 262
1463 1384
1463 65
1463 1450
1463 1976
1463 45
1463 1672
1463 936
1463 317
1463 1573
1463 1463
1463 532
1463 1650
1463 2046
1463 422
1463 913
1463 812
965 362
2110 1018
2110 2110
598 1450
1437 586
1437 1437
1437 1455
1437 135
1437 812
1437 45
1437 802
25 1096
25 1384
25 1450
25 1228
25 1663
25 622
25 25
25 695
25 630
25 1636
25 75
2100 45
1224 1946
1347 1042
1004 1004
1004 1864
1004 1646
1661 942
1648 1143
1648 1547
1648 930
1648 1450
1648 45
1648 1098
1648 346
2029 1121
2029 1888
2166 2166
2166 1459
695 1098
695 1233
695 1042
695 1227
695 498
695 913
695 1982
695 695
1061 27
1061 1061
1061 1042
1061 1096
1061 49
1061 65
1061 802
1061 1171
1061 75
1061 1172
1061 1459
1061 812
515 812
1939 1937
1406 586
1406 1796
1406 1168
1406 45
1406 1526
1406 1450
1406 913
1406 1406
1406 812
1406 346
1480 586
1591 1591
1591 1846
1591 3
915 717
475 913
102 75
102 622
102 45
102 586
498 788
498 1547
498 1096
498 802
498 498
498 812
498 1650
498 1450
498 1462
498 1731
498 1469
498 362
498 45
498 2165
1476 828
1888 1227
1612 1450
1430 65
911 45
911 55
1302 1098
1302 1044
1302 1158
1302 1059
1394 65
1768 3
1768 1098
818 2074
807 532
1227 1847
1227 1664
1227 1441
1227 2013
1227 1455
1227 1197
1227 532
1227 1121
1227 1450
1227 1747
1227 1227
1227 406
88 1384
88 2024
88 88
88 473
1018 1450
1018 802
1018 1355
892 65
1017 473
1017 733
1017 717
1017 65
1017 1017
1573 750
1573 1672
1573 1573
2024 622
2024 2024
2024 65
2024 1450
2024 296
1629 1629
2123 812
1737 1737
1737 1098
484 1450
484 65
1363 2
855 1464
855 1447
855 445
855 622
855 454
27 936
27 27
27 454
27 65
27 3
27 1171
1233 1651
1233 1547
1233 1447
1233 1233
1233 65
1233 45
1233 586
1233 135
1233 1928
1233 913
1233 1946
1233 1459
1233 812
1684 1684
1714 1692
1447 802
1447 630
1447 1447
1447 1098
1447 812
437 956
437 65
437 437
437 318
437 45
437 586
437 75
437 1198
437 828
437 362
437 23571
1228 385
1228 45
1228 317
1228 717
1228 1234
1234 262
1234 943
1234 65
1234 683
1234 45
1234 699
1234 1875
1234 22
1234 454
1234 942
1234 1234
1234 913
1234 1459
1234 450
1234 1441
1234 1455
1234 1809
1234 1636
1234 445
1234 1521
1234 423
1234 317
1234 813
1234 316
1234 1969
1234 1047
1234 2508
1234 1121
1234 2097
1664 1664
1664 586
1664 3
1664 262
317 1441
317 1672
317 379
317 1171
317 65
317 699
317 45
317 317
317 1650
317 1462
317 1552
317 717
317 1172
259 1867
259 259
1020 1193
1020 36108
1020 1020
1928 1987
1779 3
2130 2160
1261 956
1261 1851
2140 2093
1384 1825
1384 1384
1384 65
1384 622
1384 1125
1384 1464
1384 1508
1384 1469
1384 1546
1384 802
1384 1310
1384 1650
1384 1634
1384 750
1384 3304
1384 1646
1384 1985
1384 1946
1384 1098
1384 493
1384 32
1384 1253
1384 379
1384 2
1384 1450
1384 45
1384 344
1384 1459
1384 1171
1384 1169
1384 683
1384 586
1384 1355
1384 1197
1384 709
1384 1389
1384 1019
1114 2042
1114 32
939 65
2102 2099
494 494
494 956
494 65
494 750
494 3
1340 622
1340 1168
1340 630
1340 942
1340 1177
1340 838
1340 619
450 1886
450 65
450 1125
450 1464
450 788
450 493
450 386
450 733
450 2160
450 1985
450 1459
450 450
450 896
450 1450
450 1171
450 45
450 717
450 936
450 622
450 1867
450 359
450 1797
450 1172
1059 1121
1059 1450
1059 394
1059 1059
1059 2093
1947 943
1075 1969
1627 45
1169 493
1169 1169
271 1310
1969 462
1969 45
1969 812
1870 1441
1870 1870
1473 1047
1473 1473
1462 1847
1462 1143
1462 586
1462 532
1462 865
1462 3
1462 107
1462 344
1366 1098
1366 3
1366 1366
296 1019
296 2042
296 1985
296 1450
296 379
296 1387
2093 1590
1672 1441
1672 109
1672 1450
1672 65
1672 45
1672 1672
1672 936
1672 1650
1672 1657
1672 1172
1672 394
262 262
262 10273
262 532
262 1636
262 3
262 1663
262 913
262 1098
1662 1663
1662 802
1662 2165
1662 45
1662 2186
1662 812
30 2014
65 1125
65 1354
65 1310
65 788
65 1909
65 158
65 943
65 733
65 1982
65 622
65 1042
65 1450
65 65
65 447
65 2165
65 1098
65 1953
65 709
65 1595
65 1547
65 1047
65 1351
65 1508
65 1974
65 321
65 828
65 1198
65 1464
65 1468
65 394
65 930
65 45
65 460
65 1650
65 750
65 428
468 936
468 1740
468 630
468 468
468 750
468 1450
468 699
468 733
468 1098
619 1651
619 1547
619 1096
619 956
619 1354
619 1098
1310 1657
1310 1253
1310 812
1509 1469
491 1198
491 362
491 45
493 362
2040 709
2040 2040
1646 1198
1646 1646
1646 1459
1646 802
1526 3
401 45
401 406
913 1547
913 1042
913 532
913 1636
913 1525
913 1098
913 913
913 1459
1098 1847
1098 1547
1098 699
1098 49
1098 1508
1098 1636
1098 802
1098 1019
1098 1619
1098 1740
1098 943
1098 1198
1098 1455
1098 1946
1098 812
1098 1674
1098 1651
1098 1441
1098 2003
1098 1042
1098 1956
1098 2014
1098 1093
1098 1459
1098 622
1098 1098
1098 1450
1098 1650
1098 2097
1098 1172
1098 2099
936 2034
936 1042
936 1096
936 3
936 936
936 709
2191 622
2191 2191
1590 45
1877 75
1877 1797
1403 1403
447 1450
447 447
447 1459
447 45
1976 709
1958 1450
622 1547
622 1825
622 1653
622 75
622 1177
622 733
622 394
622 2
622 1107
622 1450
622 45
622 717
622 622
622 1867
622 1636
622 750
622 699
622 362
1266 342
1266 1266
1266 1674
1266 362
1231 2034
1231 1231
1953 2349
1508 828
1508 1508
75 1450
75 732
75 45
75 717
75 1355
75 462
75 733
75 75
1595 3304
2074 3304
10273 428
10273 10273
848 45
1657 1547
1657 321
1657 943
1657 828
1657 342
1547 1547
1547 1636
1547 3
1547 45
1547 1450
1547 1177
1547 797
1547 812
1796 1796
1796 802
699 1619
699 1450
699 3
699 45
699 812
342 342
342 2046
342 362
1393 1354
683 1464
683 956
683 2
683 2042
683 683
683 532
2172 2160
800 49
800 800
800 3
800 362
377 377
377 36108
703 45
1044 1168
1044 1886
1044 454
1044 812
1044 1450
1044 1459
1044 45
1044 1044
1044 406
55 3
55 55
749 45
1134 2160
405 1253
828 1198
828 346
1990 1019
1990 158
2162 32
107 1429
107 445
107 3
107 107
1060 1060
1060 812
930 2
930 45
930 1355
1765 1048
1765 1765
45 1847
45 36108
45 2042
45 45
45 802
45 788
45 22
45 1886
45 454
45 344
45 943
45 733
45 812
45 586
45 1772
45 1450
45 3
45 813
45 1056
45 1889
45 406
45 2004
45 1171
45 300
45 1198
45 1459
45 394
45 135
45 1521
45 1636
45 362
1521 1143
422 2117
422 1355
422 586
1093 1019
1093 158
1960 3
1960 1960
1182 1198
908 2003
2508 2508
359 394
359 1158
359 1042
359 1171
359 1354
359 1320
359 239
359 1450
359 359
359 362
1916 362
1916 896
1851 1784
1851 956
1851 473
1851 1851
362 344
362 1171
362 1985
362 1450
362 1441
362 673
362 1162
362 802
362 1096
362 532
362 1650
362 992
362 362
1704 1074
1704 802
1704 1704
737 1636
737 812
2099 2
1847 1847
1847 1651
1847 1450
1847 3
1847 1354
1847 717
1847 1047
1847 1121
1847 750
1553 709
956 956
956 135
956 1450
956 1797
956 1198
956 733
460 750
460 460
460 709
2042 135
2042 2042
2042 1450
1125 1125
1125 1464
1125 367
2060 1172
858 1193
1019 1019
1019 158
788 586
788 394
788 812
788 473
788 49
788 1354
1143 813
1143 394
607 1388
1716 1636
1716 733
1048 32
1048 1441
1048 1784
1048 321
1048 943
1048 1985
1048 1048
812 1651
812 1047
812 1636
812 802
812 454
812 2160
812 1459
812 812
812 1821
812 3
812 135
812 1450
812 532
367 367
367 1253
1761 3
1761 1761
2176 1450
2176 733
2176 321
1042 1042
1042 1450
1042 3
1042 1171
1042 344
1042 802
1042 175
1042 1650
1042 1459
455 2160
3 36108
3 1171
3 22
3 943
3 1651
3 1441
3 1956
3 3
3 1585
3 1674
3 175
3 1450
813 813
813 943
813 428
2258 2258
1674 1450
1674 709
532 1354
532 1663
532 175
532 532
2097 1650
2097 1797
2097 2097
1797 1867
1797 1797
1797 23571
1889 586
1889 1889
1338 1338
406 406
36108 673
36108 36108
36108 1441
36108 1450
36108 1459
1653 865
1653 1047
1653 454
1171 394
1171 1171
1171 1450
1171 1198
1171 1459
1464 1355
1464 3304
1464 2132
1464 1464
1469 1513
1469 1478
1469 1469
1546 1552
1546 1546
321 321
321 802
802 1450
802 1354
802 802
802 1619
802 454
802 1193
802 1946
802 1441
802 1096
802 1455
802 1172
802 1197
802 586
802 1585
802 1636
394 394
394 135
394 1450
394 1651
394 1580
394 1583
394 462
394 1074
1198 1857
1198 1198
2160 454
1459 32
1459 379
1459 1450
1459 454
1459 1459
1585 1585
1096 1651
1096 1096
379 379
379 717
1956 1650
1583 1583
717 1450
717 1354
717 717
717 1355
1274 1354
1767 586
1162 1162
630 630
630 3304
158 158
158 462
1988 1988
1197 1740
1197 1197
1197 1743
1197 1450
1800 109
1800 1800
1172 586
1172 454
1172 1047
1172 462
1172 1450
1172 1898
1172 1172
1172 733
23571 1450
23571 733
1354 1168
1354 586
3304 3304
3304 2003
3304 1355
1168 1168
1846 1846
1743 1743
361 1355
2078 1985
2078 2078
1919 1919
22 1740
22 22
22 1651
22 943
22 1450
1886 7
2064 2064
586 865
586 49
586 1793
586 1450
586 586
586 1389
454 1651
454 1636
454 2014
454 1450
454 1320
454 454
454 445
943 1441
943 1188
943 750
943 943
943 1650
1177 135
1177 1177
1193 709
1193 1193
1193 733
733 32
733 1389
733 462
733 733
32 2
32 1985
1784 709
2003 2003
2 1253
2 2
1253 1253
1253 1450
1253 344
445 1389
1946 1455
1946 709
1946 1450
1946 49
1946 1946
1320 1320
1355 1355
865 865
1619 1619
1619 1636
1619 1650
1450 1387
1450 1441
1450 1450
1450 1867
1450 709
1450 2117
1450 1747
1450 1468
1450 1651
1450 135
1450 344
1450 750
1867 1867
49 709
49 1636
49 49
462 1650
462 1580
709 1636
709 709
1985 1985
942 1636
765 1636
765 765
1441 1441
1468 1468
1265 896
109 109
896 896
135 135
1636 1636
344 344
1387 1387
804 175
1650 1650
750 750
