3444 2954
3444 1508
3446 1946
3446 302
3446 2051
3446 1532
3396 3156
3396 3395
3396 1622
3396 3233
3396 83
3396 1114
3529 1246
3366 3365
810 3272
538 2264
538 2578
946 2123
2733 1610
2733 2599
2733 586
2733 1946
2733 350
2733 2884
3645 2043
3645 78
3645 1384
3645 3645
2083 1245
2083 36108
2083 1465
2083 1353
2083 1622
2083 1784
2083 65
2083 3472
2083 1450
2083 66
2083 2264
2083 19475
2083 2874
2083 2083
2083 622
2083 2954
2083 3293
2083 986
2083 2821
2083 83
2083 1149
2083 3049
2083 582
2083 3149
2083 3238
2083 2533
382 1847
382 238
382 2672
382 622
382 2149
382 394
382 3316
382 1042
382 3346
382 135
382 2356
382 1450
382 1441
382 2368
382 2938
382 2264
382 3248
382 88
382 766
382 2874
382 1310
382 972
382 2384
382 382
382 2976
382 2615
382 1060
382 1266
382 2821
382 942
382 83
382 1028
382 440
382 806
382 290
382 1532
382 3183
382 2954
382 1409
382 926
382 2943
2594 1114
2594 3147
3598 3314
3598 943
3575 121
3575 302
3575 35575
3575 2874
2906 1847
2906 2290
2906 2672
2906 303
2906 613
2906 3375
2906 1557
2906 943
2906 65
2906 2944
2906 2678
2906 290
3514 353
3514 763
3514 83
3514 3514
3514 1119
2623 271
2623 2841
2623 182
2623 4158
2623 1353
2623 2
2623 83
2623 66
2623 1583
2623 1835
2623 290
2623 2938
2623 2874
2623 2623
1245 1245
1245 3154
1245 2954
1245 2508
1708 622
1708 2011
1708 2672
1708 2912
1708 343
1708 250
1708 1708
1708 1622
1708 1465
1708 391
1708 3142
1708 1409
431 36108
431 431
431 1384
431 65
431 2042
431 2757
431 3400
431 259
431 3485
431 1073
431 2389
431 2938
431 19475
431 2665
431 2874
431 1532
431 622
431 3448
431 83
431 2821
431 1355
431 1131
431 942
431 1450
431 2344
431 66
431 121
431 605
431 389
431 2024
431 1149
1246 3545
1246 259
1246 1246
1246 35575
1246 1465
1246 3509
1246 360
1246 943
1246 83
1246 509
1246 3247
1246 3478
3611 1610
3611 2000
3611 1631
3611 3154
3611 3611
3611 1409
3611 1233
3611 1946
3611 93
3611 763
3611 932
136 1464
136 302
136 3063
136 3609
136 1073
136 3045
1119 2672
1119 2912
1119 1886
1119 1353
1119 83
1119 350
1119 353
1119 2106
1119 1849
1119 2757
1119 1044
1119 2569
1119 3063
1119 1947
1119 2841
1119 3142
1119 802
1119 3121
1119 3472
1119 3007
1119 2945
1119 142
1119 25122
1119 2989
1119 3543
1119 960
1119 2876
1119 27
1119 3424
1119 1037
1119 3326
1119 3149
1119 1786
1119 1119
1119 2938
1119 3084
1119 763
1119 3467
1119 303
1119 622
1119 2953
1119 3003
1119 1114
1119 750
1119 3156
1119 2833
1119 2631
1119 290
1119 351
1119 1149
1119 2865
1496 3410
1496 1946
2678 1847
2678 1631
2678 1441
2678 142
2678 394
2678 613
2678 3092
2678 78
2678 1703
2678 3161
2678 121
2678 1059
2678 2678
2678 3
2678 1465
2678 2991
2678 1977
2678 2954
2678 1358
2678 1409
2823 1441
2823 2823
2823 2349
2823 394
2917 404
2421 3449
2421 2954
3124 3202
3124 1573
3124 394
3124 2938
3124 1557
3124 943
3124 3324
3124 1465
3124 2508
3124 2821
3124 3124
3124 1462
3124 290
3124 1532
3124 1441
3124 1409
3124 1149
3124 362
3124 2621
307 1650
307 2912
307 259
307 1238
307 307
1459 1847
1459 238
1459 2672
1459 1353
1459 78
1459 1384
1459 1826
1459 297
1459 1450
1459 1441
1459 3
1459 2389
1459 802
1459 766
1459 3282
1459 380
1459 3003
1459 454
1459 763
1459 630
1459 3304
1459 1532
1459 3472
1459 1028
1459 2968
1459 3370
1459 3074
1459 290
1459 1459
1459 2954
1459 1149
825 1847
825 622
825 1450
825 3323
825 972
825 3024
825 825
825 1735
825 65
586 1847
586 250
586 2672
586 2149
586 1233
586 1353
586 78
586 3402
586 350
586 2510
586 3398
586 49
586 3338
586 2938
586 3248
586 763
586 1532
586 1437
586 586
586 2384
586 45
586 2841
586 297
586 2987
586 1114
586 709
586 3056
586 2701
586 2821
586 302
586 2833
586 3400
586 3149
586 290
586 1409
1631 1170
1631 302
1631 3492
1631 2757
380 2348
380 1238
380 394
380 613
380 1557
380 318
380 3161
2000 2672
2000 2149
2000 1106
2000 2811
2000 1353
2000 577
2000 3365
2000 350
2000 2000
2000 49
2000 3338
2000 1916
2000 2757
2000 3587
2000 2361
2000 2051
2000 2689
2000 935
2000 3489
2000 2841
2000 3582
2000 2349
2000 3315
2000 2701
2000 3154
2000 1946
2000 812
2000 360
2000 1042
2000 3402
2000 437
2000 2389
2000 1079
2000 3565
2000 1234
2000 3502
2000 2915
2000 3475
2000 3518
2000 3272
2000 806
2000 290
2000 3183
2000 1149
3011 22
345 828
416 2837
416 2510
416 3457
416 1465
425 66
425 3049
425 1355
425 1409
806 35575
806 806
806 2891
806 3063
806 577
806 932
806 1198
806 1028
806 1149
1977 605
1977 121
1977 1465
1977 613
1977 828
1977 83
1977 2349
1977 675
1977 1977
1977 703
1977 45
1977 1059
1977 1409
3186 2043
3186 1149
3186 1073
2578 2106
2578 1946
2578 2578
2578 1409
2578 943
2578 1149
2819 1573
2819 2819
2888 2888
2888 297
2888 605
2888 1409
2888 394
2888 2368
2888 2938
2888 3304
2888 1229
2888 802
2888 622
3534 2807
3407 3358
3407 3407
2926 350
2926 45
2926 2841
2926 381
2926 290
2926 2926
3427 1961
3427 1409
353 3298
353 1441
353 484
353 3639
353 135
353 353
353 66
353 750
353 45
353 3441
353 2576
353 3071
353 3288
353 3634
353 2349
353 3518
353 2936
353 3313
353 1946
353 2391
353 1409
3587 2938
3587 3587
3587 3582
3587 1409
947 121
947 184
947 66
947 1358
947 4177
1335 250
1335 1441
1335 3327
1335 3398
1335 290
1335 143
1335 1335
1335 2938
1335 1532
1335 1149
1335 2874
1335 3417
1532 1847
1532 36108
1532 3041
1532 2899
1532 1465
1532 943
1532 78
1532 1302
1532 1463
1532 699
1532 2757
1532 1044
1532 1532
1532 1437
1532 2149
1532 394
1532 1618
1532 3472
1532 66
1532 440
1532 1353
1532 2954
1532 1098
1532 1441
1532 1042
1532 955
1532 1
1532 2938
1532 3384
1532 622
1532 297
1532 2047
1532 987
1532 35357
1532 3149
1532 290
1532 1149
1532 1409
3261 2348
3261 605
3261 2653
3261 2874
3261 1149
1776 143
1776 3035
1776 2621
71 493
71 71
71 1409
3142 1847
3142 2510
3142 2653
3142 2938
3142 290
3142 362
3142 1409
3142 1149
3142 2757
1131 1409
1131 1233
1131 3329
1131 2912
1131 556
1131 1557
1131 2807
1131 3369
1131 2757
1131 143
1131 3538
1131 3
1131 3195
1131 435
1131 1044
1131 2878
1131 1437
1131 3272
1131 3282
1131 35575
1131 297
1131 3517
1131 802
1131 630
1131 3547
1131 1618
1131 2508
1131 121
1131 2865
1131 302
1131 2043
1131 3602
1131 1353
1131 290
1131 1131
1131 2954
1131 2907
1131 346
1131 2554
3461 1266
1832 1878
1832 1018
1832 3545
1832 2047
1832 1384
1832 1
1832 1149
1832 297
1832 66
1832 927
1832 1021
1832 2874
3010 1849
1835 2938
1835 1148
1835 1835
2536 350
2536 3049
2536 437
2536 2536
2536 2327
2536 1073
396 121
634 121
634 1916
634 634
634 1096
634 1233
3078 121
3078 1878
3078 381
1589 943
1589 2349
3298 121
3298 290
3298 577
3298 1149
3298 1
3473 184
3473 45
934 290
934 3499
934 1149
934 2938
972 972
972 2384
972 1441
972 2013
972 2814
972 1028
972 3282
972 350
972 1735
972 2569
972 2554
3503 683
3503 35575
3503 2938
3503 1355
3503 1384
3503 2024
3503 3503
955 2559
955 1060
955 2363
955 3350
955 3512
955 955
955 1028
955 3231
955 2757
955 763
955 1358
3470 2653
3470 1384
3470 2874
3470 381
1657 350
1657 3545
1657 391
1657 394
1657 321
1657 2938
1657 2
1657 1149
1657 1409
3356 1946
1139 935
1017 350
1017 437
1017 1017
1017 381
1017 49
1017 2260
1313 3063
1313 3285
2467 250
2467 1441
2467 1465
2467 1353
2467 893
2467 3206
2467 2788
2467 1463
2467 1902
2467 2938
2467 2264
2467 19475
2467 45
2467 802
2467 1878
2467 402
2467 1573
2467 942
2467 83
2467 2467
2467 66
2467 1202
2467 290
2467 960
2467 406
1826 2821
1826 2938
1826 1985
1826 2
1826 1826
1826 1149
3657 493
121 1847
121 2672
121 1176
121 381
121 1106
121 577
121 78
121 1384
121 83
121 184
121 66
121 2106
121 3208
121 788
121 887
121 44
121 22
121 303
121 2588
121 3517
121 3206
121 2349
121 2665
121 3040
121 1946
121 450
121 379
121 1441
121 622
121 360
121 1851
121 1622
121 2
121 3341
121 3275
121 2356
121 422
121 135
121 1238
121 2938
121 1345
121 2530
121 2874
121 2841
121 350
121 2954
121 2497
121 451
121 1355
121 3350
121 2508
121 1114
121 2391
121 121
121 3065
121 297
121 3156
121 3621
121 582
121 290
121 1916
121 3108
121 1149
121 1409
2224 3040
1238 3000
1238 930
1238 2
1238 2042
1238 683
1238 1018
1238 2089
1238 2284
1238 344
1238 2874
1238 3384
1238 622
1238 35575
1238 239
1238 2024
1238 3017
1238 1238
1238 259
1238 370
1238 1149
1238 1409
582 1878
582 1851
582 394
582 83
582 3049
582 1528
582 582
582 66
582 3156
582 2874
582 1409
85 2938
577 2672
577 712
577 2149
577 394
577 1353
577 577
577 2755
577 3063
577 317
577 297
577 83
577 441
577 1149
577 1121
577 3154
577 290
577 3475
577 1409
3639 290
3639 2576
3639 434
3639 3639
3238 622
3238 683
3238 2938
3238 2
3238 943
3238 1073
3238 412
3238 297
3238 1797
3238 3485
3238 290
3238 733
3238 3615
3238 450
3238 1149
3238 2874
3238 1310
2570 2954
3410 1946
1849 2935
1849 238
1849 2384
1849 3562
1849 35575
1849 2938
1849 2807
1849 3324
1849 2123
1849 2043
1849 1849
1849 290
1849 1044
1849 1358
1354 290
1354 3056
2757 2912
2757 1353
2757 1384
2757 65
2757 2042
2757 1441
2757 2757
2757 3448
2757 3454
2757 3206
2757 2043
2757 1946
2757 2954
2757 49
2757 3475
2757 2120
2757 2868
2757 360
2757 2046
2757 2807
2757 2290
2757 2653
2757 1018
2757 66
2757 1079
2757 766
2757 2874
2757 3431
2757 297
2757 3376
2757 1450
2757 2344
2757 1916
2757 3272
2757 3551
2757 3149
2757 290
2757 1149
3035 3244
3035 622
3035 143
3035 297
3035 3341
3035 2987
3035 3045
802 1441
802 712
802 3375
802 1353
802 1302
802 65
802 2042
802 297
802 828
802 3195
802 2938
802 792
802 45
802 1044
802 385
802 1266
802 3071
802 2821
802 135
802 802
802 348
802 2508
802 2701
802 454
802 302
802 290
802 3554
2988 440
2988 56
3267 238
3267 2113
3592 2811
2821 1847
2821 394
2821 2046
2821 1353
2821 379
2821 2290
2821 1384
2821 1073
2821 1114
2821 297
2821 3338
2821 1756
2821 434
2821 3132
2821 66
2821 19475
2821 1345
2821 1946
2821 2874
2821 2284
2821 2841
2821 2363
2821 2938
2821 493
2821 1645
2821 360
2821 1021
2821 2821
2821 3646
2821 2837
2821 2878
2821 290
2821 451
2821 450
2821 1149
3454 3454
3454 143
3454 987
3454 3324
3304 317
3304 290
3304 1353
3304 2903
3304 3304
3304 3659
3304 2344
3304 297
3304 65
3304 135
3304 3149
3304 2938
3304 2954
3304 1149
3062 2510
3062 1465
3613 2938
3613 3605
2954 1409
2954 2011
2954 2559
2954 2282
2954 650
2954 3346
2954 297
2954 3121
2954 3106
2954 1044
2954 2878
2954 35357
2954 3299
2954 3448
2954 3206
2954 3582
2954 3512
2954 493
2954 469
2954 943
2954 83
2954 1646
2954 3343
2954 36108
2954 3154
2954 3588
2954 2954
2954 2655
2954 1149
2954 2621
2954 1441
2954 3313
2954 2807
2954 763
2954 3341
2954 3324
2954 2642
2954 143
2954 2389
2954 2264
2954 1079
2954 2530
2954 3432
2954 3384
2954 3272
2954 3621
2954 683
2954 3350
2954 908
2954 1508
2954 1607
2954 3028
2954 3553
2954 2043
2954 1392
2954 3551
2954 3149
2954 290
2954 1916
2954 2972
2954 1073
2954 2024
2954 3597
2954 658
1593 143
1593 3282
2436 2436
2436 1946
2436 3183
2436 932
1455 3154
2784 1353
2784 1355
2784 362
3195 2938
3195 2734
2389 2841
2389 290
2389 2290
2389 1384
2389 135
2389 2389
2389 1888
2389 428
2389 2933
2389 1098
2389 1946
3063 1847
3063 1233
3063 3077
3063 1465
3063 1353
3063 78
3063 1384
3063 65
3063 297
3063 1
3063 3063
3063 2361
3063 22
3063 3094
3063 2797
3063 102
3063 302
3063 3579
3063 1073
3063 1042
2264 2672
2264 435
2264 143
2264 1028
2264 66
2264 2264
2264 45
2264 1878
2264 887
2264 2588
2264 2938
2264 3290
2264 942
2264 1508
2264 454
2264 451
2264 3551
2264 3149
2264 290
2264 1149
2264 441
473 1353
473 473
473 83
473 2356
2530 1847
2530 1233
2530 36108
2530 2191
2530 2912
2530 2805
2530 1353
2530 78
2530 3346
2530 1
2530 2042
2530 2938
2530 143
2530 437
2530 2106
2530 66
2530 712
2530 2530
2530 1358
2530 2874
2530 935
2530 1266
2530 3065
2530 83
2530 3350
2530 943
2530 1114
2530 3400
2530 1797
2530 2043
2530 3061
2530 22
2530 290
2530 3143
2530 3475
2530 1409
766 3324
766 1441
766 385
766 66
766 1353
766 766
766 1587
3417 1409
3417 2349
3417 3417
1878 1878
1878 1253
1878 2938
1878 1353
1878 391
1878 83
1878 532
1878 297
1878 1049
1878 3156
1878 1902
1878 290
1878 1528
1878 2356
1878 763
3562 78
3562 1464
3562 3562
3562 2874
1184 3323
3634 23571
3634 65
3634 3634
2381 2381
919 66
3046 2106
3046 360
3046 290
3046 3108
3046 956
3046 1409
451 622
451 2699
451 2
451 83
451 184
451 451
451 2874
451 447
451 428
451 3479
451 3143
1698 1384
1698 3023
2554 2653
2554 2043
2554 773
2554 2989
2554 348
2554 2554
2554 1044
2554 2011
2554 2508
3564 1465
3564 394
3564 3564
3264 1916
3264 297
3264 1149
3264 262
3264 2938
238 1847
238 3003
238 238
238 613
238 2011
238 2356
238 454
238 960
238 45
238 763
238 1059
238 2569
238 1409
2929 22
2929 1176
2929 1104
2929 394
2929 290
2929 2929
2929 1042
2929 2907
2929 441
1106 622
1106 1985
1106 1106
1106 2938
1106 1353
1106 412
1106 350
1106 49
1106 3338
1106 3096
1106 66
1106 733
1106 450
556 404
556 3041
556 3
556 3370
556 1176
556 3499
556 1079
556 3648
556 3032
3397 1437
3397 3397
3397 3154
3397 1353
3397 2938
3397 1946
3498 2938
3498 943
3498 3498
2106 22
2106 2865
2106 1353
2106 1355
2106 3040
2106 65
2106 828
2106 2106
2106 2805
2106 493
2106 66
2106 2043
2106 3108
2106 2874
2106 1149
1902 317
1902 1266
1902 1465
1902 613
1902 763
1902 1645
1902 2349
1902 622
1902 35357
1902 454
1902 2833
1902 2901
1902 3603
1902 290
1902 2788
1902 344
1902 362
1902 1409
3299 1149
2974 290
2974 297
2974 1149
2974 389
778 1409
3292 675
3292 3290
917 437
917 917
1353 1847
1353 3168
1353 3357
1353 1465
1353 1353
1353 65
1353 675
1353 3338
1353 3554
1353 3199
1353 22
1353 2841
1353 1573
1353 454
1353 763
1353 943
1353 2349
1353 3493
1353 1946
1353 490
1353 1441
1353 2
1353 143
1353 828
1353 3485
1353 66
1353 2874
1353 1048
1353 622
1353 259
1353 35575
1353 1463
1353 3398
1353 709
1353 2533
1353 3329
1353 3272
1353 394
1353 3149
1353 290
1353 1149
1353 397
1353 2672
1353 2912
1353 381
1353 3375
1353 874
1353 404
1353 1114
1353 350
1353 683
1353 49
1353 2510
1353 1437
1353 2689
1353 297
1353 348
1353 3517
1353 942
1353 3154
1353 3040
1353 1985
1353 3496
1353 450
1353 3475
1353 346
1353 2943
1353 1610
1353 184
1353 2290
1353 360
1353 3326
1353 930
1353 3341
1353 1
1353 1310
1353 3275
1353 1176
1353 2622
1353 1079
1353 1121
1353 3502
1353 2938
1353 3548
1353 1916
1353 3049
1353 3156
1353 2833
1353 1851
1353 3609
1353 3108
1353 2972
1353 2612
1353 1612
1353 1409
3517 3041
3517 3517
3517 763
3517 45
2089 2024
2089 3272
2089 2089
440 2672
440 3327
440 1060
440 2951
440 1042
440 3246
440 65
440 3204
440 2510
440 622
440 2384
440 3282
440 3350
440 984
440 440
440 2043
440 3313
440 290
440 3499
440 1441
440 932
391 1784
391 290
391 1384
391 348
391 460
391 1358
391 297
391 302
391 391
391 1851
391 3023
391 66
391 1048
391 1409
391 3709
391 3318
391 394
93 1946
93 2672
93 93
93 3545
960 3041
960 493
960 78
960 83
960 1
960 1916
960 290
960 3324
960 45
370 2
370 370
370 2874
370 1
3510 3509
2348 622
2348 2348
2348 3629
2348 943
2348 83
2348 2653
2348 3580
2348 19475
2348 450
2348 2874
1037 1610
1037 3489
1037 812
2807 1079
2807 78
2807 3149
2807 3551
2807 454
2807 2807
2807 3331
2807 143
2807 3272
2807 2805
2807 362
2807 2043
2807 1044
2807 2533
2807 1409
1529 22
42 297
42 299
429 2361
429 3206
3610 2938
3610 3610
3610 2627
3619 2665
1079 1847
1079 250
1079 262
1079 2618
1079 143
1079 1079
1079 2361
1079 2621
1079 1916
1079 3028
1079 346
1079 3551
1079 1946
1079 1149
1079 1612
1079 1409
3084 143
3084 1409
3319 317
3319 763
3056 143
3056 943
3465 1441
3465 3465
3465 3324
402 351
402 3200
402 402
402 2938
402 1946
402 2621
2035 2035
2035 303
2035 3040
2720 1946
2720 3272
2720 1149
2720 1409
987 297
987 317
987 2043
987 2290
987 1384
987 3054
987 1073
3458 3432
1249 35575
3508 2938
3508 290
3508 3492
3508 98
3108 1847
3108 1409
3108 813
3108 2841
3108 1573
3108 360
3108 66
3108 394
3108 1384
3108 2349
3108 2653
3108 386
3108 310
3108 3108
3108 23571
3108 2874
1409 1847
1409 3272
1409 3357
1409 3041
1409 2149
1409 1465
1409 78
1409 65
1409 2042
1409 2938
1409 605
1409 3121
1409 3310
1409 2051
1409 2361
1409 3199
1409 2841
1409 763
1409 2024
1409 3051
1409 943
1409 83
1409 2625
1409 3375
1409 3154
1409 3061
1409 1946
1409 250
1409 3421
1409 1441
1409 2805
1409 2951
1409 3032
1409 1450
1409 3485
1409 66
1409 3414
1409 2874
1409 622
1409 1266
1409 297
1409 2047
1409 1355
1409 1095
1409 1508
1409 1797
1409 1049
1409 394
1409 3149
1409 290
1409 143
1409 1149
1409 36108
1409 2672
1409 2912
1409 3067
1409 2955
1409 874
1409 1784
1409 1384
1409 350
1409 1867
1409 45
1409 1028
1409 3615
1409 19475
1409 321
1409 2604
1409 1358
1409 2043
1409 3023
1409 450
1409 348
1409 3301
1409 1481
1409 184
1409 930
1409 2510
1409 360
1409 3372
1409 1107
1409 2356
1409 2653
1409 385
1409 1
1409 2837
1409 750
1409 386
1409 2363
1409 3453
1409 1047
1409 2508
1409 2642
1409 3518
1409 3049
1409 302
1409 828
1409 1612
1409 1851
1409 1888
1409 3628
1409 1409
1409 2612
1409 2502
1409 23571
3597 1847
3597 297
3597 3
3597 1465
3597 2938
3597 434
3597 1149
2932 1149
1100 350
2734 2510
2734 2672
2734 613
2734 3590
2734 1044
2734 1114
1876 3565
3357 1610
3357 3357
3357 290
3357 2266
605 397
605 930
605 3629
605 1465
605 1784
605 1073
605 297
605 605
605 2349
605 2938
605 19475
605 1345
605 344
605 1358
605 2874
605 622
605 259
605 3494
605 828
916 83
3574 3574
3574 3
887 297
887 158
887 1888
887 3533
2841 3168
2841 36108
2841 1465
2841 1384
2841 350
2841 66
2841 3338
2841 310
2841 3199
2841 2841
2841 986
2841 2938
2841 3640
2841 360
2841 83
2841 1866
2841 3040
2841 1946
2841 450
2841 1233
2841 78
2841 1877
2841 143
2841 2368
2841 2146
2841 447
2841 45
2841 763
2841 2874
2841 622
2841 250
2841 297
2841 2562
2841 1916
2841 756
2841 290
2841 1149
2588 1450
2588 143
2588 2588
986 350
986 986
986 493
986 2344
3051 297
3051 1044
3051 1059
3432 3432
3058 2290
3058 321
3327 1441
3327 1618
3327 943
3543 763
728 1888
728 728
728 143
1392 935
342 2938
342 290
342 2672
2308 297
2308 2653
2308 2308
2308 717
2308 930
2951 2672
2951 290
2951 2951
2951 630
1622 1916
1622 613
1622 1465
1622 3472
1622 2349
1622 622
1622 290
1622 143
1622 2938
1622 45
2290 3326
2290 2290
2290 1384
2290 65
2290 2042
2290 2902
2290 297
2290 2938
2290 19475
2290 2344
2290 1916
2290 35575
2290 239
2290 1095
2290 2665
2290 66
2290 2811
2290 3646
2290 290
2290 1149
1073 1465
1073 434
1073 1384
1073 683
1073 19475
1073 1358
1073 935
1073 3065
1073 2938
1073 2024
1073 2123
1073 1946
1073 32
1073 1877
1073 930
1073 135
1073 290
1073 1450
1073 437
1073 3
1073 1073
1073 1538
1073 2874
1073 622
1073 3282
1073 532
1073 1916
1073 2865
1073 3280
1073 1462
1073 3052
1073 3286
1073 3247
1073 362
1073 143
1073 1149
3453 290
3453 3453
3453 2693
1985 2938
1985 3040
1985 1985
1985 2874
1985 2260
2938 1847
2938 1465
2938 2903
2938 65
2938 66
2938 1049
2938 3659
2938 19475
2938 2665
2938 2361
2938 2943
2938 1310
2938 3333
2938 343
2938 454
2938 763
2938 943
2938 83
2938 2349
2938 2123
2938 2164
2938 733
2938 1946
2938 1233
2938 426
2938 3475
2938 828
2938 3485
2938 2938
2938 1220
2938 2874
2938 389
2938 622
2938 317
2938 259
2938 1266
2938 250
2938 683
2938 135
2938 3605
2938 1114
2938 709
2938 2865
2938 3280
2938 290
2938 3052
2938 1040
2938 1149
2938 397
2938 1547
2938 3200
2938 2891
2938 1384
2938 532
2938 350
2938 1464
2938 1
2938 3416
2938 2510
2938 360
2938 2344
2938 1044
2938 1358
2938 4696
2938 1437
2938 1650
2938 297
2938 321
2938 394
2938 3472
2938 1004
2938 450
2938 2533
2938 2621
2938 3545
2938 404
2938 2
2938 712
2938 1096
2938 2260
2938 1107
2938 2356
2938 3289
2938 1176
2938 45
2938 717
2938 3637
2938 2953
2938 1573
2938 3272
2938 3290
2938 348
2938 1916
2938 3049
2938 1612
2938 3
1345 2192
1345 3615
1345 1345
1345 1149
1345 23571
763 36108
763 2672
763 381
763 1465
763 348
763 2011
763 3365
763 350
763 3538
763 3338
763 3615
763 3565
763 3640
763 394
763 83
763 2866
763 2029
763 908
763 434
763 2907
763 2391
763 250
763 1096
763 3202
763 45
763 763
763 3467
763 317
763 1607
763 35575
763 3628
763 2508
763 1916
763 2865
763 3553
763 3156
763 2833
763 3551
763 290
763 1149
250 250
250 1441
250 622
250 3375
250 1557
250 683
250 2653
250 2349
250 2874
250 1310
250 297
250 943
250 3494
250 290
2562 3338
3398 1916
3398 3398
3398 290
3398 1
3361 3346
3361 1028
1168 3425
1168 3275
3438 290
3438 386
3438 1
3438 412
3376 1946
3376 3376
290 1847
290 3041
290 1465
290 2618
290 78
290 65
290 2146
290 3338
290 3121
290 19475
290 3248
290 2878
290 3199
290 3333
290 1018
290 22
290 2936
290 3157
290 943
290 2701
290 1946
290 450
290 434
290 1098
290 2876
290 1233
290 3421
290 1441
290 436
290 2902
290 3281
290 143
290 828
290 2874
290 1048
290 3346
290 622
290 317
290 1266
290 3282
290 35575
290 297
290 2047
290 1355
290 1508
290 2344
290 3280
290 3272
290 394
290 3149
290 290
290 1046
290 1149
290 2755
290 2672
290 1407
290 2891
290 404
290 3425
290 3012
290 350
290 2510
290 49
290 469
290 984
290 1358
290 3065
290 3441
290 66
290 2043
290 3040
290 1735
290 3301
290 2621
290 3313
290 1096
290 3326
290 2903
290 3341
290 613
290 135
290 2837
290 3548
290 344
290 3018
290 3467
290 3071
290 3147
290 348
290 3369
290 3017
290 1916
290 302
290 2833
290 3551
290 1888
290 362
290 284
290 2612
290 932
1046 1046
1046 1149
1046 3289
1149 3168
1149 3513
1149 2899
1149 2811
1149 78
1149 1302
1149 65
1149 3338
1149 450
1149 19475
1149 1947
1149 935
1149 792
1149 1573
1149 2615
1149 454
1149 493
1149 2024
1149 943
1149 2349
1149 2665
1149 1961
1149 1028
1149 2822
1149 1946
1149 1716
1149 434
1149 2903
1149 3350
1149 2868
1149 1107
1149 1877
1149 1450
1149 828
1149 3485
1149 447
1149 2874
1149 1446
1149 622
1149 3282
1149 297
1149 2047
1149 1114
1149 709
1149 2344
1149 2865
1149 3280
1149 3272
1149 1149
1149 1756
1149 397
1149 2672
1149 1407
1149 1886
1149 1784
1149 1384
1149 3369
1149 350
1149 683
1149 965
1149 699
1149 360
1149 3017
1149 1358
1149 997
1149 1612
1149 2204
1149 942
1149 3472
1149 66
1149 2866
1149 3424
1149 2097
1149 348
1149 3545
1149 1253
1149 394
1149 379
1149 1
1149 2642
1149 2368
1149 45
1149 303
1149 3384
1149 3202
1149 3003
1149 2363
1149 613
1149 630
1149 908
1149 441
1149 3200
1149 1916
1149 2833
1149 3286
1149 362
1149 2972
1149 1645
1149 3289
1143 1355
11 2508
2912 1441
2912 1465
2912 65
2912 143
2912 300
2912 2878
2912 1969
2912 792
2912 3071
2912 943
2912 2653
2912 2349
2912 2930
2912 269
2912 1888
2912 3370
1407 143
1407 1607
1407 1306
1407 2714
1407 942
1886 2510
1886 19475
1886 709
3375 66
3375 613
3375 943
3346 1847
3346 622
3346 1266
3346 942
3346 1618
3346 532
3346 1028
3346 3346
3565 45
350 381
350 2955
350 65
350 184
350 66
350 2672
350 3106
350 19475
350 1610
350 2814
350 2361
350 1465
350 943
350 3040
350 3588
350 1946
350 350
350 78
350 360
350 1042
350 143
350 437
350 2146
350 45
350 297
350 2797
350 709
350 3049
350 49
350 2837
350 3149
350 1612
1756 297
469 942
469 65
2873 1847
2873 1233
1000 3303
1000 1607
3566 943
997 3041
997 45
3065 622
3065 3065
3065 297
3065 3326
3065 2714
3065 699
1291 2945
3554 828
3554 3554
3554 1176
3554 1946
3554 3627
3554 3315
3554 3502
3554 932
1544 943
2866 1618
2866 297
2866 2866
269 66
269 269
3556 709
3301 297
3301 3449
3301 1358
3005 297
1253 930
360 2146
360 381
360 360
360 3240
360 65
360 184
360 3233
360 23571
360 813
360 3557
360 83
360 2349
360 2665
360 2625
360 1465
360 1946
360 3049
360 1094
3395 3049
1 2899
1 2903
1 1384
1 3421
1 65
1 2669
1 184
1 3
1 1
1 3341
1 2874
1 1947
1 450
1 3003
1 343
1 348
1 66
1 2865
1 3154
1 142
1 3052
1 1946
1 3475
3122 3106
3052 143
3052 2286
3052 3052
3052 1384
3052 2874
3118 1389
3118 2672
3315 66
3315 2672
3315 1946
3502 2672
3502 3156
3502 343
3502 828
3502 3502
3492 1946
3492 3493
351 2945
351 3468
351 351
613 1847
613 3477
613 1441
613 1465
613 2918
613 1557
613 3372
613 1302
613 2788
613 1916
613 2901
613 2510
613 2356
613 2669
613 1044
613 622
613 3071
613 78
613 450
613 1355
613 394
613 3472
613 2349
613 2285
613 699
613 3603
613 2042
613 613
3547 1044
348 2146
348 348
348 2510
348 1096
348 78
348 297
348 1450
348 45
348 1645
348 908
348 299
348 359
348 3154
348 1851
348 434
3637 66
1028 1847
1028 1441
1028 1266
1028 3382
1028 321
1028 1028
1028 143
1028 25
1028 1098
3160 1059
302 532
302 3244
302 302
302 49
302 1916
302 598
302 3609
302 1946
302 3491
3602 2043
2833 1610
2833 2833
2833 1847
2833 412
3313 1946
3247 2701
3247 3247
3247 2024
3247 19475
333 2701
284 492
284 284
284 943
1645 733
1645 1645
1645 66
1645 3615
1645 532
3000 622
2011 2011
78 1847
78 2672
78 2899
78 1465
78 2811
78 78
78 1384
78 65
78 66
78 3041
78 1450
78 2051
78 3092
78 19475
78 321
78 344
78 1096
78 83
78 1528
78 2391
78 1441
78 3475
78 3341
78 3032
78 1170
78 143
78 2874
78 622
78 2552
78 2508
78 1059
78 2944
78 2910
78 1851
83 2672
83 2149
83 1465
83 2811
83 65
83 1114
83 3548
83 66
83 1148
83 3329
83 318
83 2028
83 1358
83 1437
83 2615
83 454
83 1096
83 943
83 83
83 2349
83 1281
83 450
83 3478
83 2391
83 2943
83 3149
83 580
83 2356
83 1404
83 45
83 3384
83 2869
83 19475
83 1462
83 3156
83 3557
83 1851
83 394
675 35357
2497 1441
2497 943
3578 2293
1049 828
1049 2149
1049 1465
1049 1049
2051 848
2051 3147
2051 1465
2051 1384
2051 3091
2051 3121
2051 2039
2051 2510
2051 1946
2051 2051
2051 344
2051 490
2878 2878
935 1847
935 1233
935 935
935 405
935 2797
935 3326
935 404
935 1358
935 297
935 143
935 1074
3489 3489
1710 2275
3157 66
3157 3157
3157 2604
3157 394
3206 231
3206 3282
3206 3281
3206 3290
3206 767
3206 3206
3206 2701
3206 3149
3206 1946
3206 303
3491 3491
3491 1233
3491 3
3491 3493
2164 343
2164 1465
3588 405
3588 3588
3588 3582
434 2576
434 35575
434 1465
434 493
434 379
434 3472
434 434
2669 317
1021 2701
1021 143
1021 450
1021 1384
1021 1021
3528 454
3528 2672
426 1042
426 426
3061 3061
1384 1847
1384 3168
1384 3425
1384 65
1384 3548
1384 297
1384 1916
1384 1044
1384 19475
1384 3333
1384 1018
1384 3049
1384 493
1384 2024
1384 66
1384 450
1384 828
1384 1384
1384 3324
1384 3448
1384 1107
1384 2874
1384 683
1384 3282
1384 2363
1384 135
1384 2344
1384 2797
1384 2043
1384 3149
3290 1916
3032 143
3032 3370
3032 932
3032 65
3032 3032
2902 297
2902 321
2902 622
143 1847
143 65
143 2146
143 3204
143 3106
143 2559
143 1358
143 750
143 2814
143 942
143 66
143 3040
143 1946
143 2907
143 1059
143 1441
143 3246
143 2653
143 3577
143 622
143 35575
143 297
143 908
143 3369
143 3028
143 2043
143 932
143 143
439 19475
439 65
66 3168
66 2672
66 381
66 2042
66 184
66 66
66 2991
66 3709
66 19475
66 22
66 3109
66 493
66 1465
66 942
66 2123
66 2874
66 450
66 404
66 712
66 622
66 394
66 1042
66 930
66 2356
66 1450
66 2653
66 828
66 3373
66 2837
66 717
66 317
66 297
66 4158
66 2612
66 1114
66 3017
66 3272
66 3156
66 1851
66 2260
66 2714
2953 2953
492 1450
492 1465
492 492
492 943
492 3405
349 943
3147 1847
3147 297
3147 39723
3147 1197
1306 943
1306 1306
1095 2805
1095 394
1095 1040
1095 1095
1114 397
1114 404
1114 184
1114 1450
1114 437
1114 3485
1114 19475
1114 2874
1114 317
1114 1114
1114 3049
1114 3539
3067 1921
3067 1123
3067 709
2043 1228
2043 65
2043 422
2043 2653
2043 1176
2043 1358
2043 1866
2043 2797
2043 2665
2043 1916
2043 2043
2043 3551
2043 3475
3149 1610
3149 3246
3149 65
3149 297
3149 2363
3149 3154
3149 3345
3149 1946
3149 3253
3041 3421
3041 394
3041 3338
3041 3023
3623 3623
3623 321
397 1437
397 397
397 2868
397 65
397 297
397 3485
397 1851
397 19475
908 908
2040 297
2991 943
2991 394
184 381
184 2955
184 2146
184 437
184 1358
184 2874
184 184
184 45
184 1465
184 49
184 3413
1463 1463
1463 1450
1463 3
1463 1573
1463 943
1463 135
1441 2672
1441 3477
1441 1618
1441 65
1441 3496
1441 297
1441 3538
1441 3121
1441 1573
1441 454
1441 943
1441 3038
1441 1946
1441 1098
1441 3475
1441 1441
1441 2013
1441 2510
1441 394
1441 2653
1441 2384
1441 259
1441 343
1441 2363
1441 2968
3208 622
3208 2384
3208 3210
3208 3208
2695 2349
2933 2891
1358 1233
1358 394
1358 2955
1358 1784
1358 1450
1358 1358
1358 622
1358 1465
1358 2604
1358 2123
1358 1946
1358 1059
4696 4696
1437 3154
25 3272
3582 1916
3582 405
3582 1946
1004 1004
1004 65
1648 2349
3424 965
3441 1465
3441 3441
2907 2814
2907 1044
2907 2907
2533 3017
2533 65
2533 1177
3650 437
3413 49
394 1847
394 2672
394 2149
394 1465
394 1302
394 2060
394 2361
394 303
394 454
394 3509
394 2349
394 3317
394 3023
394 1946
394 1059
394 346
394 394
394 1557
394 3372
394 2356
394 1170
394 2653
394 2837
394 622
394 317
394 297
394 1450
394 2797
2739 3551
3402 1847
3402 3400
3402 49
3402 2361
3402 3248
3402 3402
3372 1847
3372 3509
3372 3372
1170 1170
1170 297
3620 1866
3318 3049
3318 3318
2837 2149
2837 2837
2837 135
45 1847
45 2672
45 2510
45 1465
45 1302
45 435
45 1148
45 3003
45 45
45 3467
45 303
45 35575
45 3350
45 2349
45 3244
45 1916
45 3154
45 1735
45 1946
45 2972
2972 1847
2972 297
2972 3
2972 1916
2972 2972
3431 3431
3546 2160
2869 1847
1047 1946
1047 1047
1047 2899
102 49
102 2361
498 1465
2968 774
2968 405
2968 2231
2968 1302
2968 2968
3518 297
3518 158
2286 2874
2802 622
3286 3286
3286 3280
3018 450
3018 1302
2612 1847
2612 622
2612 2868
2612 450
2612 2612
1612 65
1612 1465
1612 1042
1612 942
1612 1612
3168 3168
3168 733
3168 1784
3168 3485
3168 2665
617 2978
2618 2618
2618 3202
2618 2361
1302 1847
1302 1954
1302 1302
1302 65
1302 297
1302 135
1302 450
1302 1044
297 1465
297 65
297 2042
297 297
297 19475
297 3333
297 22
297 454
297 2349
297 2693
297 1946
297 3350
297 3475
297 3214
297 1877
297 828
297 3485
297 2874
297 1508
297 2260
297 2865
297 1797
297 3272
297 2672
297 2891
297 1784
297 965
297 3615
297 2344
297 1916
297 3448
297 321
297 1618
297 3154
297 450
297 3326
297 3341
297 3246
297 2653
297 3589
297 2363
297 4158
297 750
297 3156
297 3551
297 3709
3538 3538
2604 1464
19475 2672
19475 1465
19475 65
19475 19475
19475 2260
19475 321
19475 2024
19475 943
19475 2665
19475 2874
19475 812
19475 3485
19475 717
19475 271
19475 622
19475 259
19475 239
19475 1355
19475 709
19475 2344
19475 3049
19475 3272
19475 930
88 1784
88 3485
792 2508
303 36108
303 3040
303 303
1573 36108
1573 1573
1573 454
1573 2349
1573 2029
3288 1847
2024 2868
2024 35575
2024 239
2024 379
2024 65
2024 2024
3358 3285
3358 3358
3317 317
2123 317
2123 1462
2123 158
2123 454
3493 3
3493 3493
2269 1465
2884 49
1233 1847
1233 1233
1233 2672
1233 2899
1233 699
1233 2361
1233 3282
1233 2714
1233 2811
1233 3154
1233 3539
1233 1946
3283 812
2515 35575
3625 1464
437 381
437 2363
437 437
437 49
658 3343
658 65
1228 848
1228 2923
1234 3138
389 3485
389 1355
389 2874
1125 2874
317 622
317 317
317 343
317 3326
317 1465
259 622
259 3156
259 259
259 2874
2822 362
1446 1946
1104 1104
2047 712
2047 35575
2047 699
2047 2047
695 35357
695 65
709 622
709 956
709 709
709 49
709 2874
1059 3116
1059 3275
1059 1465
1059 1059
3028 3028
3028 3024
3028 1044
3028 1508
3280 3280
3669 630
3024 2368
3143 1888
3143 1107
3180 622
2891 1650
2891 2891
2891 65
2918 2149
2282 1847
2282 1044
2275 2275
404 404
404 828
404 3475
404 2874
2705 1761
3585 2811
3585 3590
3585 1044
3557 2349
3557 3557
3557 3478
3557 65
3494 943
3494 3494
3370 2701
3370 3421
3370 3370
3370 2795
3154 2672
3154 2899
3154 1176
3154 1610
3154 2361
3154 1916
3154 22
3154 3369
3154 2701
3154 3154
3154 107
3154 1946
450 2874
450 3333
450 450
450 1355
450 3472
3161 142
3161 812
3161 3161
1610 1610
1610 2701
1610 2361
1610 2811
1610 1176
1610 1946
712 712
712 943
3474 2356
3275 3275
3275 2293
2653 1847
2653 2868
2653 2672
2653 828
2653 3485
2653 3500
2653 2874
2653 1048
2653 622
2653 943
2653 2653
2653 2805
2653 49
2622 1847
2622 3329
271 271
271 3272
271 3485
271 2874
2576 2576
3202 1946
3071 3071
2797 2797
2797 2384
2615 2349
3156 3545
3156 381
3156 135
3156 2260
3156 3156
3156 1202
3156 3
3156 3049
3709 828
3499 1847
926 926
2899 1916
2899 2642
2811 1465
2811 733
2811 1044
65 1847
65 2149
65 1465
65 65
65 49
65 1650
65 343
65 2865
65 943
65 3472
65 2665
65 1784
65 2868
65 1042
65 2008
65 1176
65 1946
65 750
65 2874
65 622
65 1355
65 2363
65 2344
65 1916
65 3049
65 3272
65 1851
65 362
65 23571
3365 1946
3365 1098
468 468
3387 1465
2755 1148
2755 2755
2935 2865
3333 3333
3333 1797
3333 1107
3333 2874
385 2865
385 2384
385 385
385 2510
385 1946
2870 622
1587 930
493 35575
493 493
493 1877
493 2874
2714 3272
2936 2936
913 3040
913 56
1946 3326
1946 2672
1946 1465
1946 3091
1946 49
1946 3338
1946 2361
1946 3199
1946 2689
1946 22
1946 454
1946 942
1946 2349
1946 2701
1946 3040
1946 1946
1946 2621
1946 3183
1946 2510
1946 2356
1946 3205
1946 1450
1946 3200
1946 1176
1946 2097
1946 932
1098 3114
1098 3329
3253 454
3477 2510
2191 1464
2191 2191
1590 1761
1404 1404
1404 2356
828 2672
828 828
828 1450
828 1044
828 3199
828 22
828 2508
828 2349
828 2874
828 49
3532 1916
3532 454
2146 3049
2146 362
2146 2146
447 2701
447 2874
3460 362
622 36108
622 2672
622 2149
622 1784
622 3338
622 2510
622 2665
622 22
622 343
622 1465
622 943
622 346
622 3329
622 2868
622 3210
622 2874
622 622
622 3323
622 2363
622 2699
622 3017
622 1916
622 1847
2384 1060
2384 1042
2384 3425
2384 2384
2384 3040
2384 2510
2384 2361
1123 23571
1266 2672
1266 3475
1231 3548
1508 1847
1508 35357
1508 2642
2344 630
2344 2344
2344 3272
2344 2874
35357 2097
2285 2621
2074 2013
2074 2621
932 2689
932 1618
932 1916
932 932
848 2508
848 2989
848 406
2672 2672
2672 49
2672 2510
2672 2361
2672 943
2672 1202
2672 3324
2672 3
2672 1176
2672 1389
2672 2502
2559 2559
2987 2113
874 2349
3421 2621
683 943
683 2046
683 683
683 2874
435 435
703 703
1044 1465
1044 2510
1044 3590
1044 2621
1044 2508
1044 1044
2689 3040
2689 158
2689 2689
405 3448
2631 1847
2631 2631
1060 1060
2046 1847
2046 2046
930 2042
930 1450
3341 1256
3341 3341
3341 3324
3324 316
3324 3324
3324 2814
3324 44
422 3615
422 3246
3289 2874
3289 3289
3096 362
3096 2508
2368 2097
2368 3329
2368 2363
2368 3190
2368 2368
2368 2621
3467 3467
3589 3589
2008 3485
2008 2868
3350 767
3350 3350
2508 2508
2508 1148
2508 1847
1916 1847
1916 3425
1916 3400
1916 3114
1916 2701
1916 2363
1916 2868
1916 1450
1916 1176
1916 2874
1916 3282
1916 1954
1916 1916
1916 2865
2625 2625
1851 3109
1851 381
1851 1851
1851 1040
3609 532
362 1450
362 3485
1847 1847
1847 381
1847 943
1847 1784
1847 3106
1847 3121
1847 3416
1847 2510
1847 3248
1847 22
1847 2947
1847 942
1847 2349
1847 2989
1847 2029
1847 2391
1847 2642
1847 3282
1847 984
1847 2260
1847 2356
1618 1947
1618 2013
1618 3382
1618 942
1618 943
1618 3246
1618 3475
2042 3214
2042 1465
2042 3139
2042 2042
3400 3400
3338 49
3338 3338
3338 1176
3121 1465
3248 3248
788 2874
262 3475
262 262
262 3282
3109 1040
1866 3272
2665 2665
2665 3049
2665 3485
2701 1607
2701 2874
2701 49
2701 2701
2701 2361
1048 1784
1048 3485
2876 2874
3329 98
436 1465
2868 2868
2868 1784
2868 2349
81 3272
1042 1042
1042 942
1042 3
3045 2621
1450 2
1450 1450
1450 2874
1450 1465
1450 23571
3287 3244
3 1465
3 2955
3 3548
3 3
3 22
3 984
3 2391
3303 2621
1557 1557
1557 3414
813 1465
98 98
3268 3268
3268 2621
1256 1256
984 812
984 984
1797 1797
1797 3628
3272 1107
3272 3615
3272 1464
3272 3646
3272 3272
3272 2874
3272 1040
2039 1465
3183 158
3183 3183
36108 36108
2955 142
2955 2955
2955 943
1784 1784
1784 943
1784 2356
1784 3314
1784 3485
3425 3425
3012 3012
532 1465
532 3615
532 532
532 3246
3548 22
3548 2349
1464 2865
1464 2874
1464 1464
1464 2627
3314 3314
3314 3003
3314 2874
3314 2356
2260 2349
2260 3049
2260 2874
321 2363
321 4158
386 343
3040 3049
3040 3040
1040 344
1040 1040
2943 1121
3545 3545
1096 3577
379 379
3246 1465
3246 3246
1107 1107
1107 1884
1107 2874
2356 3509
2356 2356
2356 1465
2356 943
2356 2349
1583 4158
812 2149
3200 2642
3200 2621
4158 22
4158 2805
4158 4158
630 630
158 158
158 2361
441 22
441 441
3017 2
3017 2874
3049 2
3049 299
3049 3049
3049 2391
3331 1650
23571 1465
23571 2349
23571 3615
3509 943
3414 3414
3414 1465
3310 3310
3310 2874
2361 2361
2361 49
2569 2569
3199 1465
3199 3199
22 22
22 49
381 381
381 49
381 2349
454 3472
454 1636
454 3621
454 454
454 1465
344 2363
344 3615
344 2349
343 35575
343 343
343 1355
343 1465
943 1465
943 943
943 2349
943 765
2349 2349
2349 1465
733 733
2805 2805
2391 2391
2 2
2 3485
2 2874
3485 3485
3485 2874
3114 3114
3577 35575
2874 1465
2874 299
2874 3472
2874 3629
2874 2874
2874 3605
3003 2642
3282 1888
3282 3282
35575 1651
35575 3615
35575 35575
3605 3605
2363 2363
1607 1607
2865 2865
3553 3553
1465 1465
1465 2510
1465 3472
1465 1650
3416 3416
49 49
2510 2510
2510 750
3615 135
3615 3615
3023 3023
3551 3568
3244 3244
3244 2621
942 942
942 2982
3472 2149
3472 3472
3214 3214
2642 2642
1735 1735
2621 2621
2621 1888
2013 2013
1947 1947
135 135
135 3475
1888 1888
1176 1176
3475 2149
1748 2149
3628 3628
2944 2944
1650 1650
2149 2149
