8168 2356
6793 2874
6793 9793
6793 6950
6793 6101
6793 10909
6793 8008
11100 4231
11100 297
11100 11100
11100 9246
11663 1916
11663 6085
11663 3132
11663 11663
11663 102
5903 7743
5903 1459
5903 4903
11670 10475
11651 11651
11651 9246
11651 2874
5572 1459
5572 1131
5572 4312
5572 1198
5572 8733
9600 4312
10147 750
10147 2841
10147 460
10147 3521
10147 10147
10147 1481
9232 9232
9471 11216
9471 3948
9471 10328
11679 11679
11679 35416
11679 4790
2264 11142
2264 2264
2264 317
2264 1532
11601 6094
11601 11588
11601 5873
6206 2051
6206 10819
11172 290
11172 9514
11172 3132
382 10134
3787 6827
3787 437
3787 8648
3787 8914
3787 3787
3787 2926
3787 2530
3787 9546
11629 1587
11629 2672
11629 11629
11629 3710
9124 1916
9124 6085
9124 8212
9124 9124
9124 1106
9124 2554
9124 3132
9124 4304
9124 10583
9124 1593
6348 11099
6348 2618
6348 2807
6348 9379
6348 299
6348 5587
6348 83
6348 6348
6348 9035
6348 8212
6348 451
6348 344
6348 3521
6348 2874
11847 5015
11847 3503
11847 11716
11847 8008
11847 290
11847 11847
11847 1384
11847 3684
5708 5659
5708 5708
5708 2290
5708 1703
1198 9000
1198 9928
1198 35416
1198 5751
1783 1478
1783 1783
2906 3711
2906 3901
10366 290
10366 8799
3380 4832
3380 6503
3380 8338
3380 2807
3380 1459
3380 11016
2623 11220
2623 6209
8133 5147
8133 6794
8133 35416
8133 11244
8133 11318
8133 10708
8133 7521
8133 5810
8133 1149
8133 8133
250 6094
250 6794
250 6269
250 10273
250 8720
250 290
250 344
250 11506
431 431
431 7666
431 321
431 4213
431 7460
431 1186
431 1149
431 1310
9317 5015
9317 397
9317 299
9317 9317
9317 3927
9317 8552
9317 7534
9317 4953
9317 5756
9317 3684
9317 1114
9317 297
9317 394
9317 4117
9317 2284
9317 9668
9317 1021
9317 2874
9317 1149
1878 66
1878 425
6430 1939
6430 9871
6430 6430
6430 11392
6430 3521
6430 10076
5712 11344
5712 5371
5712 3503
5712 11268
5712 5712
5712 7934
5712 5001
5712 11581
5712 970
5712 8799
5712 1149
5712 5690
136 6101
136 1898
1119 2926
1119 3546
11142 6316
11142 1465
11142 1353
11142 11697
11142 6976
11142 9305
11142 4423
11142 1464
11142 6153
11142 9490
11142 2051
11142 1358
11142 1335
11142 11363
11142 4658
11142 4126
11142 36814
11142 9062
11142 6094
11142 440
11142 11895
11142 11800
11142 2233
11142 5230
11142 10663
11142 10909
11142 4298
11142 1233
11142 11598
11142 1384
11142 5534
11142 7934
11142 10475
11142 11142
11142 9310
11142 3356
11142 11016
11142 6205
11142 6953
11142 12120
11142 9565
11142 10251
11142 11763
11142 1266
11142 5701
11142 1463
11142 613
11142 4249
11142 10365
11142 4953
11142 10217
11142 11765
11142 3272
11142 9716
11142 3948
11142 10613
2678 6818
2678 11521
2678 394
2678 66
2678 7410
2678 121
2678 297
2678 4149
2678 2678
2678 9154
2678 4572
2678 290
2678 10718
2678 11081
11230 6094
11230 6316
11230 11230
11230 5378
9161 5371
9161 5587
11439 10059
11439 6085
11439 6827
11439 11439
11439 2807
11439 4354
11439 1131
11439 3684
11439 7934
11439 290
11439 2653
11439 10744
11439 4312
11439 6545
11439 6101
11439 4213
11439 2233
11439 3143
11439 10909
9449 397
9449 6316
9449 4437
9449 11009
9449 5094
9449 297
9449 1384
9449 7647
9449 3106
9449 4144
9449 3017
9449 9617
9449 6784
9449 5337
9449 2097
9449 9046
9449 8552
9449 10076
9449 766
9449 9035
9449 8008
9449 5081
9449 1459
9449 450
9449 8141
9449 2807
9449 2290
9449 317
9449 1939
9449 4213
9449 9449
9449 2874
9449 622
9449 9867
9449 5899
9449 1050
9449 613
9449 4002
9449 4096
9449 454
9449 416
9449 3709
9449 1409
9449 33841
9668 10909
9668 9429
586 1176
1631 26801
1631 5963
380 4437
2031 2883
2031 3065
2031 4304
2031 11885
2031 1465
2031 1840
2031 5690
2031 6094
2031 454
2031 302
2031 6360
2031 6787
2031 4213
2031 7934
757 6651
818 6679
3376 8212
345 345
345 3485
10217 5583
10217 6085
10217 3948
10217 11318
10217 7521
10217 1179
10217 26801
10217 1916
10217 4281
10217 6871
10217 1459
10217 2530
10217 10909
10217 5442
4423 51
4423 2554
1703 6094
1703 11423
1703 11530
1703 290
1703 960
1703 2391
1540 2672
1540 2823
1540 6101
1540 454
1540 4345
1540 36814
1540 1044
1540 346
416 2874
416 1841
425 1916
425 425
425 391
425 6836
425 1046
9114 4281
9114 4008
9114 7409
9114 11255
9114 10909
9114 4910
5705 121
979 1116
979 1358
979 3684
979 979
11225 11225
11225 6451
11225 7460
3052 1464
2578 8584
4621 4621
10106 4231
10106 4653
10106 49
10106 4248
10106 1176
10106 1253
10106 613
10106 4177
10106 10106
10106 1409
51 4231
51 121
51 6794
51 8419
51 394
51 51
51 11765
51 11640
51 6094
51 2821
51 4008
51 391
51 6486
51 9672
51 812
51 2554
6316 10779
6316 6316
6316 9422
6316 1465
6316 1353
6316 2926
6316 4177
6316 6716
6316 8008
6316 3106
6316 1358
6316 1532
6316 5340
6316 4658
6316 11730
6316 11588
6316 36814
6316 1131
6316 6094
6316 8212
6316 6101
6316 1459
6316 1116
6316 11609
6316 4661
6316 78
6316 3503
6316 2807
6316 2290
6316 3684
6316 9716
6316 9310
6316 6753
6316 4213
6316 3948
6316 11475
6316 2530
6316 2874
6316 7409
6316 6085
6316 4832
6316 11167
6316 3634
6316 4953
6316 66
6316 2915
6316 1587
6316 4701
6316 6466
6316 317
6316 2273
6316 6950
6316 290
6316 12120
6316 4354
8494 1916
8494 3948
8494 8494
8494 290
8494 6269
8494 6950
8494 6209
4345 9301
4345 4572
4345 613
4345 4345
4345 11640
2926 7743
2926 78
2926 10909
2926 1353
2926 8324
2926 2926
2926 11028
2926 11640
2926 1867
2926 49
2926 6921
2926 3684
2926 3132
2926 6506
2926 3356
2926 11016
2926 45
2926 4213
2926 2874
2926 9390
2926 3032
2926 2000
2926 932
2926 11318
2926 4043
2926 4701
2926 2312
2926 6794
2926 6408
2926 8212
2926 14726
2926 6262
2926 6950
2926 290
2926 3711
2926 6101
2926 11081
2926 11838
2926 2893
9486 7408
9486 8676
9486 4137
11413 6094
6043 6043
6043 7934
23873 23873
23873 1573
23873 8047
23873 4354
23873 7294
23873 11081
3210 27
5700 11297
1508 11215
1508 10610
1508 3521
1508 1508
1508 297
11382 4685
11382 35416
11382 11382
353 184
353 7776
353 5585
353 35575
353 11761
353 8434
353 11827
353 5587
353 1650
353 11262
353 353
353 9163
353 7110
353 11317
353 9534
353 6094
353 10909
10333 10503
10333 3996
10333 4614
10333 1149
916 370
916 1186
916 5081
947 10368
10203 8676
10203 8719
10203 10203
1335 6666
1335 11669
1335 11303
1335 6976
1335 1335
1335 10046
1532 4086
1532 4580
1532 2807
1532 10503
1532 1384
1532 3324
1532 4177
1532 6871
1532 3106
1532 3948
1532 2051
1532 10475
1532 766
1532 1532
1532 8140
1532 4832
1532 6400
1532 11885
1532 7534
1532 11669
1532 10095
1532 11397
1532 11321
1532 2233
1532 1459
1532 1098
1532 10909
1532 2554
3837 66
3837 5081
5849 10708
7842 4661
7842 7842
7842 10095
71 11214
11318 7743
11318 3544
11318 7607
11318 6085
11318 8508
11318 9163
11318 297
11318 9470
11318 8008
11318 2389
11318 36720
11318 9896
11318 6794
11318 6400
11318 11771
11318 3568
11318 11318
11318 11640
11318 750
11318 8212
11318 8320
11318 5627
11318 290
11318 1946
11318 11910
11318 11609
11318 5442
11318 10909
11318 1409
8239 10265
8239 2530
1131 10227
1131 6085
1131 11727
1131 11730
1131 10898
1131 10271
1131 11009
1131 10583
1131 675
1131 11768
1131 8008
1131 3106
1131 11416
1131 1079
1131 972
1131 4658
1131 11521
1131 4354
1131 1131
1131 11499
1131 83
1131 4312
1131 2225
1131 6094
1131 6771
1131 11778
1131 6101
1131 1459
1131 2954
1131 3958
1131 346
1131 11609
1131 5583
1131 4661
1131 934
1131 10773
1131 5810
1131 2384
1131 7934
1131 5229
1131 2823
1131 10705
1131 11016
1131 7375
1131 11506
1131 6921
1131 7671
1131 11763
1131 450
1131 3948
1131 10614
1131 613
1131 10365
1131 11853
1131 11762
1131 5690
1131 1121
1131 3568
1131 11657
1131 5873
1131 290
1131 6153
1131 2554
3461 4354
3461 3461
6408 121
6408 1353
6408 6408
6408 4528
11774 11763
11800 8941
3959 675
3959 11895
3959 1149
396 66
396 4231
396 9035
11823 613
11823 11823
11823 8472
11823 7311
10446 2294
3958 7743
3958 3948
3958 1946
3958 4312
3958 3958
3958 1409
10075 6094
7895 2944
7895 11054
7895 9588
7895 5810
7895 613
7895 35416
10858 3
10858 3948
10858 6921
4661 10227
4661 4661
4661 6400
4661 11727
4661 5810
4661 3160
4661 8799
4661 1004
4661 2944
4661 11247
4661 8676
4661 6094
4661 4832
4661 3248
6818 11264
3473 5323
3473 4528
2614 10503
934 1916
934 3384
934 1436
934 11178
934 290
934 1353
934 3106
934 5690
2192 613
2192 6209
2192 405
3503 5309
3503 8699
3503 11727
3503 8131
3503 3503
3503 3324
3503 5229
3503 7206
3503 10926
3503 6153
3503 8008
3503 11306
3503 3106
3503 8419
3503 8799
3503 5431
3503 6094
3503 434
3503 11407
3503 35575
3503 2797
3503 10365
3503 4953
3503 2294
3503 66
3503 2481
3503 10469
3503 1149
3503 10909
10503 27
10503 2083
10503 11414
10503 7460
10503 10503
10503 3969
10503 9710
10503 5292
10503 2060
10503 1
10503 2807
10503 6101
10503 9652
10503 4144
10503 2530
10503 3996
10503 4790
10503 5340
10503 6085
10503 22
10503 4832
10503 2841
10503 6400
10503 763
10503 10365
10503 11765
10503 1916
10503 8212
10503 733
10503 11736
10503 1353
10503 290
10503 2233
10503 1459
10503 2954
10503 4568
10503 1149
10503 1409
6950 317
6950 5309
6950 437
6950 7521
6950 348
6950 11504
6950 5690
6950 4177
6950 11057
6950 3684
6950 6950
6950 290
6950 11715
6950 11824
6950 10909
4812 1186
4812 4580
955 6588
11640 171
11640 394
11640 11640
11640 10475
11640 6871
11640 9062
11640 4721
11640 6400
11640 613
11640 1478
11640 1400
11640 8047
11640 1916
11640 11885
11640 7762
11640 3711
11640 1459
11640 5442
11640 11081
11640 10862
8733 6094
8733 7936
8733 4558
8733 8733
3775 5420
3775 11745
5420 3106
5420 4953
5420 394
5420 5420
9652 8212
9652 8320
9652 36814
9652 3537
9652 1459
5371 11291
5371 8799
5371 11387
5371 4721
5371 3684
5371 3106
5371 11081
5371 1573
5371 4231
5371 6085
5371 5371
5371 3948
5371 3282
5371 5740
5371 613
5371 11581
5371 5751
5371 10095
5371 10773
5371 6651
5371 6094
5371 9563
5371 11284
5371 290
5371 6101
5371 4298
5371 406
5371 10909
5371 1409
8720 6666
8720 7932
8720 5301
8720 5740
1027 11502
3193 745
3193 36108
4213 3684
4213 11384
4213 10206
4213 297
4213 4183
4213 8008
4213 1849
4213 11349
4213 4213
4213 11324
4213 8799
4213 6085
4213 45
4213 11583
4213 7666
4213 290
4213 1459
3356 11108
3356 10059
3356 3143
3356 3684
3356 3032
9062 1847
9062 171
9062 8676
9062 394
9062 6976
9062 1463
9062 2823
9062 3996
9062 317
9062 6451
9062 4126
9062 4953
9062 9062
9062 6094
9062 11895
9062 6503
9062 6153
9062 8472
9062 1409
9062 10909
9062 10007
303 6936
303 437
303 303
303 6023
303 45
303 8824
3680 1826
3680 1
9867 622
9867 9871
9867 11395
10675 3545
10675 394
10675 10675
10675 2807
10675 8103
10675 5690
10675 4177
10675 6666
10675 437
10675 1916
10675 4144
10675 605
10675 11081
11542 11542
11542 1149
11542 11919
11542 3132
3776 3776
5768 613
5768 5768
8032 4910
8032 360
8032 7867
8032 318
8032 8032
8032 11798
8032 3901
8032 1358
1826 4008
1826 35416
1826 1478
1826 461
1826 9310
1826 5587
1826 3132
1826 4144
1826 2051
1826 1310
1826 450
1826 12120
1826 613
1826 6518
1826 10365
1826 8676
1826 1826
1826 4042
1826 2821
1826 1797
1826 8212
1826 451
1826 5935
1826 4117
1826 391
1826 1459
1826 370
1826 10909
1400 3106
1400 10095
9672 6451
9672 11750
9672 9672
121 10059
121 5309
121 8699
121 394
121 11705
121 7460
121 11398
121 11576
121 5756
121 5399
121 4333
121 2191
121 6153
121 8008
121 3132
121 66
121 6269
121 45
121 2530
121 9068
121 9163
121 11284
121 11522
121 4833
121 3546
121 2672
121 11583
121 11264
121 8410
121 121
121 824
121 11563
121 7666
121 14726
121 8320
121 10909
121 4245
7595 8799
5952 321
14726 9163
14726 2384
14726 385
14726 3568
14726 5690
14726 14726
14726 1
14726 6506
14726 8799
14726 8008
7666 5337
7666 2841
7666 2273
7666 3847
7666 7460
7666 1841
7666 10076
7666 66
7666 11503
7666 7666
7666 8141
7666 4790
582 11745
582 8320
582 11743
5753 8460
5753 5753
10708 6307
10708 6085
3521 622
3521 4721
3521 6976
3521 10775
3521 5893
3521 460
3521 33841
3521 2330
3521 299
3521 437
3521 1
3521 10076
3521 66
3521 9379
3521 35416
3521 3521
3901 6666
3901 6646
3901 4558
3901 6871
3901 360
3901 613
3901 1353
3901 394
3901 2349
3901 6094
3901 437
3901 3711
3901 2874
3901 2039
3901 5627
3901 344
3901 3901
3901 10328
848 848
848 1867
848 8799
848 763
848 8320
4753 2436
4753 1946
4753 7521
4753 4903
4753 4753
577 3711
4614 11557
1320 1320
4164 4164
4164 9821
4164 4275
3077 9645
7673 430
7673 8320
7673 3324
1849 1463
1849 6646
1849 11438
1849 1849
1849 290
1849 960
1849 1459
1849 11609
1849 5970
1849 1587
1579 9924
1579 1579
2757 10909
9490 4354
9490 3948
11407 6085
11407 4312
11407 3684
11484 2968
4040 3106
4040 6094
4040 11322
4040 8176
4040 4040
5431 11260
4639 1985
4639 7721
4639 437
4639 4639
3544 7392
11325 3132
11325 4312
11325 3684
11325 9716
11325 11325
11562 11562
11562 3545
11562 6030
11562 394
7867 451
11842 7206
11842 7521
1106 11266
1106 6094
1106 1573
1106 11317
1106 9928
5659 6101
7302 3927
7302 7302
11241 8799
11241 11241
11241 3282
11241 3684
2360 3684
5100 7534
5100 1256
2019 11630
9502 11395
8472 4231
8472 10072
8472 3448
8472 5740
8472 10007
8472 2266
8472 11669
8472 45
8472 675
8472 11319
8472 8320
8472 2225
8472 1847
8472 1229
8472 8472
8472 2954
8472 10909
8472 11609
2954 11727
2954 6400
2954 556
2954 2294
2954 5917
2954 4177
2954 6094
2954 2225
2954 2807
2954 2954
2954 1234
2954 5690
2954 10909
2954 8008
4760 4008
4760 10909
4760 1573
4760 1465
4760 3874
4760 4760
10346 1847
10346 1590
10346 10346
1448 10909
1593 11491
6757 8103
5751 1353
5751 5751
11761 11730
3684 6936
3684 817
3684 1384
3684 5917
3684 6153
3684 8008
3684 10186
3684 4701
3684 11306
3684 8799
3684 11016
3684 11108
3684 2266
3684 10898
3684 10095
3684 6094
3684 8212
3684 5627
3684 1459
3684 11399
3684 10909
3684 4298
3684 11363
3684 3684
3684 11028
3684 9305
3684 10920
3684 5970
3684 11934
3684 5963
3684 11423
3684 8320
3684 11721
3684 11491
3684 11405
3684 10365
3684 1409
5587 3948
5587 1353
5587 2530
5587 5587
10152 10152
10152 437
10152 763
10152 35416
5110 8320
7392 9962
7392 6753
7392 7392
7392 763
7392 7458
9310 6094
9310 8430
9310 9310
9310 8676
9310 297
9310 6415
9310 3106
9310 1459
9310 5230
9310 11016
798 9417
798 8320
798 4910
11909 6101
11909 11909
2389 1946
2389 6794
2389 7743
2389 11557
4872 2938
9542 10926
9542 2530
2284 5743
2284 2284
2284 2259
2530 6269
2530 10712
2530 1921
2530 78
2530 2330
2530 4177
2530 1229
2530 8008
2530 3106
2530 8799
2530 10775
2530 83
2530 2225
2530 5792
2530 6415
2530 10627
2530 4991
2530 10909
2530 4298
2530 6827
2530 5810
2530 1
2530 9163
2530 437
2530 10705
2530 66
2530 4782
2530 2530
2530 2841
2530 4832
2530 11072
2530 6503
2530 1916
2530 10265
2530 4477
2530 290
2530 9078
2530 1409
2530 9645
2530 8176
11846 4231
11846 4721
11846 11885
11846 7521
11846 943
11846 404
11846 4910
11846 4177
11846 6451
11846 391
11846 8594
11846 66
11846 11846
11846 613
6921 972
6921 11054
6921 3948
6921 11563
6921 763
6921 6921
9776 4231
9776 4008
11433 4008
11433 8320
11433 2841
11433 7460
11433 3996
11433 11395
11433 10076
11433 1310
6570 6094
6570 6570
6570 8676
6570 11556
6570 35575
4832 6936
4832 11790
4832 4832
4832 1384
4832 11361
4832 6094
4832 3106
4832 6101
4832 11334
4832 10469
5701 11178
5701 11716
5701 8212
5701 1840
1184 5534
3634 2290
3634 3634
3634 2266
3634 394
3634 10819
3634 4177
3634 6666
3634 10330
3634 1353
3634 6872
3634 6101
3634 45
3634 344
3634 1946
3634 1993
11885 6794
11885 11915
11885 3106
11885 7311
11885 7732
5970 297
5970 935
5970 451
5970 5627
5970 10095
5970 5970
5970 4953
5970 11435
5970 11334
3993 11301
10583 10227
10583 2823
10583 3983
10583 11368
10583 7460
10583 1409
10583 10583
919 1186
1094 5337
4701 10632
4701 5609
4701 450
4701 10194
4701 4177
4701 2554
4701 11530
4701 1606
4701 6545
4701 11260
4701 5094
4701 1149
4701 3996
7043 7647
7288 11260
9716 290
9716 2807
9716 10095
9716 2294
1698 7721
3859 2807
1040 1040
1040 394
11726 290
11726 35336
11726 78
11726 11726
630 2384
630 6085
630 5963
2106 11395
2106 4144
2106 10705
2106 460
2106 986
238 6094
238 238
238 3948
238 10773
238 454
238 66
238 11669
238 11762
238 613
238 8162
2362 750
3983 8452
3983 8799
3983 2554
11258 11011
11258 8146
11113 8324
11113 5309
556 3106
11398 3927
11398 2384
11398 2841
11398 1353
11398 11398
11398 78
11398 9035
11398 2874
6569 11108
6569 1463
6569 6976
6569 6569
8584 11081
11176 4354
11176 11411
11176 11538
9534 9534
9534 2384
9534 7762
9534 8320
9534 1186
9534 4177
5309 6666
5309 259
5309 4685
5309 2191
5309 2290
5309 5756
5309 4333
5309 3927
5309 5309
5309 1018
5309 6153
5309 6753
5309 9163
5309 1149
5309 4790
11390 4700
11570 6085
11570 1436
11570 7409
11570 11727
11570 11918
11570 11570
11570 11923
11570 10909
11057 1459
5756 3272
5756 4053
5756 78
5756 3927
5756 6518
5756 2290
5756 5756
5756 4721
5756 290
5756 437
5756 3132
5756 66
5756 6506
5756 2874
11324 11324
11324 11081
11324 2874
14447 10707
14447 2146
14447 1149
8353 11319
4144 2083
4144 10007
4144 4437
4144 386
4144 2349
4144 8047
4144 11530
4144 10076
4144 3709
4144 3996
4144 370
4144 1186
4144 3931
4144 4144
4144 11395
5963 6094
5963 317
5963 6400
5963 7655
5963 11934
5963 1916
5963 10330
5963 11443
5963 1459
5963 5963
2089 3659
11435 1459
11435 766
785 11506
11571 3948
297 10408
297 4231
297 6269
297 10712
297 7607
297 2290
297 6976
297 4333
297 297
297 2653
297 10705
297 11506
297 2841
297 5340
297 1939
297 935
297 9068
297 6400
297 6451
297 8552
297 4707
297 1840
297 7521
297 6094
297 605
297 35575
297 1459
297 11910
297 11609
4366 4366
4366 11521
4366 394
4366 45
4366 6209
4366 7868
4366 5301
7521 10461
7521 5373
7521 6794
7521 7206
7521 8008
7521 3106
7521 763
7521 8224
7521 972
7521 6085
7521 2000
7521 7521
7521 4137
7521 290
7521 5442
7521 10909
7521 932
35833 11662
35833 36814
35833 4528
35833 45
35833 5935
4903 1384
4903 11244
4903 2273
4903 1946
4903 4903
4903 3324
4903 2554
2294 4231
2294 11727
2294 2807
2294 11618
2294 7655
2294 10095
2294 11221
2294 1121
2294 1610
2294 6094
2294 4361
2294 2294
2294 4020
2294 11853
2294 11868
2294 290
2294 10909
2294 11780
10076 3384
10076 2083
10076 7460
10076 8324
10076 4054
10076 9379
10076 9163
10076 9871
10076 11785
10076 5081
10076 11395
10076 4231
10076 622
10076 4721
10076 4002
10076 8552
10076 3931
10076 943
10076 11765
10076 10076
10076 3927
10076 8320
10076 2874
10076 450
10076 4692
7868 1916
7868 8680
7868 11503
7868 2008
7868 5094
7868 11395
22846 4231
22846 22846
440 972
440 8140
440 440
440 11306
440 1079
440 2363
440 3996
440 4298
9035 3927
9035 4008
9035 5337
9035 1353
8212 1465
8212 8212
8212 9305
8212 8008
8212 6794
8212 4580
8212 4833
8212 9455
8212 4354
8212 11301
8212 6094
8212 6415
8212 6101
8212 10696
8212 11609
8212 1857
8212 10773
8212 2807
8212 3402
8212 11307
8212 437
8212 8176
8212 2841
8212 6085
8212 3568
8212 1355
8212 460
8212 10330
8212 8552
8212 290
8212 1492
8212 6209
8212 932
391 2273
391 10745
391 3969
391 66
391 6871
391 3106
391 45
391 1355
391 622
391 11284
391 10775
391 4354
391 83
391 1149
391 1916
391 391
391 299
391 4707
11244 1946
11244 3272
6882 4020
6882 6882
6882 4658
960 290
960 2233
960 6322
5495 5495
5495 10775
370 4231
370 3545
370 1018
370 3927
370 3931
370 4245
370 299
370 2349
370 4149
370 66
370 2260
370 4707
370 4696
8152 10206
8141 5337
8141 7460
8141 2841
8141 2874
8141 1310
10408 2083
11839 3106
11839 290
11839 2051
11839 8479
11839 11839
11447 1459
4067 1898
11598 11598
11598 4558
11598 8008
602 11251
8324 3272
8324 2503
8324 7460
8324 450
8324 1021
8324 2874
7607 935
11790 1847
11790 454
7934 10059
7934 404
7934 5810
7934 6085
7934 2158
7934 7655
7934 5841
7934 7934
7934 10705
7934 3106
7934 11918
7934 1345
7934 7311
7934 9565
7934 1650
7934 11763
7934 8799
7934 5585
7934 1573
7934 4415
7934 83
7934 6094
7934 824
7934 6756
7934 5627
7934 11362
7934 11418
7934 1898
7934 10613
7934 10909
3 4231
3 11498
3 8047
3 6209
3 1841
3 10909
3 10095
11806 984
9821 8676
9821 3948
8176 6269
8176 763
8176 290
8176 8176
8176 3106
8176 5340
8176 11072
8176 4367
8176 9928
8176 8345
8176 8410
8176 6094
8176 6415
8176 8338
8176 2233
8176 1459
8176 11081
8176 10909
8176 11303
8508 6085
8508 49
8508 3711
8508 5810
8508 8508
1079 9422
1079 1079
1079 8676
1079 11853
1079 5917
11828 972
11828 11828
11828 11730
1149 11669
1149 7206
1149 11530
1149 8008
1149 6871
1149 1310
1149 4231
1149 788
1149 11475
1149 2503
1149 11482
1149 8676
1149 10299
1149 19943
1149 1004
1149 3927
1149 5094
1149 4692
1149 11030
1149 10909
1149 3545
1149 8419
1149 5301
1149 5101
1149 10773
1149 2807
1149 3324
1149 11307
1149 10204
1149 1073
1149 1345
1149 7311
1149 10469
1149 6085
1149 259
1149 6400
1149 1050
1149 3546
1149 6209
1149 10365
1149 6129
1149 1114
1149 5147
1149 11785
1149 4767
1149 290
1149 11850
1149 4245
1149 3143
1149 1149
1149 1409
11167 7534
11167 8676
11167 1478
11167 11167
402 1898
402 2841
402 402
402 11387
402 11568
402 11081
402 1916
402 1176
402 5210
402 763
402 10368
402 10909
402 406
11581 3281
11581 1737
5792 5792
5792 4790
4361 2039
2147 3927
2147 2653
2147 2147
11299 5373
11299 11299
11830 3106
11280 4692
11280 7154
11280 3711
11280 621
11870 8799
11870 1044
11870 11870
11264 27
11264 3545
11264 3528
11264 5301
11264 11072
11264 394
11264 454
11264 8676
11264 11264
11264 6094
11264 302
11264 2273
11264 3651
11264 78
2823 10227
2823 11449
2823 3818
2823 7460
2823 5690
2823 2823
2823 11072
2823 10086
2823 8799
2823 7311
2823 1358
2823 1409
3108 6666
3108 3108
3108 6223
3108 360
8257 3992
3291 11260
3291 10095
6651 2888
6651 2361
6651 10095
7721 7721
7721 8320
7721 1353
7721 3931
7721 344
3041 1916
3041 11221
3041 3041
3041 9962
3041 8103
3041 1688
2305 290
2305 10696
2305 11035
6926 675
2083 2083
2083 10775
2083 1050
2083 8552
2083 4953
2083 2275
2083 460
2083 2807
2083 3996
2083 4692
2083 2874
2083 4790
1353 4558
1353 10632
1353 1353
1353 5513
1353 1709
1353 4177
1353 437
1353 2391
1353 2051
1353 6262
1353 344
1353 766
1353 11035
1353 4790
1353 2841
1353 3546
1353 1841
1353 3659
1353 750
1353 4528
1353 11575
1353 3927
1353 2807
1353 3711
1353 1459
1353 36720
1353 49
1353 11081
1353 11609
3818 66
3818 10926
3818 8799
3537 4231
3537 824
3537 9417
3537 10942
3537 2273
3537 1459
3537 10095
3737 8739
11612 2290
3710 11108
3710 10596
3710 3710
3710 3132
3710 11312
3710 6481
3710 2874
3710 35840
11437 11437
11437 1797
9470 10909
6986 4782
3029 1650
11394 1459
11394 2575
9044 3106
1610 1610
1610 3338
5337 3927
5337 2653
5337 5337
5337 4177
5337 33841
3609 10773
11523 10227
11523 11523
2841 2191
2841 360
2841 4428
2841 78
2841 11530
2841 2628
2841 1176
2841 11750
2841 11108
2841 2841
2841 4659
2841 11218
2841 1841
2841 8410
2841 1916
2841 2821
2841 1238
2841 1851
2841 1985
2841 10862
2841 10909
2841 11
986 2191
986 1
8676 11417
8676 11630
8676 2672
8676 11920
8676 11535
8676 3402
8676 9163
8676 7281
8676 6153
8676 11423
8676 5230
8676 763
8676 11016
8676 8676
8676 3948
8676 6400
8676 3568
8676 4953
8676 11669
8676 1478
8676 11556
8676 6415
8676 290
8676 1946
8676 6094
8676 6209
8676 10909
8676 932
9871 9871
9871 4344
9871 7460
9871 10696
9871 4054
9871 11395
9871 3996
1234 1674
4042 6936
4042 4042
4042 8320
4042 4437
3891 1985
11563 454
11563 6085
11563 935
728 10095
9313 6307
9313 2672
9313 7647
9390 1465
9390 9390
9390 360
9390 10819
9390 4177
4991 3106
4991 10072
4991 11317
2273 1233
2273 11249
2273 3528
2273 1840
2273 10696
2273 78
2273 1176
2273 10191
2273 4043
2273 6794
2273 11239
2273 4953
2273 6094
2273 4977
2273 10779
2273 11575
2273 11301
2273 290
2273 6101
2273 2554
2273 49
2273 10368
2273 10909
6827 4008
6827 1
6015 3106
6015 1650
6015 290
6015 35416
3635 4281
3635 1916
3635 290
3635 11072
3635 6451
1622 2383
1622 619
4111 11260
10072 10072
10072 1465
10072 6101
10072 4354
10072 4910
622 622
622 3975
622 4428
622 3106
622 66
622 318
622 5081
622 11395
11319 6094
11319 11319
4528 3711
4528 11002
4528 5690
4528 4043
4528 45
4528 4528
2938 10819
2938 9429
11178 8588
11178 6094
11178 11054
11178 3272
11178 1847
11178 1840
11178 1465
11178 11178
11178 11009
1345 972
1345 4721
1345 1650
1345 3568
1345 3106
1345 4177
1345 11262
1345 290
1345 2158
1345 6506
1345 3996
1345 1345
1345 10909
1345 11662
763 27
763 11630
763 11583
763 6269
763 4580
763 11368
763 11236
763 8050
763 8452
763 10365
763 11016
763 11454
763 763
763 5210
763 4231
763 11102
763 317
763 11824
763 2554
763 4707
763 11568
763 11081
763 10265
763 6262
763 2807
763 290
763 11662
763 1186
763 11930
763 10909
763 11609
6481 3922
6481 1409
11464 2233
11464 935
11418 824
11418 1898
11418 8008
11418 66
11418 11418
11418 8799
11346 6096
11346 8923
8680 3927
8680 5482
2554 2554
2554 5810
2554 1384
2554 972
2554 10265
2554 2383
2554 5873
2554 1459
2554 8799
2554 10909
2554 1409
1539 675
11329 36814
11329 6360
5690 4354
5690 5690
5690 4177
5690 605
5690 3106
5690 344
5690 49
5690 5081
5690 11493
10663 11072
10663 2290
10663 6976
10663 11556
10663 10663
11498 11522
11498 6871
11498 6013
11498 1186
11498 11498
11498 10475
11498 83
4767 4231
4767 3927
4767 915
4767 1384
4767 4767
11028 11028
290 11438
290 6269
290 1481
290 1465
290 78
290 8008
290 2051
290 9617
290 1310
290 11363
290 972
290 22
290 10775
290 11255
290 4100
290 4281
290 11895
290 1946
290 10909
290 11609
290 1715
290 8419
290 5810
290 6976
290 2290
290 317
290 6545
290 11722
290 11030
290 11475
290 766
290 2874
290 2384
290 8140
290 4953
290 6588
290 10368
290 3272
290 290
290 1046
290 1409
290 11557
290 11727
290 11236
290 1384
290 10206
290 6451
290 11530
290 11832
290 3106
290 8799
290 1358
290 36720
290 10763
290 1650
290 9068
290 11552
290 10095
290 6094
290 11445
290 1459
290 450
290 11081
290 4298
290 9417
290 5513
290 344
290 6085
290 7409
290 613
290 11504
290 10194
290 1916
290 11260
290 7776
290 9896
1046 3568
1046 11054
1046 8008
1046 1046
1046 143
10613 1898
10613 10613
2386 6094
2386 5709
2386 36720
11768 6096
11768 11768
11768 9422
11 1004
5860 619
381 45
381 11002
381 11395
1840 6451
1840 1840
11535 6094
11535 1847
11535 3948
11535 613
11535 11535
11535 35416
11535 7458
1179 8755
1179 3948
4053 10773
8050 2807
8050 3546
26801 1004
26801 4312
26801 6101
26801 36814
26801 5094
26801 3996
26801 26801
8131 6415
8131 8320
8131 11727
6451 4721
6451 6451
6451 943
6451 940
6451 11750
6451 11317
6451 7311
6451 10909
1384 1384
1384 4177
1384 3106
1384 11306
1384 8799
1384 3199
1384 5015
1384 6794
1384 6836
1384 4275
1384 2024
1384 4281
1384 3927
1384 1985
1384 1459
1384 11312
1384 11030
1384 10909
1384 11417
1384 1233
1384 10773
1384 2807
1384 10745
1384 2290
1384 9163
1384 11926
1384 3485
1384 2874
1384 10365
1384 7002
1384 10819
1384 10194
1384 2260
1384 1916
1384 5831
10454 1459
6871 6794
6871 11522
6871 394
6871 613
6871 2807
6871 6013
6871 943
6871 83
6871 6094
6871 6871
6871 2051
6871 1186
6871 2874
4400 4400
5744 3106
5744 83
1050 36108
1050 6269
1050 7434
1050 35416
1050 3032
1050 11360
1050 824
1050 2056
1050 10920
1050 10909
8799 6085
8799 8799
8799 8452
8799 1464
8799 6153
8799 3106
8799 4005
8799 11416
8799 11108
8799 11763
8799 1898
8799 36814
8799 2000
8799 2384
8799 6094
8799 7294
8799 4923
8799 10909
8799 9924
8799 8419
8799 5301
8799 9246
8799 2807
8799 3969
8799 3448
8799 11443
8799 823
8799 6545
8799 7311
8799 766
8799 7409
8799 673
8799 7671
8799 11284
8799 3948
8799 915
8799 8430
8799 613
8799 11697
8799 8320
8799 6506
8799 11277
8799 3996
730 4707
730 11449
11035 6094
11035 4248
11035 2361
11035 11035
1436 3568
2361 6794
2361 4087
2361 6400
2361 5147
2361 2618
2361 5810
2361 10537
2361 6085
2361 5542
2361 6094
2361 750
2361 800
2361 1459
2361 36720
2361 5442
2361 9896
5893 2874
10898 1916
10898 35336
10898 1061
10898 11009
10898 6094
10898 10898
10898 4137
10898 9422
10095 9924
10095 5340
10095 2290
10095 6756
10095 10773
10095 6013
10095 1189
10095 9163
10095 11349
10095 2051
10095 10475
10095 11108
10095 10251
10095 317
10095 45
10095 83
10095 613
10095 1186
10095 4953
10095 4100
10095 8410
10095 6094
10095 11868
10095 10095
11269 318
6094 6269
6094 11730
6094 35416
6094 2497
6094 6153
6094 8008
6094 11044
6094 11349
6094 9617
6094 1004
6094 1573
6094 454
6094 4100
6094 11621
6094 5442
6094 4558
6094 4580
6094 11821
6094 10231
6094 5917
6094 11907
6094 11588
6094 1459
6094 1446
6094 3902
6094 2384
6094 35575
6094 11759
6094 6666
6094 613
6094 36108
6094 3106
6094 11108
6094 3401
6094 11301
6094 4137
6094 6094
6094 6101
6094 3996
6094 404
6094 972
6094 4362
6094 5734
6094 11307
6094 4312
6094 4953
6094 11054
6094 1474
6094 8430
6094 11483
6094 1650
6094 437
6094 8320
6094 8794
6094 9352
5239 3075
6415 7281
6415 6415
6415 1098
332 3996
766 10773
766 2807
766 7655
766 8452
766 1464
766 10705
766 3106
766 766
766 3948
766 6400
766 613
766 4354
766 1916
766 7294
766 1459
766 5094
766 10909
766 1409
2807 10903
2807 3106
2807 4721
2807 11521
2807 2821
2807 8552
2807 1098
2807 2233
2807 5583
2807 4558
2807 4580
2807 9163
2807 4312
2807 3546
2807 613
2807 9928
2807 1916
2807 3568
2807 3272
2807 11575
2807 6262
2807 2039
3556 1004
3199 10365
3199 1459
3199 3199
11863 1409
3651 3651
11266 9417
11266 9928
11266 11804
11266 2874
11266 1409
11843 8430
2082 394
2082 1465
2082 10819
2082 10909
2082 3546
3005 450
3005 10475
11595 4231
360 6936
360 10206
360 360
360 9163
8146 11011
8146 8146
8146 4231
8146 11247
10537 1492
10537 3711
10537 1946
10537 10537
10537 4137
935 10881
935 935
935 3948
935 10330
935 613
935 4165
935 35416
1 1847
1 1465
1 11499
1 78
1 1
1 4177
1 66
1 10204
1 4312
1 11832
1 6506
1 11662
1 11645
1 11286
1 6101
11715 4428
11715 11715
11715 11081
2784 4231
2784 9407
2784 4953
2784 1459
2784 2784
3118 6400
11923 10227
4556 2384
4556 3401
4133 6085
7409 7743
7409 5583
7409 3568
7409 11575
7409 394
7409 10231
7409 1797
7409 7294
7409 9896
7409 3711
7409 45
7409 78
613 2011
613 9024
613 78
613 83
613 4572
613 3106
613 11395
613 4231
613 36814
613 1478
613 11538
613 3927
613 7294
613 1459
613 1098
613 1441
613 4558
613 394
613 2653
613 6101
613 10086
613 3948
613 613
613 11804
613 7499
613 6262
613 10328
613 3579
11405 11108
11405 11405
3931 6936
3931 4721
3931 3931
3931 943
3931 6666
3931 828
3931 2349
3931 5935
3931 5081
348 1481
4685 10909
8049 8991
8049 11771
8410 2821
8410 2384
8410 8410
9645 102
10330 9163
10330 10330
10330 1409
10330 6101
10330 78
10330 10819
3602 1650
406 4324
406 4949
333 10909
4249 2290
4354 10059
4354 4165
4354 1688
4354 11557
4354 6085
4354 4658
4354 1573
4354 4354
4354 11804
4354 970
4354 10909
932 9163
932 2000
932 4312
932 932
932 11556
11536 11536
11536 45
11536 6976
2011 2011
9581 7341
11414 437
11414 1446
11414 11414
10271 10271
10271 5810
78 9417
78 1465
78 6976
78 78
78 11384
78 1985
78 49
78 3132
78 66
78 2051
78 45
78 11102
78 2384
78 5740
78 11669
78 2857
78 3711
78 6262
78 10475
78 11568
78 36720
78 11081
78 10909
78 1409
35416 10059
35416 7408
35416 10947
35416 35416
35416 1464
35416 49
35416 9514
35416 745
35416 9163
35416 11303
35416 321
35416 3546
35416 8103
35416 10596
35416 7110
35416 5831
35416 6101
35416 11609
35416 4692
35416 11030
35416 10909
11596 943
11596 1090
675 824
675 10946
675 7
675 1481
4100 11108
4100 4658
4100 3546
4100 1389
4100 2266
4100 4100
4100 143
4100 2039
4100 3132
4100 11312
2349 4558
2349 11072
2349 11517
2349 344
2349 11765
2349 2349
2349 2051
2349 8320
2349 7311
2349 11081
2349 10909
2349 36720
11918 11853
11918 8430
2051 9417
2051 6269
2051 1465
2051 7460
2051 3969
2051 6646
2051 11915
2051 3106
2051 2051
2051 8103
2051 11662
2051 1587
2051 11853
2051 1056
2051 11765
2051 1459
2051 2391
2051 10909
2051 1409
7851 11825
10580 3927
10580 1594
10580 2874
11363 4137
11363 11363
8162 10718
8162 2503
4721 3132
4721 1465
4721 9492
4721 83
4721 11765
4721 1464
4721 451
4721 4428
4658 5301
4658 10773
4658 10696
4658 6976
4658 8008
4658 6994
4658 408
4658 11016
4658 2384
4658 4953
4658 4658
4658 4833
4658 6400
4658 3568
4658 11334
4658 6101
4658 1459
4658 10909
5740 11395
5740 10909
5740 1310
11268 10945
11583 11583
11583 4953
430 12120
83 6936
83 1233
83 7460
83 6013
83 11688
83 1841
83 65
83 3106
83 10475
83 9617
83 83
83 2391
83 1650
83 8047
83 8320
83 1459
83 346
11214 461
4281 4281
4281 9417
4281 9928
4281 11081
5340 7434
5340 1650
5340 8008
5340 11738
5340 3106
5340 10718
5340 10469
5340 2225
7932 1409
434 2821
11838 1409
11838 11821
11838 6647
11838 3996
10729 5094
7743 7408
7743 6794
7743 1459
7743 6503
7743 6647
7743 6153
7743 6321
7743 1492
7743 11703
7743 6085
7743 11502
7743 7743
11458 460
8419 8419
8419 1465
8419 2874
8419 7410
2275 10909
11837 5896
11206 9928
11206 2612
3032 8008
3032 3568
3032 3032
143 5585
439 3975
424 11731
6545 7647
6545 6545
6545 10368
6545 10194
1229 2266
66 5301
66 9246
66 10773
66 4428
66 9163
66 11906
66 5513
66 2837
66 45
66 1898
66 3948
66 2503
66 454
66 66
66 3377
66 1797
66 7110
66 11286
66 10909
4194 11317
11392 3996
11662 3272
11662 1266
11662 11764
11662 3546
10206 10206
6716 6716
6716 8008
6518 6085
6518 10365
6518 1459
5072 802
10819 11015
10819 4437
10819 9492
10819 1389
10819 8103
10819 4312
10819 11621
10819 10819
1841 6666
1841 5301
1841 1841
1841 184
1841 733
1841 4659
1841 1409
6588 4020
6588 6588
7335 10227
7335 8430
11868 11853
3149 11827
11620 9163
11620 9417
397 2874
3847 1121
3847 3847
3847 5301
3847 386
11360 10920
9379 3927
9379 460
9379 9379
9379 11081
4177 10227
4177 4580
4177 4262
4177 4177
4177 49
4177 10194
4177 6262
4177 10862
4177 3106
4177 344
4177 2874
4177 6666
4177 11002
4177 11072
4177 394
4177 175
4177 11568
4177 1916
4177 3927
4177 1797
4177 3711
4177 11932
4177 8320
4177 10909
4177 11609
4333 4333
4333 8047
4333 6506
6506 6506
6506 6101
6506 3996
3528 3528
3528 4953
33841 4659
3132 3757
3132 3132
3132 1459
3132 11108
3132 1916
3132 11482
3132 11124
3132 5542
3132 3927
3132 3272
3132 970
3132 11312
3132 4231
5263 1459
11409 1590
7710 1004
7710 6101
7710 3996
7710 7710
7710 5585
1358 10227
1358 11727
1358 3948
1358 1358
11731 11731
3992 4707
3992 36814
3992 8008
1243 8008
11146 3948
11146 11146
11819 7534
4415 2384
11804 6101
11804 11804
11804 7311
11499 10779
11499 1465
11499 6101
11499 11499
11499 10368
321 4231
321 321
321 8552
321 3996
1004 2330
1004 11483
1004 11762
1004 1004
1004 6101
1004 11657
11445 6666
11445 3272
11445 5301
11445 11445
11445 2874
7762 1186
6756 10365
6756 6756
10696 27
10696 1459
6101 8430
6101 6240
6101 36720
6101 7311
6101 3509
6101 6101
6101 11081
6101 10909
6101 10059
6101 2290
6101 6214
6101 767
6101 3324
6101 5229
6101 4312
6101 4165
6101 9456
6101 7671
6101 5743
6101 3948
5094 3927
5094 4707
5094 5081
11058 703
11058 3927
11058 11058
1481 750
1481 3272
1481 4205
1481 4428
1481 460
1481 1662
11215 1939
394 3545
394 5301
394 4437
394 1465
394 11850
394 940
394 605
394 10475
394 11395
394 4231
394 1898
394 11521
394 6521
394 1674
394 11669
394 10194
394 1916
394 5732
394 1650
394 394
394 10328
394 6486
10610 10610
10610 9928
10610 7460
10610 3996
10610 3233
10745 532
11123 4356
3402 3568
3402 3106
3402 4953
11554 5301
1939 2874
8794 1459
9300 6936
9300 2191
10705 8008
10705 824
2837 4231
2837 1985
2837 2837
2837 5301
45 1465
45 2290
45 7281
45 4782
45 45
45 4231
45 6794
45 3948
45 4707
45 3711
45 11002
10934 4428
10934 3948
10001 5743
10001 2874
9068 9068
9068 10909
9565 9565
9565 767
11763 12120
10945 11322
3664 1123
3664 6262
12120 8430
12120 12120
12120 8552
11124 6339
3546 3546
3546 6013
3546 1450
3546 3106
3546 1459
451 451
451 3711
451 10909
10365 2290
10365 3568
10365 10365
10365 9475
10365 9305
10365 3272
10365 4312
102 3568
10779 9564
10779 1459
10779 10779
8320 32
8320 9417
8320 3711
8320 3106
8320 5743
8320 5542
8320 3948
8320 5081
8320 11288
8320 11002
8320 1688
8320 2391
8320 454
8320 4231
8320 11402
8320 11675
8320 8320
8320 6794
6262 437
6262 6262
8552 4231
8552 437
8552 5301
8552 8552
8552 4707
8552 9305
8552 2391
8552 9163
8552 3709
8552 605
11491 3568
2612 2612
2612 5301
2612 22
6936 6936
6936 5627
6936 1459
6936 11303
11301 10231
6269 6269
6269 379
6269 6976
6269 1463
6269 11108
6269 10251
6269 8430
6269 2821
6269 3927
6269 6460
6269 1459
6269 11081
6269 10909
9422 8008
9422 11727
9422 11762
4437 4437
4437 5101
4437 8103
4437 2464
4437 11556
4437 3709
4437 3579
1465 9417
1465 11236
1465 11051
1465 5001
1465 1650
1465 8140
1465 6521
1465 11517
1465 11765
1465 1916
1465 11621
1465 1465
1465 1459
1465 3579
1465 10909
1465 10007
2618 3106
2618 2618
2618 10231
4642 3711
1688 10632
1688 9962
1688 1688
2000 2060
2000 3338
2000 5810
2000 454
2000 10299
3918 6836
4324 4949
6153 9840
6153 36814
6153 175
6153 11765
6153 6153
11556 8430
11556 11556
11556 3948
11556 35575
11556 11576
11556 4580
11915 3106
8373 1847
8373 11260
10718 4707
10718 4248
19475 11750
9617 11383
9617 5301
9617 4362
9617 1186
9617 4707
9617 10475
9617 1916
9617 824
9617 9617
100 5935
5015 5015
5015 9407
5015 2290
972 972
972 11730
972 7655
972 8008
972 2233
972 10909
11920 4953
1018 4008
1018 1018
1018 6753
4580 1121
4580 4580
4580 8430
4580 5873
1573 9563
1573 3106
1573 7434
1573 10909
824 7294
824 346
824 2622
824 5217
4248 5583
4248 4248
4248 8008
11506 6794
11506 9840
11506 3237
11506 11506
11506 6085
11506 4137
2024 6769
2024 10632
11730 3969
9712 1946
19943 3927
19943 1114
4344 4428
4344 3996
2821 5627
2821 2191
2821 4953
2821 9305
2821 1916
2821 3927
2821 49
2821 2039
2821 239
2821 4117
2821 10475
2821 450
9407 9407
9407 2290
11621 6205
11621 11621
2363 3568
2363 9559
4678 4231
6749 6531
10909 1176
10909 11575
10909 7655
10909 7281
10909 8008
10909 1310
10909 7311
10909 11716
10909 7294
10909 1946
10909 5810
10909 2290
10909 4782
10909 2874
10909 2384
10909 3948
10909 1464
10909 4707
10909 10909
10909 49
10909 44739
10909 4231
10909 6794
10909 1478
10909 462
10909 9793
10909 2481
10909 3996
10909 450
10909 10059
10909 1459
10909 4312
10909 6787
10909 9756
10909 6085
10909 1121
10909 1409
10909 9896
11609 327
11609 2312
11609 11332
11609 3711
11609 450
11609 2874
1233 1176
8991 11108
4558 4558
4558 10602
4558 1463
4558 2039
10632 10632
5101 4149
5101 5101
5101 8047
5101 3996
5101 2665
11387 1459
11821 1409
10231 3106
10231 10231
11384 35575
11384 11384
11438 1459
437 6085
437 11300
437 437
437 9163
437 6794
437 7434
437 8103
437 11081
437 3996
437 1409
3948 1409
3948 8452
3948 7281
3948 11131
3948 36814
3948 1478
3948 11538
3948 11604
3948 6107
3948 9246
3948 11368
3948 11688
3948 8887
3948 10475
3948 10086
3948 745
3948 11102
3948 3948
3948 2944
3948 11697
3948 11411
3948 3579
3948 10007
11778 8008
9962 9962
9962 6753
7311 5516
7311 11072
7311 11669
7311 11765
7311 8047
7311 8430
7311 3106
7311 7311
7311 11081
7410 4149
7410 7410
11574 317
7671 7671
7671 3711
7671 454
7671 1409
317 6646
317 317
317 3106
317 11669
317 3324
317 3709
317 3579
259 259
1446 9163
11239 5147
7460 6646
7460 7460
7460 2653
7460 943
7460 6953
7460 2874
7460 11436
7460 9455
7460 4707
7460 11850
7460 3272
7460 1409
11853 11771
11853 11727
11853 11016
11853 4126
11853 3237
11853 11934
11853 9896
4653 4231
4653 4653
4653 5301
4653 9246
4653 1355
4653 6486
4167 1916
6666 11072
6666 1877
6666 11218
6666 6666
6666 4008
6666 11878
6666 344
6666 10368
4622 11395
11362 11362
11362 404
11362 2290
5841 3106
11780 673
11780 8008
3377 11705
3377 3377
35840 9163
35840 10596
10881 135
4165 9455
11727 1060
11727 11727
11361 5378
11361 11361
11361 1478
11705 11705
1261 4262
11930 239
11930 11930
11738 3106
11738 175
11738 8008
11738 11738
11928 8430
11249 11249
11249 4137
2158 3106
1114 1916
1114 10475
11262 11262
8430 454
8430 11317
8430 1121
8430 11575
8430 5873
8430 11260
8430 7222
4949 11537
4949 4949
11934 4953
11366 454
11366 4298
318 184
318 5323
318 1409
11395 9928
11395 3485
11395 4790
11395 386
11395 11395
11108 3969
11108 8434
11108 9163
11108 4312
11108 3106
11108 11108
11108 11218
11108 3927
11108 1492
9031 5917
4002 422
4002 828
4002 4002
4002 4707
4002 1409
36814 2293
36814 36814
36814 7294
36814 1478
36814 346
36814 4790
11645 7206
11645 1946
11645 6085
11645 11645
11056 1946
11056 11081
11056 6753
11056 11056
8047 8047
8047 7458
10061 11796
4020 1121
4020 4020
4020 8008
4020 5200
8719 3106
7647 8008
450 4790
450 5301
450 239
450 2290
450 2330
450 10475
450 450
450 1186
3161 4298
4298 9417
4298 35575
4298 3909
4298 1459
4298 4137
4298 11081
4298 9429
4298 4298
11154 11154
11335 11335
11335 5081
940 4231
940 8824
940 6486
11921 3106
2653 346
6753 5831
6753 6753
6753 2481
10920 10920
10475 1355
10475 6013
10475 10475
10475 4953
10475 346
8224 6794
8224 8224
271 1946
11284 7294
1474 36720
4833 4833
7776 2290
2797 3106
2797 1478
10194 3927
10194 10368
10194 10194
10194 1409
4220 11260
10204 619
4572 1459
5873 5873
3709 1916
3709 36108
3709 1674
3709 1459
4008 4231
4008 4707
4008 11218
4008 2625
4008 605
4008 4008
4008 1310
4008 4790
11260 2266
1409 1409
1409 4231
1409 299
1409 7110
1409 11317
1409 1946
1409 3996
1409 5323
1409 5301
1409 11016
1409 2384
1409 1355
1409 10007
4568 11855
4568 1898
4568 11736
1142 10059
5917 11639
5917 6400
5917 3106
5917 5917
6772 4231
8452 11307
8452 10773
7281 7281
5001 9417
5001 11504
5001 5001
10086 10086
10086 2384
1310 1464
1310 1310
7936 11217
6647 6085
6647 11618
385 3568
385 385
10775 3996
10775 10775
10775 1459
11521 1121
11521 4231
11521 5301
11521 11521
11521 1059
3927 2191
3927 11538
3927 7
3927 4231
3927 6836
3927 3927
3927 299
3927 11765
3927 3545
3927 9246
3927 2008
3927 344
3927 2874
3927 4707
3927 5147
3927 605
3927 4117
3927 1355
1587 6085
1587 1459
2947 6209
4043 4043
3509 1459
3509 8887
3659 4953
11900 1478
5627 2384
5627 1464
5627 454
5627 2290
5627 11009
5627 5627
5627 1459
5627 812
1946 2233
1946 11618
1946 6085
1946 11131
1946 11703
1946 1946
1946 597
1946 6794
1946 6466
1946 6400
1946 1492
1946 1459
1946 1898
11910 11771
5323 1993
1098 35575
1098 4126
1098 1098
1098 447
9421 9421
9421 5378
8891 8891
8891 2874
1590 1478
1590 2642
9246 4231
9246 3545
9246 9246
1877 1877
1877 3996
1877 3485
11618 6085
11618 35575
11618 11703
11618 11618
11416 11416
10400 1464
10769 3579
6994 3401
6994 8008
6994 6994
447 1916
11475 11475
6205 1650
6205 184
184 1650
184 184
2384 4312
2384 11557
2384 3208
2384 4231
2384 2384
2384 2391
2384 5750
2384 11824
2384 9896
5230 5230
1463 1463
1463 6646
1463 6503
1463 6976
11576 7294
11576 11576
75 344
10481 1450
11575 6794
11798 11798
11798 8103
11798 4910
3579 1650
10227 10227
10227 1061
10227 11697
10227 11762
1657 11286
2672 6794
2672 2672
2672 1186
2672 11081
11557 11557
1921 9514
4428 2191
4428 4428
4428 3996
4428 5081
6030 6030
408 3568
11762 11054
11762 11762
9305 9305
11785 5081
4005 1847
4005 6360
11454 1459
1044 454
1044 10453
7458 6400
7458 7458
4231 605
4231 9927
4231 3106
4231 4231
4231 7110
4231 3545
4231 5301
4231 9163
4231 4707
4231 5147
4231 2625
4231 6209
5743 4117
3545 3545
3545 1916
3545 324
4275 2874
8103 8103
8103 3711
8103 11906
11332 1674
11286 11286
11286 3996
11286 5081
11317 11317
11317 5810
1985 2191
1985 2039
1985 1985
3996 404
3996 1459
3996 6976
3996 7
3996 2330
3996 11016
3996 6085
3996 943
3996 386
3996 3996
36720 6794
36720 11072
36720 454
36720 750
36720 3272
36720 11081
36720 36720
299 10541
11030 11030
11030 3324
11657 1478
11657 11657
11932 9928
11932 11932
11932 11081
9924 9924
9924 4953
10123 6400
2290 2290
2290 3106
2290 11016
2290 4948
2290 4246
3324 10712
3324 3324
3324 1867
3324 11306
25 9163
6836 6836
11725 6400
756 10368
11522 11522
2008 2008
1056 3106
1056 767
1056 11349
9928 11303
9928 9928
9928 9563
9928 4782
9928 1459
908 908
908 4312
11743 943
4910 3874
4910 732
4910 4910
1916 11832
1916 3106
1916 10059
1916 454
1916 1916
1916 1459
10947 9163
2625 32
2625 3711
2625 2625
6322 4312
970 1847
5482 5482
1847 1847
1847 1568
1847 7655
1847 1650
1847 11306
7408 4953
7408 6400
3711 6976
3711 11906
3711 344
3711 6400
3711 11081
3711 11716
3711 3711
3711 9896
11722 11722
7655 7655
1478 1478
1478 9588
1059 1059
3338 3338
3338 1176
3935 1459
10752 1982
11306 7001
1116 1116
10614 10614
2503 2503
11255 6976
7092 6794
11850 11716
11850 4953
11850 943
11850 11850
11538 2874
11538 2510
11538 11538
1186 1186
1186 1797
1186 3106
1186 2874
8338 8338
1123 3106
4692 3272
4692 2874
11586 4362
5301 8699
5301 5301
5301 9946
5301 605
5301 1355
5301 4707
5810 9896
5810 6085
5810 6400
5810 5810
5810 4600
5810 4137
2039 2039
9163 5583
9163 9417
9163 65
9163 9163
9163 4312
9163 2233
9163 6209
9163 8008
1450 1450
11081 10712
11081 6794
11081 5210
11081 6085
11081 915
11081 454
11081 11568
11081 11895
11081 1459
11081 11277
11081 11081
4782 10059
745 2391
11604 7294
10469 35575
10469 1459
10469 10469
11721 11016
11207 2266
6214 10926
6214 1459
6214 6214
6214 6400
4720 11796
11759 11759
532 2266
2097 7079
3272 3106
3272 2874
2225 1898
2225 11072
5831 5831
6503 6646
6503 1441
6503 6976
6503 6503
11503 11503
11503 4790
6209 6085
6209 6976
6209 8008
6209 6209
4707 11537
4707 6646
4707 5081
4707 11797
4707 4707
11417 35575
36108 36108
4953 6769
4953 4312
4953 10744
4953 11016
4953 6085
4953 4953
4953 4126
10712 10712
6466 3106
6976 6976
6976 8434
6976 10251
6976 11072
6976 3568
1171 1441
1464 8699
1464 11399
1464 1464
1464 2874
1464 1459
8140 8140
3106 7434
3106 10926
3106 3106
3106 8479
3106 1650
3106 6794
3106 2233
3106 1459
3106 6085
3106 3384
3106 6400
3106 11072
2260 11797
1492 8008
1492 2233
5585 8008
5585 5585
5147 5147
7434 9514
7434 7434
10299 6085
10299 1441
10299 10299
11568 10368
11568 11568
386 386
4923 4923
2233 6085
2233 4312
1459 7079
1459 1459
1459 10134
1459 6794
1459 11552
1459 379
1459 3969
1459 6769
1459 4312
1459 344
1459 2874
1459 6085
1459 3568
10368 7002
10368 9429
10368 10368
6360 11277
5081 4763
5081 5081
10059 10059
9417 9417
3969 3969
2356 473
2356 7
4312 5229
4312 10926
4312 4312
4312 8008
4312 6085
4312 5200
11423 11423
11423 9944
11423 3568
11411 3874
11102 2944
11102 11102
11054 8008
2944 2944
11307 1389
11504 22
11504 11504
1121 1121
1121 8008
11796 11796
5732 5732
5732 11765
4137 6400
4137 4137
4137 239
11824 11824
11824 8008
5442 6085
5442 6400
5442 11771
5442 6794
5442 1176
5442 5442
8699 8699
1176 1176
1176 6400
5200 5200
7767 11016
4054 4362
4054 9078
4054 4054
4054 943
4659 6013
7206 7206
7206 6085
11221 454
11221 11221
8008 11906
8008 11217
8008 6400
8008 11716
8008 11907
8008 6085
8008 11072
8008 3568
8008 8008
11919 11919
11334 454
11703 6085
3233 3233
9896 9896
1898 1898
22 733
22 22
22 3478
6400 4173
6400 6085
6400 6400
6400 6794
454 404
943 943
943 7
943 3874
10773 10773
10134 1392
7294 7294
11895 7001
35575 3384
35575 35575
9944 9944
49 49
49 2874
49 4790
2391 2874
2391 109
9793 9793
6646 6646
6646 3568
6646 1650
6646 732
10812 6085
6769 6769
11825 11825
8075 6794
11051 11051
3485 4790
7110 7110
11016 11072
11016 11832
11016 11016
2874 9946
2874 2874
2874 11765
2874 4245
10251 10251
10251 8434
9429 11072
9429 9429
11072 11072
11072 1355
1355 1355
11697 11697
9355 3568
10265 10265
11483 11483
11832 11832
404 404
5750 6085
11236 11236
605 605
1867 1867
11906 11906
2191 2191
2191 4790
732 1650
11131 11131
3401 6013
4790 4790
6794 6085
6794 6794
11002 11002
11217 11217
1441 1441
11312 11312
346 6013
346 346
10926 10926
11765 11765
6013 6013
5229 5229
4117 4117
3448 3448
6787 6787
11247 11247
344 344
5210 5210
6085 6085
11482 11482
3568 3568
11094 11094
1650 1650
9154 9154
10007 10007
11277 11277
4245 4245
