8168 7437
8168 83
5903 7743
5903 6249
5903 4423
5903 8871
5903 5903
8183 27
8183 1650
8183 317
8183 2883
8183 8196
8183 1345
8183 8197
8183 7361
8183 2233
8183 8183
8183 4961
8599 238
8599 8601
8599 4832
8599 8599
8599 4658
8599 8602
8599 6269
8599 763
8599 8008
8579 8585
8579 763
8579 3684
8579 6921
8579 2003
25726 4173
25726 25726
25726 5849
25726 8133
25726 1409
6183 8212
8779 3993
8779 7934
8779 7458
4430 7982
4430 1465
4430 7851
4430 7934
4430 4430
4872 5730
4872 8441
4872 828
4872 5740
4872 3927
4872 4872
4872 2290
4872 5513
4872 6074
4842 4144
4842 8212
4842 7607
4842 25
4842 7486
4384 297
4384 324
4384 3544
4384 5740
4384 4384
4384 1355
4384 7165
4384 7294
4384 7934
8544 4120
4047 51
4047 8675
4047 1898
4047 8176
4047 1044
4047 2294
4047 7934
4922 353
4922 3928
7049 5810
7049 840
7049 3521
7049 7049
7049 2294
2083 51
2083 2083
2083 2348
2083 3077
2083 7763
2083 8061
2083 7507
2083 2900
2083 5292
2083 6716
2083 763
2083 4790
2083 4231
2083 2841
2083 5740
2083 5775
2083 4344
2083 3927
2083 7294
2083 3976
2083 9502
2083 1532
2083 8736
6094 51
6094 5784
6094 7170
6094 1465
6094 3237
6094 4961
6094 8216
6094 26801
6094 2938
6094 1445
6094 3248
6094 1358
6094 8130
6094 7936
6094 972
6094 6637
6094 6521
6094 8212
6094 7434
6094 943
6094 5267
6094 6094
6094 440
6094 7294
6094 6415
6094 6979
6094 5442
6094 2554
6094 7743
6094 1715
6094 4558
6094 2013
6094 2003
6094 4362
6094 767
6094 935
6094 1
6094 1119
6094 8704
6094 143
6094 66
6094 1345
6094 1234
6094 2384
6094 2000
6094 8345
6094 7653
6094 5399
6094 394
6094 1492
6094 1643
6094 2386
6094 3121
8158 6936
8158 121
8158 102
8158 1465
7137 3041
1465 51
1465 1483
1465 36108
1465 8199
1465 1465
1465 8153
1465 7507
1465 4177
1465 1541
1465 1547
1465 5906
1465 2669
1465 571
1465 1463
1465 2051
1465 625
1465 7956
1465 1532
1465 6415
1465 8188
1465 1345
1465 5740
1465 8565
1465 454
1465 2575
1465 943
1465 2294
1465 2349
1465 4042
1465 3375
1465 8212
1465 8556
1465 1353
1465 960
1465 5323
1465 4991
1465 109
1465 2554
1465 3513
1465 8745
1465 3969
1465 5723
1465 8814
1465 394
1465 4362
1465 5810
1465 3493
1465 1119
1465 440
1465 1450
1465 8176
1465 2029
1465 4782
1465 763
1465 317
1465 284
1465 8112
1465 1573
1465 7776
1465 7878
1465 8667
1465 8789
1465 7732
1465 35357
1465 47710
1465 9558
1465 3901
1465 1643
685 7936
685 1715
685 685
8797 1536
8797 6794
8797 3993
8797 6101
8797 602
8797 78
8797 3901
8294 1460
5775 6936
5775 5775
5775 4008
5775 3927
5775 2035
5775 1149
5775 4790
8886 1847
8886 1407
8886 4923
8886 3983
8886 454
8886 5709
8886 3401
8886 4961
8886 2294
8886 1532
8381 5442
8749 2264
8698 622
8698 5273
8064 5970
2554 848
2554 1847
2554 5810
2554 3969
2554 7392
2554 83
2554 6451
2554 1345
2554 763
2554 7872
2554 45
2554 5740
2554 2497
2554 454
2554 2562
2554 4423
2554 4298
2554 8556
2554 5094
2554 2386
2554 2554
8133 2000
8133 5849
8133 8133
1708 8334
1708 1708
1708 1441
1708 1573
1708 4344
431 121
431 1464
431 9558
431 3927
431 4362
431 1946
431 2024
431 2
431 2665
5723 2000
5723 297
5723 391
5723 290
5723 5723
5723 45
1246 184
1246 8828
1246 1246
1246 6948
1246 360
1246 1946
1246 78
5952 7936
5952 5690
5952 8906
622 51
622 2672
622 8778
622 1792
622 8051
622 297
622 8180
622 4144
622 45
622 622
622 3546
622 7878
622 2003
622 4096
622 4344
622 3927
622 8308
622 2039
622 8621
622 5259
622 7399
622 8448
622 8509
8085 4213
8085 7281
8085 8085
8085 4953
8085 6101
6363 7170
6363 498
1119 8418
1119 8153
1119 8289
1119 1826
1119 1119
1119 4807
1119 8176
1119 1849
1119 8890
1119 3698
1119 8361
1119 763
1119 406
3609 2036
2678 2788
2678 1463
2678 2678
2678 1377
2678 3948
2678 303
2678 1573
2678 394
2678 613
2678 4961
2823 51
2823 2823
2823 7311
2823 9558
2823 3948
2823 8121
2823 6101
2823 1162
2823 6627
8801 4231
8801 8801
8801 5740
8801 394
6355 3186
6355 22
3875 8602
3875 3875
3875 7851
3875 7934
4994 7845
4994 6666
5034 6936
5034 3927
5034 1450
5034 3040
5034 1345
5034 4053
5034 766
8140 121
8140 302
8140 8140
8140 3077
8140 8345
8140 1409
8140 4361
8140 317
8140 3684
818 7294
8533 5732
8533 8176
8533 394
3376 6872
3376 3503
3376 1060
2036 1483
2036 6948
2036 2618
2036 8120
2036 290
2036 7445
2036 8008
2036 6101
2036 4213
2036 618
2036 202
2036 4040
2036 6757
2036 1610
2036 6836
2036 5740
2036 1674
2036 1587
2036 2036
2036 4953
2036 943
2036 2349
2036 3272
2036 8594
2036 3709
2036 7736
4354 7754
4354 3041
4354 2349
4354 3969
4354 5753
4354 2938
4354 4354
4354 2562
4354 3901
4423 6451
4423 5740
4423 454
4423 6101
4423 4423
4423 3859
4423 6651
4423 8047
1703 6769
1703 2008
1703 812
7510 22
7048 7936
7048 8309
7048 8462
4863 8644
4863 35575
4863 6872
4863 3992
4863 1355
4863 3901
4863 1409
1015 1587
1541 6716
1541 8212
1541 460
1541 3993
979 1358
979 1059
3698 8176
3698 1488
3698 3698
3698 763
3698 406
3186 22
3186 35575
3186 5740
3186 2003
3186 4362
3186 7507
3186 1355
3186 8676
3186 4961
3186 3684
3186 6015
3186 391
3186 3493
3186 2594
3186 3186
3186 1040
3186 1993
8642 8642
8642 3983
8642 2294
16 6307
16 8094
5656 2310
5656 6096
5656 2642
5656 5656
51 1345
51 943
51 4642
51 8234
51 6522
51 7206
51 3400
51 3199
51 8188
51 935
51 7108
51 22
51 2841
51 5740
51 3927
51 2594
51 4643
51 2349
51 4344
51 2821
51 7932
51 1946
51 4991
51 1021
51 3040
51 7869
51 6214
51 1384
51 2290
51 3684
51 8358
51 1450
51 6545
51 2938
51 7437
51 2530
51 2874
51 1729
51 317
51 4555
51 35575
51 5442
51 1355
51 8726
51 6666
51 5394
51 7878
51 290
51 2664
51 1149
51 51
51 3993
51 7763
51 4947
51 8494
51 3945
51 26801
51 1464
51 49
51 4046
51 4241
51 469
51 4231
51 5849
51 7460
51 2294
51 5267
51 8212
51 8308
51 93
51 6101
51 6107
51 7165
51 8141
51 1610
51 8230
51 394
51 2807
51 930
51 7934
51 1657
51 6486
51 4658
51 6085
51 5869
51 8528
51 3154
51 8345
51 8883
51 121
51 4008
51 3521
51 1643
362 2039
6316 1483
6316 6316
6316 6153
6316 634
6316 6826
6316 1149
6316 7727
7763 4213
7763 2900
7763 5292
8778 8212
8778 5516
8778 5094
8778 8726
8916 8916
8494 7869
8494 3272
8494 2497
8494 8494
8494 3684
4345 4040
4345 1540
8567 7936
8567 2384
8567 5593
8567 6854
8567 8567
8567 8676
8567 8636
8567 7923
8567 350
8567 8008
8567 1735
8567 2233
8567 5963
2926 2000
2926 4528
2926 6249
2926 1261
2926 4177
8230 8230
7694 6579
8119 7982
8119 8212
8119 4953
8119 1149
7909 6923
353 798
353 4046
353 8531
7952 1483
7952 2273
7952 6794
7952 1176
7952 6414
7952 7392
7952 7727
916 4466
916 2349
947 1847
947 7936
947 7294
947 5223
947 634
947 83
3736 7936
3736 3736
3736 6096
3736 3983
3736 8008
3736 5740
3736 8858
3736 7934
3736 4556
3736 5701
1532 7936
1532 2841
1532 394
1532 8234
1532 8347
1532 1310
1532 5659
1532 8008
1532 8208
1532 6101
1532 3401
1532 1532
35357 454
35357 2386
35357 7486
6637 1483
6637 7079
6637 2384
6637 2290
6637 398
6637 3983
6637 8460
6637 158
6637 6477
6637 4953
6637 3684
6637 3324
6637 6637
6637 385
6637 6594
6637 8308
6637 7330
6637 763
6637 2386
6637 394
5849 5849
5849 93
5849 1946
5849 8246
5849 8584
5849 1149
1540 8560
1540 8755
1540 5740
1540 1540
1540 394
1540 4362
1540 763
1540 1059
1540 3983
1540 136
2183 4164
2183 317
2183 5869
2183 2874
2183 2183
2183 4144
2183 1450
2183 2349
2183 2356
8552 1887
8552 8212
8552 8550
8552 3927
8239 238
8239 494
8239 5740
8239 7507
8239 5534
8239 8347
8239 8021
8239 468
8239 4622
8239 8008
8239 1849
8239 8509
1131 6769
1131 8212
1131 4312
1131 1131
1131 136
1131 3621
1131 8130
6579 8132
6579 3503
6579 6579
6579 2874
6579 7934
2604 8212
2604 3
2604 3546
4747 7079
4747 5091
4747 3324
4747 1050
4747 3684
3106 7869
3106 2003
3106 8212
3106 4477
3106 2294
2149 4231
2149 121
2149 8212
2149 2149
2149 5740
2149 4144
2149 8257
2149 8234
4231 1483
4231 1847
4231 6249
4231 1409
4231 4428
4231 4642
4231 3945
4231 8550
4231 297
4231 3077
4231 6153
4231 7317
4231 6871
4231 4144
4231 5740
4231 454
4231 6923
4231 83
4231 3927
4231 7932
4231 4923
4231 1353
4231 5094
4231 5442
4231 7743
4231 3988
4231 394
4231 4961
4231 1149
4231 461
4231 6486
4231 6545
4231 7386
4231 2530
4231 2874
4231 317
4231 3546
4231 1355
4231 8883
4231 5963
4231 1587
4231 3272
4231 8811
4231 111
4231 290
4231 4046
4231 8257
4231 4794
4231 4231
8720 8128
8834 6101
8907 2841
6916 7936
634 5223
634 8719
634 4923
634 634
8322 297
8322 451
7817 3928
7895 6101
3849 4619
3849 812
4661 5784
4661 3723
4661 7813
4661 4661
404 121
404 6716
404 404
404 8541
404 2024
404 8347
3473 1847
3473 184
3473 3874
3473 4528
3473 3473
8676 6936
8676 1947
8676 317
8676 2731
8676 3503
8676 7767
8676 8676
8676 3237
8676 6933
8676 435
8676 429
8676 2003
8676 3519
8676 4619
8676 2233
8676 730
8676 8246
8676 1369
8676 1580
2386 6085
2386 5701
2386 5810
2386 454
2386 7655
2386 2386
2386 7294
2386 8212
2386 6651
2386 290
2386 3324
2386 45
2386 812
2386 3983
3503 7743
3503 2290
3503 6214
3503 3503
3503 1384
3503 4111
3503 4961
3503 3684
3503 2000
3503 143
3503 4213
3503 2530
3503 2874
3503 5015
3503 8212
3503 4953
3503 35575
3503 5740
3503 2024
3503 5963
3503 8132
3503 3272
3503 3651
8225 1095
8347 22
8347 5740
8347 297
8347 6673
8347 7878
8347 8347
8347 3324
8347 1464
8347 7982
8347 1450
8347 2000
955 4658
2620 8212
8733 2233
8733 3969
8733 4312
5371 8092
5371 7031
5371 5371
5371 4832
5371 7330
5371 2467
5371 1162
5371 454
5371 7507
5371 9558
5371 4336
5371 7095
5371 6872
5371 1459
1027 1946
1027 2575
1027 5442
1027 7252
7839 2814
8444 1969
8444 45
8444 1840
8444 2384
8444 6651
4213 1483
4213 4953
4213 7330
4213 8528
4213 8153
4213 6627
4213 7767
4213 78
4213 1384
4213 5292
4213 4336
4213 6716
4213 6871
4213 8802
4213 8585
4213 8864
4213 7936
4213 8188
4213 2841
4213 454
4213 8764
4213 2024
4213 3519
4213 3546
4213 2233
4213 7392
4213 8915
4213 1159
4213 1409
4213 7743
4213 8457
4213 1590
4213 8890
4213 6976
4213 3969
4213 5513
4213 3684
4213 4466
4213 7386
4213 4213
4213 745
4213 45
4213 2530
4213 1946
4213 4556
4213 349
4213 6085
4213 1123
4213 297
4213 8246
4213 8480
4213 3193
4213 8366
4213 5963
4213 6666
4213 3272
4213 4477
4213 7776
4213 4362
4213 1355
4213 8576
4213 1149
3356 2530
618 143
618 6715
618 2938
618 8124
618 7434
618 3684
5793 8062
8638 7057
3027 3027
3027 1060
3027 7982
3027 8761
3027 1355
3027 5963
1573 8334
1573 238
1573 1573
1573 4362
1573 394
1573 4961
1573 613
1573 1463
1573 8556
1573 8176
1573 4991
1573 7421
2467 5740
2467 2467
2467 3901
3193 6794
3193 3193
3193 812
1826 2906
1826 437
1826 4991
1826 2874
4794 8345
4794 7934
121 1877
121 78
121 7607
121 8282
121 8176
121 6545
121 8070
121 2837
121 9558
121 1358
121 6666
121 8235
121 121
121 4947
121 8214
121 2636
121 8431
121 4042
121 8212
121 8320
121 5627
121 3602
121 7392
121 4241
7161 812
8393 2416
8670 3578
8670 78
8670 1849
8670 5312
8670 3288
8670 45
8670 136
8670 1790
7666 3927
7666 437
7666 2841
7666 7666
5753 8745
5753 3948
5753 5740
5753 8047
5753 8858
5753 613
5753 6153
5753 4971
5753 5753
5753 7776
5753 5442
8449 7982
8449 8449
8449 828
8449 6950
5259 3927
5259 394
5259 5259
5259 943
5259 4177
3521 3927
3521 4046
3521 2841
3521 5659
3521 8621
3521 8234
3521 3521
3901 8658
3901 2191
3901 78
3901 8613
3901 800
3901 8176
3901 2938
3901 2294
3901 318
3901 19475
3901 1947
3901 8667
3901 360
3901 1094
3901 6872
3901 798
3901 1149
3901 3901
1643 972
1643 250
1643 2618
1643 6666
1643 6451
1643 1450
1643 1946
1643 1345
1643 961
1643 7200
1643 1643
8170 6936
7792 1355
7792 1060
238 6531
238 8179
238 238
238 8602
238 4961
238 3324
238 613
238 3948
238 5784
238 766
238 8509
238 3983
4753 1464
4753 2530
3888 7878
577 1037
5631 6716
8234 4721
8234 8214
8234 4428
8234 1355
8234 78
8234 83
8234 2349
8234 5659
8234 4144
8234 763
8234 1149
8234 2874
6451 4526
6451 7886
6451 184
6451 6451
6451 1450
6451 8212
6451 3831
6451 4008
6451 300
8550 297
8550 4961
8550 5740
8550 290
8550 4778
8550 8479
8550 1993
8550 3502
4164 7460
4164 9558
4164 8556
4164 1947
17988 7869
17988 2308
17988 3324
17988 1947
2672 7743
2672 2384
2672 3041
2672 35336
2672 8604
2672 828
2672 394
2672 6789
2672 532
2672 8519
2672 4344
2672 6666
2672 2672
2672 3272
2672 2530
2672 5094
2672 5442
2672 8008
8125 4558
7672 7672
7672 4954
1354 3056
6414 2035
6414 6414
6414 4428
6414 6772
6414 3701
6414 102
7685 6673
6040 8065
4040 250
4040 9558
4040 2525
4040 6129
2562 2273
2562 2562
5516 8070
692 3684
3544 324
3544 6545
3544 5740
3544 6521
3544 1384
182 6936
3454 4416
3454 3684
1106 7392
8394 7923
412 5690
8132 6307
8132 5740
8132 7743
8132 1587
8132 1233
8132 3684
7754 1650
7754 6666
7754 1441
7754 3948
7754 7754
3502 317
3502 4466
3502 343
3502 3502
3502 4177
3896 3948
3896 6751
3896 3896
3896 394
3896 6101
3896 1059
3896 5690
3896 4344
1102 6085
9502 3927
9502 2900
8173 943
8472 345
8472 8472
8472 5740
8472 2841
2954 2669
2954 5593
2954 35575
2954 1162
2954 454
2954 2003
2954 763
2954 3684
2954 8345
4854 8864
4854 4556
4854 290
4854 4953
4854 4854
4854 7934
4854 1409
7421 2938
7421 1441
7421 613
7421 6101
7421 45
7421 4362
7421 7421
8736 2273
8736 4832
8736 1
8736 3927
8736 2874
8736 8736
8617 8617
8617 5740
8617 4344
1622 6666
1622 437
1593 7820
1593 3659
1593 4312
1593 8688
1593 2874
351 8176
351 3684
2436 7743
2436 3532
9558 2273
9558 9558
9558 3684
9558 45
9558 2294
9558 36466
9558 2349
9558 2938
9558 4144
9558 1345
9558 1044
9558 2384
9558 1266
9558 1446
9558 5740
9558 454
9558 763
9558 4953
9558 83
9558 5542
9558 7732
9558 6307
9558 5267
9558 2874
9558 290
9558 6101
9558 3324
9558 613
9558 78
8536 6794
8536 2290
8536 6089
8536 6634
3684 6936
3684 1847
3684 3983
3684 3375
3684 7767
3684 2294
3684 2497
3684 1816
3684 8008
3684 7330
3684 8121
3684 4790
3684 1610
3684 1947
3684 494
3684 5740
3684 5015
3684 1587
3684 8105
3684 8288
3684 5627
3684 1946
3684 8246
3684 4416
3684 8747
3684 7869
3684 1441
3684 6214
3684 394
3684 4111
3684 3684
3684 1
3684 4312
3684 8478
3684 8842
3684 4556
3684 2498
3684 2384
3684 4678
3684 2290
3684 1056
3684 630
3684 3993
3684 8366
3684 6043
3684 5963
3684 539
3684 8875
3684 8782
3684 935
3684 3143
3684 1409
1096 4173
1096 7726
1096 1096
4925 451
1862 290
36466 36466
36466 5740
798 184
798 317
798 3983
798 1674
798 8222
798 360
798 1047
798 5690
798 2356
798 4526
798 798
798 377
798 8415
2906 1887
2906 8520
2906 3324
4078 7936
4078 2233
4078 3272
4078 7607
4078 4344
2264 290
2264 8212
2264 8479
4790 6936
4790 2348
4790 8111
4790 1353
4790 5771
4790 3485
4790 1916
4790 2837
4790 7868
4790 4790
4790 4463
4790 2841
4790 8597
4790 454
4790 2147
4790 4344
4790 1121
4790 3927
4790 8228
4790 4428
4790 5094
2284 7507
2284 1162
2530 1483
2530 8232
2530 1353
2530 1464
2530 4653
2530 4046
2530 8802
2530 8353
2530 6794
2530 2841
2530 5740
2530 6856
2530 2530
2530 3710
2530 8828
2530 8153
2530 4923
2530 1123
2530 8246
2530 1094
2530 8658
2530 394
2530 3757
2530 7934
2530 3032
2530 461
2530 4312
2530 45
2530 344
2530 6481
2530 2874
2530 8235
2530 3635
2530 1674
2530 1355
2530 1095
2530 1797
2530 3272
2530 3927
2530 4426
2530 6651
2530 4180
2530 1409
766 7936
766 1463
766 8176
766 1587
766 1450
766 613
6921 6921
7154 2000
7154 6794
1878 2811
4894 8212
8592 5363
4832 8745
4832 1060
4832 2003
4832 4961
4832 429
4832 7967
4832 1947
4832 8353
4832 1044
4832 8415
4832 2689
4832 380
4832 4832
4832 3634
4832 8755
4832 6627
4832 4281
4832 3377
4832 4298
4832 7165
4832 406
4832 8509
4832 8008
5701 4923
5701 5701
5701 2029
5701 8769
5701 8858
5701 8883
1585 297
3634 6936
3634 3948
3634 5740
3634 4304
3634 828
3634 3634
3634 2294
3634 2349
3634 6769
3634 3272
3634 3701
3634 6101
3634 2051
3634 7392
3634 8152
3634 1409
8096 733
5970 8135
3993 45
3993 5740
3993 7507
3993 3993
3993 1114
3993 359
3993 3032
3993 1536
3993 8212
3993 8037
3993 7934
3993 5672
3993 4600
3993 1149
2636 8212
6043 1610
6043 2384
6043 3005
6043 1060
6043 5740
6043 2003
6043 8075
6043 3324
6043 3659
6043 5575
6043 7330
6043 6043
6043 1149
919 290
1094 360
1094 1409
1094 8152
1094 1094
5575 297
5575 8176
4977 1450
4977 6898
7043 7434
451 6936
451 1450
451 297
451 5094
451 8824
451 83
451 2874
8811 3077
8811 8811
8811 5740
8811 321
8811 5081
6950 961
6950 1355
6950 8212
6950 158
3859 1464
3859 6647
3859 6794
3859 2000
3859 7743
3859 3532
3859 45
3859 3859
1040 7031
1040 1040
1040 1355
1040 1345
1040 1095
8520 2384
8520 5740
8520 3493
8520 4961
8520 8050
8520 1
8520 1116
4361 1463
8509 5740
8509 343
8509 7307
8509 1353
8509 763
8509 1409
2106 8674
2106 8128
2106 348
3264 1355
27 1847
27 1887
27 8212
27 8153
27 2233
27 2883
27 8216
8120 8120
8120 763
8120 935
398 8212
398 398
398 7878
398 22
398 4144
398 3493
398 767
398 2294
3983 8745
3983 6269
3983 3983
3983 3375
3983 1171
3983 297
3983 7934
3983 8353
3983 5740
3983 1674
3983 8755
3983 8105
3983 4312
3983 4344
3983 454
3983 7294
3983 6101
3983 5094
3983 6651
3983 1409
8528 3927
8528 22
8528 8538
8528 461
8528 1946
8528 930
8528 763
8528 1149
3945 930
3945 6486
3945 394
3945 7878
3945 78
3945 3945
3945 360
1234 7869
1234 1355
1234 8212
1234 302
1650 4362
1650 7776
1650 6936
570 7738
5309 7460
5309 5309
5309 943
7133 8799
7276 8333
8906 3635
8906 2384
8906 6153
8906 78
8906 4351
8012 5740
8012 1409
4144 78
4144 4177
4144 4008
4144 8867
4144 4046
4144 6871
4144 4144
4144 5419
4144 4721
4144 1657
4144 5740
4144 4344
4144 83
4144 2349
4144 7868
4144 3927
4144 8212
4144 5450
4144 6515
4144 2290
4144 4971
4144 394
4144 7460
4144 2900
4144 7607
4144 3324
4144 2837
4144 1048
4144 5094
4144 3546
4144 7878
4144 5690
4144 8186
4144 3709
4144 6986
4144 1409
4144 6794
5963 1407
5963 394
5963 4961
5963 3324
5963 828
5963 7330
5963 1044
5963 3384
5963 1729
5963 935
5963 3948
5963 5740
5963 3472
5963 5963
5963 8212
5963 2039
5963 3493
5963 6101
7956 7608
7956 317
7956 8598
8523 5784
8523 2003
8523 2294
8523 8432
297 6871
297 4961
297 2294
297 675
297 297
297 7330
297 6666
297 1898
297 22
297 8161
297 7092
297 394
297 3659
297 2665
297 1004
297 5730
297 8212
297 8483
297 2233
297 5094
297 8826
297 1887
297 7460
297 8324
297 2784
297 4194
297 2874
297 2000
297 7878
297 1355
297 8626
297 5690
297 3272
297 5217
3293 6986
3293 83
6941 5740
35833 2669
7005 2811
7005 1409
7005 2508
7005 1149
2294 7982
2294 7252
2294 78
2294 6976
2294 845
2294 8062
2294 8008
2294 7330
2294 5378
2294 22
2294 5740
2294 2575
2294 2294
2294 2618
2294 8212
2294 3546
2294 7507
2294 1946
2294 5810
2294 290
2294 2003
2294 8176
2294 6545
2294 2938
2294 763
2294 4556
2294 7878
2294 1355
2294 348
2294 5690
2294 4673
2294 3898
2294 7692
2294 8694
2294 1409
2294 8589
7868 4333
7868 3927
7868 8867
4463 78
4463 8788
4463 5740
4463 8726
440 440
440 4248
440 47710
440 2003
440 8075
440 1345
440 767
8212 1847
8212 2305
8212 8153
8212 8734
8212 1227
8212 7699
8212 1947
8212 2525
8212 5740
8212 454
8212 2594
8212 943
8212 2349
8212 7294
8212 8556
8212 8665
8212 8457
8212 6223
8212 136
8212 8704
8212 8358
8212 66
8212 7437
8212 763
8212 7486
8212 2384
8212 1674
8212 1355
8212 5650
8212 3272
8212 290
8212 4362
8212 8588
8212 8245
8212 2783
8212 8345
8212 4419
8212 6871
8212 2883
8212 8755
8212 824
8212 8212
8212 1464
8212 302
8212 1059
8212 394
8212 7607
8212 3324
8212 7934
8212 5229
8212 324
8212 45
8212 1993
8212 3384
8212 3546
8212 1047
8212 2147
8212 1149
8212 750
8212 8487
8212 8739
8212 8694
8212 1409
391 5740
391 2811
391 4428
391 348
391 2508
391 2000
391 391
391 8008
391 1149
391 2498
93 6307
93 8547
93 1355
93 93
93 6789
324 3546
324 1355
324 7607
960 6101
960 2384
960 7934
6710 2122
370 6651
3818 1898
8152 1409
8152 45
8152 763
8141 3927
8141 4008
7316 7031
2348 4428
2348 4659
2348 5094
2348 6522
7742 2273
7742 6627
7742 3554
7742 7742
7742 8130
7641 1847
1037 6307
1037 8538
7460 1729
7460 7460
7460 2024
7460 1162
7460 1
7460 8597
7460 2349
7460 3485
7460 3927
7460 4971
7460 2837
7460 4046
7460 45
7460 1149
8324 6666
8324 3927
8324 7878
8324 8324
8324 1384
7607 5860
7607 317
7607 22
7607 2503
7607 454
7607 1355
7607 7607
7607 3701
7607 6248
7607 733
7607 6153
7607 2024
5771 6666
5771 4008
5771 2349
7934 1847
7934 5907
7934 7107
7934 4642
7934 7655
7934 4954
7934 1464
7934 8734
7934 8008
7934 4364
7934 4974
7934 50854
7934 8353
7934 8864
7934 1305
7934 5372
7934 1898
7934 6794
7934 5609
7934 454
7934 1159
7934 8417
7934 8105
7934 4344
7934 1580
7934 6415
7934 5486
7934 8308
7934 6101
7934 3199
7934 812
7934 8826
7934 1460
7934 8750
7934 7294
7934 8460
7934 136
7934 1
7934 3032
7934 7023
7934 1536
7934 4466
7934 7934
7934 935
7934 2384
7934 1674
7934 1056
7934 1355
7934 1790
7934 5734
7934 1805
7934 7736
7934 8469
7934 1849
7934 6651
7934 8589
136 1847
136 1899
136 136
136 3659
4526 4526
4526 3509
1899 7851
8049 7732
2883 8013
2883 302
2883 2883
2883 5301
2883 2233
2883 359
8817 5387
8721 2669
8508 5094
7386 5740
7386 2938
7386 2807
7386 7386
7386 1
7386 3927
7386 6153
7386 8008
7386 3992
7386 6985
7386 1409
8541 4008
8541 2290
7056 7056
5869 1450
5869 828
5869 5740
5869 8755
5869 7878
5869 5869
5869 348
5869 5690
5869 4696
3465 4428
402 8176
402 402
402 1488
402 763
402 8345
402 5690
402 2391
6768 7767
2035 2837
2035 2841
8480 184
8480 800
8480 3992
8480 8480
8480 78
8480 5690
6627 6521
6627 6101
6627 5094
6627 6627
6627 1149
2147 8441
2147 8820
2147 26801
8228 7845
8228 3927
8228 8228
5790 1149
8631 7294
8631 3948
8631 8008
8631 5740
8631 8631
4466 6545
4466 14672
4466 2811
4466 1353
4466 6666
4466 4528
4466 4466
4466 2874
4466 2039
4466 290
8606 5480
8257 4042
8257 8257
8257 5740
8257 78
8257 3710
8257 5292
6651 1483
6651 3041
6651 6035
6651 8460
6651 1536
6651 5690
6651 66
6651 7699
6651 7486
6651 494
6651 3546
6651 4402
6651 6651
6651 7294
6651 290
6651 6836
6651 7165
6651 8176
658 2618
658 1898
658 3448
658 5810
658 8410
1993 4362
1993 3065
1993 1227
1993 8662
1993 4961
1993 3324
1993 4298
8199 6666
8199 8199
8199 1353
8199 360
8199 6205
35336 35336
35336 935
35336 1231
35336 5810
35336 478
35336 7507
35336 1355
35336 1618
35336 4344
35336 828
35336 1105
35336 8008
35336 5627
35336 2233
35336 8366
35336 6898
1488 763
1488 406
8289 290
8289 2273
8289 5810
1876 3272
4706 7743
4706 4706
4706 8176
4706 6856
4706 1946
4706 3926
43085 6936
3710 4923
3710 1446
3710 6856
3710 1355
3710 4961
3710 3710
3710 3040
8203 8203
8203 78
6104 1355
6104 3272
6104 8610
605 1792
605 605
605 5993
605 1657
605 943
605 83
6986 6666
6986 310
6986 6986
6986 3927
6986 3709
6986 7878
6986 83
3029 290
5312 5740
5312 1590
5312 5312
5312 6101
5312 4556
8802 2384
8802 8905
8802 8802
8671 613
8671 8671
8671 394
8671 3948
8671 7311
8154 7936
8154 6673
8154 8154
8154 3602
8154 45
8123 2357
1610 1610
1610 1233
1610 8176
1610 8479
1610 1149
3759 3759
3759 943
2841 394
2841 4428
2841 4177
2841 2653
2841 828
2841 800
2841 45
2841 4042
2841 2841
2841 763
2841 345
2841 348
2841 1114
2841 8047
2841 1916
2841 3927
2841 733
2841 2039
2841 1353
2841 8180
2841 11
5609 290
5609 454
2615 3927
2615 4008
2615 1384
2615 2874
2615 2615
78 6936
78 1847
78 6249
78 381
78 7507
78 78
78 83
78 6716
78 8253
78 49
78 8008
78 5672
78 2361
78 1355
78 763
78 2525
78 2938
78 1291
78 2575
78 6898
78 2349
78 8868
78 8556
78 4971
78 5323
78 8274
78 8826
78 3848
78 394
78 828
78 2837
78 8532
78 45
78 2669
78 184
78 8628
78 1867
78 8789
78 4177
78 8482
78 5737
78 8820
78 5690
78 1409
6923 1149
8160 1353
8160 6794
8160 6214
8160 5740
9449 8786
4042 1849
4042 2003
4042 2349
4042 4042
4042 3927
4042 7294
4042 2039
4042 5737
4042 7392
6794 3041
6794 262
6794 1353
6794 4745
6794 36108
6794 8613
6794 800
6794 3554
6794 6871
6794 300
6794 7936
6794 6647
6794 6856
6794 454
6794 5810
6794 4267
6794 3154
6794 5450
6794 7507
6794 1946
6794 7392
6794 5442
6794 6789
6794 2273
6794 8418
6794 394
6794 3757
6794 6794
6794 4528
6794 202
6794 8176
6794 8037
6794 2938
6794 8187
6794 1355
6794 8584
6794 441
6794 2833
6794 7747
6794 2664
6794 1409
8650 828
5200 7252
3532 6307
3532 3532
3532 1946
3532 7743
6515 1233
6515 3041
6515 1894
6515 8050
6515 571
6515 6716
6515 6107
6515 6836
6515 5740
6515 683
6515 1587
6515 1355
6515 6521
6515 532
6515 3659
6515 8410
6515 454
6515 3546
6515 6515
6515 1149
6515 613
4991 6666
4991 35575
4991 2146
4991 2039
8871 45
8871 7743
8871 8871
8871 6101
8353 7743
8353 1674
8353 7294
8353 750
8353 302
8353 8353
8353 406
8353 7486
2273 2273
2273 4262
2273 2811
2273 1
2273 184
2273 49
2273 1176
2273 2938
2273 317
2273 1587
2273 3040
2273 394
2273 1353
2273 8820
2273 396
342 2811
342 342
342 733
8457 5175
8457 8457
8457 5740
8457 1587
8457 4391
8457 3324
8457 5601
8457 1004
8457 290
8457 45
8457 8479
8457 2874
8061 2874
8061 5740
8445 1446
8445 2233
8445 8338
8445 7252
8445 970
8445 8345
8445 1612
8424 7294
8424 7165
7886 454
7886 4008
7886 1149
6089 7330
4111 6531
4111 2384
4111 3324
1631 6666
1631 2811
1631 4528
1631 800
2008 3927
4528 1556
4528 1353
943 1947
943 8745
943 1231
943 4362
943 943
943 4344
943 4008
943 2874
943 4696
1691 7655
8070 7756
8070 2874
2938 1483
2938 2290
2938 7726
2938 1353
2938 8216
2938 1464
2938 6153
2938 2938
2938 8037
2938 4953
2938 2874
2938 3384
2938 2384
2938 25
2938 6836
2938 5740
2938 1674
2938 454
2938 7878
2938 1162
2938 1256
2938 3659
2938 7936
2938 6307
2938 733
2938 2821
2938 3546
2938 7820
2938 5094
2938 1149
1345 4362
1345 7982
1345 3375
1345 4177
1345 8176
1345 7307
1345 4782
1345 1345
1345 1358
1345 6836
1345 35575
1345 8565
1345 8345
1345 6953
1345 5267
1345 47710
1345 2669
763 1483
763 3375
763 7188
763 5292
763 8395
763 1849
763 7699
763 1291
763 406
763 2689
763 1587
763 290
763 8417
763 8254
763 5601
763 8153
763 8556
763 4298
763 8658
763 2290
763 8121
763 5810
763 461
763 6783
763 4312
763 8176
763 66
763 5732
763 7311
763 7486
763 5175
763 7392
763 8112
763 763
763 1149
763 8755
763 8602
763 4807
763 7736
763 8694
763 1355
763 6781
6481 1095
1048 2811
1048 83
1048 2349
8446 1056
8446 7079
8446 5372
4428 5740
4428 8214
4428 8143
4428 1353
4428 5395
4428 83
4428 1114
4428 3927
4428 3040
4428 4428
4428 7670
4428 8621
2416 8008
8680 5480
8432 1847
8432 2968
7878 2290
7878 65
7878 2356
7878 310
7878 1450
7878 259
7878 6486
7878 426
7878 19475
7878 2874
7878 7878
7878 327
7878 3701
7878 6666
7878 3272
7878 3040
7878 3996
4953 1483
4953 7252
4953 3324
4953 6594
4953 2784
4953 2384
4953 22
4953 5740
4953 1587
4953 4953
4953 3375
4953 5175
4953 5217
8626 2003
1148 6307
5690 2029
5690 6769
5690 8253
5690 828
5690 8176
5690 300
5690 4696
5690 5740
5690 3546
5690 348
5690 6898
5690 83
5690 5690
5690 7294
5690 8186
5690 396
5690 8320
8812 290
8812 8812
8812 1355
8812 532
8812 3324
8180 828
8180 4716
7747 8187
7747 800
7747 7991
3898 8146
290 1483
290 7079
290 2618
290 4642
290 2669
290 1916
290 935
290 8913
290 6898
290 5730
290 4923
290 8215
290 812
290 5583
290 5810
290 2807
290 1149
290 1536
290 66
290 8549
290 7486
290 6757
290 2384
290 35575
290 8246
290 3272
290 290
290 1409
290 1355
290 5442
8055 3927
8055 2191
345 7776
345 345
345 5484
3580 7845
7079 7079
7079 8320
7079 1105
7079 8447
7079 4344
7079 8345
7079 3324
5223 5223
1407 3272
1407 1441
1407 3401
381 8320
381 381
381 396
381 348
381 4177
381 349
3375 5175
2 5015
2 7829
2 8441
2 460
4053 1463
4053 4053
4053 3040
8050 1483
8050 2814
8050 8488
8050 7982
8050 8050
8614 250
8614 8565
26801 3948
26801 6223
26801 6521
26801 6101
26801 3874
26801 26801
26801 5743
26801 1149
350 4177
310 310
310 83
310 8144
4241 4241
4241 2349
6871 8543
6871 394
6871 8244
6871 109
6871 1674
6871 1
6871 1450
6871 3272
6871 6871
6871 7437
2060 2060
2060 5484
2060 8286
2060 7021
2060 1149
5672 6415
5672 5672
5672 394
5672 45
3959 970
3959 4961
3959 3959
3959 4100
7608 7608
7608 317
7608 5484
7608 5196
7608 2356
8441 3927
8441 5267
8441 8003
8441 2024
8441 1149
380 3709
380 380
380 8415
4248 2618
4248 4248
4248 8075
3065 2003
200 7743
416 1355
2361 184
2361 8820
2361 1797
2361 348
2361 1946
2361 2361
3401 7967
3401 2003
3401 3401
3401 7732
3401 2738
8613 6872
8613 828
8613 45
7150 6789
6415 2003
6415 4558
6415 2811
6415 3493
6415 3248
6415 7165
6415 6269
8308 5372
8308 5740
3992 7726
3992 5740
3992 8667
3992 1674
3992 3992
3992 2669
3992 6594
3992 1851
3992 3032
8875 5015
8875 2384
8875 8875
7670 2051
8246 7743
8246 394
8246 7507
8246 1355
8246 4600
8246 7206
8246 2000
8246 3154
8246 8246
8246 3493
8246 1946
8246 1149
3651 3121
3651 5740
3651 3651
5880 7252
3988 3988
3988 5740
3988 3546
3005 3280
3005 8075
3005 83
8121 2689
8121 1233
8121 8842
8121 6101
8121 4556
358 5925
3804 7982
360 8450
360 8658
360 360
360 8624
360 6646
360 1
360 4177
360 83
360 437
360 2039
360 2146
360 4008
360 1898
360 1186
360 2874
8735 1291
8735 5740
8146 1536
8146 2642
8146 8146
4416 2618
4416 4416
4416 3448
5734 5734
4721 8828
4721 3927
4721 4653
4721 8867
4721 1353
4721 4721
4721 8883
4721 1149
1 1483
1 1
1 6522
1 7755
1 828
1 1887
1 2384
1 4367
1 8274
1 8726
1 8288
1 3927
1 4928
1 1353
1 333
1 8702
8309 158
8272 5304
8272 8272
3118 1355
3118 441
3118 5917
4658 1483
4658 1715
4658 5743
4658 1441
4658 8008
4658 8037
4658 730
4658 3874
4658 6223
4556 5740
4556 1162
4556 3143
4556 8201
4556 8883
4556 8345
4556 66
4556 302
4556 4923
4556 8798
4556 4556
8653 394
1792 5740
1792 1792
1792 4008
1792 4961
8380 5743
8380 3927
429 972
429 3837
429 532
613 6249
613 6223
613 3975
613 394
613 7655
613 7821
613 6594
613 2349
613 1227
613 4373
613 2689
613 3948
613 1674
613 613
613 454
613 3659
613 8047
613 1587
613 4419
613 6751
613 6101
613 5323
1186 473
1186 437
1186 6948
1186 6278
1186 1186
1186 2356
348 184
348 5740
348 348
348 5513
348 1149
348 6666
348 733
348 35575
348 45
1028 8704
8410 7936
8410 5740
454 6936
454 3041
454 8153
454 7507
454 3121
454 435
454 8504
454 935
454 8705
454 5740
454 1587
454 6647
454 1898
454 7165
454 5593
454 2003
454 8628
454 828
454 6085
454 1047
454 1114
454 406
454 454
454 4008
454 1149
302 302
3602 3602
3602 2807
3602 3659
3602 2627
406 2689
406 7392
406 8434
406 7991
406 8345
406 4807
406 8176
406 2508
406 406
8178 7651
8178 8184
8178 8178
7727 461
7727 733
7727 7743
7727 5292
8176 1847
8176 6269
8176 7507
8176 6976
8176 5917
8176 8232
8176 3874
8176 1291
8176 1546
8176 385
8176 5740
8176 2594
8176 4344
8176 1459
8176 5442
8176 7743
8176 3324
8176 1149
8176 6904
8176 6872
8176 8176
8176 7533
8176 4698
8176 317
8176 1231
8176 4807
8176 1851
8176 935
8176 1409
8176 7591
2888 7982
2888 2888
2888 4046
3077 1674
3077 8143
3077 1149
3077 4344
373 1946
373 373
373 1353
346 1464
346 8320
8153 1056
8153 1060
8153 8153
8153 7982
8153 8217
8153 8074
8153 8265
8153 1946
8153 8215
8153 5883
2807 250
2807 22
2807 2003
2807 7982
2807 7252
2807 908
2807 812
2807 5732
2807 5442
2807 2480
2807 1674
4757 1310
8216 5267
8216 3272
8216 3927
8216 8216
8131 7165
675 675
675 8214
2497 1847
2497 8232
2497 5740
2497 7705
2497 8813
2497 4923
2497 2233
2497 6101
2497 8857
7107 1847
7107 8847
7107 3493
7107 8838
7107 7851
7967 3237
7967 2384
8538 3272
8538 8538
8538 2874
4400 8519
2051 7869
2051 6646
2051 22
2051 2051
2051 2349
5419 8770
5419 5659
1291 1847
1291 5732
1291 5627
1291 8890
1291 1291
1291 1674
7851 8602
7851 8390
7851 8399
7851 7851
8828 8828
8828 1018
8828 3272
8828 5506
8828 703
8828 45
8828 3041
935 935
935 3948
935 8866
935 7294
935 3272
935 4312
935 143
2525 2384
2525 4961
2525 5740
2525 377
2525 1047
2525 102
5740 6936
5740 8068
5740 3513
5740 1409
5740 1674
5740 4961
5740 5292
5740 5394
5740 6013
5740 6153
5740 730
5740 8337
5740 1587
5740 2594
5740 2349
5740 4344
5740 4008
5740 8448
5740 7507
5740 1946
5740 8745
5740 5810
5740 461
5740 1450
5740 65
5740 6545
5740 8037
5740 7932
5740 7437
5740 7410
5740 2874
5740 3635
5740 2384
5740 3948
5740 8667
5740 1355
5740 6666
5740 6307
5740 8237
5740 4622
5740 4477
5740 8531
5740 7317
5740 8726
5740 1441
5740 4046
5740 7
5740 8857
5740 8688
5740 8725
5740 1849
5740 5484
5740 6836
5740 4923
5740 8755
5740 1483
5740 1004
5740 5267
5740 3272
5740 3040
5740 2029
5740 2233
5740 2003
5740 4391
5740 2290
5740 394
5740 66
5740 3324
5740 6101
5740 5480
5740 6594
5740 2837
5740 45
5740 8341
5740 5740
5740 3546
5740 8345
5740 1916
5740 1568
5740 5732
5740 8320
5740 3377
5740 7776
5740 1149
83 1847
83 8232
83 109
83 1310
83 8358
83 1404
83 6545
83 7437
83 2874
83 1116
83 7031
83 3272
83 83
83 3701
83 1149
83 6666
83 7507
83 4046
83 8320
83 8868
8431 8399
8431 8431
4281 8755
8275 8015
8275 1715
8275 7252
7428 1898
733 4262
733 828
733 2290
733 5267
733 3272
733 733
733 3493
733 4745
6979 2384
2669 22
2669 2669
2669 1851
2669 1149
1021 6074
1021 307
1021 1355
1021 1021
1021 1149
8826 143
8826 3324
8826 2384
8826 3032
7743 7743
7743 1233
7743 7507
7743 7206
7743 6249
7743 8808
7743 45
7743 8224
7743 3635
7743 4173
7743 1162
7743 8882
7743 1355
7743 3546
7743 4600
7743 1946
7743 3902
7743 5442
7743 1149
7743 6307
2191 8752
2191 5094
2191 349
1441 3272
1441 2029
1441 5917
1441 4336
8697 812
4336 4312
4336 8008
4336 5810
4336 3493
4336 4336
4336 7458
8712 8694
3032 3032
7023 4954
461 1483
461 3635
461 1587
461 1355
461 394
461 461
143 1227
143 3248
143 8215
143 3324
250 1657
250 3926
6545 1384
6545 5480
6545 6545
6545 1946
6545 344
6545 6836
6545 3546
6545 1587
6545 2349
6545 3927
6545 6101
6545 6107
6545 1149
6545 1409
4517 4517
7307 8338
7307 1463
7307 4891
4177 394
4177 4262
4177 7732
4177 4008
4177 8008
4177 1176
4177 4177
4177 49
8806 5175
349 7443
349 4961
349 349
8112 8092
8112 6269
8112 8338
8112 5442
8112 8112
6518 6936
6518 1355
5072 4043
1095 7031
1095 1867
1095 8338
1095 1095
1114 1916
1114 1114
1114 2874
1114 6223
4402 1939
4402 7294
4402 4008
4402 8755
4402 1355
4402 4402
5363 8675
5363 8719
1056 1056
3382 7982
2043 3272
8286 5484
8436 1946
8436 8434
8436 5304
6789 2000
6789 8547
6789 6789
8157 8157
8157 1409
8157 5082
8157 1446
8157 4344
375 109
3975 2349
3975 3975
7869 7869
7869 5484
7869 1587
7869 2594
7869 3324
7869 8345
7869 8358
7869 3272
7869 4477
7869 1849
7869 1568
7869 450
7869 3377
7869 3927
7252 8524
7252 8071
7252 1715
7252 4558
7252 1590
7252 2618
7252 5534
7252 7692
7252 8276
7252 8232
7252 972
7252 2384
7252 3448
7252 7252
7252 7982
7252 7507
7252 1946
7252 7269
7252 2575
7252 1612
6646 6666
6646 6646
8519 5593
8519 7777
184 184
184 4262
184 49
184 2349
184 6666
184 437
184 1409
1463 8232
1463 4362
1463 8483
1463 3324
1463 1463
1463 7983
1463 317
1463 259
1463 6856
1463 6503
1463 1355
1463 4100
1463 5627
1463 1946
1463 7776
7667 8105
6998 5544
359 359
6214 2024
6214 1047
6214 3324
1358 1464
1358 5480
1358 3121
1358 3831
1358 317
1358 1358
8679 1946
8679 6647
4696 828
4696 2349
4696 4696
602 602
602 3472
6836 8448
6836 1149
6836 7732
8755 3948
8755 8755
8755 3803
8755 7294
8755 828
8755 4419
8755 3272
5744 2874
1004 1004
1004 7813
1004 6531
1004 4961
1004 1409
5730 2627
6756 3659
2029 1483
2029 1464
2029 8565
2029 2029
2029 23571
6101 6249
6101 7767
6101 4312
6101 8008
6101 7
6101 8858
6101 4373
6101 8725
6101 8105
6101 8504
6101 4344
6101 8864
6101 7392
6101 8782
6101 5810
6101 1536
6101 5480
6101 6101
6101 45
6101 7311
6101 7486
6101 3948
6101 1355
6101 1674
6101 8345
6101 1916
6101 4622
6101 6594
6101 1149
7392 8092
7392 317
7392 3041
7392 1162
7392 828
7392 800
7392 3272
2258 450
7477 7982
7477 1898
7477 8008
5593 2003
5593 3324
92 1125
394 6936
394 1483
394 1847
394 1353
394 4046
394 2622
394 8188
394 2349
394 4344
394 4923
394 1459
394 450
394 1233
394 394
394 930
394 3324
394 1450
394 6594
394 6486
394 45
394 6757
394 3948
394 5210
394 8222
394 8883
394 6666
394 3272
394 8186
394 8734
394 5737
394 7776
394 1149
394 1409
2900 3927
3757 8008
3757 3757
3757 7507
3757 745
3757 45
1939 7294
1939 4008
4891 8338
7801 7813
8403 4555
8403 2344
2837 22
2837 2837
2837 5372
2837 1985
2837 5094
7983 5627
7983 1849
7983 7983
8268 2618
8268 8268
8268 8075
45 6936
45 2811
45 1353
45 7
45 8047
45 1580
45 8556
45 5810
45 3324
45 828
45 5737
45 45
45 7486
45 8628
45 8186
45 1409
3108 2039
2498 4961
2498 2384
2498 6751
6757 6757
8704 7982
8704 1715
8628 1946
2821 8726
2821 3546
8092 1587
8092 6085
3546 1483
3546 8232
3546 7507
3546 1464
3546 6153
3546 4582
3546 2874
3546 3546
3546 1355
3546 6856
3546 3272
3546 1149
3546 5267
3546 3927
3546 5640
3546 6307
8390 7936
8390 8008
1047 6856
1047 2642
2968 6872
2968 2968
4928 7294
4928 3041
4928 3948
4928 1587
4928 8479
4928 5506
3928 745
3928 3928
8320 8334
8320 6856
8320 6936
8320 4344
8320 4008
8320 8320
8320 6254
8320 450
8320 644
1227 1227
1227 8531
1227 8694
1227 8415
3485 3927
3485 3485
3485 40
3485 2024
3485 2665
3485 2874
1612 7692
1612 3448
1612 5810
1612 2618
1612 344
1612 1612
2628 7437
6936 6936
6936 4362
6936 1353
6936 4745
6936 3324
6936 1464
6936 1450
6936 4622
6936 1121
6936 2874
6936 2689
6936 22
6936 7257
6936 343
6936 4351
6936 6521
6936 1162
6936 1916
6936 6307
6936 4008
6936 317
6936 5486
6936 6666
6936 7399
3969 3248
3969 1202
3969 3969
3969 8820
3969 4961
2594 2594
2618 972
2618 7982
2618 7507
2618 7692
2618 8276
2618 344
2618 8809
2618 3448
2618 5810
2618 3676
2618 2618
2618 8075
2618 1946
4622 6666
4622 1450
4622 385
4622 5175
4622 7294
4642 8075
4642 1355
4642 6976
4642 4600
4642 8282
4642 8888
4642 1946
4642 2874
4642 4298
3926 1446
3926 1149
8282 8282
5292 8250
5292 460
5292 5292
5292 2874
5292 1409
2000 8913
2000 8418
2000 158
2000 6856
2000 1162
2000 5732
2000 8074
2000 2000
8752 8621
8752 8752
6153 1483
6153 1898
6153 1657
6153 7936
6153 3927
6153 5267
6153 7445
6153 3272
6153 4971
6153 6153
807 5883
8373 2123
19475 8726
5015 5015
5015 1729
5015 2384
5015 2024
972 2003
972 7982
972 7507
972 5810
972 7655
972 8276
972 344
972 972
972 3448
972 3519
972 8075
972 8719
972 3370
972 1735
972 7692
972 8900
972 5217
1657 1149
1657 4344
8705 1459
8705 3041
303 6666
14672 3996
2024 3384
2024 4344
2024 1464
2024 7108
2024 2665
2024 1149
2024 2874
2024 1310
7632 8596
7632 22
5601 767
5601 3324
5601 5601
2123 3272
2123 1674
2123 1409
4267 1898
5372 1536
5372 3400
5372 5372
8447 5784
8447 8447
8447 6531
7486 3948
7486 4008
7486 1168
7486 7982
7486 5732
7486 7294
7486 7486
484 7767
484 8883
1353 4262
1353 6666
1353 800
1353 5627
1353 7095
1353 8037
1353 22
1353 1121
1353 1353
1353 343
1353 494
1353 828
1353 1916
1353 49
1353 3976
1353 396
1353 7507
1353 1946
1353 1459
1353 8820
1353 1149
8900 7982
8900 8900
5925 3324
8321 6486
1233 1233
1233 6096
1233 5229
1233 111
1233 1149
1233 1409
4558 4312
4558 5810
3283 1898
1107 1149
8762 3233
396 49
396 4659
4351 6307
4351 1149
8358 3272
8358 1849
8358 8358
8358 6948
8358 2874
437 3927
437 437
4426 4426
4426 3927
4426 4344
8478 4344
8478 8478
8037 3
8037 6716
8037 1149
7845 3927
7845 2004
7845 7845
7845 5094
7845 1384
6522 1464
6522 40
6522 13265
6522 6522
7311 7311
7311 7626
7311 2874
7311 3948
7311 1355
7311 3324
7311 2356
8245 8245
8245 3143
7829 7829
3635 6666
3635 8237
3635 6976
3635 3635
3635 4298
259 6872
259 259
4555 1384
1446 6307
1446 6856
1446 4362
1446 1355
1446 3040
3237 7507
3237 5094
3121 36108
3121 6205
8726 6827
8726 828
8726 8726
8726 3927
8726 3272
8726 1202
8726 5094
8726 717
1840 7936
1840 8782
4653 4653
4653 6486
1059 5484
1059 8415
6666 1847
6666 8188
6666 5484
6666 2349
6666 3927
6666 4008
6666 3040
6666 5627
6666 5323
6666 5583
6666 7756
6666 745
6666 317
6666 1674
6666 6666
6666 7776
8867 3927
8867 1149
4477 4477
4477 1149
2490 1887
8188 317
8188 828
8188 6751
8188 1921
3143 175
3143 5627
8673 3272
8673 1149
3377 3272
3377 1409
6781 1060
539 8786
5993 3948
3040 1355
3040 2349
3040 3927
3040 4008
3040 3040
3040 8504
3040 2874
6766 3831
7651 7651
1384 8122
1384 4947
1384 7507
1384 2290
1384 6898
1384 8288
1384 65
1384 1149
1384 3927
1384 8621
1384 1355
1384 4245
3848 109
3848 1409
6716 6716
6716 3927
6716 2653
6716 2874
6716 7458
273 8448
4046 8068
4046 7437
4046 4362
4046 3659
4046 4344
4046 828
4046 4046
4046 3701
4046 3248
4046 5081
318 2391
8482 1149
8415 812
8415 8415
8415 2028
8864 8864
494 494
494 2003
494 8008
494 7095
494 2368
494 8201
494 1044
2308 3927
300 6872
300 5659
8215 8215
8215 4344
2874 1483
2874 3513
2874 6013
2874 1849
2874 1044
2874 40
2874 1587
2874 4245
2874 3659
2874 3927
2874 4008
2874 8556
2874 1464
2874 8122
2874 8688
2874 2290
2874 8786
2874 828
2874 2874
2874 1355
2874 1162
2874 8366
2874 1916
2874 6307
2874 3272
2874 5737
2874 7776
2874 1149
2874 7317
2045 5210
962 1170
962 2784
8719 8719
8719 7982
8719 8723
211 7936
450 5267
450 3272
450 4362
8702 7177
4298 344
1018 1018
1018 8366
1018 1149
1018 1849
8008 49
8008 8008
8008 3248
8008 7936
8008 3723
8008 8105
8008 8361
8008 1580
8008 8725
8008 3493
8008 3324
8008 4312
8008 1176
8008 2384
8008 3519
8008 2233
8008 1355
8008 7732
8008 3948
8008 1409
1947 3659
5395 4716
5513 8341
5513 5810
5513 5513
5513 2349
1075 8618
1729 3272
1729 1044
8682 8602
8682 8682
8682 317
332 4367
4716 2290
6594 7776
6594 6594
7591 6976
7591 7591
6753 8688
7872 7872
8652 7655
8341 8341
8341 4008
1887 1887
1887 1847
1887 1464
1887 4344
1887 7
1887 4659
1887 3996
1887 1310
8179 8179
6521 3041
8214 7756
8214 1149
8590 3493
6779 6477
8054 8054
7626 7626
47710 6205
47710 47710
3709 35575
3709 812
2627 1162
2627 2627
466 828
4037 4037
4037 2642
1409 1847
1409 8644
1409 800
1409 7
1409 8585
1409 1116
1409 1946
1409 1867
1409 8814
1409 5810
1409 930
1409 1355
1409 1674
1409 3272
1409 1851
1409 8820
1409 7776
1409 1149
1409 1409
6486 6486
6486 1123
6486 1149
132 132
2811 2003
2811 2811
2811 4344
2811 49
2811 1149
4807 4807
8182 6307
5883 2003
1667 7170
8395 1044
8395 8395
7281 1946
7281 8418
7281 7281
8276 8276
7813 1536
7813 7813
7813 8675
7813 1590
8585 2003
8814 8814
8814 2349
7699 6531
7699 3370
7699 7699
7699 7655
8071 7732
1310 1310
1310 8913
1310 7756
1310 4344
7936 8166
7936 4362
7936 7458
7936 8391
7936 1000
7936 6856
7936 8047
7936 8105
7936 7936
7936 1946
7936 5442
7936 8437
7936 1149
7021 1483
6116 8621
40 3927
40 4008
40 40
4947 317
4947 2349
5304 6307
5304 5304
5304 1946
5304 5442
5304 8434
6856 35575
6856 4100
6856 812
6856 3927
6856 1946
6856 1149
1587 3324
1587 828
1587 8872
1587 317
1587 8913
1587 22
1587 1464
1587 1355
1587 1587
1587 3041
1587 1149
5506 1849
8065 3324
750 750
750 6872
750 1985
750 1355
8602 7736
8602 8602
8602 1946
8602 1182
8602 8616
3976 3976
4971 828
4971 4971
4971 4961
4971 4344
8725 7982
8725 3199
1946 6085
1946 7982
1946 4745
1946 8546
1946 7458
1946 2689
1946 6647
1946 8913
1946 2575
1946 5442
1946 5810
1946 1946
1946 344
1946 8872
1946 3902
1946 2384
1946 3676
1946 8584
1946 8407
1946 1149
1946 5217
8224 2664
8822 5743
6531 6531
6531 7534
6531 7655
6531 2642
6531 8646
6531 7330
6531 2093
8745 3324
339 3701
1590 8675
2653 1508
2653 1851
828 1483
828 1921
828 8665
828 828
828 344
828 1162
828 3272
828 3701
828 4008
828 6872
6994 6994
8751 800
7437 5094
7437 1231
7437 4659
7437 3272
7437 2349
7437 2356
7437 3927
7437 1450
7437 3701
7437 2665
7437 7437
7533 8761
7533 3948
2384 4961
2384 5378
2384 1000
2384 4758
2384 8047
2384 8483
2384 8908
2384 1715
2384 8075
2384 7016
2384 8434
2384 4312
2384 2360
2384 2384
2384 317
2384 8882
2384 8701
2384 7776
2384 5217
1231 3324
1867 7031
1867 1867
4344 8734
4344 1464
4344 7
4344 321
4344 2349
4344 4344
4344 2233
4344 8782
4344 5450
4344 2003
4344 5756
4344 4782
4344 4659
4344 3272
4344 1149
1508 4923
1508 317
1508 1508
3041 3041
3041 2508
3041 4008
3041 4373
8469 8469
8274 8253
8274 8274
970 7330
970 7424
8089 7982
5217 3448
5217 344
5217 5217
8345 8288
8345 8345
8345 5267
8345 111
8345 8338
8345 344
1326 908
3329 1149
800 4183
800 4262
800 49
800 800
800 8066
7330 532
7330 7507
7330 1355
7330 7330
7330 1149
435 435
703 7776
1044 3493
1044 7732
1044 111
1044 3948
1044 1044
5378 6783
7458 2003
7458 7458
2689 2689
2689 5732
2689 7165
8066 49
8015 8015
3723 5784
2575 7507
2575 2575
2575 7692
2575 5442
2575 1149
2575 3493
8103 66
797 3701
8616 2368
5486 7294
2162 586
8483 8483
1985 1985
3812 2013
8130 3948
8130 532
8130 8130
8658 8658
1557 6360
1557 8531
8644 8644
8003 1464
8003 3927
1060 3448
1060 1060
1060 2003
1060 8496
1060 7507
7001 8915
7001 7001
7001 7108
3701 2349
3701 3272
3701 3701
3701 4008
3701 5081
5810 7507
5810 3324
5810 2003
5810 4312
5810 3448
5810 22
5810 5810
5810 7982
5810 3272
5810 111
5810 7692
3324 1483
3324 7507
3324 8047
3324 1123
3324 3324
3324 8391
3324 5175
3324 8789
3324 3272
3324 8461
3324 2290
8786 2290
422 8899
422 422
422 3272
175 6307
8589 1898
8589 8589
2368 2368
5267 2290
5267 8232
5267 3659
5267 5542
5267 1149
5267 5267
6074 3927
6074 6074
6074 2039
478 478
8366 3272
8366 8366
8366 1149
2508 1483
4910 8667
1916 1916
1916 66
1916 3272
8487 3493
317 8232
317 4961
317 2233
317 317
317 4923
317 7776
317 2391
6872 4678
6772 3927
1847 1847
1847 8232
1847 8075
1847 6769
1847 3248
1847 8488
1847 22
1847 1464
1847 1355
1847 2349
1847 1121
1847 3927
1847 1580
1847 8556
1847 3831
1847 1459
1847 5094
1483 1483
1483 6129
1483 7982
1483 5480
1483 6339
1483 1149
1483 3272
8254 7507
8799 8105
6035 7294
6035 6035
7982 7982
7982 7507
7982 8434
7982 6400
7982 2233
7982 5442
7982 8782
7982 2003
7982 1735
7982 4312
7982 8201
7982 8872
7982 1162
7982 3568
7982 7732
7982 5650
7982 8866
7982 7692
7982 1149
4745 1176
7655 1656
7655 8437
7655 7655
7821 7821
8734 8734
1125 1125
1125 1898
3554 7507
3248 5627
3248 3248
8094 66
2312 6555
7108 3272
7108 7108
8565 8565
2814 1149
8201 8201
6898 6898
2665 5480
2665 3272
2665 2665
3927 3513
3927 5273
3927 22
3927 2349
3927 3927
3927 8556
3927 5094
3927 8248
3927 5756
3927 1355
3927 1149
3927 3272
3927 7776
1355 7
1355 8764
1355 3493
1355 5094
1355 5442
1355 7399
1355 6307
1355 8688
1355 8248
1355 3199
1355 6904
1355 66
1355 344
1355 35575
1355 1149
1355 3272
1355 5737
1355 1355
7507 8232
7507 8075
7507 7507
7507 5534
7507 7692
7507 1450
7507 158
7507 5442
7507 6307
7899 2003
1123 1123
5442 2003
5442 1176
5442 158
5442 6307
5442 5442
5442 1149
812 8684
812 1149
8588 8769
2205 8165
4183 5743
6948 6948
6948 4659
8075 1715
8075 8075
8075 7692
4961 4961
4961 2356
4961 1000
4961 3519
4961 2349
5743 7031
307 3272
307 307
1450 3513
1450 8232
1450 5534
1450 1464
1450 1450
1450 7
1450 8665
65 1149
5737 3272
5737 5737
745 7538
2570 6494
8250 8250
4085 8479
7095 7095
5094 8111
5094 5480
5094 1849
5094 2349
5094 7294
5094 5094
8135 1464
1674 3199
1674 3272
1674 1898
1674 1674
1674 8105
1674 2621
7875 3948
7875 1898
7875 7875
532 1536
8764 3272
1797 49
3272 8338
3272 6249
3272 8479
3272 3272
3272 2349
3272 1464
3272 4008
3272 1105
3272 2784
3272 1149
6360 3472
6360 6854
2039 4008
2039 2039
2039 8868
4659 8143
4659 4659
6985 4200
3831 3948
3831 3831
8820 8820
8232 8232
4262 49
4262 4262
619 7294
619 6751
1256 7732
1464 2290
1464 6013
1464 2784
1464 1464
1464 3384
1464 3659
8253 8253
4419 7294
4419 4419
7818 1618
8899 8899
8899 1459
3493 2290
3493 469
3493 3199
3493 3448
3493 8288
3493 8556
3493 3493
3493 1149
5650 5650
3448 1898
8368 8361
2146 3049
321 321
8417 8460
7434 7434
4200 1149
4923 4923
3370 3370
2233 7170
2233 4312
2233 7732
2233 8882
2233 8265
2233 2233
1459 3755
1459 1459
4391 4391
4391 1149
4391 8531
7165 7165
8166 8166
8166 6129
6096 6096
6096 2642
8418 8418
1105 1105
885 6854
767 2003
767 767
6647 8074
6223 7294
6223 6223
2356 8334
2356 2356
385 3659
4312 2003
4312 4312
4312 8504
4312 8338
6066 7732
7482 8488
630 3659
158 4008
1149 6249
1149 8479
1149 22
1149 4008
1149 8434
1149 6307
1149 8237
1149 49
1149 3874
1149 6107
1149 3384
1149 1149
1121 22
6783 8675
8576 8576
8621 4008
8621 8621
7776 3199
7776 3948
7776 6701
7776 732
7776 7776
3513 3513
6249 6249
6249 7442
6249 8047
6249 6307
7767 730
3659 2003
3659 2784
3659 3659
3659 6031
8761 8761
8504 7294
730 730
8479 8479
4373 7294
3199 3199
22 66
22 22
22 2349
5659 5659
8047 8047
344 5175
343 343
2349 7317
2349 2349
2349 2391
2349 4362
2349 3948
2349 4008
2349 8090
8675 8675
8675 8646
7294 66
7294 3948
7294 7294
7294 8789
4008 7
4008 5732
4008 4008
8556 4362
8556 66
8885 8882
49 49
2391 2391
8646 8646
8646 2621
8688 5480
8460 8460
2003 2290
2003 2003
2003 1176
2003 6085
1656 6826
5627 35575
5627 5627
5756 5756
2783 2783
7736 7736
2788 4362
5732 5732
2693 6307
5175 5175
5175 3874
3948 3948
35575 35575
35575 1327
35575 8694
35575 8338
3519 3519
8062 8062
8789 8789
6307 6307
8531 8531
2290 2290
1000 1000
4362 4362
8265 8265
8338 8338
6673 6673
6673 8105
4954 469
1715 1715
7 7
8623 1568
8013 8013
8105 1898
8105 8105
4600 4600
1580 1580
8868 6013
4678 4678
8890 8890
109 109
2642 2642
5480 5480
202 202
1176 1176
3384 3384
1536 1536
4096 4096
1898 1898
7732 7732
7692 7692
8694 8694
4245 4245
