6694 1847
6694 250
6694 1306
6694 297
6694 6401
6694 3684
6694 6658
5903 5903
5903 4086
5903 45
5903 1946
6206 1441
6206 6206
6206 1573
5604 121
5604 1847
5604 5740
5604 1478
5604 5604
7094 2000
7094 3528
7094 7094
7094 7176
7094 7171
7094 2620
7094 6579
1720 3106
1720 6320
1720 2233
1720 1946
5572 4556
5572 5572
5572 6153
5572 6415
5572 813
7146 3927
7146 6950
6300 2011
6983 4953
6983 4660
6983 6781
4520 828
4520 6481
4520 1306
1360 6101
5830 6571
5830 2083
5830 1797
5830 3948
5830 1328
5830 5830
5830 6576
5830 45
5830 349
2264 6936
2264 27
2264 290
2264 2467
2264 622
2264 454
2264 1047
2264 5627
2264 2644
2264 7086
2264 2349
2264 6666
2264 2097
2264 143
2264 4042
2264 7076
2264 6101
2264 6255
2264 2264
6831 6349
6269 3106
6269 5732
4047 1847
2733 2620
6804 1358
7049 5442
7049 7071
7049 7049
6908 121
6908 2024
6908 766
6908 3810
6908 6908
2083 5583
2083 6316
2083 360
2083 4642
2083 6576
2083 5513
2083 6519
2083 297
2083 143
2083 5292
2083 66
2083 6742
2083 2284
2083 4790
2083 2083
2083 5337
2083 6701
2083 5740
2083 3927
2083 345
2083 4953
2083 460
2083 5775
2083 3822
2083 3613
2083 750
2083 1797
2083 4008
2083 391
2083 5627
2083 9502
2083 6773
2083 3521
382 6094
382 440
382 6207
382 290
382 6881
382 1618
382 5883
382 4556
1120 1229
5974 1847
5974 1098
5974 3324
6861 1233
6861 3684
5198 3927
5198 6863
1465 238
1465 362
1465 2149
1465 394
1465 3375
1465 1353
1465 2926
1465 2356
1465 6264
1465 1636
1465 49
1465 6131
1465 2349
1465 1345
1465 1358
1465 6666
1465 5869
1465 343
1465 1587
1465 360
1465 4910
1465 1822
1465 6094
1465 440
1465 4008
1465 6761
1465 1851
1465 1465
1465 1946
1465 1459
1465 5690
1465 4639
1465 23571
685 7048
7144 1233
7144 3329
7144 3528
7144 5627
7144 6670
7144 317
7144 2620
5775 3927
5775 5740
5775 4428
5775 3521
5775 2874
7205 4953
7050 4304
5498 2000
5498 4832
5498 5583
5498 5498
5498 1946
5498 1044
5498 6129
5498 763
5498 766
2906 7068
2906 3948
2906 394
2906 6131
2906 4481
2906 3509
5683 4990
3380 4231
3380 6902
3380 4692
3380 4706
3380 3380
3380 4794
3380 4790
6892 6094
6892 935
6892 965
6892 7036
6892 1587
6892 532
3514 6647
2554 848
2554 4953
2554 6590
2554 3818
2554 6129
2554 2508
2554 1171
2554 35357
2554 2060
2554 3106
2554 6101
2554 1459
2554 2554
2554 1044
2554 4002
2554 1532
1245 1245
1245 299
1245 4262
250 1463
250 4528
250 4658
250 1306
250 6577
250 78
250 6439
431 1729
431 5309
431 5740
431 4002
431 2024
431 4953
431 3324
431 6522
431 431
431 3684
431 4008
431 345
5723 1606
1246 6773
1246 2106
1246 1246
5977 3329
5977 5977
5977 5740
5977 3992
5977 1459
5977 942
5977 1840
5977 406
5977 3710
622 6316
622 6035
622 1106
622 3992
622 1622
622 5631
622 299
622 297
622 828
622 19475
622 4639
622 4144
622 3822
622 622
622 2883
622 5740
622 6451
622 6816
622 2720
622 4367
622 6579
622 4344
622 121
622 416
622 391
622 3927
622 6950
622 2665
622 5259
622 450
622 3787
1851 6936
1851 7031
1851 6647
1851 3759
1851 5301
1851 5740
1851 582
1851 3546
1851 1095
1851 6183
1851 310
1851 4231
1851 6545
1851 2106
1851 1851
1851 66
1851 2051
1851 2874
6430 5659
6430 391
6430 6772
6430 4790
6430 6430
6430 19475
6430 6107
6430 3521
6430 2874
6430 4344
6514 6503
6514 6209
6566 1847
6566 121
6566 5371
6566 4170
6566 1593
6566 1096
6566 454
6566 1384
6566 1047
6566 83
6566 3803
6566 3927
6566 6316
6566 5944
6566 3272
6566 290
6566 4782
6566 1459
6566 385
6566 2530
6566 1149
6519 3521
6519 6519
4279 6262
4279 766
2678 1847
2678 6818
2678 2149
2678 394
2678 4362
2678 6903
2678 78
2678 6658
2678 2356
2678 5420
2678 2678
2678 3
2678 509
2678 2510
2678 4782
2678 45
2678 4040
2678 798
2678 121
2678 5869
2678 4170
2678 5740
2678 3546
2678 613
2678 83
2678 2781
2678 4042
2678 582
2678 3948
2678 1059
2823 6451
2823 2823
2823 5753
2823 3375
2823 6101
2823 1358
23571 1593
23571 5740
23571 3634
23571 360
23571 6666
23571 4008
23571 798
23571 6569
23571 4782
23571 4639
23571 23571
6617 2160
6355 6936
6355 1345
6355 6382
6355 5740
6355 1573
6355 6577
6355 3992
6355 6089
6355 4953
6355 1149
6355 440
6355 2024
6355 3623
6355 398
6355 6517
6355 5628
6355 6355
6355 5970
1729 3106
1729 2481
1729 4953
1729 2530
1729 2874
5034 6936
5034 2672
5034 1946
5034 1459
5034 2391
5034 3623
818 6679
818 818
818 290
3376 2510
3376 6316
3376 4832
3376 3546
3376 290
3376 4384
3376 1459
345 345
345 5292
6699 121
6699 4832
6699 4117
6699 763
6699 6699
6699 1384
4423 6666
4423 6085
4423 5371
4423 454
4423 828
4423 4706
4423 2508
4423 4423
4423 121
4423 6415
4423 2701
4423 4213
4423 1946
4423 1459
1703 121
1703 5372
1703 4953
1703 3983
1703 5740
7048 7048
7048 440
7048 5372
7048 4241
7048 2618
7048 1946
7048 1587
7048 7092
7048 344
7048 2620
4863 4863
4863 2384
4863 6153
4863 353
4863 947
4863 83
4863 135
5735 7192
5735 1884
5735 2841
5735 3503
5735 6817
5735 4953
5735 5513
5735 317
5735 4085
5735 5735
5735 6567
5735 3959
5735 6766
5735 3983
806 348
806 532
806 5963
1977 4213
1977 6153
1977 321
4959 972
16 2901
16 956
16 828
6906 6903
6906 3546
2819 1450
2819 5323
2819 3473
2819 4528
6316 1847
6316 5860
6316 6316
6316 6792
6316 6926
6316 3926
6316 3537
6316 136
6316 35357
6316 1849
6316 6766
6316 3106
6316 1894
6316 1358
6316 6484
6316 1000
6316 935
6316 4953
6316 22
6316 5740
6316 6696
6316 1587
6316 344
6316 2947
6316 428
6316 7053
6316 6129
6316 6094
6316 6015
6316 5823
6316 3546
6316 1946
6316 1459
6316 1532
6316 5357
6316 1021
6316 6774
6316 5340
6316 965
6316 1593
6316 394
6316 1622
6316 767
6316 1
6316 3324
6316 429
6316 3
6316 4002
6316 1176
6316 2368
6316 2837
6316 4782
6316 1079
6316 3032
6316 763
6316 5883
6316 4660
6316 6773
6316 2384
6316 2954
6316 343
6316 5908
6316 3634
6316 7152
6316 4367
6316 121
6316 2467
6316 6905
6316 454
6316 302
6316 3272
6316 4042
6316 290
6316 3684
6316 5259
6316 1149
6316 3623
6439 1847
6439 402
6439 1119
6625 6131
3545 3545
3545 1266
3545 5740
3545 1042
3545 930
3545 1384
3545 6658
3545 1832
3545 1114
3545 1464
3545 5267
3545 3106
3545 6515
3545 4692
3545 2874
7106 7081
2926 1662
2926 49
2926 2536
2926 3154
2926 4362
2926 1353
2926 5801
2926 2926
2926 1459
2926 6089
6752 1306
6752 321
6043 2000
6043 7154
6043 2620
6043 1102
6043 290
6043 1946
6043 4953
6043 1044
6043 6043
6043 4379
6043 6926
1177 5740
6096 6096
6096 5740
6096 394
6096 454
6096 1149
6096 1409
5700 1228
353 1847
353 436
353 3818
353 454
353 6979
353 7086
353 5724
353 83
353 6949
353 362
353 5259
353 6658
916 4528
916 6153
916 5740
916 6099
916 290
916 4144
947 5259
947 956
7145 6545
7145 6773
19475 1233
19475 3329
19475 2290
19475 6658
19475 6502
19475 6522
19475 5371
19475 6153
19475 1508
19475 4213
19475 4639
19475 802
19475 1459
19475 4790
19475 5869
19475 4832
19475 2841
19475 5740
19475 4953
19475 83
19475 2349
19475 6129
19475 35357
19475 828
19475 391
19475 1985
19475 6101
19475 5801
19475 6107
1335 828
1335 391
1335 6757
1532 1610
1532 6094
1532 6609
1532 5740
1532 1106
1532 613
1532 6503
1532 6515
1532 1532
1532 45
1532 1650
1532 2000
1532 3124
1532 2672
1532 1176
1532 3106
1532 1345
1532 2530
1532 766
35357 394
35357 2389
35357 3537
35357 445
35357 1176
35357 1229
35357 3106
35357 1234
35357 6400
35357 14672
35357 1587
35357 5442
35357 2562
35357 1047
35357 7053
35357 35357
35357 2097
35357 290
35357 7177
6637 3684
6637 297
6637 6647
6637 3272
6637 1593
6637 1849
6637 290
6637 6477
6637 935
6637 1149
5849 2498
1253 297
1253 1384
6863 6750
6902 3384
6902 6153
6902 4477
6902 5627
6902 6902
6902 3
6902 3723
6902 4658
6902 6773
1131 6255
1131 3589
1131 1450
1131 1050
1131 2029
6579 1927
6579 3041
6579 7033
6579 78
6579 5513
6579 6579
6579 2000
6579 1229
6579 3106
6579 4144
6579 1345
6579 2530
6579 766
6579 7176
6579 4231
6579 6647
6579 5484
6579 4832
6579 6400
6579 5740
6579 461
6579 3993
6579 2294
6579 6666
6579 394
6579 6950
6579 1946
6579 1459
6579 6101
6579 6772
1832 121
1832 1409
6353 321
6353 1409
6788 4213
6788 6788
6788 6153
6788 1306
6788 6773
1835 5628
1835 5740
2536 49
2536 2536
2536 2841
2536 1353
2536 644
6641 1340
6641 6641
6641 3546
6916 2233
6916 5372
6255 6769
6255 6590
6255 3546
6255 2349
4325 1345
4325 4304
1927 3272
1927 2620
1927 4002
1927 4213
1927 6101
1927 763
1927 6719
1927 1149
4661 935
4661 6421
6818 6818
6818 2149
6818 3023
6818 83
3473 3473
3473 6950
3473 1353
3473 4144
3473 3931
3473 5690
3473 6773
934 3106
934 27
934 290
2192 3948
3503 5860
3503 3304
3503 3503
3503 1042
3503 6309
3503 3205
3503 1320
3503 6153
3503 3106
3503 7005
3503 317
3503 35575
3503 454
3503 5970
3503 6800
3503 1587
3503 3272
3503 5627
3503 6101
3503 1459
3503 4692
10696 10696
10696 5801
10696 65
10696 2841
6183 4556
955 1409
955 972
955 2384
955 6610
955 3684
955 3937
2620 4262
2620 78
2620 3639
2620 6485
2620 350
2620 2000
2620 1015
2620 6153
2620 7005
2620 3441
2620 1610
2620 1650
2620 22
2620 4304
2620 454
2620 3723
2620 1106
2620 1478
2620 3154
2620 5627
2620 1946
2620 7055
2620 5442
2620 1799
2620 7093
2620 2807
2620 2644
2620 7086
2620 2620
2620 429
2620 6779
2620 5869
2620 6835
2620 2233
2620 4619
2620 3685
2620 2384
2620 3621
2620 38084
2620 6854
2620 1636
2620 121
2620 3028
2620 5790
2620 6950
2620 3528
2620 1149
2620 3623
6565 321
6727 2024
6727 5740
5789 5789
5789 1171
4401 6950
509 4144
2196 1355
4213 7154
4213 4606
4213 3983
4213 1358
4213 1353
4213 6480
4213 4177
4213 3537
4213 7188
4213 5292
4213 2669
4213 297
4213 2060
4213 6764
4213 6153
4213 7133
4213 3106
4213 7005
4213 6985
4213 4953
4213 7107
4213 2841
4213 5740
4213 2024
4213 3304
4213 942
4213 3710
4213 3613
4213 4556
4213 6101
4213 1459
4213 4854
4213 4642
4213 3634
4213 6556
4213 6941
4213 3988
4213 1441
4213 6214
4213 1593
4213 6812
4213 394
4213 799
4213 3945
4213 2666
4213 3324
4213 2784
4213 4526
4213 461
4213 1450
4213 6594
4213 3684
4213 1229
4213 1320
4213 7120
4213 1345
4213 4213
4213 1946
4213 2874
4213 317
4213 3589
4213 4832
4213 1573
4213 3546
4213 2720
4213 5970
4213 348
4213 1384
4213 6590
4213 1149
4213 4928
4213 3272
4213 6915
4213 7025
4213 4354
4821 3927
4821 297
4821 5714
4821 83
4821 4821
3822 986
3822 6742
3822 7101
3822 3521
6473 6473
6473 1946
6473 45
6473 6153
2000 2011
2000 6382
2000 4753
2000 2242
2000 3537
2000 2000
2000 49
2000 3106
2000 2559
2000 1946
2000 2048
2000 972
2000 935
2000 5484
2000 1353
2000 2841
2000 6400
2000 454
2000 7053
2000 6094
2000 5627
2000 3532
2000 1459
2000 6638
2000 5442
2000 7037
2000 1441
2000 7025
2000 6309
2000 7086
2000 6794
2000 6101
2000 1450
2000 1229
2000 766
2000 6085
2000 6590
2000 6466
2000 1050
2000 6854
2000 4953
2000 4361
2000 406
2000 6666
2000 2097
2000 6966
2000 38084
2000 1149
2000 6772
1573 2672
1573 5740
1573 3324
1573 6569
1573 6666
1573 3106
1573 6415
1573 1229
1573 1573
1573 1612
2467 6590
2467 5740
2467 2467
2467 1946
2467 6309
2467 5628
2467 2874
3193 27
1826 317
1826 290
1826 344
1826 1826
1826 5360
1826 1114
1400 5869
5706 3803
5706 6085
5706 1044
5706 5740
121 2011
121 6792
121 6673
121 1478
121 1229
121 5292
121 6522
121 4008
121 6764
121 1450
121 3121
121 6766
121 1358
121 6784
121 5372
121 6647
121 5516
121 22
121 2841
121 5740
121 5082
121 493
121 394
121 299
121 6094
121 3927
121 6415
121 4556
121 1946
121 4692
121 1021
121 19029
121 343
121 7193
121 6277
121 7025
121 5562
121 5756
121 4526
121 6779
121 6847
121 798
121 6569
121 6101
121 4721
121 6890
121 2874
121 1048
121 6679
121 5175
121 7002
121 6400
121 38084
121 6125
121 1355
121 532
121 6828
121 6666
121 121
121 5732
121 5768
121 6131
121 737
121 3623
7129 7101
7161 290
1055 6099
1055 943
1055 4367
1238 4008
582 6474
582 7031
582 4639
582 5740
582 5082
582 1409
582 78
582 83
582 2300
582 6545
582 2106
582 582
582 2837
582 1040
582 2628
5753 1847
5753 6091
5753 6129
5753 5753
5753 613
5753 2029
5753 2386
6821 5526
3521 4144
3521 1328
3521 6270
3521 7101
3521 3521
3521 5292
3901 4668
3901 49
3901 36108
3901 1353
3901 2051
3901 6333
3901 6646
3901 1149
3901 3701
3901 83
5710 3214
467 6666
6459 4008
6459 6398
238 238
238 935
238 5371
238 1407
238 454
238 6826
238 6696
238 307
238 4928
238 5484
238 6915
238 3621
238 1044
238 406
4753 1946
4753 6942
6320 7076
6320 6320
6958 27
6958 5575
6958 4832
5631 750
5631 745
5631 5869
5631 6773
4961 1441
4961 5740
4961 3028
4961 4692
4961 3106
4961 4961
4961 6658
4961 4619
4961 5538
4961 6748
4961 66
4961 1946
4961 802
4961 1149
4961 4040
6485 4042
6485 1353
6485 6023
6485 6485
6485 6750
2570 6494
6103 6521
2672 1708
2672 2672
2672 3920
2672 6466
2672 2720
2672 5301
2672 3032
2672 5740
2672 3992
2672 1946
2672 5442
2672 4639
2672 2841
6524 5268
6524 5360
1849 2546
1849 3983
1849 5970
1849 6129
1849 5484
1849 1
1849 3803
1849 3272
1849 1849
1849 5627
1849 766
1849 1593
1354 1708
1354 1590
2757 175
1353 5860
1353 4953
1353 6926
1353 381
1353 4262
1353 1921
1353 1353
1353 4642
1353 3537
1353 83
1353 6153
1353 6766
1353 3106
1353 6023
1353 2811
1353 1610
1353 6666
1353 6647
1353 22
1353 5740
1353 4002
1353 454
1353 2947
1353 1106
1353 299
1353 2349
1353 4042
1353 4085
1353 4008
1353 733
1353 2029
1353 6101
1353 450
1353 661
1353 4231
1353 3329
1353 5810
1353 1622
1353 3684
1353 2356
1353 461
1353 1450
1353 4528
1353 6545
1353 1946
1353 6499
1353 935
1353 3546
1353 766
1353 6773
1353 3272
1353 259
1353 6466
1353 297
1353 3931
1353 5761
1353 1149
1353 6905
1353 6794
1353 49
1353 1409
1353 5970
1353 11
5442 2361
5442 1229
5442 7117
5442 4177
5442 49
5442 4241
5442 6787
5442 2389
5442 3106
5442 802
5442 4747
5442 6794
5442 6466
5442 6400
5442 2720
5442 3723
5442 6647
5442 7053
5442 6307
5442 2833
5442 6950
5442 1946
5442 1459
5442 5442
5442 4153
802 4111
802 6792
802 3983
802 5562
802 6658
802 2508
802 4526
802 143
802 828
802 3106
802 4500
802 344
802 1459
802 6806
802 6466
802 5740
802 532
802 802
802 4354
802 4953
802 4361
802 6813
802 1149
802 6666
802 6415
802 5627
802 290
802 1044
802 6610
802 7177
802 2391
5360 1847
5360 3
5360 2106
5360 5360
5360 45
5360 3546
5360 1256
5360 2349
5360 2344
4040 4231
4040 5740
4040 1050
4040 6673
4040 6670
4040 4354
4040 6129
4040 1119
4040 3106
4040 6131
4040 4040
4040 4619
4040 1946
4040 2391
4040 1612
4040 5301
1859 1481
2602 1610
2602 6307
3960 6451
343 1590
343 3811
343 1106
343 136
343 4177
343 1450
343 4782
343 4144
343 1044
343 2841
343 813
343 343
343 5740
343 3546
343 4953
343 102
343 5732
343 6101
343 1149
6500 3106
412 6905
412 5371
412 4639
412 3546
5659 6772
9502 5740
4854 1233
4854 2627
7162 3927
1593 5860
1593 1593
1593 1233
1593 3537
1593 3684
1593 143
1593 5371
1593 3106
1593 4658
1593 344
1593 3272
1593 5869
1593 22
1593 1446
1593 5740
1593 1587
1593 2024
1593 4953
1593 175
1593 2968
1593 4528
1593 5952
1593 3324
1593 6515
1593 1149
5751 6722
5751 1450
5751 3272
5751 454
5751 3106
5751 766
5751 136
3214 3214
6573 1320
6576 1797
6576 6576
3684 6936
3684 7154
3684 7107
3684 1894
3684 5860
3684 6555
3684 4336
3684 1464
3684 6153
3684 25
3684 2841
3684 5740
3684 4002
3684 454
3684 942
3684 550
3684 6348
3684 4008
3684 3040
3684 4692
3684 27
3684 7192
3684 6759
3684 6812
3684 2666
3684 3969
3684 3324
3684 3684
3684 6769
3684 429
3684 4782
3684 935
3684 4953
3684 2384
3684 6860
3684 1446
3684 1050
3684 297
3684 695
3684 3546
3684 6401
3684 3710
3684 1797
3684 6455
3684 111
3684 290
3684 1149
3684 3623
5029 613
5029 1847
5029 1441
5029 4002
4925 5251
4925 5371
4925 3041
4925 402
4925 5740
4925 1587
4925 4354
4925 1784
4925 942
4925 2883
4925 4925
4925 3272
4925 6572
4925 4241
4925 6101
4925 142
4925 6651
4925 6153
4925 5301
6847 6847
6847 3948
6847 6101
6847 6153
6847 5963
798 6552
798 184
798 4639
798 6668
798 6666
798 78
798 83
798 321
798 798
798 703
798 4008
798 2391
798 4231
798 1409
7153 3927
7153 3537
7153 7153
4927 6129
4872 290
4872 4872
4872 1320
2284 317
2284 451
2284 2081
2284 3106
2284 3992
2284 2284
2284 4241
2530 2644
2530 6382
2530 4312
2530 6154
2530 1921
2530 6129
2530 78
2530 7086
2530 6726
2530 6989
2530 2837
2530 5952
2530 6153
2530 6486
2530 3106
2530 5963
2530 2530
2530 797
2530 1610
2530 2384
2530 5371
2530 5740
2530 1306
2530 4367
2530 4991
2530 763
2530 4953
2530 1840
2530 2344
2530 2097
2530 4008
2530 6555
2530 1946
2530 450
2530 7177
2530 1409
766 1106
766 2669
766 2060
766 4241
766 7033
766 1044
766 2689
766 6647
766 1243
766 50
766 5112
766 2821
766 4008
766 391
766 1946
766 1459
766 1098
766 1023
766 1590
766 2807
766 5756
766 6794
766 385
766 1229
766 766
766 6590
766 5740
766 3546
766 3993
766 2508
766 2097
766 3272
766 3927
766 3551
766 6950
766 290
6921 5768
1878 379
1878 1095
6846 349
6876 2837
6876 429
6876 6876
6876 394
4832 1847
4832 5365
4832 5656
4832 6494
4832 767
4832 136
4832 1
4832 297
4832 828
4832 1946
4832 3106
4832 2416
4832 461
4832 2883
4832 22
4832 6696
4832 5304
4832 1162
4832 454
4832 5970
4832 3676
4832 6129
4832 4928
4832 5372
4832 4660
4832 4953
4832 2233
4832 1098
4832 406
4832 4673
5701 1847
5701 6091
5701 6496
5701 5701
5701 2029
6858 4953
6858 763
6858 6858
6858 45
3634 4231
3634 1409
3634 4558
3634 2841
3634 4639
3634 3634
3634 956
3634 360
3634 2349
3634 184
3634 3041
3634 377
3634 6872
3634 4008
3634 4500
5678 5678
5678 5231
5970 3983
5970 956
5970 78
5970 3855
5970 2669
5970 1464
5970 6153
5970 1902
5970 6807
5970 45
5970 22
5970 4002
5970 454
5970 2947
5970 2312
5970 5372
5970 5627
5970 6101
5970 3528
5970 2330
5970 6769
5970 6810
5970 344
5970 2874
5970 6773
5970 5869
5970 1306
5970 402
5970 3546
5970 2944
5970 239
5970 5970
5970 6129
5970 1840
5970 5963
5970 451
5970 2039
5970 290
5970 3308
3993 7154
3993 3993
3993 6494
3993 5124
3993 2290
3993 7117
3993 4177
3993 1636
3993 6153
3993 3121
3993 1946
3993 1610
3993 5869
3993 5740
3993 454
3993 4953
3993 4085
3993 840
3993 3959
3993 6950
3993 6101
2381 3205
5575 5575
5575 6647
5575 930
5575 398
5575 3983
5575 2290
5575 7086
5575 532
5575 6094
5575 1450
5575 6153
5575 7033
5575 1459
5575 4696
5575 1149
5575 2874
5575 6773
2944 1847
2944 3028
2944 4312
2944 3106
2944 2944
7043 6101
7043 1459
7043 2559
7043 1
451 6131
451 2081
451 5740
451 3546
451 1384
451 2837
451 6779
451 451
451 2039
451 3106
451 733
1328 3927
1328 3161
1328 1328
6950 1847
6950 1233
6950 6950
6950 4558
6950 2618
6950 2807
6950 3969
6950 4336
6950 7076
6950 1450
6950 6153
6950 5292
6950 7033
6950 1345
6950 4231
6950 7057
6950 4639
6950 5304
6950 3931
6950 4953
6950 6666
6950 3927
6950 4008
6950 391
6950 484
6950 2734
6950 290
6950 6101
6950 7177
6950 2391
1698 437
1698 2625
3859 6647
3859 3096
3859 1946
3859 2436
3859 3532
3859 3811
1040 1040
1040 4528
4794 4231
4794 935
4794 4790
392 6773
7133 6101
7133 5740
6883 6094
6883 4642
6883 1441
6883 6015
398 935
398 4953
398 398
398 3983
398 1587
398 3885
398 2024
398 2290
398 297
398 4556
398 469
398 1345
398 3106
3983 6129
3983 3983
3983 4526
3983 6766
3983 3106
3983 1044
3983 4696
3983 5371
3983 3948
3983 4953
3983 4928
3983 290
3983 6101
3983 7148
3983 7081
3983 6651
3983 1409
1106 3077
1106 1106
1106 6555
1106 3324
1106 1
1106 4528
1106 6131
1106 318
1106 2659
1106 344
1106 717
1106 2384
1106 5371
1106 5740
1106 1306
1106 3546
1106 613
1106 3139
1106 6129
1106 299
1106 360
1106 4042
1106 2547
1106 3154
1106 391
1106 3927
1106 394
1106 5627
1106 290
1106 1459
1106 1149
1106 78
6496 3329
6496 6153
6496 6496
6496 3
6496 1256
5823 1847
5823 972
5823 5823
3945 450
3945 3945
3945 1409
3945 4351
6569 6666
6569 6451
6569 6569
1650 5093
6761 78
6761 4304
2106 6986
2106 613
2106 36067
2106 2106
6722 6101
6722 6651
1902 1946
4133 6619
4133 6400
4144 956
4144 2290
4144 2330
4144 83
4144 297
4144 828
4144 2837
4144 4144
4144 6773
4144 7057
4144 6099
4144 750
4144 613
4144 2349
4144 4042
4144 6348
4144 4008
4144 1048
4144 1409
2089 1149
778 3106
778 778
778 1149
778 5740
3685 3685
3685 5740
3685 6153
3685 5513
3685 3032
3293 6936
3293 5094
3293 3293
3293 6773
6886 1587
6886 1946
4304 6415
4304 5094
4304 6658
7134 6936
35833 3641
35833 3759
35833 4037
7005 317
7005 3546
7005 1622
7005 1384
7005 1149
7005 3803
7005 5952
7005 344
7005 7005
3710 3041
3710 394
3710 6903
3710 5756
3710 4614
3710 7188
3710 1450
3710 5309
3710 6776
3710 45
3710 6567
3710 317
3710 5869
3710 1446
3710 5740
3710 3546
3710 6574
3710 4953
3710 3710
3710 3272
3710 391
3710 3040
3710 290
3710 2481
3710 6835
440 19029
440 2559
440 3537
440 7086
440 6544
440 1450
440 1044
440 3315
440 4556
440 1587
440 5340
440 2384
440 3621
440 6828
440 5740
440 440
440 2797
440 4953
440 2097
440 2233
440 5010
440 1149
391 397
391 3077
391 2874
391 2653
391 4428
391 78
391 6670
391 6658
391 2669
391 297
391 1636
391 4183
391 4042
391 7033
391 6773
391 2841
391 5740
391 321
391 1587
391 3546
391 6666
391 3927
391 3272
391 391
391 5337
391 290
391 4008
391 6772
391 299
391 4231
1907 7086
49 2273
49 6668
49 3106
49 49
49 4177
49 6904
49 4528
49 828
49 6131
49 6787
49 1229
49 2837
49 6794
49 5761
49 4262
49 2625
49 6666
49 3154
49 1946
6638 6129
6638 5301
6638 5740
6638 1409
5628 1847
5628 1708
5628 5371
5628 613
5628 6129
5628 1450
5628 3701
5628 4528
5628 1636
5628 1409
6774 972
6774 4658
6774 6494
5059 6400
4218 6926
4218 6494
799 5301
799 5740
799 799
799 1478
799 1654
799 297
799 1446
799 290
799 1409
799 763
799 6547
602 602
602 2446
602 6349
602 1233
2666 1797
2666 5372
2666 6153
2666 1021
2666 3546
2666 2666
2666 6773
5724 6415
5724 5724
136 1847
136 1233
136 5610
136 4042
136 290
136 2760
136 6137
136 3106
136 4692
136 4660
4526 4526
4526 5740
4526 6753
1899 1847
1899 1899
1899 2011
5484 1847
5484 2011
5484 5484
5484 4658
5484 1587
5484 6031
5484 5899
5484 1459
1119 5371
1119 6415
1119 406
1119 5627
1119 3106
1119 1119
1119 5072
1119 6626
7056 6966
1468 6742
6270 6936
6270 675
6270 6590
6270 1407
6270 5740
6270 6094
6270 290
6270 828
6270 35575
6270 3106
6270 22
5869 1622
5869 135
5869 4336
5869 3
5869 1450
5869 6153
5869 1228
5869 66
5869 45
5869 2384
5869 5869
5869 5740
5869 3546
5869 1197
5869 290
5869 3124
5869 1459
5869 956
5869 1409
402 3041
402 402
402 1306
402 4002
402 3106
402 2669
402 406
6768 3992
6768 6768
2035 450
2720 6903
2720 4747
2720 6666
2720 461
2720 2389
2720 290
2720 1946
2720 1149
2720 6773
6627 7047
6627 4923
6627 6627
6627 1590
6627 6691
2147 2481
2147 3124
2147 6131
2147 2147
2147 6773
6401 1847
6401 6382
6401 493
6401 1042
6401 6555
6401 3537
6401 6401
6401 5999
6401 5372
6401 2947
6401 6481
4361 1847
4361 344
4361 3948
4361 5740
4361 1233
4361 6872
4361 6153
4361 394
2143 290
2404 1636
3108 6571
6610 1450
6610 6610
6651 4928
6651 5365
6651 6590
6651 6945
6651 3028
6651 6826
6651 763
6992 7177
6992 1229
6794 7100
6794 6794
6794 2841
6794 7041
6794 6085
6794 6649
6794 828
6794 3
6794 6787
6794 1946
6501 297
5002 3304
5002 5740
3041 6769
3041 5309
3041 3106
3041 290
3041 3041
6926 5740
6926 5610
6926 7081
2734 4262
4706 4231
4706 6647
4706 5740
4706 297
4706 4706
4706 5756
4706 935
4706 5802
4706 1463
4706 1946
4176 143
6986 2454
6986 2356
3029 5627
6766 2011
6766 5371
6766 1306
6766 78
6766 5740
6766 6129
6766 6766
6766 6101
6766 4953
6646 6666
6646 4008
6646 25
6646 4923
6556 4953
6556 4658
1610 1233
1610 7093
1610 2618
1610 5756
1610 1015
1610 1176
1610 3106
1610 447
1610 45
1610 6773
1610 1610
1610 6647
1610 22
1610 3546
1610 1587
1610 6854
1610 6813
1610 5340
1610 179
1610 3992
1610 1946
1610 7055
1610 3537
2841 6936
2841 7041
2841 4177
2841 350
2841 297
2841 3811
2841 3106
2841 4790
2841 45
2841 22
2841 2841
2841 5740
2841 2349
2841 3927
2841 4008
2841 1946
2841 5801
2841 5301
2841 360
2841 7033
2841 461
2841 2653
2841 4528
2841 6545
2841 7207
2841 4336
2841 6773
2841 2384
2841 6521
2841 3931
2841 1450
2841 5690
2841 6666
2841 3272
2841 3143
2841 1355
4367 1306
4367 5740
4367 750
4367 6209
4367 4367
4367 460
4367 6129
4367 297
4367 6153
4367 3676
4367 3106
4367 5094
4367 4745
4367 4692
78 2446
78 6791
78 1233
78 78
78 4177
78 2837
78 3124
78 6545
78 1320
78 4336
78 6647
78 4953
78 5740
78 6400
78 3546
78 344
78 6094
78 4528
78 1557
78 428
78 6786
78 4991
78 1409
6923 4231
6923 4008
6923 6153
6923 6486
6923 6545
6923 6923
6923 5740
4042 6647
4042 5371
4042 5740
4042 394
4042 83
4042 4042
4042 4786
4042 2883
4042 4336
4042 318
2242 416
2242 317
2242 454
2242 5740
2242 111
2242 3106
2242 290
2242 1587
3532 3106
3532 1459
3532 3532
5801 2300
6515 5371
6515 3304
6515 3324
6515 1464
6515 5952
6515 6153
6515 6515
6515 4953
6515 1059
4991 6666
4991 5740
4991 6913
4991 4991
4991 394
2273 2273
2273 2811
2273 3537
2273 4336
2273 1450
2273 1176
2273 6101
2273 1946
2273 745
2273 344
2273 1023
2273 1409
342 1234
6827 66
6827 4231
6827 4008
6827 1528
3635 1345
3635 4556
6940 942
6089 3106
6089 6085
6089 1441
6089 7076
6089 1150
6089 6089
6089 935
4111 6153
4111 4953
4111 5740
6623 1459
1073 3272
3589 5371
3589 4953
3589 6129
3314 4428
3314 1273
3314 3314
4528 1409
4528 1708
4528 5301
4528 381
4528 4362
4528 5740
4528 6989
4528 184
4528 66
4528 4528
4528 3701
4528 2837
4528 5323
4528 45
4528 4177
4528 4556
4528 3272
4528 1657
4528 5516
4528 828
4528 4262
4528 2349
4528 6666
4528 3927
4528 394
4528 2811
4528 6773
4528 5690
4915 4915
4915 6307
4915 1557
4915 4953
4915 4556
1691 6494
2938 5175
2938 5740
2938 6643
1345 27
1345 6948
1345 1463
1345 828
1345 7033
1345 1345
1345 4639
1345 2416
1345 5740
1345 4354
1345 4953
1345 1840
1345 4910
1345 290
1345 5259
1345 284
1345 3623
763 7192
763 7193
763 7025
763 7086
763 7188
763 310
763 1229
763 6866
763 763
763 7100
763 6590
763 5740
763 3546
763 2294
763 406
763 3959
763 290
763 38084
763 1409
763 7165
6481 6481
1048 2356
2416 5372
2416 5740
2416 394
2416 2416
2416 5094
2416 2907
2416 3324
2416 2784
2294 6094
2294 2384
2294 2294
425 290
425 3992
425 425
425 6214
425 297
6503 1233
6503 5732
6503 4241
6503 6976
6503 1149
6503 3623
4 2312
4 4778
4 5740
4 3546
4953 5784
4953 6035
4953 6477
4953 3537
4953 3803
4953 297
4953 6153
4953 7168
4953 1894
4953 972
4953 935
4953 5371
4953 2525
4953 2052
4953 454
4953 4354
4953 1646
4953 7076
4953 5562
4953 2446
4953 1042
4953 5627
4953 6658
4953 3032
4953 1450
4953 307
4953 2481
4953 4974
4953 349
4953 2384
4953 6590
4953 1306
4953 4953
4953 1840
4953 1508
4953 6437
4953 4622
4953 3948
4953 406
4953 3623
4953 2627
4953 7154
4953 3818
4953 6817
4953 5365
4953 7192
4953 1464
4953 1441
4953 3106
4953 3208
4953 1358
4953 4782
4953 3723
4953 4606
4953 5267
4953 3272
4953 7181
4953 6101
4953 1459
4953 7081
4953 695
4953 7089
4953 5583
4953 3988
4953 3992
4953 7086
4953 3324
4953 6769
4953 4149
4953 6779
4953 6415
4953 7139
4953 45
4953 4556
4953 5513
4953 2644
4953 5740
4953 429
4953 6129
4953 175
4953 143
4953 1587
4953 6498
4953 1888
4953 6259
4953 6781
4953 2024
4953 6180
5690 3948
5690 2807
6778 6750
5613 1847
4767 1384
7203 6094
1626 4231
1626 3927
1626 1626
1626 5740
1626 6773
290 6936
290 2149
290 6451
290 619
290 1019
290 22
290 5740
290 454
290 430
290 5627
290 7076
290 6757
290 27
290 3329
290 5301
290 6309
290 5756
290 6545
290 2669
290 2384
290 3621
290 6590
290 297
290 7113
290 3546
290 1840
290 6666
290 2097
290 290
290 7100
290 1149
290 7089
290 7154
290 7107
290 4177
290 1464
290 3106
290 4170
290 4231
290 1060
290 3959
290 3849
290 5583
290 394
290 2807
290 7086
290 6647
290 1
290 6779
290 6787
290 344
290 3664
290 7120
290 6466
290 1050
290 2363
290 6129
290 2386
290 785
290 1587
290 5732
290 935
290 1612
290 6772
3308 6936
3308 812
1046 3927
1046 1046
1046 450
1046 5740
1046 6982
1046 2481
1046 2290
7100 3
7100 6101
2386 7076
2386 7192
2386 3818
2386 5709
2386 2384
2386 2386
1143 4231
1143 1143
1143 5740
1143 3546
1143 4782
1143 394
1143 1059
1143 6101
11 3927
11 3485
11 450
11 299
11 11
5860 3927
5860 2011
5860 6015
5860 3546
5860 935
2389 1233
2389 6647
2389 3106
2389 5124
2389 6773
774 6129
1407 3124
1407 6590
1407 3065
1407 1612
381 4782
3375 6094
3375 6647
3375 4241
3375 3375
3375 1946
3375 83
6494 152
6494 2013
6494 2791
6494 5610
6494 3803
6494 302
6494 5372
6494 807
6494 6494
6494 45
6494 406
6494 3623
6494 6781
5094 661
5094 4231
5094 3329
5094 6590
5094 1636
5094 2356
5094 3927
5094 6779
5094 4312
5094 1797
5094 6545
5094 1229
5094 5094
5094 3546
4177 4262
4177 3154
4177 2290
4177 4177
4177 4241
4177 6545
4177 2361
4177 4008
4177 45
4177 2391
4177 4696
350 1355
310 6474
310 310
310 6666
310 344
7194 6094
4241 27
4241 5794
4241 4658
4241 6466
4241 1096
4241 767
4241 2883
4241 4241
4241 1229
4241 4336
4241 4556
6871 5259
6871 6658
6871 5740
6871 2356
910 1149
469 469
469 5740
7137 6936
4500 1847
4500 1450
4500 4500
4500 5562
4500 360
1000 7152
1000 1000
5714 2330
50 27
50 1946
416 1384
416 5627
6639 1320
1519 6400
6942 1946
6942 6649
6942 2361
6942 6942
6094 6860
6094 2559
6094 943
6094 3106
6094 807
6094 2510
6094 6463
6094 972
6094 5371
6094 4658
6094 5740
6094 1587
6094 6826
6094 942
6094 1618
6094 1441
6094 6094
6094 4008
6094 7112
6094 6101
6094 6979
6094 1098
6094 404
6094 5365
6094 7086
6094 767
6094 6658
6094 429
6094 3
6094 1946
6094 4556
6094 3948
6094 6828
6094 478
6094 532
6094 1840
6094 3528
6094 932
6094 4490
6094 6217
6094 3121
6348 6571
6348 6348
6348 5740
6348 6742
6415 5907
6415 5371
6415 4362
6415 943
6415 3324
6415 613
6415 6415
6415 6153
6415 1459
6415 1162
6415 2356
2807 6936
2807 27
2807 2384
2807 6801
2807 5304
2807 1587
2807 2807
2807 7113
2807 767
2807 5371
2807 6153
2807 3106
2807 6101
2807 1459
2807 2947
2807 3623
3556 3849
3556 3556
7160 284
1023 1459
1023 5740
1799 7055
930 2612
930 2290
930 1384
930 2349
1631 36067
3804 6787
3804 1463
3804 1149
3804 3804
360 1409
360 360
360 83
360 2349
360 6666
360 6462
360 7004
360 318
6903 2149
6903 5740
6903 3546
6903 135
6903 1797
6903 5372
6903 3
6903 6903
6903 3106
6903 4790
6655 6484
1 27
1 1
1 828
1 6101
1 3106
1 4231
1 3272
1 491
1 5740
1 3546
1 2814
1 2480
1 5627
1 2233
1 362
1 4692
1 1149
4183 6666
4183 6960
4183 3318
6131 1847
6131 3528
6131 5301
6131 956
6131 135
6131 6131
6131 3701
6131 733
6131 1409
6131 5462
6131 317
6131 5740
6131 321
6131 613
6131 3546
6131 2349
6131 5963
6131 3927
6131 6262
6131 3959
6131 6773
6131 4002
6131 6153
6131 6772
2784 6546
2784 297
2784 1450
2784 5740
2784 6673
2784 6129
2784 2784
2784 3324
3118 6400
2525 2384
2525 2525
2525 6085
2525 3324
81883 5732
7105 1229
3315 3315
4556 348
4556 6791
4556 5372
4556 3537
4556 2669
4556 6153
4556 6463
4556 7001
4556 1587
4556 6800
4556 4008
4556 2233
4556 6979
4556 812
4556 27
4556 6812
4556 1557
4556 6647
4556 3324
4556 422
4556 4312
4556 6486
4556 2481
4556 45
4556 4556
4556 6679
4556 2384
4556 3621
4556 3154
4556 1306
4556 1162
4556 175
4556 3701
4556 3897
4556 6972
4556 1149
4556 3121
2052 3992
2052 5740
5999 4087
2644 3032
2644 22
2644 2644
2644 3324
2644 1256
6099 297
6099 6099
6099 1594
429 972
429 5175
429 3546
429 1355
429 429
429 5627
613 1847
613 3077
613 6626
613 6948
613 3124
613 3106
613 2622
613 745
613 3384
613 6590
613 6748
613 5740
613 3546
613 613
613 7015
613 394
613 943
613 2349
613 2160
613 3948
613 6557
613 5323
613 1149
3931 184
3931 4008
3931 259
3931 6773
3931 83
348 3124
348 6626
348 3546
348 1459
348 348
5963 6679
5963 6154
5963 6744
5963 6400
5963 5810
5963 344
5963 532
5963 4336
5963 1946
5963 3106
5963 4782
5963 6988
5963 6773
302 6531
302 5925
5621 1004
351 6460
6180 2384
6180 6180
6180 3818
5795 3124
3000 3000
3000 299
3000 1114
2011 2011
2011 83
2011 1636
2011 5627
2011 1946
2011 935
2011 1409
3077 317
3077 3077
3077 5740
3077 6824
3077 3546
3077 7029
3077 1636
3077 3992
3077 6555
3077 6398
6382 6545
4155 3546
2318 6129
6549 6557
6549 3324
6549 2149
6813 447
6813 1636
675 4170
675 5740
3578 1233
1049 1049
4571 972
4571 4660
6082 6082
2051 3546
2051 6948
2051 6772
1220 1587
6484 4660
3199 7076
3199 1229
3199 1384
3199 3199
441 3106
441 6544
935 1847
935 1441
935 6214
935 2149
935 3324
935 3621
935 6769
935 1450
935 3828
935 3106
935 935
935 5378
935 2874
935 349
935 5371
935 1446
935 5740
935 3546
935 1050
935 6129
935 2097
935 5091
935 4354
935 211
935 1459
935 6826
935 3623
4658 27
4658 6791
4658 956
4658 7086
4658 828
4658 2883
4658 4658
4658 1306
4658 6400
4658 3546
4658 454
4658 7112
4658 1459
4658 1392
4658 807
6567 5740
5740 6936
5740 1847
5740 6035
5740 2594
5740 4642
5740 297
5740 6153
5740 4747
5740 406
5740 5371
5740 607
5740 3927
5740 7086
5740 3546
5740 1392
5740 812
5740 1708
5740 5301
5740 5810
5740 1042
5740 6658
5740 1450
5740 4782
5740 1446
5740 6125
5740 1840
5740 532
5740 6666
5740 2547
5740 3272
5740 6209
5740 2480
5740 1409
5740 6772
5740 1784
5740 6976
5740 6451
5740 956
5740 3065
5740 5082
5740 3959
5740 5124
5740 1273
5740 450
5740 1059
5740 4362
5740 379
5740 3969
5740 2653
5740 5952
5740 4312
5740 4619
5740 4639
5740 717
5740 6701
5740 454
5740 5732
5740 6555
5740 1149
5740 4087
5740 6791
5740 2149
5740 1662
5740 65
5740 6989
5740 3828
5740 6647
5740 22
5740 5740
5740 6497
5740 1587
5740 2947
5740 3304
5740 3613
5740 4281
5740 4008
5740 6572
5740 5627
5740 1946
5740 5378
5740 1441
5740 6214
5740 1384
5740 5756
5740 3032
5740 461
5740 828
5740 6545
5740 1229
5740 1320
5740 7110
5740 6953
5740 2384
5740 3948
5740 683
5740 239
5740 1508
5740 6748
5740 3623
5740 7154
5740 1233
5740 4336
5740 3106
5740 3329
5740 4170
5740 1044
5740 1358
5740 4790
5740 4231
5740 25
5740 6836
5740 6577
5740 3723
5740 5542
5740 6129
5740 4246
5740 6015
5740 1648
5740 6101
5740 7081
5740 2290
5740 394
5740 4054
5740 3992
5740 7033
5740 6670
5740 3324
5740 1636
5740 321
5740 2837
5740 45
5740 344
5740 6773
5740 6085
5740 4002
5740 460
5740 2508
5740 750
5740 1019
5740 6872
6497 5259
3160 3160
3160 1044
3160 4660
3160 6781
430 1587
430 2653
430 5301
430 3106
299 259
299 4639
299 5944
299 83
299 299
299 297
299 2043
299 450
299 3546
299 3
299 45
299 1149
299 2874
4281 4281
4281 3948
4281 1409
7110 4231
7110 7174
6650 1450
3329 6936
3329 1233
3329 3329
3329 942
3329 5756
3329 6966
3329 828
3329 6153
3329 1320
3329 317
3329 2883
3329 6590
3329 3546
3329 1587
3329 1047
3329 83
3329 6751
3329 6101
3329 1459
3329 1612
6280 4923
6280 3948
6979 45
6979 7076
6979 4354
6979 284
6979 6979
1021 949
1021 3272
1021 1021
3528 6936
3528 3528
3528 6673
3528 7086
3528 5513
3528 2384
3528 6726
3528 1450
3528 2446
3528 1150
3528 3248
3528 5883
3528 6647
3528 6400
3528 3546
3528 1587
3528 7029
3528 3959
3528 5627
3528 6714
3528 1409
6277 4231
6277 5301
6277 6277
6277 6517
6277 1409
6960 3927
6960 4790
6960 6658
6960 2874
6960 6773
6309 1847
6309 22
6309 6101
6309 3106
6309 3996
6691 6691
3032 1646
7023 6658
7023 2149
461 5761
461 1840
461 4928
461 461
461 2060
461 6153
461 6101
461 1459
461 3537
143 5784
143 5794
143 22
143 1060
143 1587
143 7086
143 175
143 6769
143 454
143 143
143 6015
143 7181
143 2233
143 7076
143 1044
439 828
1018 2081
7071 7071
6545 956
6545 4653
6545 828
6545 6545
6545 6773
6545 4231
6545 4721
6545 6590
6545 5082
6545 379
6545 344
6545 3124
6545 3546
6545 7177
6545 2391
1229 1233
1229 4362
1229 3106
1229 828
1229 6153
1229 1229
1229 2874
1229 6085
1229 385
1229 454
1229 5743
1229 1508
1229 6666
1229 1587
1229 2693
1229 2047
1229 1946
1229 1459
1229 7081
1229 1149
1229 6781
66 4231
66 6626
66 30395
66 6658
66 297
66 4653
66 66
66 4008
66 6773
1938 6935
349 3948
349 394
6803 1358
6976 6976
4170 1847
4170 4170
4170 3546
4170 1587
4170 6779
4170 3959
4170 1320
4170 2874
3641 7031
1306 1847
1306 6759
1306 2669
1306 297
1306 6153
1306 6506
1306 344
1306 1306
1306 35575
1306 3546
5357 5357
5357 5883
5072 1847
5072 1450
5072 5810
5072 454
5072 5072
1095 4231
1095 1095
1095 5301
1114 5309
1114 2874
1114 3106
1114 4008
1114 6773
1114 5756
1114 1946
1114 1149
6618 2160
3557 1587
6915 1847
6915 6915
1478 1847
1478 5756
1478 1478
1478 6547
3623 6658
3623 3106
3623 45
3623 1162
3623 3723
3623 942
3623 2097
3623 4008
3623 3546
3623 1946
3623 6835
3623 4354
3623 3623
397 397
397 5259
6824 2290
1223 6339
1223 1233
1654 22
184 184
184 437
184 2837
184 4008
184 943
1463 7157
1463 4639
1463 1463
1463 4008
1463 7086
1441 1847
1441 1441
1441 454
1441 7015
1441 3969
1441 1450
1441 2368
1441 1044
2110 2081
6349 972
6349 1636
3208 2618
3208 3208
6398 6398
1358 6658
1358 1358
1358 6101
4696 3927
4696 1450
4696 5371
4696 3272
4696 1587
4696 317
4696 83
1437 6658
3992 4231
3992 1587
3992 3992
3992 3106
3992 6577
3992 6153
3992 717
6836 4231
6836 6153
6836 6836
6836 1384
6836 6773
7029 5583
7029 7029
5761 6904
5761 6153
5761 6357
5761 3723
5761 5761
2312 1050
2312 3546
5730 5015
6015 27
6015 812
6015 6015
1648 1985
1648 1648
6756 6769
6756 6890
2029 1847
2029 6091
2029 2029
2029 4354
2481 5015
2481 2384
2481 5101
2481 1384
2481 297
2481 3272
2481 2481
3332 4362
3441 3106
3441 1946
3441 1636
3441 3154
695 695
695 3324
695 6644
6817 1840
6817 3969
7138 1459
6781 5365
6781 1840
6781 4606
6781 5513
6781 1302
6781 6781
19029 2233
3413 6499
394 4745
394 4231
394 6577
394 4008
394 1459
394 1059
394 1708
394 436
394 394
394 4362
394 3537
394 135
394 1450
394 1946
394 4782
394 6310
394 83
394 6773
394 2597
394 1446
394 3546
394 4910
394 6666
394 1409
1594 297
6544 6544
2171 1050
1939 4290
2837 4008
2837 1059
2837 6773
7207 7207
45 1847
45 1384
45 1409
45 3537
45 6658
45 6779
45 3
45 3121
45 7033
45 5323
45 2356
45 6936
45 972
45 45
45 6590
45 4692
45 179
45 296
45 5627
45 6835
45 2391
45 5372
5259 5301
5259 1708
5259 943
5259 6658
5259 2356
5259 6107
5259 6534
5259 5259
5259 83
2498 3106
2498 1946
2498 2498
6757 6666
6757 4639
6757 6757
7120 317
83 5944
83 956
83 4054
83 297
83 2356
83 6773
83 4231
83 450
83 83
83 6400
83 307
83 4659
83 2391
83 6666
83 3927
83 1797
83 4923
83 3546
83 812
83 1409
1050 1266
1050 1050
1050 3546
1050 607
1050 532
1050 5372
3546 6626
3546 262
3546 6522
3546 6153
3546 1355
3546 5371
3546 2149
3546 454
3546 2947
3546 3304
3546 1946
3546 1233
3546 436
3546 1622
3546 1781
3546 3205
3546 1450
3546 3
3546 1266
3546 6590
3546 1446
3546 1256
3546 3272
3546 2039
3546 36108
3546 491
3546 3106
3546 4231
3546 4002
3546 3154
3546 3959
3546 5952
3546 22
3546 6773
3546 3546
3546 1149
3546 1587
3546 5732
3546 317
3546 5175
6816 6816
6816 6153
6816 5301
1858 3701
4002 3124
4002 344
4002 6466
4002 4002
4002 1587
4002 2024
4002 2562
4002 2508
4002 1149
4002 454
4002 3272
4002 5196
1047 5136
1047 152
1047 942
1047 745
1047 5371
1047 1047
1047 2642
102 750
6668 6666
6668 6668
6668 1197
6668 2391
4928 6647
4928 406
4928 454
4928 4928
6807 6807
6262 828
6262 6262
6262 797
1888 175
6506 297
6506 5093
6506 1149
2612 3324
2612 6357
1612 3106
1612 3
1612 450
2628 6773
6936 6936
6936 135
6936 1636
6936 2191
6936 3106
6936 703
6936 344
6936 1446
6936 6666
6936 2883
6936 1587
6936 6129
6936 317
6936 1946
6936 6773
6936 3161
6936 4639
6997 2693
6626 3106
6626 5309
6626 4054
6076 65
2618 3028
2618 5304
2618 2618
2618 3676
2618 3106
2618 2361
4642 1847
4642 4642
3926 4354
5292 5583
5292 4428
5292 5513
5292 5292
5292 4351
5292 6716
5292 6153
5292 344
5292 6773
5292 6521
5292 7103
5292 460
5292 1149
5292 6666
5292 750
5292 3272
5292 3959
5292 450
1688 1688
3803 3803
3803 6243
297 6400
297 1305
297 7041
297 2330
297 1464
297 6776
297 6773
297 4790
297 6812
297 2024
297 6550
297 943
297 3613
297 4085
297 5267
297 5627
297 450
297 1098
297 7089
297 1384
297 379
297 5513
297 3324
297 1450
297 4782
297 4639
297 6466
297 297
297 3272
297 3927
297 1149
297 1409
1015 7093
1015 1015
1015 4262
1015 3106
6153 3304
6153 3537
6153 6153
6153 317
6153 454
6153 1646
6153 6640
6153 5627
6153 6477
6153 1622
6153 5756
6153 745
6153 5310
6153 6890
6153 2384
6153 3621
6153 6854
6153 6125
6153 6666
6153 3272
6153 3927
6153 1384
6153 1464
6153 2446
6153 4231
6153 4606
6153 6961
6153 7181
6153 1459
6153 6498
6153 3849
6153 1096
6153 3324
6153 7012
6153 6779
6153 2356
6153 6773
6153 2821
6153 175
6153 5732
6153 2833
6153 6658
6153 1409
6776 3272
6776 6776
6776 6107
6776 1384
6776 2874
6776 6773
3723 3124
3723 2559
3723 1409
2310 3106
2310 1847
2310 2642
2310 2968
6091 1847
6091 6101
1017 828
14672 586
5112 5371
30395 5199
30395 3948
30395 1946
30395 30395
2024 3849
2024 7154
2024 6400
2024 2024
2024 3324
2024 4614
2024 6666
2024 3272
2024 6899
2024 3621
2024 6769
5562 1847
5562 5562
5562 3324
4344 6679
2821 3509
2821 5756
2821 2821
5091 5091
5091 2642
5372 3988
5372 5309
5372 7086
5372 6779
5372 3948
5372 745
5372 6828
5372 5372
5372 5627
5372 1459
2874 2081
2874 1384
2874 1636
2874 6787
2874 3106
2874 2874
2874 259
2874 3927
2874 1587
2874 519
2874 5267
2874 3272
2874 4692
2874 5482
6137 4660
1528 4231
6517 6517
6517 460
27 27
27 1606
27 5301
27 828
27 2233
27 2883
27 2384
27 5794
27 1162
27 454
27 2349
27 840
27 7211
27 6101
1233 1233
1233 5756
1233 1234
1233 828
1233 3106
1233 1266
1233 2356
1233 344
1233 6890
1233 3948
1233 6561
1233 4622
1233 532
1233 3324
1233 644
1233 4692
6700 1847
6700 6101
6700 5371
6700 3324
6700 3028
4558 6101
4558 4639
4558 7086
3959 7154
3959 6590
3959 3065
3959 3537
3959 6522
3959 2547
3959 3959
5101 450
6882 1946
7025 2559
7025 7025
5175 1797
5175 5175
4351 7086
437 6499
437 828
658 5784
658 1459
658 5768
658 658
1228 1228
6998 7033
6998 745
6522 6590
6522 5286
6522 65
6522 6522
6522 1797
6522 5516
6522 6476
6522 1310
703 7096
703 346
6154 6154
317 2559
317 956
317 2290
317 7033
317 2356
317 3205
317 683
317 4653
317 6594
317 3106
317 4639
317 344
317 317
317 2883
317 22
317 6451
317 66825
317 1587
317 2391
6835 6101
6835 1149
1446 22
1446 1446
1446 7081
6125 3
2047 6486
3121 1847
3121 5371
3121 3121
3121 478
1840 1847
1840 1409
1840 4606
1840 3028
1840 4362
1840 6129
1840 828
1840 3106
4653 4231
4653 6451
4653 4653
4653 4716
4653 1384
4653 6666
4653 5952
1059 6679
1059 4923
1059 4782
1059 7002
1059 1059
6666 1847
6666 2811
6666 318
6666 4790
6666 2349
6666 2625
6666 4008
6666 5196
6666 1946
6666 5301
6666 7086
6666 6658
6666 3324
6666 4619
6666 4782
6666 6310
6666 6666
6666 828
6666 6460
6666 6985
6666 1409
6666 7177
3028 1847
3028 3028
3028 3106
4622 1587
4622 1384
4622 4622
6791 1847
6791 6791
6791 3324
2490 2669
3143 3701
3849 6779
6612 6307
6612 6612
1894 6773
1384 7089
1384 379
1384 1384
1384 3324
1384 6773
1384 2384
1384 3621
1384 1464
1384 1355
1384 942
1384 5267
1384 3927
1384 6460
1384 5627
1384 7076
1384 1459
1384 1149
1384 4639
404 460
4086 4086
4086 5583
6949 6949
6949 2653
318 828
318 4639
318 4782
318 318
318 4910
2785 1636
3920 3920
3920 2368
5082 4231
5082 5082
5082 6773
2615 6101
4721 6451
4721 5196
1606 6101
1606 5340
2045 6460
3154 3154
3154 379
4923 3948
450 1847
450 956
450 2330
450 6773
450 4235
450 3927
450 4008
450 450
450 7177
450 1409
7089 1847
7089 3324
5371 6129
5371 2149
5371 6555
5371 3537
5371 6451
5371 3106
5371 7033
5371 5371
5371 1587
5371 942
5371 2349
5371 6101
5371 1459
5371 2082
5371 5365
5371 4362
5371 1557
5371 3324
5371 6769
5371 745
5371 3948
5371 7015
5371 5231
7015 3948
7015 7015
7015 745
5337 6214
6210 972
6210 6634
6210 6714
6210 5378
6759 7076
5513 750
5513 5513
5513 2653
5513 3324
6966 6975
6966 4660
7012 1530
7012 7058
2653 2653
2653 321
2653 344
2653 379
2653 1162
6594 6129
6787 1176
6787 6466
6787 6787
6787 1946
6787 5301
6334 3102
2663 7086
6812 972
6812 2384
6812 1149
4660 6854
4660 6855
4660 2760
4660 3248
4660 6476
4660 4660
271 1149
7057 7057
7057 6129
7057 344
7057 4910
1708 4362
1708 1946
1708 6773
2797 1459
4290 2349
3676 344
3676 5304
3676 3106
3676 3676
3676 2361
3676 1946
3676 2923
6779 2446
6779 3106
6779 6779
6779 1098
6779 6773
179 3
3810 3810
6645 6645
2627 2627
644 362
644 1149
6486 4231
6486 6941
6486 339
6486 35575
6486 2669
6486 3927
6486 3272
6486 6486
6486 3106
1409 4336
1409 2883
1409 5585
1409 321
1409 6550
1409 3272
1409 532
1409 5301
1409 767
1409 6658
1409 1636
1409 828
1409 2597
1409 6590
1409 35575
1409 1464
1409 1355
1409 3124
1409 2968
1409 1797
1409 1450
1409 4312
1409 1409
1409 6209
943 1847
943 4333
943 6129
943 943
943 2349
943 3927
6555 6209
6555 22
6555 454
6555 6129
6555 3304
6555 3324
5917 478
5917 812
3365 6647
468 6085
468 1266
6495 1946
6495 6101
2622 2622
2622 3948
5709 5709
1310 2349
1310 1481
5340 3205
5340 972
5340 3106
5340 2233
5340 6101
5340 1481
6647 5810
6647 2436
6647 135
6647 3106
6647 6773
6647 2689
6647 6647
6647 942
6647 1587
6647 1946
6647 1459
6647 7081
5304 344
5304 6400
5304 5304
5304 1042
3927 2811
3927 6772
3927 6982
3927 7033
3927 6742
3927 493
3927 2349
3927 3927
3927 5309
3927 2868
3927 379
3927 4639
3927 6773
3927 259
3927 6129
3927 1797
3927 5482
1587 1847
1587 942
1587 956
1587 3537
1587 5365
1587 3106
1587 4747
1587 22
1587 454
1587 175
1587 5542
1587 6129
1587 2701
1587 6751
1587 6101
1587 7165
1587 5583
1587 6214
1587 5627
1587 2097
1587 6658
1587 2356
1587 1946
1587 6085
1587 6466
1587 2384
1587 1098
1587 532
1587 812
1587 1587
493 493
2947 2947
3818 3818
3818 454
4747 3948
6640 3304
6640 3272
6462 2368
5627 5301
5627 7016
5627 3537
5627 3106
5627 2482
5627 2384
5627 6129
5627 5627
5627 362
1946 3537
1946 6726
1946 2361
1946 6419
1946 22
1946 6400
1946 4354
1946 7053
1946 1946
1946 6773
1946 5199
1946 1450
1946 828
1946 3
1946 447
1946 6466
1946 2097
1946 3272
1946 2480
1946 4336
1946 3106
1946 4231
1946 2883
1946 942
1946 5542
1946 6920
1946 1459
1946 1481
1946 1273
1946 3124
1946 4639
1946 344
1946 6085
1946 1636
1946 454
1098 1847
1098 942
1098 6769
1098 3106
1098 1098
1149 1847
1149 5944
1149 2330
1149 7188
1149 2669
1149 5093
1149 1916
1149 3106
1149 5718
1149 454
1149 1044
1149 942
1149 7076
1149 1459
1149 4692
1149 379
1149 532
1149 2446
1149 6214
1149 1273
1149 5756
1149 6658
1149 135
1149 6769
1149 4149
1149 1450
1149 344
1149 6773
1149 3324
1149 2384
1149 3948
1149 6466
1149 1162
1149 3701
1149 1149
1149 239
1149 7177
1149 3537
1202 3124
1202 3701
6634 344
6634 6498
1590 5784
1590 2060
1590 4312
1590 1590
1590 6561
7076 6266
7076 6800
7076 7181
7076 7076
7076 7086
3977 828
3977 3977
828 4745
828 2883
828 3106
828 3874
828 4639
828 454
828 1044
828 942
828 6590
828 6129
828 1256
828 4910
828 828
1811 1450
728 3106
447 4782
3787 1622
5453 5756
6953 1568
2384 1847
2384 1784
2384 3537
2384 1464
2384 3106
2384 972
2384 344
2384 4354
2384 6129
2384 6101
2384 7192
2384 6769
2384 1636
2384 4312
2384 2368
2384 2384
2384 6209
2384 2480
7082 972
7082 6129
7082 1044
1266 3537
7152 7152
6266 6563
6266 2290
4391 7112
2552 3065
6433 6475
2344 812
2344 3324
840 840
840 2480
6800 7001
6696 1044
7177 3948
7177 454
7177 6101
848 848
848 7188
4035 4035
5768 1847
5768 2368
5768 5768
2559 2559
2081 2081
7041 4428
284 284
4428 4428
2191 1784
2191 3485
2330 4362
2330 344
2330 2330
4336 3324
4336 259
4336 4336
683 683
2446 2446
2446 1636
6742 3485
6742 4790
6742 6742
6742 6773
1044 2082
1044 2368
1044 3106
1044 344
1044 586
1044 25
1044 1044
1044 6826
1044 6129
5378 6546
5378 3621
5378 5378
5301 5301
5301 379
5301 5093
5301 7033
5301 4639
5301 35575
5301 6773
5301 4246
5301 1162
5301 1355
5301 6550
5301 4008
5301 717
5301 6101
5301 2480
5301 1481
4231 3537
4231 460
4231 3106
4231 4231
4231 5542
4231 2391
4231 379
4231 6773
4231 6772
2883 478
2883 2883
2883 7081
2883 2480
6826 385
6961 6129
6920 6920
1985 4008
1985 2349
7081 3948
7081 532
7081 7158
7081 4782
7081 7081
7081 25
1622 3948
1622 1622
6945 6945
6546 3106
6546 942
2290 2290
2290 1450
2290 6773
1060 5794
5810 5810
5810 3106
3897 6985
7086 1847
7086 7086
7086 7117
7086 3324
7086 3
7086 2368
7086 5883
7086 972
7086 6460
7086 4008
7086 1481
3324 1464
3324 5365
3324 3106
3324 3248
3324 3988
3324 6214
3324 3324
3324 6769
3324 1450
3324 1150
3324 6714
3324 175
3324 532
3324 7107
3324 2547
3324 4354
25 3106
25 4354
6643 6643
7139 1686
7139 6789
6310 4008
6310 6310
4069 1320
6773 1636
6773 3106
6773 65
6773 7033
6773 1459
6773 379
6773 2356
6773 344
6773 6773
6773 259
6773 2391
6773 1355
6773 307
6773 3701
6773 1797
6679 6679
6466 1176
6466 1320
6466 3106
6466 2361
6466 2693
6466 942
6466 6619
6466 2833
6466 1459
478 478
5516 5516
5516 3664
2508 6101
2508 2508
4910 22
1916 4692
7200 3554
6872 6872
6872 4008
362 4790
6772 2868
6772 3
6772 6772
4561 4561
3537 956
3537 3537
3537 3106
3537 3948
3537 2349
3537 454
3537 7055
5482 4790
1847 1847
1847 4087
1847 3916
1847 1636
1847 3248
1847 6101
1847 6557
1847 7002
1847 6214
1847 6948
1847 767
1847 3969
1847 6769
1847 3124
1847 2368
1847 1320
1847 745
1847 6890
1847 3621
1847 6129
1847 532
1847 5656
5944 5944
5944 3485
6035 5365
6035 3948
6035 406
7096 3
956 673
956 307
4745 4745
2042 2042
2060 3106
4782 4312
4782 4782
4782 2356
4782 3509
4782 4008
4782 2039
4782 6101
3248 3248
406 2048
406 4362
406 6866
406 406
1019 1459
1019 7181
1004 1004
1004 6483
6521 6521
6521 5010
7068 3948
7142 7142
7142 7053
7053 6904
7053 7053
2811 2811
4606 5784
4606 4606
4606 3948
4606 2968
5015 5015
142 2149
6534 2356
2597 2597
2597 2349
4692 6085
4692 22
4692 3272
4692 1176
4692 1320
4692 6101
4692 1459
812 35575
812 7113
812 6052
812 1636
812 6209
5309 5309
436 1273
2868 2868
6948 2356
7028 6101
3639 1450
1042 6400
1042 1042
1042 6658
1042 3106
1042 344
1042 1481
6658 6658
6658 4619
6658 3065
6658 1197
307 3272
307 3889
307 307
1450 3106
1450 2349
1450 6129
1450 4087
1450 5756
1450 2356
1450 1450
1450 2039
3 1320
3 6590
65 4158
6101 6129
6101 6989
6101 4790
6101 4354
6101 942
6101 6101
6101 1459
6101 4678
6101 6590
6101 1355
6590 3384
6590 3065
6590 454
745 3948
745 3916
745 2149
745 5365
745 7034
745 745
6941 6941
2480 2233
4085 2361
5908 5908
1674 3948
2907 1320
7113 7113
19 942
1256 2349
2097 6085
2097 385
2097 3106
2097 454
2097 1459
2097 344
1797 2349
1797 1797
1797 3106
3272 2760
3272 3106
3272 22
3272 454
3272 1096
3272 5124
3272 135
3272 344
3272 3272
805 1355
6460 4008
6460 6460
1481 5756
1481 1481
6209 6209
5010 6550
6792 6792
972 972
972 6400
972 942
152 22
5365 6129
5365 1464
5365 5365
1784 239
1784 965
1784 1784
6558 3106
532 532
1464 35575
1464 6673
1464 1464
1464 2547
1464 1459
3509 2039
3509 3509
3509 2356
3106 6107
3106 2349
3106 6400
3106 3621
3106 35575
3106 239
3106 6307
3106 6837
3106 3106
3106 942
3106 2233
3106 1459
3106 5583
3106 6769
3106 1636
3106 385
3106 6129
3106 454
3106 6619
3106 6172
3886 7175
1492 1492
321 321
6713 1459
6550 4608
5136 2642
3369 6085
7181 4312
7181 5267
1273 1273
2233 6129
2233 2233
1459 2669
1459 2361
1459 942
1459 1459
1459 344
1459 3948
1459 175
1459 1162
7165 7165
379 379
3969 6451
3969 4354
3969 3969
767 7154
767 3621
767 3948
767 6129
767 175
767 767
767 22
767 6764
2356 2356
2356 2391
3124 4362
3124 6129
3124 1636
3124 3124
5952 5952
4312 5784
4312 4312
135 5124
135 6129
135 135
135 6769
135 7033
4619 4619
1150 6129
4639 259
4639 4639
717 717
1162 3701
5231 3948
5231 5231
1197 4354
1121 2669
6866 6866
5790 5790
5790 6854
5784 5784
4087 4087
3304 3304
2149 4362
385 6085
4054 6129
5656 2642
5656 5656
4379 22
6989 6989
3613 4790
2361 2361
22 6400
22 2760
22 22
22 6129
22 3065
6701 6701
6400 6400
586 586
454 2760
454 1636
454 5526
454 942
454 6129
454 4362
454 3621
454 454
4354 4354
4262 4362
4262 4262
2349 2349
2349 4008
2349 2391
6619 6619
4008 2669
4008 4790
4008 4008
4008 35575
7055 7055
6476 6483
2391 2391
6214 6214
6214 1320
6904 6904
3485 4235
3485 3485
1171 1171
1320 942
1320 1320
3664 3664
2669 2669
6890 6890
3621 3621
3948 4362
3948 344
3948 3948
3948 7002
35575 35575
6854 6854
6854 6129
1355 4790
1355 1355
1355 344
2082 2082
4626 4626
4362 6129
4362 4362
4362 344
4362 1568
7154 7154
6129 2048
6129 6129
6129 5196
6129 175
6451 6451
460 460
7188 7188
7033 259
7033 7033
6764 6764
3701 3701
3874 3874
2968 2968
6463 6463
4790 4790
5794 5794
942 942
942 750
5542 5542
2436 2436
2436 6085
5267 5267
259 259
6714 6714
2547 2547
5124 5124
2642 2642
4149 4149
1636 1636
1176 1176
6499 6499
344 344
3065 3065
6085 6085
7002 7002
175 175
750 750
6498 6498
