8168 11186
5903 5903
5903 6249
5903 7842
8649 7048
10509 6101
10509 7934
10650 37691
4430 1898
4430 1345
4430 8799
4430 7934
4430 4430
9522 2233
10735 8799
11089 6094
11089 9422
4047 11054
4047 1783
2733 9823
2733 4177
2733 3338
2733 1176
2733 2733
7150 7150
7150 1018
7150 9658
7150 3272
7150 1149
382 10763
382 297
382 8212
382 10550
382 10594
382 9449
382 8410
6348 6348
6348 4721
6348 605
6348 2841
6348 8931
6348 1353
6348 956
6348 10106
6348 1149
6348 1993
7144 1047
6415 9734
6415 2530
6415 8176
6415 5542
6415 4767
2906 2083
2906 121
2906 11098
2906 8755
2906 66
2906 3509
2906 2051
2906 8799
2906 1186
2906 4707
2906 3874
10366 6936
10366 7721
10366 11025
10366 5583
10366 1353
10366 2926
10366 65
10366 8430
10366 4183
10366 3338
10366 6871
10366 6794
10366 7842
10366 2841
10366 10621
10366 7867
10366 7952
10366 5239
10366 11045
10366 10366
10366 303
10366 10909
10366 2273
10366 78
10366 2039
10366 360
10366 3969
10366 10780
10366 4213
10366 4384
10366 10698
10366 11074
10366 3108
10366 5286
10366 10400
10366 450
10366 3634
10366 613
10366 7504
10366 4676
10366 2857
10366 9672
10366 1874
10366 2837
10366 806
10366 1048
10366 23571
10366 2274
3380 297
3380 5301
2554 848
2554 238
2554 8799
2554 10549
2554 2926
2554 6976
2554 3684
2554 5229
2554 8452
2554 6101
2554 7699
2554 1119
2554 763
2554 2310
2554 75
2554 6085
2554 5371
2554 4832
2554 12120
2554 454
2554 1004
2554 5627
2554 1946
2554 3324
2554 2554
5274 9449
5274 9463
10639 7412
10916 348
2555 66
2555 2555
2555 1648
2555 2349
2555 10703
6430 5124
6430 9449
6430 7460
136 51
136 8430
136 6159
136 3948
136 6545
136 136
11142 1121
11142 613
11142 1149
2678 10563
2678 2678
2678 3948
2678 394
2678 7015
2678 8472
2823 1643
9449 1547
9449 6316
9449 11180
9449 1541
9449 5197
9449 65
9449 7206
9449 683
9449 8867
9449 6986
9449 5542
9449 6871
9449 9534
9449 4144
9449 2083
9449 788
9449 5371
9449 5286
9449 1587
9449 10299
9449 10076
9449 3927
9449 9035
9449 2625
9449 5100
9449 3077
9449 8027
9449 1459
9449 450
9449 404
9449 2160
9449 10578
9449 7460
9449 5756
9449 3324
9449 1
9449 1939
9449 9871
9449 10676
9449 10952
9449 9449
9449 622
9449 5094
9449 8430
9449 3376
9449 709
9449 1149
9449 750
9449 828
9449 3711
9449 2802
9449 10610
9449 10054
9449 3709
9449 4008
9449 5259
9449 926
9449 11
3875 10709
380 2857
757 454
757 8146
757 5371
757 6756
345 66
345 121
345 4231
10217 7743
10217 2273
10217 408
10217 2926
10217 1384
10217 11147
10217 10679
10217 6451
10217 11098
10217 8008
10217 4517
10217 802
10217 10876
10217 9762
10217 6085
10217 1474
10217 2841
10217 4354
10217 8676
10217 10217
10217 6094
10217 5753
10217 1946
10217 450
10957 8588
10957 6976
1822 6094
7048 2618
5735 10825
5735 2784
5735 5229
9114 6506
9114 8430
9114 5309
806 6647
806 385
806 5301
806 6451
806 7165
806 1384
806 935
806 4100
806 7206
806 1979
806 491
806 806
806 290
806 1946
806 4144
806 10517
806 2530
3698 10746
3698 9401
3698 5301
3698 4987
3698 3698
3698 5513
3698 8176
3698 8799
3698 763
3698 9305
3698 9003
10106 51
10106 5583
10106 6316
10106 3948
10106 556
10106 7281
10106 10095
10106 10231
10106 297
10106 143
10106 1441
10106 7666
10106 913
10106 290
10106 1474
10106 8799
10106 10106
10555 353
10555 763
10555 10549
10555 10555
2888 1409
6316 1847
6316 5860
6316 6316
6316 1106
6316 4402
6316 10323
6316 7043
6316 4053
6316 8779
6316 4177
6316 675
6316 7281
6316 3077
6316 2857
6316 2807
6316 8799
6316 7710
6316 1532
6316 5340
6316 75
6316 4721
6316 3401
6316 1353
6316 5585
6316 6521
6316 321
6316 454
6316 7311
6316 10299
6316 175
6316 6094
6316 10227
6316 8212
6316 10776
6316 9564
6316 913
6316 1946
6316 10367
6316 450
6316 812
6316 1481
6316 2273
6316 7979
6316 1631
6316 3503
6316 7460
6316 5627
6316 3684
6316 6159
6316 4312
6316 8176
6316 6787
6316 6101
6316 4213
6316 1474
6316 2530
6316 7666
6316 2841
6316 6085
6316 1982
6316 3948
6316 5740
6316 402
6316 3634
6316 8430
6316 4720
6316 6129
6316 4361
6316 1826
6316 9458
6316 8410
6316 6666
6316 613
6316 4928
6316 3272
6316 3711
6316 6262
6316 9716
6316 290
6316 3
6316 10708
6316 10400
6316 1149
4167 6322
8494 10984
8494 4832
8494 8176
8494 2000
8494 7507
8494 8494
8494 4600
8494 7732
9486 9486
9486 10435
424 4923
2857 6085
2857 4183
2857 1231
2857 3634
2857 613
2857 1465
2857 10095
2857 2857
2857 4528
2857 4701
2857 733
2857 290
2857 1946
2857 6205
2857 812
322 2841
353 10808
353 5371
353 375
353 35833
353 1061
353 10350
353 9417
353 1189
353 2837
353 4040
353 491
353 10554
353 353
353 9062
353 7486
353 1532
353 10563
353 622
353 1657
353 11146
353 10617
353 8755
353 6518
353 11048
353 8103
353 10095
353 1358
353 6094
353 7979
353 6360
353 8676
916 2837
916 9534
916 2625
916 788
916 297
916 10578
916 7460
916 916
916 360
11141 6085
11141 11141
11141 317
11141 7934
11141 1149
1335 6666
1335 9417
1335 10134
1335 10076
1335 1335
1532 10059
1532 6085
1532 10468
1532 8430
1532 10629
1532 2047
1532 7710
1532 6794
1532 6094
1532 1463
1532 3005
1532 1532
1532 7437
1532 8799
1532 1409
7842 2926
7842 1946
10621 4231
10621 121
10621 3948
10621 6153
10621 1061
10621 4213
10621 10718
10621 4832
10621 8799
10621 763
10773 8430
10773 7294
10773 3948
10773 10773
10773 2926
10773 3324
6579 3684
11053 78
11053 4580
11053 1106
11053 37691
11053 8676
11053 11009
11053 35416
11053 4177
11053 8212
11053 3546
11053 11053
11053 2874
10740 1353
10740 1384
10740 35416
10740 2874
10740 2841
2536 6262
396 35833
396 7311
396 26801
396 396
396 6856
10611 5784
10611 4923
10611 4312
10611 5115
6255 2149
10446 10527
10446 10511
3958 11019
4661 4250
4661 10227
4661 1692
4661 5873
4661 10323
4661 10567
4661 4661
4661 10767
6818 1847
6818 6818
6818 6976
6818 4832
6818 6518
6818 1384
6818 317
6818 83
6818 8430
6818 9962
6818 2874
6818 6753
6818 9928
6818 9652
6818 9534
6818 45
6818 763
6818 4760
4086 1946
4086 6794
4086 2926
4086 4361
4086 4086
4362 290
4362 11054
4362 8103
4362 1703
10696 4231
10696 5337
10696 4707
10696 2821
10696 10696
10696 2290
10696 4042
10696 297
10696 2625
10696 5952
10696 2481
10696 450
10696 1149
10801 1047
9022 9022
9022 10860
9022 7851
10497 51
10497 6545
4213 10059
4213 10535
4213 8784
4213 1384
4213 10400
4213 65
4213 3400
4213 1441
4213 10809
4213 3132
4213 6506
4213 2264
4213 2284
4213 11074
4213 11190
4213 7486
4213 3199
4213 11085
4213 6085
4213 8799
4213 1587
4213 7710
4213 10928
4213 10596
4213 8441
4213 3385
4213 11030
4213 2874
4213 7934
4213 1946
4213 9313
4213 3521
4213 7666
3356 4020
3356 17988
3356 4580
3356 1060
3356 3356
3356 45
3356 6976
3356 8008
10876 10917
10876 6794
10876 3005
10876 3948
10876 1061
10876 454
10876 1384
10876 317
10876 4177
10876 3485
10876 1946
10876 763
10876 10876
10876 10933
6815 6815
10598 1465
10598 934
10598 10598
9867 8430
1650 3572
1650 1650
1650 750
1650 1465
1650 6976
1650 6953
2467 6666
2467 1198
2467 318
2467 2467
10846 175
10846 5970
10846 10846
10846 7934
1400 358
7595 8430
7595 8799
7595 3684
7595 7934
7595 3324
10901 398
10901 10400
10901 10901
10901 763
582 6527
5753 9762
5753 3736
5753 10553
5753 3969
5753 1573
5753 10774
5753 8460
5753 1840
5753 11028
5753 4923
5753 10997
5753 4961
5753 5753
5753 8588
5753 450
5753 802
5753 2386
5753 4639
5753 8176
3521 2083
3521 11085
3521 1657
3521 10775
3521 3544
3521 8914
3521 10988
3521 11042
3521 10076
3521 10785
3521 10963
3521 9035
3521 3005
3521 10870
3521 6254
3521 3108
3521 5273
3521 3521
3521 10124
3521 3996
4753 4753
4753 1946
4753 7521
11052 6702
10912 8680
10912 6666
10912 3077
10912 2841
10912 3931
10912 83
10912 7666
17988 17988
17988 6766
7021 4760
3647 10744
2757 1004
10552 10552
10552 1061
10552 6856
4040 10335
4040 6094
4040 1060
4040 3684
4040 1358
4040 9163
4040 1463
4040 143
4040 8212
4040 2954
4040 766
4040 4040
4040 1409
10570 3927
10570 2625
5329 7460
5329 1784
5329 3927
182 3901
4763 717
5098 10400
4928 10729
4928 11157
9944 3272
9944 9944
9944 2784
9944 10035
4556 2631
4556 6976
4556 8008
4556 3684
4556 766
3896 10769
3896 3896
3896 11176
3896 6101
3896 6013
3896 2356
4428 1657
4428 11002
4428 7
4428 14672
4428 3525
4428 4428
4428 3684
4428 3233
4428 11051
4428 2653
4428 2191
4428 4312
4428 10626
4428 11156
4428 10541
4428 9534
4428 8320
4428 5259
4428 8799
4428 5081
4428 4008
9502 10931
8472 8472
8472 3948
8472 11147
4760 4721
4760 11015
4760 1573
4760 10918
4760 2926
4760 6976
4760 9417
4760 1004
4760 4832
4760 8799
4503 10059
10661 3948
10661 802
10661 7851
10661 6101
4106 9422
5998 5337
7392 290
7392 10553
10123 10870
2284 5015
2284 8430
2284 297
2284 2481
2284 6506
2284 2284
2284 1384
11190 1946
11190 1042
11190 2097
6921 4312
6921 1540
6921 9564
6921 10134
6921 7279
6921 9422
6921 6921
6921 1061
9776 4231
9776 9776
9776 9246
9776 1688
4832 10858
4832 238
4832 6129
4832 11015
4832 10549
4832 10323
4832 11034
4832 6976
4832 935
4832 1119
4832 1450
4832 4832
4832 8799
4832 344
4832 10870
4832 1061
4832 1004
4832 6085
4832 9962
4832 3948
4832 6666
4832 402
4832 454
4832 6856
4832 4423
4832 8616
4832 8674
4832 10500
4832 10779
4832 6101
4832 10476
4832 406
5970 1847
5970 451
5970 454
5970 6101
5970 5970
5970 7710
5970 3324
3993 2274
3993 3651
6043 6094
6043 143
6043 290
6043 37691
6043 6647
6043 7165
6043 532
6043 6043
919 2191
10629 3149
10629 10629
10629 7710
10629 3324
10629 3684
4977 7504
7043 10984
7043 7043
7043 454
7043 78
7043 3684
6950 6094
6950 1004
6950 6950
6950 1060
6950 5337
6950 1223
6950 10469
6950 8676
6950 5094
6950 3659
6950 5340
3859 3859
3859 6085
3859 2926
3859 32916
3859 6856
2623 8430
2623 2384
2623 4312
2623 2623
4794 2625
10551 35840
238 238
238 6096
238 613
238 8146
238 4600
238 6094
238 8430
238 9564
238 1044
238 11081
10280 935
10280 4312
10280 1465
10280 10280
10280 3193
10280 4707
10280 10495
10280 3684
9652 10853
9652 848
9652 1185
9652 3948
9652 7408
9652 10860
9652 6094
9652 8430
9652 9652
9652 8212
9652 7646
9652 10863
9652 2273
9652 290
9652 763
9652 406
9652 7743
9652 2274
9927 1867
9927 425
9927 9246
9927 358
9927 3960
9927 394
9927 9927
9927 1079
9927 10095
9927 65
9927 2149
2106 8680
2106 5309
2106 4790
2106 1353
2106 3931
2106 1384
2106 1
2106 4177
2106 3927
2106 1202
2106 7868
2106 11081
2106 2106
7276 7460
7276 4344
7276 1481
8906 8588
4133 4133
4133 6976
8410 6666
8410 391
8410 1946
8410 7521
8410 3402
8410 65
8410 8410
10246 2360
4366 7206
4304 2031
4304 2669
35833 121
35833 1464
35833 2273
35833 812
35833 65
35833 1587
7710 10059
7710 3282
7710 37691
7710 7710
7710 2294
7710 7934
7710 3324
7710 7979
7710 8008
7710 3684
7710 9162
2294 1847
2294 35336
2294 2672
2294 10003
2294 2926
2294 1047
2294 1715
2294 8008
2294 10622
2294 10698
2294 3401
2294 3441
2294 2893
2294 8676
2294 7504
2294 2294
2294 1028
2294 6094
2294 1606
2294 5627
2294 7507
2294 1946
7868 317
7868 13265
7868 10931
7868 3891
7868 7868
440 6094
440 972
440 3401
440 440
440 6976
440 8676
440 10231
8212 10227
8212 9093
8212 1409
8212 262
8212 7094
8212 6976
8212 35416
8212 3106
8212 6495
8212 9429
8212 8799
8212 5340
8212 22
8212 10524
8212 6856
8212 454
8212 8676
8212 6094
8212 1186
8212 8212
8212 4412
8212 9152
8212 1459
8212 4298
8212 10526
8212 5810
8212 9716
8212 5420
8212 11180
8212 4312
8212 11097
8212 10698
8212 766
8212 10870
8212 2363
8212 3376
8212 7504
8212 11034
8212 6162
8212 7666
8212 979
8212 290
8212 10054
8212 8927
8212 10613
8212 4987
391 10335
391 3635
391 5301
391 394
391 1587
391 8552
391 4054
391 430
391 3684
391 3710
391 66
391 429
391 4231
391 3132
391 361
391 2837
391 391
391 3996
391 802
7505 3684
10543 8676
10543 3324
10543 5001
11042 10076
960 290
960 8552
960 1384
2348 439
10494 10494
10494 1176
10494 1946
10494 8676
10494 6976
10494 3402
10494 5542
9253 10850
9253 943
3992 1847
3992 250
3992 431
3992 3
3992 4542
3992 66
3992 3992
3992 10745
3992 10578
3992 2530
3992 7410
8176 7743
8176 6269
8176 10549
8176 10774
8176 360
8176 556
8176 2290
8176 4053
8176 7952
8176 1148
8176 8176
8176 10339
8176 11014
8176 408
8176 763
8176 766
8176 10251
8176 6976
8176 2893
8176 2841
8176 3634
8176 2631
8176 430
8176 102
8176 5690
8176 9928
8176 6666
8176 10928
8176 4807
8176 10997
8176 1353
8176 290
8176 1946
8176 9545
8176 4008
8176 1149
8176 2386
7386 4231
7386 317
10698 4580
10698 5701
10698 5740
10698 1465
10698 4745
10698 8430
10698 7666
10698 9429
10698 66
10698 10698
10698 450
9501 2481
9501 7934
11167 8719
11167 11167
9853 406
9853 9853
8430 7408
8430 1185
8430 2149
8430 9355
8430 37691
8430 7655
8430 35416
8430 3803
8430 297
8430 8008
8430 6766
8430 9617
8430 7851
8430 10614
8430 1898
8430 10775
8430 5609
8430 454
8430 2530
8430 5372
8430 733
8430 1946
8430 1392
8430 47274
8430 2926
8430 8075
8430 10231
8430 1119
8430 3401
8430 1450
8430 828
8430 3684
8430 4517
8430 763
8430 766
8430 317
8430 10752
8430 2233
8430 10583
8430 2344
8430 2097
8430 11021
8430 9716
8430 290
8430 2841
8430 406
8430 1407
8430 10860
8430 4177
8430 8430
8430 49
8430 44739
8430 8799
8430 25
8430 4248
8430 1982
8430 8103
8430 10095
8430 4923
8430 6101
8430 3324
8430 3005
8430 11019
8430 10503
8430 10537
8430 6647
8430 8733
8430 4312
8430 1176
8430 5229
8430 717
8430 10477
8430 2797
8430 5768
8430 785
8430 1492
8430 4987
8430 1409
2720 9417
2720 11019
2720 6545
2720 1587
2720 2720
2720 1310
10825 10825
10825 430
10825 3927
11116 5015
11116 8084
11116 2233
3108 404
3108 3293
3108 360
3108 3108
5795 1587
5795 143
6651 7311
6651 2273
6651 10524
6651 10918
6651 394
6651 824
6651 2926
6651 7504
6651 4042
6651 3927
6651 2264
6651 66
6651 1946
6651 763
6651 6651
6651 2274
7721 3927
7721 437
7721 2841
7721 7721
7721 4008
7721 360
7721 1048
5002 6094
5002 4020
5002 10914
3041 6249
3041 2031
3041 2841
4115 828
37691 9498
37691 10059
37691 935
37691 2672
37691 1050
37691 32
37691 1056
37691 9716
37691 3149
37691 44739
37691 10944
37691 37691
37691 1492
4706 1121
4706 6085
4706 9342
4706 4706
3537 1930
43085 10400
10814 10814
10814 7743
10814 8991
10814 4600
10814 4137
1636 10918
1610 7206
1610 1610
1610 1176
5337 5337
5337 2900
5337 7460
5337 986
5337 4177
5337 3927
5337 33841
5337 7437
5337 2874
3759 11081
10524 5371
10524 9429
10524 290
10524 6101
4367 385
7060 2083
8676 10335
8676 7154
8676 2672
8676 9422
8676 1106
8676 1353
8676 2926
8676 35416
8676 10095
8676 3077
8676 8008
8676 3106
8676 2083
8676 5611
8676 4248
8676 9072
8676 10931
8676 11133
8676 8676
8676 6094
8676 5200
8676 1946
8676 979
8676 10858
8676 10059
8676 5572
8676 6214
8676 1061
8676 1060
8676 10609
8676 109
8676 5627
8676 3402
8676 3684
8676 290
8676 1171
8676 1176
8676 10987
8676 6771
8676 10617
8676 250
8676 7504
8676 11048
8676 179
8676 750
8676 1465
8676 11097
9871 9871
9871 605
9871 10925
9871 7460
9871 5259
9871 10857
3891 4231
3891 7460
3891 10111
3891 3891
3891 4907
3891 6666
3891 3927
3891 2653
3891 1826
3891 13265
3891 8552
3891 66
3891 5081
5801 7952
5801 4177
1392 1409
10746 8799
10746 10746
10746 9942
342 824
10775 1409
10775 78
10775 5301
10775 10918
10775 394
10775 1353
10775 3969
10775 1384
10775 3684
10775 35416
10775 4351
10775 3077
10775 1
10775 66
10775 2530
10775 5081
10775 2083
10775 6085
10775 5371
10775 10775
10775 5740
10775 10931
10775 4
10775 460
10775 7504
10775 10928
10775 5372
10775 10870
10775 290
10775 1898
10775 9317
10775 1149
4994 1149
7886 8146
7886 8799
7886 766
1622 824
5115 2233
5115 1028
3314 8103
4528 2273
4528 3473
4528 4262
4528 1353
4528 78
4528 4528
4528 6666
4528 10330
4528 1874
4528 437
4528 2926
4528 5690
4528 7867
4528 4466
4528 4177
4528 49
4528 6262
10870 935
10870 5740
10870 613
10870 6976
10870 1131
10870 1840
10870 102
10870 45
10870 10870
10870 6794
9904 6101
8870 8552
8870 9379
8870 8870
8870 7460
10659 4698
10659 5756
7991 1847
7991 7521
7991 4119
5690 1847
5690 10072
5690 4183
5690 5301
5690 3635
5690 10675
5690 1353
5690 2926
5690 7952
5690 350
5690 437
5690 8008
5690 4042
5690 1492
5690 9942
5690 7844
5690 6771
5690 5371
5690 2841
5690 1481
5690 3634
5690 9928
5690 3272
5690 11056
5690 5690
5690 6666
5690 5239
5690 9035
5690 7979
5690 7666
5690 6460
5690 7867
5690 4008
5690 9545
5690 6094
5690 8320
11030 1409
11030 1384
11030 11030
11030 2841
9003 1409
9003 9003
9003 5301
290 1847
290 6936
290 8699
290 10553
290 35416
290 3803
290 297
290 10752
290 1310
290 887
290 6856
290 2530
290 430
290 4100
290 9564
290 913
290 1946
290 11153
290 10909
290 5199
290 10231
290 2784
290 6159
290 9305
290 2389
290 66
290 447
290 4177
290 7311
290 7486
290 10648
290 8784
290 3948
290 44797
290 3634
290 7504
290 4701
290 10517
290 290
290 1149
290 10941
290 1106
290 2926
290 1384
290 8050
290 2669
290 10134
290 9514
290 3106
290 8799
290 1358
290 5701
290 1121
290 11002
290 1114
290 10993
290 1131
290 4903
290 6094
290 824
290 9035
290 6101
290 1459
290 4672
290 10059
290 1540
290 2807
290 10503
290 3684
290 7206
290 4312
290 1176
290 2837
290 4639
290 3132
290 2841
290 6085
290 756
290 3546
290 5626
290 121
290 4807
290 10862
10766 4351
8927 4925
8927 8799
8927 3948
477 477
477 6670
477 6223
477 2356
5223 5010
9015 10231
9015 1047
9015 2625
9015 1618
9015 3711
381 437
381 14672
381 381
381 2926
381 3396
381 2356
381 1409
2023 10761
4053 3959
4053 4053
4053 3710
4053 5542
4053 4100
7393 4707
4177 3572
4177 10227
4177 284
4177 6772
4177 9429
4177 1106
4177 10675
4177 1353
4177 10808
4177 78
4177 4177
4177 4183
4177 2926
4177 6871
4177 6766
4177 1874
4177 7458
4177 11002
4177 7867
4177 8239
4177 10350
4177 11056
4177 4042
4177 10481
4177 1946
4177 450
4177 431
4177 10503
4177 3402
4177 6085
4177 1
4177 4466
4177 6101
4177 10920
4177 45
4177 344
4177 10400
4177 2893
4177 1474
4177 9928
4177 1355
4177 6666
4177 10330
4177 4701
4177 49
4177 6262
4177 10328
4177 1492
4177 10862
4177 10046
6451 10763
6451 9417
6451 10819
6451 7015
6451 2926
6451 4100
6451 11012
6451 6094
6451 8794
6451 2264
6451 766
1703 1004
1703 10538
1703 1
1703 1703
11035 10231
10963 763
4248 6976
4248 4248
9082 9082
9082 6101
9082 4312
9082 7655
9082 1847
9342 1121
3753 828
332 1459
332 402
4672 8146
4672 4312
4672 454
11019 11019
8146 10227
8146 8799
8146 1061
8146 2631
8146 979
8146 10858
8146 4925
8146 4923
8146 4312
8146 9564
8146 8146
8146 1049
8146 1044
8146 7486
4907 4907
8133 7743
8133 6085
8133 6262
8133 2000
8133 1946
8133 7521
8133 10671
8133 8133
10211 4231
791 4189
1121 10457
1121 6101
1121 2672
1121 7732
10577 5593
351 3
351 3603
8380 1384
8380 8380
8380 35416
613 2011
613 10675
613 6666
613 7934
613 7206
613 11098
613 11180
613 8799
613 7311
613 766
613 622
613 11151
613 10887
613 10617
613 613
613 1964
613 3546
613 11034
613 6094
613 10330
613 7499
613 8646
613 1481
3931 4707
348 9942
348 6249
348 2841
348 4373
4685 4701
4685 430
4685 1149
1028 8981
1028 1028
5963 2938
5963 10339
5963 6976
5963 934
5963 6101
10330 10330
10330 6262
10330 3324
10330 10076
11082 4164
11082 6205
11082 9617
284 2273
284 11092
284 3901
284 2669
10792 2290
10792 1098
10792 11191
10808 10808
10808 6986
10808 1465
10808 394
2011 2011
2011 12120
2011 8794
2011 6101
2011 8799
2011 6085
10483 8552
10483 450
10483 1353
10483 1409
11147 6085
11147 12120
11147 1465
11147 763
11147 1898
11147 3684
675 83
675 1481
7168 10059
2051 184
2051 9417
2051 7867
2051 19949
2051 10272
2051 10819
2051 3874
7851 7936
7851 2741
7851 7851
8162 51
8162 491
8162 7504
8162 10861
4658 6094
4658 10059
4658 6400
4658 1176
4658 10410
4658 2481
4658 1131
4658 2530
4658 7655
4658 7206
4658 7732
5740 10861
5740 10521
10478 6776
83 11127
83 6527
83 7867
83 4054
83 83
83 11028
83 6666
83 4164
83 9035
83 8320
83 1993
83 10753
83 361
83 9534
83 7437
4281 6094
4281 3375
4281 2954
4281 4281
434 3503
434 2821
434 434
434 6666
434 2938
10427 5743
10427 4008
10427 1384
10427 2874
7614 4231
7614 4149
7614 7614
6998 1657
7023 6360
461 5442
461 1106
439 622
439 7762
439 5286
439 439
439 6310
439 10626
5557 1320
4517 317
4517 4517
4517 430
4517 3684
349 1148
3922 4008
3922 1149
3922 3684
1114 2807
1114 4707
1114 5626
1114 1149
8084 297
8084 3304
1056 8239
1056 11131
11157 3546
3149 10059
3149 8050
3623 4100
1095 4231
1095 1095
1095 5301
1095 66
1095 703
1095 430
1095 5081
9421 10227
9421 9421
9421 3324
9379 7460
9379 2874
1463 1409
1463 7408
1463 11094
1463 8699
1463 2841
1463 10918
1463 3969
1463 8103
1463 3684
1463 5626
1463 866
1463 1463
1463 2233
1463 3874
1463 9878
1463 1358
1463 4298
3528 6794
3528 3528
3528 1459
10273 250
10273 9878
10273 10273
3132 5309
3132 5301
3132 10675
3132 1384
3132 2
3132 6976
3132 35416
3132 297
3132 36466
3132 5513
3132 5292
3132 3132
3132 19475
3132 1464
3132 5756
3132 430
3132 3710
3132 4100
3132 3927
3132 3272
3132 1459
3132 370
3132 1149
1358 1657
1358 3948
1358 1573
1358 2363
1358 3684
1358 1358
1358 6094
1358 297
1358 6545
1358 812
1358 35840
6836 2807
6836 1593
6836 3684
9492 5301
8755 10475
8755 10867
2312 6357
4085 2273
11092 4042
11092 3874
11092 6205
11092 1465
6756 11180
6756 10516
3603 78
2481 5015
2481 935
2481 2191
2481 1979
2481 1384
2481 3032
2481 3927
2481 6506
2481 2481
3441 1715
1481 1847
1481 7743
1481 6871
1481 556
1481 10076
1481 143
1481 3272
1481 450
1481 1481
10749 5259
92 2024
92 35416
92 92
394 10758
394 2672
394 78
394 3945
394 6249
394 6871
394 9534
394 3401
394 6094
394 11002
394 10887
394 6577
394 7867
394 7028
394 10095
394 4042
394 9035
394 7762
394 1648
394 5627
394 1143
394 358
394 10526
394 394
394 10475
394 11098
394 3
394 6486
394 9962
394 11069
394 1729
394 3948
394 2031
394 3634
394 7015
394 1930
394 10750
394 9545
394 10862
394 2612
394 10046
11123 1715
11123 4312
3402 3960
3402 961
3402 454
3402 3402
3402 321
3402 10776
3402 1176
3402 2233
3402 10987
3402 1079
3402 7655
3402 4987
3402 35840
8794 10400
8794 10779
11098 11098
9427 6936
9427 5371
9052 3874
2837 5301
2837 5101
2837 2837
2837 5292
2837 9672
2837 3711
2837 1149
2837 3996
45 10526
45 11705
45 7311
45 6794
45 6094
45 756
45 5627
45 6101
45 344
45 10596
45 10887
11069 3634
10001 1384
10001 10001
10001 1688
10706 10614
8628 10995
2893 2893
2893 430
2893 1478
2893 1384
2893 3324
2893 35416
2893 4008
2893 6486
2893 802
2893 4790
3664 10007
915 4767
1050 385
1050 1050
1050 35575
1050 2056
1050 4078
1050 2024
1050 7934
1050 3032
3546 10729
3546 10946
3546 4542
3546 3546
3546 1587
3546 493
3546 492
3546 5751
3546 1
3546 7206
3546 6153
3546 1131
3546 766
3546 3901
3546 10887
6129 3736
6129 8588
6129 2631
6129 7979
6129 6129
1047 6666
1047 2807
1047 8103
1047 10854
102 556
102 35416
102 2926
6162 6101
6162 6162
6159 935
6159 8799
8027 9035
10952 5015
10952 2191
10952 10610
10952 6506
10952 4144
10952 2290
4987 8699
4987 802
4987 6518
4987 6976
4987 3684
4987 484
4987 11016
4987 763
4987 4987
6936 6936
6936 2273
6936 4183
6936 360
6936 7460
6936 4721
6936 4466
6936 10469
6936 10400
6936 450
6936 303
6936 3634
6936 1465
6936 8103
6936 7952
6936 4910
6936 3272
6936 6262
6936 2039
6936 4008
6936 4991
6936 1094
6936 3901
6936 23571
8134 2310
6545 7408
6545 4721
6545 1657
6545 1106
6545 3005
6545 8008
6545 6545
6545 1310
1465 3572
1465 10059
1465 9417
1465 3077
1465 10526
1465 1106
1465 10111
1465 5756
1465 11028
1465 1964
1465 3121
1465 9534
1465 3874
1465 10516
1465 6953
1465 7486
1465 10538
1465 11146
1465 3634
1465 7867
1465 4707
1465 1465
1465 10819
1465 1874
1465 750
1465 9035
1465 5399
1465 6872
1465 3635
1465 10596
2618 8799
3926 11028
5292 2083
5292 121
5292 2874
11012 1847
11012 2290
11012 2926
11012 11012
3803 35357
3803 2530
3803 2273
297 1867
297 10059
297 3988
297 10526
297 5199
297 3503
297 1384
297 2290
297 6976
297 2784
297 9716
297 8733
297 4925
297 10134
297 10809
297 8784
297 6085
297 4363
297 2841
297 2024
297 8441
297 1508
297 404
297 297
297 2095
297 10610
297 10076
297 9878
297 10811
1015 1015
1015 49
1015 2926
11014 763
11014 2841
9617 1409
9617 5286
9617 9534
9617 5259
9617 7437
9617 9617
9617 6107
9617 2234
972 3409
972 10791
972 10323
972 3401
972 7655
972 10933
11036 7154
5371 10059
5371 3005
5371 10918
5371 10834
5371 3503
5371 11151
5371 3684
5371 35416
5371 5420
5371 11180
5371 4312
5371 11044
5371 9162
5371 8799
5371 5431
5371 6085
5371 5371
5371 4923
5371 1587
5371 1106
5371 10946
5371 7732
5371 4042
5371 4008
5371 8646
5371 6101
5371 1409
5371 6262
892 6953
1573 9762
1573 250
1573 6976
1573 3948
1573 1573
1573 7867
1573 7504
1573 11028
1573 44739
1573 22
1573 2954
1573 7311
9193 6506
9193 9193
9193 8799
9193 430
9193 3324
9193 1073
10600 1384
10600 10600
5601 5340
5601 10827
2821 4231
2821 10533
2821 8799
2821 8419
2821 8726
2821 3324
2821 35416
2821 5743
2821 3272
2821 451
5372 4701
5372 10400
5372 7934
5372 3684
10776 1916
10776 6307
10776 44739
10776 7743
10776 8552
10776 1
10776 763
10776 1946
2884 2233
2884 4312
1094 556
1094 798
10909 7743
10909 6085
10909 1106
10909 10909
27 10821
4558 10918
4558 979
10632 10227
3091 1946
437 6794
437 2926
437 360
437 1353
437 3634
437 437
437 6262
437 318
437 1048
437 4790
658 7294
658 658
658 6101
658 2807
658 8799
658 935
658 6794
1228 8899
7845 1459
9658 9046
9658 2797
9658 9658
9658 8799
9658 3945
9658 4351
9962 1930
9962 6753
9962 9962
1234 10035
3635 4231
3635 3635
3635 9246
3635 408
3635 121
3635 3927
3635 4923
3635 6101
3635 1149
259 10046
10941 1149
1928 8441
3400 7001
3400 3400
3400 3272
3400 8008
3400 1123
3400 1149
7499 10763
7499 4354
7499 4312
1186 1186
1186 11031
1186 10076
1186 10934
1186 6107
1186 7504
1186 299
1186 3701
1186 10580
10680 1946
10858 10227
10858 10858
10858 2384
10858 9716
10858 935
10858 7252
10858 10756
10858 7507
10858 8552
10858 2530
1894 2530
5993 605
11705 6871
11705 11705
11705 9928
11705 745
11705 1688
10323 1185
10323 3272
10323 10323
10323 2741
10003 1606
1384 2081
1384 8131
1384 8153
1384 1353
1384 6976
1384 9417
1384 35416
1384 866
1384 10076
1384 8867
1384 3199
1384 6094
1384 431
1384 25
1384 4639
1384 6856
1384 8552
1384 2024
1384 430
1384 3710
1384 4100
1384 1004
1384 3927
1384 4008
1384 11045
1384 3005
1384 5627
1384 1459
1384 10272
1384 10943
1384 5309
1384 5301
1384 10918
1384 1384
1384 2290
1384 5756
1384 2008
1384 5952
1384 4312
1384 1345
1384 2874
1384 2841
1384 402
1384 3918
1384 10928
1384 3272
1384 3711
1384 2095
1384 10962
1384 9317
1384 1149
1384 10862
10206 10206
10206 6976
4046 10076
8157 6262
6506 271
6506 5015
6506 9417
6506 35416
6506 121
6506 6506
6506 8799
318 121
318 4183
318 798
318 1587
318 9928
318 4144
318 8103
318 318
10931 2083
10931 2841
10931 10931
10931 460
10931 121
10931 10076
824 51
824 965
824 262
824 1131
824 2386
824 2938
824 828
824 3711
824 11097
824 1459
824 4696
1340 11033
1340 11009
1340 1106
10997 798
10997 4910
10627 2530
450 6666
450 3684
450 10626
450 5952
450 450
450 9534
450 8799
450 344
450 2874
450 1729
450 6794
450 3401
450 10657
450 402
450 6856
450 2035
450 9928
450 121
450 2625
450 7666
450 11028
450 35575
450 5259
450 10272
450 10503
450 1409
4298 8131
4298 6976
4298 4354
4298 3634
4298 11009
4298 10095
4298 350
4298 4701
4298 4312
4298 1459
4298 4298
6702 1946
6702 5442
6702 6702
10475 121
10475 10137
10475 6107
10475 5420
10475 7035
10475 10475
2653 2653
2653 828
2653 13265
2653 1826
2653 10958
2653 2625
5709 2386
8224 7743
8224 6794
8224 8224
271 271
271 4008
271 2926
6771 6094
6771 6771
6771 4961
10657 8799
10657 3684
10657 7934
4245 1930
4245 1149
8345 8345
9458 763
9458 3684
9458 9458
179 179
179 1409
10204 2233
10204 10204
10204 321
10204 1106
644 4042
644 1353
644 11074
10933 10614
6772 4231
6772 10738
6772 979
6772 6772
6772 10194
6772 1409
3816 9928
262 7206
262 262
262 1176
262 1131
10675 4231
10675 1887
10675 7780
10675 10675
10675 10934
10675 1964
10675 10925
10675 3945
10675 121
10675 8008
10675 35416
10675 8799
10675 7311
10675 35840
10675 1409
65 121
65 10400
65 1229
65 4707
8452 7281
8452 6085
8452 402
8452 2926
8452 763
7281 35357
7281 2273
7281 7281
7281 1353
7281 1409
13265 3927
13265 13265
13265 4149
5001 1464
5001 6205
5001 8008
5001 7408
1310 2273
1310 3634
1310 109
1310 78
1310 6094
1310 9035
1310 8799
1310 1149
1310 1310
7936 7936
7936 766
6647 4807
6647 1464
6647 1119
1587 10059
1587 1593
1587 3503
1587 10503
1587 5534
1587 1148
1587 3711
1587 9352
1587 3901
3509 3509
3509 4437
3509 6101
4100 2841
4100 6976
4100 35416
4100 2669
4100 10780
4100 9564
4100 5301
4821 2083
4821 4821
4821 1508
10785 10076
5627 2273
5627 7460
5627 7206
5627 11009
5627 3106
5627 6988
5627 802
5627 5340
5627 6085
5627 2841
5627 6886
5627 10993
5627 10194
5627 1916
5627 4701
5627 5627
5627 1946
5627 1459
5627 5094
1946 7408
1946 9093
1946 10410
1946 7507
1946 9429
1946 10290
1946 49
1946 10134
1946 8008
1946 10812
1946 3106
1946 8799
1946 6794
1946 6856
1946 454
1946 8552
1946 7521
1946 4600
1946 766
1946 8674
1946 10834
1946 6101
1946 5442
1946 7743
1946 8991
1946 2436
1946 3969
1946 10231
1946 4466
1946 1176
1946 1946
1946 10820
1946 2926
1946 8784
1946 6085
1946 10671
1946 7732
1946 3711
1946 6262
1946 10461
1946 10708
1946 10476
1098 3409
6531 11011
6531 7412
6531 11021
6531 7375
2191 2191
2191 1017
2191 7460
2191 2290
2191 1
2191 412
2191 3927
2191 1985
2191 4144
2191 9878
2191 1149
2191 2874
2191 6262
1590 6094
1590 8588
9246 3384
9246 9246
9246 6753
9246 5015
9246 121
9246 3927
805 7504
2186 812
2234 10076
10769 431
10769 8008
10769 3684
10769 766
10769 2360
10769 1061
447 1149
7437 7460
7437 4707
7437 2356
7437 4164
7437 6871
7437 5935
7437 5259
7437 7437
622 622
622 404
622 6214
622 121
622 1189
622 6094
622 8867
622 5094
622 3996
2384 4312
2384 4580
2384 6521
2384 2233
2384 454
2384 2807
2384 2627
2384 10616
1266 3409
8914 5081
8914 10580
8914 10076
8914 8914
10521 66
1508 2083
1508 1508
1508 3996
1508 2874
75 344
75 6249
10887 10857
10887 4553
10887 10918
10227 10227
10227 9564
10227 3401
10227 7486
10227 1061
970 3659
1547 10076
3193 2900
3193 6085
10861 3959
408 4231
408 1450
408 2530
10857 7460
10857 943
44739 44739
44739 7311
44739 8050
9429 2060
9429 9429
9429 66
9534 11039
9534 78
9534 1353
9534 2926
9534 6013
9534 3918
9534 6153
9534 9534
9534 2874
9534 7035
9534 7460
9534 360
9534 121
9534 1985
9534 1149
9534 3377
10516 5860
10516 36108
10516 6518
10516 4707
5301 1847
5301 6976
5301 5301
5301 1353
5301 3927
5301 35416
5301 2389
5301 2612
2689 6031
2689 10476
5611 10711
405 10648
2631 8588
2631 6976
2631 8699
2631 1459
2631 10553
2631 10539
3723 5542
2575 454
2575 10059
2575 766
8103 1847
8103 9417
8103 5499
8103 7460
8103 2362
8103 35416
8103 4312
8103 3874
8103 8103
8103 7311
8103 121
8103 1106
8103 6094
8103 4991
3409 121
3996 1409
3996 10640
3996 5286
3996 7460
3996 926
3996 6094
3996 8867
3996 3029
3996 6495
3996 3996
3996 8799
3996 10124
3996 8008
10272 3927
10272 5952
10272 10076
10272 9928
10272 1353
10272 1149
10272 88
10272 10272
11081 6249
11081 2841
11081 1176
11081 454
11081 8931
11081 8552
11081 11081
10763 10763
10763 4354
10774 763
10774 7743
10774 6085
10774 2000
10774 10774
10774 6503
10774 6976
10774 5732
5810 6085
5810 11007
5810 1176
5810 5810
5810 454
5810 2095
5810 10579
5810 78
5810 7934
5810 11163
3897 6322
3324 1441
3324 2290
3324 10616
3324 3324
3324 5229
3324 10744
3324 8008
3324 3684
3324 935
3324 2360
3324 7458
3324 10917
3324 10614
3324 10640
3324 3948
3324 2841
3324 8131
3324 430
3324 2807
3324 1643
3324 10327
25 25
25 7934
25 1409
11146 35357
11146 3272
11146 11146
756 184
756 756
756 6262
756 4262
756 430
756 78
756 49
756 10779
6466 5442
6466 3711
10872 5287
4910 3901
4910 9928
4910 7867
4910 943
4910 4910
10947 7867
10947 10947
10947 9928
2625 1106
2625 1353
2625 2926
2625 1450
2625 3485
2625 4144
2625 2841
2625 402
2625 9928
2625 3637
2625 10076
2625 6666
2625 750
2625 2625
2625 1149
2625 10862
2512 1149
6872 798
6322 2878
362 7867
362 5849
9878 9878
2095 7743
2095 6794
2095 78
2095 2841
2095 2273
2095 6085
2095 49
2095 3711
2095 6262
2095 3959
2095 2095
11186 2356
9024 10134
9024 2610
10757 2290
1261 10862
1261 1261
1261 6262
1261 4262
7655 1185
7655 802
7655 2290
7655 3684
7655 7732
7655 8008
7655 7655
6522 4643
3338 6262
3338 10862
3121 10853
3121 1345
3121 3121
10752 1982
10752 818
10752 8799
10752 3684
3304 3503
3304 8419
3304 766
10614 1407
10614 10614
10614 10609
10614 8008
10614 4576
10614 11011
10614 4959
10614 8799
10614 766
10614 4718
10868 2784
6521 6521
6521 5094
6521 460
6521 1149
3927 5499
3927 1353
3927 5094
3927 1464
3927 5263
3927 10580
3927 4231
3927 1657
3927 2841
3927 9552
3927 2024
3927 11056
3927 10076
3927 3927
3927 9035
3927 7460
3927 431
3927 32
3927 9417
3927 5309
3927 11154
3927 3503
3927 5513
3927 2290
3927 5756
3927 2008
3927 828
3927 8363
3927 4639
3927 344
3927 2874
3927 370
3927 11072
3927 4948
3927 239
3927 1355
3927 1149
3927 6666
3927 3272
3927 7666
3927 10844
3927 3485
3927 10962
3927 4354
1202 8419
812 10803
812 4542
812 10547
812 1148
812 828
812 6262
812 10946
812 10779
10811 763
10811 10809
10811 3659
10811 10811
8588 3736
8588 8588
8588 935
8588 6096
8588 6094
8588 1061
5309 4231
5309 5309
5309 35575
5309 2290
5309 6976
5309 35416
5309 431
5309 1149
5309 35840
4087 66
4087 6976
4087 78
4087 22
3560 2741
9163 468
9163 3401
9163 1060
9163 4576
9163 2233
9163 5572
9163 6953
9163 3684
6101 848
6101 10549
6101 1106
6101 6976
6101 6240
6101 7699
6101 2192
6101 454
6101 7311
6101 10410
6101 7294
6101 7979
6101 6101
6101 8702
6101 10072
6101 9417
6101 8784
6101 3969
6101 7934
6101 4312
6101 2389
6101 6205
6101 6262
6101 9716
6101 10476
745 10400
745 358
10469 2273
10469 1176
10469 1149
10469 1409
4313 22
5094 397
5094 750
5094 6856
5094 460
5094 10076
5094 412
5094 121
5094 3711
5094 5094
5094 6205
2741 121
2741 2097
2741 3948
2741 1407
2741 4553
2741 2741
2741 6976
4720 4720
4720 5585
1256 6666
1256 2273
1256 385
11192 370
1797 2926
1797 3901
3272 431
3272 8419
3272 1106
3272 2926
3272 6976
3272 2356
3272 1450
3272 5756
3272 2264
3272 10580
3272 1729
3272 10400
3272 35575
3272 454
3272 2024
3272 430
3272 10928
3272 3272
3272 6107
6360 6360
10799 10745
10799 6153
2480 10821
2480 5751
2274 3948
2274 6753
2274 454
2274 6153
2274 2274
1849 10400
1849 1849
10410 4183
10410 10410
10410 1409
1784 10844
1784 37
1464 431
1464 1930
1464 3945
1464 3684
1464 2784
1464 733
1464 10944
1464 11054
1464 2874
10215 10215
10047 3005
11038 6269
11038 11038
1061 1061
1061 10247
1061 10609
1061 6976
1061 6094
1061 3401
5585 1916
5585 3282
5585 5768
321 4231
321 6766
321 8552
321 9057
321 321
321 3901
321 766
802 4031
802 802
802 10617
802 9039
802 4701
802 7486
802 7311
802 10608
10299 2083
10299 460
1198 4312
4923 10059
4923 5784
4923 4354
4923 10076
4923 4923
4923 35336
2233 404
2233 3005
2233 1060
2233 7094
2233 78
2233 3684
2233 7206
2233 4312
2233 317
2233 1131
2233 979
2233 2233
2233 6794
10111 10111
10111 11028
10059 10059
10059 3503
10059 3684
10059 1320
10059 8799
10059 2576
10059 3948
10059 4354
10059 121
10059 454
2039 7867
2039 2039
2039 3634
6670 2356
6670 10703
6670 750
3969 6794
3969 2926
3969 11002
3969 2841
3969 8552
3969 109
3969 3969
3969 6976
3969 9417
3969 35416
3969 4312
3969 1176
3969 1345
3969 7311
3969 5701
11151 11151
2356 7867
2356 3396
2356 2356
4312 9924
4312 10744
4312 7094
4312 6976
4312 8008
4312 3401
4312 454
4312 2024
4312 430
4312 7952
4312 6094
4312 10571
4312 6214
4312 10918
4312 2807
4312 5200
4312 2784
4312 8733
4312 4312
4312 3684
4312 2530
4312 3680
4312 5768
4312 175
4312 2865
4312 1004
4312 10596
5883 2360
5081 4231
5081 5286
5081 11005
5081 2841
5081 6666
5081 10844
5081 926
5081 5081
5081 10580
11054 11180
11054 10376
11054 11178
11054 1840
10946 5751
10946 3948
10946 6015
10946 6153
10946 2926
10946 6953
10946 4137
343 4008
343 343
343 360
343 4194
343 10481
343 10194
343 1409
11034 7743
11034 6794
11034 3077
11034 3948
11034 1176
11034 3711
11034 2926
406 3948
406 8799
406 763
406 10583
406 7934
406 406
1220 10934
10500 10457
8441 4872
8441 8441
8441 6153
8441 303
8441 2290
10950 1898
10950 10950
10950 7934
9067 9067
10972 35416
5784 5784
5784 4600
10744 10744
8699 6976
8699 8699
8699 7591
8699 6269
8699 763
2149 4042
2149 4553
2149 78
2149 5259
8131 1441
8131 7979
8131 5701
8131 8131
8131 10613
8131 35840
8131 6976
8131 1840
5200 78
5328 5101
1148 4008
1148 6262
1148 10958
8008 7408
8008 1407
8008 1106
8008 8153
8008 11009
8008 10134
8008 3401
8008 7458
8008 961
8008 1243
8008 2841
8008 454
8008 8338
8008 1459
8008 2807
8008 3684
8008 2389
8008 766
8008 8784
8008 6085
8008 143
8008 10517
8008 9716
8008 9961
8008 3945
8008 8008
10622 10622
10622 9197
10622 7732
3613 6986
2361 7743
2361 6085
2361 49
2361 10461
2361 2361
2361 8991
7646 3948
7646 763
7646 7646
1898 10487
1898 9162
1898 1149
454 848
454 9093
454 2060
454 7699
454 8799
454 2310
454 6094
454 2841
454 6856
454 454
454 1004
454 9401
454 10841
454 1593
454 3684
454 1176
454 2264
454 763
454 6085
454 12120
454 3711
454 838
454 10476
11133 3948
11133 7934
4262 10491
4262 4466
4262 66825
4262 49
4262 78
10350 121
10350 1149
10350 35416
1193 763
1193 6856
7294 10400
7294 8799
1537 360
10791 2290
10791 3684
9564 431
9564 9422
9564 828
9564 9564
9564 3401
1982 10920
1982 1982
1982 3684
2391 121
2391 4991
2391 2391
8646 3948
8646 8646
32 1353
6214 6214
6214 3684
4542 556
4542 4542
11005 10076
2 10076
5756 2841
5756 5756
5756 9928
5756 2926
5756 4008
5756 370
5756 1149
10602 7206
10827 10231
10827 10827
12120 10400
12120 10779
3948 2672
3948 10583
3948 7206
3948 3077
3948 6495
3948 11131
3948 4144
3948 10850
3948 1657
3948 6856
3948 10554
3948 6094
3948 1648
3948 7979
3948 10918
3948 10400
3948 8460
3948 9039
3948 5420
3948 7934
3948 3948
3948 2819
3948 2360
3948 6085
3948 4701
3948 3711
3948 10613
35575 431
35575 35575
35575 1060
35575 5513
35575 3684
1355 121
1355 10400
1355 10748
2363 5849
2363 2363
6301 6301
6301 1993
6301 1409
1874 1874
10517 3106
10517 4580
10517 8153
2627 8799
3106 2290
3106 2841
3106 7521
3106 35416
3106 4600
3106 3106
3106 766
6321 7507
6321 2926
6321 2841
6321 2874
6321 7743
7 6666
7 11031
7 1149
7 4790
4572 10850
6240 6240
6240 9716
6240 3032
10557 1106
10557 1409
5499 8719
5499 5499
4790 4008
4790 7666
4790 4790
8013 2273
4363 4231
4363 1409
9072 7504
6577 6577
6577 346
1478 1783
5542 7206
5542 10596
5542 5542
10779 10779
10779 402
10779 5751
10779 1106
10779 4678
11033 51
11033 766
6262 1246
6262 1353
6262 8324
6262 2926
6262 5375
6262 350
6262 3902
6262 1176
6262 66
6262 763
6262 2874
6262 6794
6262 2841
6262 66825
6262 4354
6262 2562
6262 2349
6262 6262
6262 10708
6262 49
10072 9928
10072 6205
10072 10072
10899 6976
10899 2784
9601 8552
7206 3005
7206 9057
7206 4054
7206 4745
7206 9310
7206 1131
7206 1176
7206 7311
7206 10562
7206 1106
7206 3901
135 7504
2784 1729
2784 935
2784 431
2784 2024
2784 4054
2784 3684
2784 2784
2784 2290
2784 8799
2784 2360
10585 10585
10585 3684
344 1353
344 10819
344 11028
344 9035
344 344
344 4696
5210 10718
5210 763
5210 10583
11094 7743
11094 6085
11094 3532
11094 7521
11094 11094
10849 10844
10849 19475
750 750
750 2841
750 66
750 3233
9310 2841
11156 1657
10993 3684
798 798
798 9928
6793 3503
7094 7094
7094 7982
7094 1492
1720 3401
36466 2024
5572 121
5572 5572
10758 10758
10758 4008
10748 2669
2264 1916
2264 5743
2264 324
2264 10526
10958 66
9422 6094
9422 9422
11172 11177
10640 8799
10676 7460
10834 6205
8294 1229
8394 3401
431 10400
431 9068
431 3503
431 6976
431 4008
431 431
431 766
3912 4042
1246 2841
9317 6753
9317 9317
9317 5414
9317 2874
9317 4767
1878 1450
1878 6646
5712 10945
6363 10046
1119 6847
1119 733
1119 1119
1119 1149
4466 4466
10576 9928
10576 3874
10576 4054
10576 4144
1729 1729
1729 8799
1729 2290
1729 1409
1631 4183
2031 121
2031 2031
2031 78
2031 7934
2031 26801
3376 5340
3634 7460
3634 377
3634 8799
3634 6666
3634 3634
3634 1106
3634 360
3634 2665
3634 35357
3634 4008
4423 7867
10454 10454
425 2612
979 6794
979 1060
979 3503
979 3032
979 979
979 4678
979 10416
2819 1345
2819 10850
51 5340
51 3005
51 7507
51 2530
51 10687
3545 3545
3545 2290
3545 11002
3545 7666
3545 4767
2926 11180
2926 1106
2926 2926
2926 6976
2926 10134
2926 10579
2926 6414
2926 6794
2926 2841
2926 4354
2926 10076
2926 1004
2926 4807
2926 733
2926 49
2926 7743
2926 78
2926 10526
2926 3503
2926 3684
2926 1176
2926 7311
2926 10928
2926 2000
2926 3902
2926 2562
2926 10596
2926 6666
2926 4701
2926 1492
2926 10007
2926 10862
23873 1441
10809 121
10809 763
10809 6976
3736 3736
3736 1185
3736 2954
3736 11009
7035 7035
5849 6794
9068 4042
9068 1040
9068 9672
9068 7867
9068 10578
9068 8552
9068 109
9068 10481
9068 6976
9068 78
8552 1353
8552 2349
8552 8552
8552 2530
8239 10503
8239 8239
1131 10400
1131 1131
1131 9672
1131 10920
1131 2530
1131 3901
8500 8799
8500 3684
10900 9035
3959 2164
3959 3959
3959 7165
3959 3901
3959 1446
11058 7460
11058 9928
11058 763
11058 11058
634 5890
10327 10954
10327 1441
10881 78
9762 1409
404 6094
404 404
404 5100
404 10610
404 121
404 317
934 7743
934 3983
2192 1459
2192 763
2192 1044
3503 1847
3503 8419
3503 8847
3503 3503
3503 5513
3503 7934
3503 10134
3503 8799
10503 1450
10503 10134
10503 1459
10503 10503
10503 3901
10616 10616
10616 3684
955 11062
8733 7982
8733 3684
8733 8733
5420 5420
5420 9417
5420 66
5420 7867
5420 8799
5420 7311
7132 6666
9062 6094
9062 7732
10820 1149
303 303
303 26801
3680 5513
10400 2290
10400 7934
10400 4333
10400 66
10400 10718
10400 8799
10400 7311
10400 2874
10400 10400
10400 317
10400 1985
10400 2000
10400 4701
10400 9545
10400 1149
10400 10046
10401 2954
10401 10401
5768 10335
5768 430
5768 7934
1826 35416
1826 10076
1826 1826
9672 2525
9672 9290
121 3572
121 1353
121 866
121 10580
121 9552
121 7521
121 2349
121 4042
121 10951
121 913
121 1459
121 8419
121 1593
121 6527
121 11136
121 143
121 6847
121 1474
121 3032
121 6953
121 370
121 6716
121 10728
121 5626
121 121
7666 2083
7666 1409
7666 402
7666 986
7666 2807
7666 1841
7666 6666
7666 1450
7666 6742
7666 2874
10708 6307
10708 6085
10708 6794
10708 1149
3901 10707
3901 913
3901 1709
3901 9928
3901 4701
3901 765
3901 493
3901 1149
3901 3901
3901 10328
1643 6094
1643 3
1643 6205
10549 763
4031 2310
1574 5340
1574 6787
4961 10535
4961 5701
4961 1840
4961 10609
4961 11009
10491 49
10491 10491
4164 7460
4164 10948
5431 3684
5431 5431
10351 7952
4639 5263
4639 11002
4639 7460
4639 4639
4639 8363
3544 397
3544 2530
7867 4183
7867 2807
7867 9684
7867 6871
7867 66
7867 1345
7867 7867
7867 6666
2360 2360
2360 3684
5100 3233
4767 4231
4767 4767
4767 66
4767 35416
2954 22
2954 7504
2954 766
2954 1149
11043 11043
11043 1492
11043 3684
1593 4925
1593 11112
1593 1593
1593 430
1593 8799
1593 2530
5751 5751
2436 6794
2436 3532
3684 7408
3684 7154
3684 1106
3684 8153
3684 35416
3684 3005
3684 6495
3684 9514
3684 10903
3684 8799
3684 6794
3684 6094
3684 7979
3684 9716
3684 10821
3684 10918
3684 8460
3684 828
3684 3684
3684 10987
3684 10920
3684 5229
3684 2530
3684 766
3684 3032
3684 1841
3684 1847
3684 1492
3684 78
3684 10035
3684 1409
4925 8799
2389 6085
2389 2389
4078 35416
4384 10871
2530 35336
2530 7934
2530 2672
2530 3282
2530 2530
2530 8799
2530 763
2530 7458
2530 6976
2530 175
2530 302
2530 1888
2530 1847
2530 2807
2530 9545
2530 2612
2530 1409
766 9924
766 6856
766 7154
766 1409
766 6094
766 2290
766 35416
766 10046
766 1345
766 766
766 6085
766 8799
766 4361
766 35357
766 9035
766 2874
766 3711
766 1459
8674 6085
8674 1149
8674 7507
6527 6871
5701 6094
5701 935
5701 11178
5701 1840
5701 11009
1184 11021
10840 2841
10583 6666
10583 8799
10583 763
10583 10583
9094 10977
5575 10984
4701 7311
4701 4701
4701 35416
4701 1409
9716 3282
9716 10918
9716 11021
9716 9716
10134 935
10134 5513
10134 8050
10134 35416
10134 6666
10134 302
10134 10134
10134 109
10335 10335
10335 1060
7631 7631
7631 1106
10535 10535
1106 4183
1106 1176
1106 184
1106 8799
1106 1044
1106 402
1106 7311
1106 1106
1106 175
1106 6307
1106 302
1106 3077
1106 1409
11113 11108
3945 3384
3945 10105
3945 6976
3945 8799
3945 3945
3945 6486
4144 2841
4144 239
4144 11136
4144 1149
4144 1867
4144 8320
4144 9928
4144 3709
4144 5259
4144 4144
10579 4137
778 1149
3293 3293
3293 360
10617 10617
10617 7311
10684 3485
7521 7743
7521 6085
7521 9093
7521 3532
7521 10461
7521 7521
7521 4600
7521 4137
7521 49
7521 3711
7521 7507
7521 5442
7521 6794
10076 1353
10076 10859
10076 19475
10076 6742
10076 2083
10076 1657
10076 2841
10076 10554
10076 10076
10076 11049
10076 1648
10076 5399
10076 370
10076 10988
10076 1887
10076 5124
10076 317
10076 1
10076 1939
10076 5952
10076 3485
10076 5506
10076 2874
10076 11085
10076 7460
10076 11072
10076 4707
10076 6666
10076 8320
10076 4008
10076 5259
10076 11071
9035 4231
9035 1149
9035 78
9035 2841
9035 9035
9858 9858
10987 10987
370 2841
370 370
10841 1149
10841 1409
7460 10578
7460 7460
7460 2290
7460 11031
7460 33841
7460 5506
7460 2874
7460 2841
7460 4231
7460 3566
7460 5286
7460 9928
7460 4707
7460 10610
7460 11071
7934 9417
7934 10860
7934 1345
7934 5534
7934 11021
7934 7934
7934 5609
7934 1176
7934 8799
7934 7311
7934 11163
7934 10613
7934 3032
7934 1657
7934 6094
7934 2610
11177 1847
7738 6094
7738 4354
7738 7738
10073 1353
10487 1847
10487 10487
10487 2290
10487 317
8050 4721
402 2273
402 6794
402 402
402 9928
402 3641
402 9305
402 1709
402 5831
2035 5952
7015 6871
10756 10756
10756 2612
10756 6986
10844 10844
11062 11062
1993 10328
10800 7504
2083 2083
2083 11097
2083 10988
2083 460
2083 66
2083 1149
2083 4
3710 35416
3710 35840
3710 3710
3710 1149
3710 2669
8343 1149
9470 3711
6986 6986
6986 360
6986 10892
6986 5259
6986 1409
6766 317
6766 961
6766 6766
2610 11163
2841 1409
2841 36108
2841 2273
2841 1353
2841 10553
2841 49
2841 7458
2841 6794
2841 2841
2841 6856
2841 4008
2841 733
2841 1459
2841 5583
2841 9417
2841 78
2841 8363
2841 1176
2841 6249
2841 1017
2841 11085
2841 6085
2841 1841
2841 6666
2841 10928
2841 5399
2841 10862
2841 1149
5609 6094
5609 5609
1964 1964
10554 7408
4042 1353
4042 1709
4042 4042
4042 10951
4042 4576
4042 6205
4042 1017
3532 7743
3532 3532
9313 3401
10267 8338
2273 2273
2273 4183
2273 1709
2273 35416
2273 1176
2273 66
2273 8799
2273 935
2273 6666
2273 49
2273 1409
10578 3
10578 10745
2290 10918
2290 8153
2290 2290
2290 6976
2290 66
2290 4140
2290 1657
2290 4707
2290 430
2290 1149
2290 1004
2290 10610
2290 935
317 4231
317 317
317 866
317 6953
1073 8419
2008 3485
2008 2008
10780 6976
10780 1409
11178 1847
1345 6976
1345 10850
1345 8419
1345 10095
1345 26801
1345 6094
1345 1345
1345 6205
1345 6953
1345 10819
763 3572
763 10951
763 10553
763 35416
763 9305
763 763
763 4807
763 3711
763 5513
763 66
763 7311
763 10608
763 10917
763 10728
763 5399
763 10750
8784 2349
8784 8784
7780 7311
4 4707
4 4
10613 10613
1149 8680
1149 6085
1149 7504
1149 78
1149 35416
1149 8419
1149 88
1149 6249
1149 7952
1149 3659
1149 4008
1149 6270
1149 10580
1149 4231
1149 5513
1149 6794
1149 7360
1149 3384
1149 493
1149 1841
1149 1409
1149 1149
1409 1847
1409 2672
1409 7408
1409 4054
1409 6976
1409 35416
1409 6153
1409 33841
1409 6871
1409 8799
1409 4231
1409 35357
1409 6205
1409 11056
1409 6094
1409 10988
1409 8460
1409 5513
1409 6085
1409 5506
1409 5583
1409 2000
1409 5259
1409 1409
1407 6976
26801 184
6871 1847
6871 11031
6871 10095
6871 1867
6871 8867
6871 6871
10312 3711
8799 1847
8799 4119
8799 4054
8799 35416
8799 5340
8799 1657
8799 7311
8799 5534
8799 10608
8799 239
8799 11163
8799 6976
8799 8799
8799 4231
8799 6794
8799 2807
8799 6557
8799 8702
8799 1176
8799 5229
8799 9044
8799 7732
8799 1492
7844 4354
10095 9417
10095 1930
10095 430
10095 10095
10095 35416
10095 6094
10095 4008
10095 6205
10095 10007
6094 1847
6094 2672
6094 1840
6094 78
6094 6976
6094 9417
6094 10539
6094 2788
6094 4580
6094 3401
6094 6094
6094 935
6094 1060
6094 1004
6094 3005
6094 10918
6094 11083
6094 10620
6094 6666
11049 19475
7979 7165
10571 10571
2807 3282
2807 2807
2807 6666
2807 10903
2807 1492
2807 1459
2807 9417
10988 10988
3651 3572
3988 7772
3005 935
3005 3005
3005 913
358 358
358 78
360 360
360 1353
360 1048
10537 35357
10537 10537
1 1
1 4354
1 2874
1 37
10339 10339
9942 5513
9942 9942
3502 7952
10416 3032
785 3077
302 302
302 10231
302 1459
35840 866
35840 6976
35840 5626
35840 35840
35336 35336
35336 4721
35336 1176
3077 78
3077 3077
3077 7311
8153 5015
8153 1888
78 8867
78 78
78 1353
78 4333
78 11180
78 1657
78 9928
78 4707
78 7952
78 6666
78 2612
78 10862
35416 1847
35416 2672
35416 6976
35416 35416
35416 19475
35416 5263
35416 11045
35416 5513
35416 3401
35416 143
35416 1492
35416 10596
10105 2000
10105 2672
1079 6976
10580 6666
10580 1353
10580 4008
935 10984
935 3032
935 10457
935 935
935 385
935 7002
935 532
935 1459
10859 1939
430 4149
430 7311
430 2874
430 430
430 2612
7507 8991
7507 7507
7507 5917
7507 10461
7507 1459
7507 5442
7507 3199
11153 6976
11153 5229
10729 7311
7743 7743
7743 7154
7743 3711
7743 10679
7743 10812
7743 6085
7743 6856
7743 4137
7743 4807
1441 11101
8419 8419
8419 6518
8419 6753
10918 1916
10918 10918
10918 3282
10918 1619
11009 7165
11009 1459
11009 11009
3032 1492
3032 4678
3032 3032
3032 6107
1229 11131
66 9417
66 140
66 66
66 22
66 7504
66 11108
66 9928
66 2612
7504 22
7504 7504
7504 845
1841 4231
1841 1353
1841 1841
4402 8460
4402 4402
3385 3385
10046 1059
10046 10046
10046 5175
397 8680
9093 7408
9093 9093
9093 7982
9093 7732
5229 5399
5229 10526
5229 5229
10860 3
184 184
184 49
3902 3902
33841 33841
6349 6349
4696 3711
10563 10563
4020 491
7762 5259
1648 1648
1648 9928
1648 1059
10821 10821
10745 9545
10745 10745
2900 6085
2900 2900
1939 10610
7729 3199
10934 605
10934 6107
10917 10917
10945 7001
460 1353
3701 1867
7772 943
1004 3333
1004 10679
1004 1004
1004 2344
1004 11011
1004 11015
4807 4807
8320 4008
8320 8320
8320 1353
8320 4659
2612 22
2612 2612
1612 6400
11115 2000
11115 6085
8680 3233
6269 5340
6269 1619
6269 6269
6269 10718
6269 1353
10984 6085
1688 7311
1688 9039
1688 1688
2000 5583
2000 6085
2000 6856
2000 5917
2000 2000
2000 1176
6153 6153
807 2368
10718 9545
19475 3384
19475 1657
19475 4008
19475 19475
2310 6096
1657 2669
1657 1657
1657 4008
1657 2874
1017 1017
1017 1353
1017 10862
1017 1709
14672 4576
9552 9552
2024 1847
2024 2024
9401 1450
9401 9401
8719 10837
8719 8719
1353 1353
1353 4745
1353 1709
1353 6742
1353 8931
1353 2874
1353 6085
8991 1840
8991 8991
8991 10461
8991 6085
8991 5917
8991 5442
5101 8363
10461 10461
10231 4721
10231 2883
10231 93
7247 6085
7311 3401
7311 10553
7311 7311
8726 5259
1840 1840
1840 11028
6666 1847
6666 6666
6666 733
6666 4008
6666 5259
6666 10862
5399 4008
5399 5399
6627 1847
3377 3377
5373 5831
11108 9928
3920 10526
4721 1847
4721 605
4721 1867
1606 1606
1606 11002
11056 11072
11056 4707
11056 11056
11045 11045
10266 4231
11154 6753
5831 5831
5513 5015
5513 5513
5513 10608
6460 6460
6753 1930
6753 5952
6753 2874
10948 605
10920 10920
5506 5506
5506 4600
10435 10435
1887 1887
1474 1474
1474 7360
4333 4333
4333 11085
10750 1176
3709 3709
926 4008
926 926
6486 6486
9305 6976
468 10903
468 10481
468 6976
468 6953
6495 6495
6495 6976
7699 3
385 6085
385 385
5286 5286
6856 6794
6856 1176
6856 6085
6856 9793
6856 5442
493 913
3659 1662
9840 4576
913 35357
913 6976
5199 5199
4580 11048
10567 10567
828 828
828 6742
828 2874
6205 9928
6205 4054
6205 2386
6205 3874
6205 6205
6205 6953
6953 6953
1867 1867
1867 4054
66825 7952
4991 4991
35357 35357
10481 10481
10481 6976
3711 6794
3711 4600
3711 6249
3711 6085
3711 22
3711 9928
3711 3711
3711 5442
10596 6794
10596 3
10596 6976
10596 10596
10035 10035
11163 11163
848 848
2672 2672
3960 6976
3960 3960
874 6107
874 346
10812 10812
10812 5442
10812 4137
10903 10903
6742 6742
1044 1185
1044 1044
3874 4183
3874 3874
4231 9417
4231 140
4231 866
4231 4231
4231 4008
4231 9545
4231 10962
10951 10951
1985 239
9924 6976
1060 6794
1060 1060
11136 11136
11085 11085
3233 3233
9928 36108
9928 4183
9928 9928
9928 4600
9928 10925
7732 7408
7732 7732
10610 10610
10610 5124
1492 7408
1492 1492
5259 5259
10862 11002
10862 4745
10862 1176
10862 10862
1847 1847
1847 6976
1847 4008
1847 9417
1847 1459
7408 7408
1185 1185
1185 10609
10539 4678
10539 10539
2788 2788
9300 11002
11072 11072
5015 5015
5442 6976
5442 5442
10819 10819
10526 10526
1450 1450
1450 9417
3 9417
5917 6794
5917 5917
10608 10608
4707 4707
4707 943
32916 6085
2097 1459
10925 4054
3183 6085
5010 5010
5583 3199
6976 11168
6976 6107
6976 109
6976 324
6976 6976
6976 6085
2669 2669
3075 3075
3075 109
10609 10609
4137 7154
4137 6096
1459 6085
1459 175
1459 1619
1459 1459
7279 7279
9417 9417
6096 11011
10135 10135
8460 8460
5952 5952
10728 10728
6787 4600
4054 4054
10553 10553
2386 6794
3199 3199
22 22
11025 11025
4354 4354
4354 3485
943 943
4008 4008
2362 2362
3485 3485
4576 4576
2874 2874
2874 3384
5175 5175
9545 9545
11011 11011
7154 6085
7154 7154
11048 11048
49 49
49 1176
11131 11131
3401 4600
3401 3401
6794 6085
6794 6794
11002 11002
4600 6085
4600 4600
9793 6085
9793 9793
1176 1176
3384 3384
6085 6085
175 175
7486 7486
10007 10007
