3985 1018
3794 1847
3794 1131
3794 532
3794 3794
3446 3446
3446 2233
3446 3993
3446 1532
3879 622
3879 3509
4279 290
4279 454
4279 1446
4279 4280
4201 2664
4201 2594
4294 802
4294 1149
4294 4198
4520 297
4520 4170
4520 622
4520 450
4520 763
4520 1
4520 1409
3760 2530
2264 3545
2264 36108
2264 2672
2264 2807
2264 135
2264 2000
2264 66
2264 2264
2264 353
2264 2284
2264 1079
2264 2757
2264 3725
2264 4180
2264 942
2264 2604
2264 3040
2264 290
2264 1946
2264 2954
2264 1149
2264 3623
135 3635
135 348
135 394
135 2720
135 1106
135 3701
135 622
135 4055
135 2363
135 1161
135 3958
946 577
946 946
3645 3671
3697 290
3697 1131
3697 767
3697 806
3697 3697
2083 2348
2083 3503
2083 1353
2083 3833
2083 2275
2083 2784
2083 1073
2083 297
2083 290
2083 828
2083 2389
2083 2938
2083 916
2083 3950
2083 2874
2083 3826
2083 2083
2083 622
2083 3465
2083 2720
2083 460
2083 1114
2083 404
2083 1916
2083 605
2083 3976
2083 2047
2083 3836
2083 2233
2083 1149
2083 3949
2083 1409
382 4095
382 3696
382 4091
382 2618
382 3639
382 2784
382 1119
382 290
382 852
382 2906
382 447
382 1079
382 763
382 3502
382 972
382 2384
382 25
382 1587
382 35833
382 3710
382 2383
382 4040
382 1985
382 2233
382 2954
382 1094
4070 3875
2530 1828
2530 3041
2530 262
2530 3503
2530 1353
2530 4076
2530 66
2530 3851
2530 1114
2530 2000
2530 3811
2530 437
2530 3121
2530 2938
2530 2530
2530 2596
2530 4198
2530 3031
2530 2384
2530 143
2530 507
2530 1306
2530 3876
2530 344
2530 2024
2530 1107
2530 2508
2530 1916
2530 391
2530 3329
2530 2363
2530 290
2530 3485
2530 927
2530 1149
2530 4180
2530 1409
1465 1847
1465 348
1465 3887
1465 1106
1465 1353
1465 1409
1465 1161
1465 350
1465 297
1465 3811
1465 3987
1465 6986
1465 3956
1465 318
1465 625
1465 1358
1465 3687
1465 972
1465 431
1465 1573
1465 3895
1465 2938
1465 2051
1465 1465
1465 83
1465 2349
1465 1537
1465 3885
1465 302
1465 3846
1465 78
1465 3923
1465 934
1465 1096
1465 1622
1465 930
1465 2784
1465 3460
1465 828
1465 4011
1465 66
1465 45
1465 3502
1465 586
1465 3922
1465 1446
1465 1708
1465 2616
1465 4239
1465 3977
1465 3993
1465 3280
1465 23571
1465 2612
1465 1149
1465 3901
1465 689
3888 622
3888 71
3888 66
3888 1353
3888 956
3888 3888
3888 717
462 3811
3856 1847
3856 3856
2906 1847
2906 394
2906 613
2906 78
2906 3639
2906 1450
2906 2757
2906 2906
2906 2954
2906 763
2906 717
2906 1409
2872 3568
3380 1878
3380 3513
3380 1253
3380 1098
3380 3969
3380 1384
3380 121
3380 3927
3380 1450
3380 2757
3380 3380
3380 1993
3514 1847
3514 3280
2554 238
2554 1441
2554 4061
2554 2821
2554 613
2554 763
2554 2586
2554 2508
2554 2784
2554 2554
2554 1463
2554 3682
2554 2954
2554 2383
2554 3096
2554 3124
2554 2233
2554 45
2554 1044
2554 2386
2554 932
1245 3916
250 2841
250 2467
250 1106
250 1353
250 348
250 2349
250 184
250 2757
250 1450
250 2383
250 3956
250 3885
250 2938
250 1946
250 3787
1828 613
1828 450
431 317
431 431
431 81
431 3757
431 430
431 2349
431 2757
431 2043
431 4133
431 1946
431 1079
431 2874
3860 121
3860 3777
3860 1784
3860 2467
3860 348
3860 1114
3860 1107
3860 83
1246 2106
1246 78
1246 2841
1246 1246
2555 622
2555 828
2555 943
2555 2349
1837 2912
1119 27
1119 238
1119 96
1119 4102
1119 2945
1119 78
1119 3639
1119 1107
1119 1119
1119 3808
1119 1463
1119 3762
1119 1786
1119 763
1119 351
1119 2467
1119 1867
1119 1096
1119 2508
1119 3494
1119 4103
1119 2363
1119 3709
1119 2737
2678 1847
2678 3545
2678 2678
2678 2383
2678 3969
2678 394
2678 66
2678 3909
2678 3639
2678 613
2678 78
2823 1441
2823 2467
2823 2
2823 65
2823 2356
2823 1591
2823 3272
2823 2823
2823 19475
2823 2954
2823 802
2823 4040
825 2954
1631 3710
1631 3502
380 2356
2031 1409
3857 32
3857 2874
3857 3857
818 802
1618 3028
1618 342
1618 625
1618 1079
1618 1618
1618 2784
1618 3623
1618 2386
1703 290
1703 404
1703 1784
1822 943
416 1831
416 1993
416 4265
425 3696
425 1253
425 986
425 3992
425 45
425 2665
425 184
425 297
425 582
425 1353
425 2954
425 3958
425 3721
1015 1610
1015 49
1015 3554
1015 1015
3927 397
3927 3513
3927 1106
3927 1921
3927 2734
3927 2023
3927 1384
3927 2938
3927 1084
3927 1049
3927 2757
3927 19475
3927 88
3927 430
3927 1018
3927 986
3927 801
3927 943
3927 917
3927 1832
3927 2821
3927 2383
3927 1353
3927 391
3927 2348
3927 2
3927 930
3927 1
3927 4149
3927 828
3927 66
3927 100
3927 2874
3927 28
3927 307
3927 1114
3927 3701
3927 75
3927 3272
3927 1238
3927 3927
3927 4117
3927 3247
3927 1046
3927 1149
3927 11
806 3806
806 4189
806 469
806 2233
806 1459
806 1131
806 3040
1977 828
1977 3377
1977 3623
3052 3052
3052 1384
3052 1528
3052 582
2737 3536
16 828
16 3623
2819 2383
2819 3952
2819 3502
2819 2819
4092 4235
4092 4092
4092 3887
4092 1573
4092 3503
4092 430
4092 1161
4092 1384
4092 2290
4092 2874
3407 3358
3708 66
3708 297
3708 2290
3708 2938
3708 290
3708 3708
3708 3725
3708 3199
424 1573
808 2784
919 66
353 2356
353 586
353 3811
353 3589
353 1409
353 3639
353 1832
353 4177
916 1797
916 1648
916 916
916 3623
916 1409
947 132
660 3246
1335 1004
1335 238
1335 297
1335 1107
1335 3960
1335 1463
1335 1048
1335 2784
1335 1335
1335 3958
1532 1610
1532 1096
1532 2807
1532 1467
1532 1450
1532 3701
1532 440
1532 3811
1532 2594
1532 2233
1532 3721
1532 2664
1532 1532
3261 3261
3261 2348
75 1946
3837 66
3837 3314
3837 943
71 71
71 2720
71 4048
71 2874
71 1409
3725 763
3725 2290
3725 1106
3725 3725
3725 290
3725 2349
3725 297
3725 2653
3725 828
3725 2938
3725 802
3725 2480
3725 78
1131 3736
1131 3696
1131 4045
1131 4061
1131 3882
1131 2497
1131 767
1131 2784
1131 2508
1131 297
1131 2653
1131 3681
1131 1131
1131 763
1131 2569
1131 4056
1131 4175
1131 3589
1131 1441
1131 3777
1131 2672
1131 4031
1131 143
1131 3035
1131 3538
1131 3528
1131 348
1131 3958
1832 763
1832 622
1832 3696
1832 934
1832 4149
1832 1353
1832 65
1832 3
1832 66
1832 802
1832 2874
1832 1409
1835 492
1835 1835
1835 3040
1835 2467
1528 2874
1528 2052
1528 582
1528 348
1528 65
3959 1149
3959 4198
3959 3958
396 344
634 634
634 3035
3958 3041
3958 2807
3958 3882
3958 3684
3958 3977
3958 1463
3958 143
3958 1450
3958 1073
3958 2757
3958 3974
3958 802
3958 1107
3958 2384
3958 1573
3958 2363
3958 3710
3958 4063
3958 750
3958 290
3958 3324
3958 3958
3958 1409
404 622
404 404
404 1441
404 2594
404 1353
404 986
404 1047
404 83
404 297
404 3811
404 828
404 1098
404 1547
404 802
3473 3473
3473 303
3473 394
3473 78
3473 577
3473 45
3473 4177
3473 1409
2614 4093
934 1847
934 348
934 1106
934 3503
934 874
934 394
934 2784
934 3280
934 1902
934 2954
934 2878
934 3651
3503 717
3503 36108
3503 1106
3503 1353
3503 78
3503 1384
3503 297
3503 2757
3503 4204
3503 2701
3503 25
3503 2024
3503 3304
3503 66
3503 2821
3503 3154
3503 4198
3503 2594
3503 1238
3503 3199
3503 340
3503 3703
3503 342
3503 3503
3503 2290
3503 2784
3503 1
3503 3684
3503 2008
3503 1073
3503 2938
3503 2874
3503 3272
3503 2384
3503 1306
3503 2000
3503 1464
3503 1928
3503 441
3503 2625
3503 451
3503 290
3503 3186
3503 1149
3503 2099
288 2051
288 437
288 2327
288 360
955 972
955 1441
955 3237
955 1353
955 78
955 767
955 955
955 65
955 1592
955 2000
955 3811
955 3528
955 3096
955 2368
955 2757
955 3356
955 1946
955 4268
955 2480
955 4040
955 1409
781 1353
781 1851
3775 2938
3775 4074
4089 4089
4089 1161
4089 3485
4089 290
4089 2290
4089 1384
3970 3970
3970 344
3970 394
1018 2757
1018 3143
1018 3238
1018 1384
1018 2784
1018 4198
3796 1536
3356 972
3356 4248
3356 4205
3356 3356
3356 1079
3356 3206
3356 340
2356 622
2356 2467
2356 3909
2356 1622
2356 83
2356 2356
2356 184
2356 429
2356 7
2356 1345
2356 1358
2356 1409
4024 1463
4024 3874
4024 1993
1139 3590
1139 3920
4128 83
4128 617
4166 290
4166 394
1573 1847
1573 3713
1573 1441
1573 3887
1573 3909
1573 1353
1573 2290
1573 3967
1573 184
1573 429
1573 3987
1573 689
1573 2874
1573 3922
1573 1573
1573 83
1573 3035
1573 4153
2467 1847
2467 972
2467 622
2467 1047
2467 1622
2467 1096
2467 3206
2467 1450
2467 7
2467 3874
2467 763
2467 717
2467 586
2467 45
2467 2467
2467 943
2467 492
2467 3304
2467 430
2467 83
2467 2349
2467 1353
2467 290
2467 3186
2467 2508
2467 340
1021 65
1021 4291
1021 4117
1021 2215
1021 2284
1021 1384
1021 1021
1021 4198
3905 956
3905 1784
3905 3905
3905 65
3905 412
121 3674
121 3696
121 394
121 1353
121 78
121 3639
121 3238
121 1107
121 3872
121 2616
121 3811
121 35833
121 2837
121 45
121 763
121 1358
121 2785
121 121
121 4235
121 3589
121 3685
121 2841
121 1867
121 986
121 132
121 3710
121 4042
121 2821
121 3280
121 1648
121 1735
121 1851
121 3885
121 290
121 1946
121 1040
121 450
121 2612
4257 143
4257 4097
1238 1594
1238 1353
1238 2215
1238 2290
1238 1384
1238 2784
1238 1107
1238 3777
1238 290
1238 1073
1238 1851
1238 2757
1238 1149
1238 2874
582 4011
582 4155
582 582
582 381
582 1384
582 943
582 3701
582 184
582 65
582 1851
582 2874
3819 1054
3819 1409
37 14672
3901 2052
3901 360
3901 613
3901 1622
3901 3509
1643 3923
4031 1847
4031 2705
4031 2029
577 238
577 1446
577 586
577 577
577 78
577 2784
577 972
577 2123
577 1463
577 2143
1161 262
1161 321
1161 613
1161 1098
1161 1784
1161 299
1161 83
1161 35357
1161 2043
1161 733
1161 3557
1161 2080
1161 2954
1161 763
1161 2874
1161 1161
3639 1847
3639 238
3639 2672
3639 4105
3639 622
3639 2807
3639 78
3639 3639
3639 1
3639 4188
3639 350
3639 1636
3639 828
3639 1902
3639 4005
3639 763
3639 1610
3639 586
3639 3685
3639 2841
3639 1909
3639 3944
3639 348
3639 430
3639 406
3639 1916
3639 1353
3639 290
3639 2954
3639 1098
3639 1149
3639 1106
3639 1409
1547 35357
1547 622
1547 1547
1547 3696
1547 397
1547 297
1547 66
1547 828
1547 2874
1547 2784
3828 1847
3647 290
3647 3993
3647 3647
2757 3779
2757 3960
2757 1353
2757 1784
2757 350
2757 297
2757 1441
2757 3956
2757 2757
2757 19475
2757 3233
2757 2841
2757 394
2757 2384
2757 1004
2757 4015
2757 3040
2757 2734
2757 1464
2757 450
2757 92
2757 1096
2757 2290
2757 2784
2757 143
2757 3832
2757 3684
2757 4078
2757 344
2757 2874
2757 317
2757 2000
2757 348
2757 1047
2757 3990
2757 1650
2757 3272
2757 3602
2757 290
2757 1149
4059 4059
4059 4055
3035 972
3035 4045
3035 2735
3035 4102
3035 4061
3035 3845
3035 2000
3035 1536
3035 3035
3035 3028
3035 3811
3035 2705
3035 2510
3035 2954
3035 763
3035 4135
3035 4105
3965 942
4040 1847
4040 4057
4040 4105
4040 3969
4040 4176
4040 2784
4040 297
4040 143
4040 66
4040 1044
4040 1358
4040 4040
4040 972
4040 22
4040 1306
4040 2384
4040 440
4040 290
4040 1149
1107 1847
1107 360
1107 1353
1107 1384
1107 3684
1107 1107
1107 297
1107 65
1107 3485
1107 1073
1107 1946
1107 2330
1107 4069
1107 1079
1107 622
1107 2000
1107 2821
1107 14672
1107 321
1107 2720
1107 2363
1107 3701
1107 1149
1107 440
1107 3272
1107 2874
1107 1851
1107 391
1107 290
1107 1916
1107 717
1107 2664
1107 3949
1365 1047
4222 2954
4232 2233
3683 350
3683 1463
3683 763
3683 441
3454 1149
3454 1106
3304 3846
3304 3304
3304 1459
3304 2290
3304 802
412 2954
412 828
3031 3031
3031 1851
3031 394
3031 2734
3031 45
3031 1149
3031 1409
1993 935
1993 6986
1993 619
1993 4274
4145 3384
4145 2300
4145 586
4145 3931
4145 2910
4145 4145
2954 1847
2954 238
2954 36108
2954 2672
2954 4045
2954 3887
2954 1353
2954 3882
2954 4120
2954 3238
2954 1463
2954 3811
2954 3121
2954 4034
2954 2510
2954 2933
2954 1044
2954 3821
2954 35357
2954 3690
2954 78
2954 763
2954 469
2954 3206
2954 4250
2954 932
2954 4267
2954 1516
2954 3951
2954 908
2954 1946
2954 1459
2954 2954
2954 17773
2954 1590
2954 2003
2954 3766
2954 2807
2954 2784
2954 3280
2954 143
2954 828
2954 3
2954 4189
2954 2938
2954 1079
2954 3787
2954 344
2954 3736
2954 2384
2954 1982
2954 2621
2954 297
2954 4197
2954 239
2954 4093
2954 1047
2954 1592
2954 2480
2954 302
2954 3674
2954 4078
2954 3602
2954 1888
2954 1626
2954 290
2954 3056
2954 1149
2954 3623
2954 3554
2436 2436
2436 1946
2436 3183
2436 2361
2436 2000
3684 1847
3684 848
3684 987
3684 1253
3684 1353
3684 4111
3684 1384
3684 3684
3684 350
3684 297
3684 3
3684 1
3684 1902
3684 3736
3684 25
3684 22
3684 422
3684 3993
3684 1592
3684 1149
3684 4061
3684 2807
3684 290
3684 3623
3684 3832
3808 763
798 4183
798 733
798 4110
2389 350
2389 25
2389 1650
2389 2389
2389 290
2389 802
2389 2784
2389 1061
3063 429
3063 2305
3063 3206
1791 66
1791 3907
1791 1409
2284 3280
2284 4198
2284 3885
2284 1384
2284 2874
3854 763
3854 828
3854 3854
766 1847
766 398
766 1459
766 3993
766 802
766 766
766 1409
1878 1878
1878 3513
1878 1724
1878 2052
1878 1384
1878 2330
1878 3649
1878 344
1878 3696
1878 391
1878 3272
1878 3318
1878 66
1878 2874
1184 767
1184 2480
4084 184
4084 4084
4084 2051
4084 3710
3867 66
3867 2933
3993 1847
3993 1233
3993 348
3993 2404
3993 3811
3993 556
3993 1409
3993 3318
3993 4055
3993 1946
3993 143
3993 3929
3993 4287
3993 935
3993 344
3993 4074
3993 1610
3993 4155
3993 3589
3993 1446
3993 454
3993 2361
3993 3993
3993 1047
3993 2653
3993 4259
3993 35357
3993 4061
3993 3154
3993 4023
3993 4288
3993 1902
3993 290
3993 428
3993 1044
3993 1392
3993 1149
3993 3897
3917 1847
3840 3696
3987 1708
3987 317
3987 2349
3987 3992
3987 3874
3987 3502
451 35575
4153 1044
4153 3887
4153 1149
4277 828
3859 1946
3859 3183
3859 2143
1040 3272
1040 1040
1040 290
1040 1353
1040 3824
1040 78
1040 1095
1040 45
1040 1409
3990 2720
3952 184
3952 622
3952 3377
3952 394
3952 943
3952 3952
238 1847
238 238
238 3421
238 4097
238 3887
238 2386
238 2642
238 3811
238 1044
238 763
238 2384
238 4126
238 1149
238 750
238 4267
238 2029
238 406
852 297
852 852
96 454
96 290
96 96
1106 1847
1106 36108
1106 2672
1106 1106
1106 1353
1106 956
1106 1114
1106 3902
1106 290
1106 3329
1106 2837
1106 3502
1106 622
1106 586
1106 348
1106 83
1106 454
1106 3280
1106 3272
1106 1946
1106 1409
556 2616
556 1094
3866 66
3866 3485
3866 2874
3842 1369
3681 3681
3681 767
3681 1409
2106 1648
2106 2841
2106 402
2106 3847
2106 2106
1902 1610
1902 3846
1902 840
1902 430
1902 2874
4133 350
4133 1463
4133 782
4133 2000
4133 4133
4133 1946
4133 1409
4133 2784
4133 359
4133 1587
4144 83
2089 3589
2089 2089
3685 3
3685 381
3685 394
3685 1409
35833 1847
35833 4155
35833 78
35833 1867
35833 2
35833 3701
35833 750
35833 828
35833 3156
35833 1851
35833 3318
35833 66
35833 2233
35833 35833
35833 394
3710 2616
3710 1353
3710 1384
3710 460
3710 441
3710 297
3710 437
3710 3040
3710 66
3710 4053
1378 184
1378 350
1378 1307
1378 49
1378 1353
1378 1946
1378 3851
440 1847
440 2677
440 4248
440 2841
440 4076
440 2122
440 1
440 440
440 2785
440 1946
440 2233
440 1079
440 2480
391 1143
391 3513
391 1784
391 394
391 1353
391 78
391 2669
391 350
391 297
391 439
391 66
391 717
391 321
391 492
391 943
391 83
391 1648
391 3949
391 1851
391 3992
391 3709
391 391
391 3623
391 1409
93 3902
93 3811
93 2672
93 2383
93 381
93 93
93 454
93 1353
93 1946
4108 2
4108 1982
4108 4140
4108 2784
960 2807
370 40
4135 972
4135 586
4135 1358
4135 4135
2348 2348
2348 605
2348 4049
2348 321
2348 812
2348 11
4105 2000
4105 1176
4105 4061
4105 3139
4105 1149
4067 4067
4067 3315
4067 3502
4067 102
2807 2363
2807 4114
2807 3969
2807 3701
2807 3976
2807 66
2807 1946
2807 1079
2807 3734
42 299
429 3690
429 3887
429 1079
429 1409
429 4160
429 3874
429 1149
3610 2627
1035 184
1079 1233
1079 4205
1079 66
1079 1384
1079 3873
1079 2653
1079 2510
1079 1079
1079 1446
1079 297
1079 613
1079 532
1079 1916
1079 1946
1079 1098
1079 1149
1079 3956
4073 1149
3056 767
3056 1384
3056 3623
3056 394
3465 622
3465 1409
3465 1587
402 402
402 1353
402 3509
402 102
402 3494
402 1149
402 350
402 4055
402 3701
402 763
402 406
402 2874
2720 3779
2720 3041
2720 394
2720 1353
2720 3485
2720 1073
2720 2734
2720 290
2720 45
2720 344
2720 3315
2720 2874
2720 1310
987 3315
987 348
987 45
987 1409
1592 1847
1592 3969
1592 1592
3682 3682
3682 2508
3682 932
3692 1946
3692 3692
3692 2000
3413 184
3413 1353
2143 36108
2143 1946
2143 290
2143 1459
2143 2143
2143 83
3108 297
3108 3696
3108 1851
3108 3108
3108 943
3108 1149
3108 2349
932 27
932 3545
932 1306
932 942
932 297
932 2653
932 2785
932 3623
932 932
1100 49
2305 972
2305 1626
2305 454
1353 1847
1353 1353
1353 78
1353 65
1353 2000
1353 473
1353 1724
1353 3121
1353 802
1353 3826
1353 303
1353 2821
1353 2938
1353 763
1353 2024
1353 4043
1353 430
1353 83
1353 2349
1353 3716
1353 733
1353 717
1353 2734
1353 1946
1353 32
1353 586
1353 2290
1353 4188
1353 4016
1353 437
1353 3
1353 3509
1353 66
1353 2874
1353 622
1353 2384
1353 1392
1353 1231
1353 35575
1353 297
1353 239
1353 2215
1353 1114
1353 1797
1353 2837
1353 1084
1353 290
1353 310
1353 1149
1353 3554
1353 2672
1353 3887
1353 1384
1353 2508
1353 184
1353 3902
1353 3811
1353 49
1353 4204
1353 1916
1353 25
1353 507
1353 3065
1353 3687
1353 4002
1353 942
1353 1004
1353 3154
1353 3753
1353 3602
1353 450
1353 3485
1353 3545
1353 930
1353 1310
1353 1
1353 3096
1353 1610
1353 3118
1353 45
1353 344
1353 3502
1353 2841
1353 28
1353 4000
1353 613
1353 3931
1353 2148
1353 460
1353 1450
1353 3701
1353 3049
1353 302
1353 828
1353 1851
1353 1888
1353 4011
1353 3872
1353 1409
4176 1847
4176 143
3737 3736
3937 2384
3937 290
3937 1982
3937 1384
3937 3324
3937 3937
605 622
605 2874
605 2349
6986 4110
3956 1004
3956 3956
3956 1946
3956 2784
2122 1098
1610 2672
1610 78
1610 2000
1610 4268
1610 2926
1610 3554
1610 1176
1610 2938
1610 45
1610 3502
1610 1610
1610 2841
1610 1384
1610 3811
1610 1916
1610 4085
1610 3280
1610 3154
1610 1946
1610 1409
2841 3041
2841 78
2841 1384
2841 65
2841 350
2841 2837
2841 1441
2841 1
2841 763
2841 2874
2841 586
2841 3795
2841 3825
2841 2841
2841 986
2841 454
2841 797
2841 66
2841 2164
2841 733
2841 3502
2841 2734
2841 290
2841 1916
2841 1459
2841 1409
2841 49
2841 1149
2841 3121
2615 297
2615 2615
2615 2874
2615 3186
132 1985
132 439
40544 2368
4042 4011
4042 360
4042 1676
4042 45
4042 2349
3532 1916
3532 602
3532 2000
3532 3532
1392 4055
927 1121
927 828
927 2784
927 1946
927 290
927 802
927 3885
927 1384
927 956
927 927
3875 3875
3875 763
4054 4054
4054 4049
4054 2874
3923 1537
3923 3923
3923 1320
3923 2051
3923 1345
1467 2233
1467 1096
1467 1467
1676 1921
1676 1676
1676 49
1676 2349
1622 184
1622 1708
1622 3705
1622 3696
1622 437
1622 65
1622 3811
2290 3846
2290 2290
2290 3887
2290 2
2290 3757
2290 2784
2290 1073
2290 297
2290 1384
2290 828
2290 469
2290 2052
2290 3844
2290 943
2290 683
2290 3040
2290 1735
2290 290
2290 3602
2290 1459
2290 2938
2290 1149
2290 4198
317 317
317 297
317 1073
317 3738
317 1463
317 2349
317 1851
317 1946
317 1149
317 1409
1073 65
1073 2784
1073 297
1073 828
1073 2938
1073 4198
1073 4235
1073 22
1073 454
1073 1149
1073 3280
1073 2874
1073 1735
1073 290
1073 3324
1073 1409
2008 2008
2008 290
2008 2024
2008 1114
2008 2874
2008 1149
3763 2508
2938 1847
2938 3847
2938 1384
2938 3238
2938 65
2938 1464
2938 3696
2938 763
2938 802
2938 4696
2938 454
2938 1044
2938 2349
2938 2665
2938 3272
2938 2874
2938 874
2938 1459
2938 3199
2938 346
2938 1441
2938 2
2938 1
2938 2938
2938 717
2938 2384
2938 3777
2938 348
2938 1114
2938 4220
2938 1587
2938 3280
2938 2043
2938 1735
2938 1851
2938 290
2938 1149
2938 930
2938 1409
3497 1708
1345 4035
1345 1409
763 1847
763 2672
763 3887
763 874
763 3951
763 350
763 297
763 3811
763 3338
763 3903
763 19475
763 1546
763 1044
763 3821
763 3690
763 22
763 1916
763 763
763 2000
763 83
763 3494
763 2821
763 3040
763 3589
763 3787
763 27
763 3846
763 2480
763 4120
763 2386
763 3804
763 3766
763 930
763 3709
763 2653
763 828
763 3863
763 66
763 2622
763 45
763 3900
763 586
763 2734
763 1867
763 2604
763 3700
763 348
763 1047
763 2508
763 4079
763 1121
763 346
763 1851
763 290
763 3825
763 2664
763 406
763 1149
1048 1916
3795 290
3795 622
3795 3795
3795 2784
4300 4268
674 3736
2497 2497
4239 4183
4239 348
4 3314
3790 359
1168 3913
1168 1168
1168 3897
4055 45
4055 1
4055 394
4055 4055
3898 1004
3898 3370
3898 3898
290 1847
290 3916
290 3509
290 78
290 297
290 473
290 3248
290 802
290 972
290 1657
290 454
290 430
290 83
290 4259
290 4008
290 4198
290 1946
290 1233
290 4233
290 3329
290 2784
290 3032
290 143
290 66
290 2874
290 3736
290 622
290 2384
290 1982
290 2734
290 1306
290 2000
290 4197
290 1114
290 2097
290 1874
290 3272
290 290
290 3186
290 2664
290 1149
290 3674
290 36108
290 1047
290 4114
290 1384
290 3902
290 3811
290 1
290 45
290 788
290 3899
290 2785
290 4199
290 507
290 3960
290 321
290 394
290 942
290 4080
290 3154
290 2383
290 3040
290 1735
290 2233
290 346
290 661
290 3703
290 358
290 4102
290 3992
290 613
290 580
290 360
290 2837
290 3792
290 4138
290 4188
290 717
290 4000
290 1056
290 348
290 460
290 1916
290 750
290 302
290 1851
290 3872
290 1409
2386 1847
2386 3528
2386 2386
11 297
11 1384
11 4198
2912 3913
2912 143
2912 828
2912 1915
2912 3887
2912 1557
2912 802
2912 3900
3887 3887
3887 3882
3887 2000
3887 3874
3887 1149
3887 717
381 184
381 3049
381 4011
381 4177
817 2784
361 350
361 310
361 4226
4053 1446
4053 3096
4053 4053
4053 896
4053 1149
17773 3951
17773 17773
17773 586
17773 2734
4177 184
4177 3902
4177 733
4177 1851
4177 4177
4177 1
4177 3502
350 3545
350 2672
350 2811
350 874
350 78
350 532
350 184
350 66
350 437
350 4011
350 45
350 3502
350 350
350 3922
350 586
350 360
350 83
350 2349
350 4074
350 3338
350 348
350 1149
310 310
310 828
310 2837
310 3557
310 1851
310 66
310 930
310 1114
1084 184
1084 1084
1084 1231
4241 1946
3782 359
469 1591
469 22
469 394
469 469
469 3882
469 344
469 1149
2873 297
4204 297
4204 3272
4204 22
4204 394
4204 1587
4078 297
4078 4078
4243 767
4243 3
4248 4248
4248 2618
4248 2233
4248 3969
3065 3931
3065 386
4126 4120
4126 1590
4102 4085
4102 972
4102 4102
4102 802
4102 1149
3396 3396
3396 83
1979 3186
1979 1384
1979 2874
3753 2215
3753 3753
3753 1149
602 2000
602 602
3199 3811
3199 1735
3199 1409
3651 2944
3651 613
1867 1867
1867 1149
1867 2349
1867 1409
1799 66
1799 2384
930 1441
930 2874
930 4149
930 3931
930 1384
930 348
930 2000
930 362
930 1149
930 930
4288 802
4288 4198
4288 4287
3804 1446
3804 1409
360 360
360 2985
360 3578
360 437
360 4011
360 3233
360 3950
360 586
360 1657
360 35575
360 1826
360 3049
360 4058
360 733
360 1149
360 1409
3395 3049
1 3421
1 3696
1 379
1 1784
1 2784
1 1
1 2616
1 3811
1 2672
1 3824
1 3341
1 2874
1 3826
1 1446
1 1648
1 3238
1 1149
1 1409
2300 622
2300 3040
2300 1463
2300 2734
2300 4286
2300 3969
2300 344
2300 2665
1306 935
1306 3696
1306 1306
1306 3969
1306 1384
1306 3513
1306 2384
1306 66
1306 78
2784 1847
2784 2874
2784 3960
2784 1233
2784 4061
2784 3885
2784 1384
2784 460
2784 2158
2784 184
2784 2000
2784 3811
2784 2051
2784 321
2784 1587
2784 2384
2784 2604
2784 1004
2784 5730
2784 2734
2784 2594
2784 3846
2784 1441
2784 4079
2784 2
2784 2784
2784 4186
2784 4138
2784 3384
2784 913
2784 2349
2784 1446
2784 297
2784 1464
2784 3832
2784 3701
2784 1149
2784 3040
2784 2480
2784 2099
2784 1409
3186 2384
3186 1384
3186 3186
3186 2215
3186 2874
3118 2672
3118 3554
3118 1946
81883 3649
3315 1916
3315 848
3315 1441
3315 45
3315 942
3315 3315
3315 2349
3502 1847
3502 78
3502 3969
3502 2330
3502 2000
3502 3811
3502 2060
3502 45
3502 2874
3502 586
3502 437
3502 303
3502 83
3502 2616
3502 102
3502 3502
3502 3238
3502 1094
351 2945
351 45
613 1847
613 1724
613 3969
613 1047
613 66
613 143
613 1441
613 1915
613 802
613 745
613 2874
613 3948
613 613
613 348
613 3509
613 1587
613 484
613 434
613 2612
613 1149
613 1409
3931 1921
3931 3931
3931 83
3931 184
3931 2821
3931 4011
3931 1851
3931 733
3931 3238
3931 2874
348 1847
348 348
348 874
348 78
348 1384
348 3777
348 3811
348 2051
348 430
348 2097
348 3509
348 83
348 2383
348 733
348 426
348 3909
348 1173
348 437
348 3
348 4189
348 354
348 622
348 4155
348 3902
348 828
348 1851
348 1149
348 3623
348 394
3637 3637
302 3736
302 3041
302 3766
302 3845
302 767
302 3237
302 65
302 1662
302 4061
302 2383
302 1735
302 3885
302 1982
3602 1384
3602 3602
3602 3757
2833 1946
2833 3811
2833 3826
284 2811
284 2664
284 284
284 22
1409 1847
1409 956
1409 78
1409 36108
1409 2000
1409 3824
1409 802
1409 814
1409 22
1409 1587
1409 83
1409 4058
1409 1946
1409 27
1409 1441
1409 4182
1409 586
1409 2330
1409 828
1409 3
1409 66
1409 2874
1409 1446
1409 3635
1409 4155
1409 35575
1409 1463
1409 3568
1409 297
1409 49
1409 394
1409 1626
1409 1149
1409 3623
1409 4035
1409 2672
1409 1784
1409 1384
1409 184
1409 3811
1409 3950
1409 3874
1409 3909
1409 450
1409 3696
1409 3969
1409 767
1409 4048
1409 2653
1409 3096
1409 45
1409 344
1409 717
1409 3589
1409 2363
1409 460
1409 2508
1409 3156
1409 2383
1409 1851
1409 2612
1409 1409
4155 2384
4155 3696
4155 394
4155 78
4155 3992
4155 1384
4155 4155
4155 344
4155 3
2361 4252
2361 3620
2361 4268
2361 2672
2361 1233
2361 1946
3885 1916
3885 3885
3885 2874
78 1847
78 3513
78 78
78 36108
78 297
78 3696
78 3121
78 3874
78 802
78 3826
78 430
78 1657
78 22
78 321
78 3509
78 83
78 1047
78 49
78 1059
78 346
78 184
78 394
78 3992
78 437
78 3318
78 66
78 45
78 586
78 2233
78 2552
78 828
78 4023
78 1851
78 3623
3855 1459
3855 1047
3855 717
299 3777
299 299
299 2874
675 2233
675 4205
3777 586
3777 3777
3777 2604
3777 297
3777 828
3777 1464
3777 3792
3777 2874
3777 2627
3578 66
3578 3578
3578 1441
3578 3786
1049 4231
1049 1377
1049 1847
1049 3872
1049 344
2051 586
2051 22
2051 3895
2051 2349
2051 4110
2051 66
2051 3280
2051 2604
2051 2051
2051 689
269 269
935 507
935 2000
935 1047
935 2480
935 750
935 2233
935 1946
935 625
935 1149
935 3897
975 4043
2052 297
2052 2052
2052 321
2052 3545
2052 394
3160 2642
2266 2618
430 22
430 4061
430 430
430 1384
430 4160
430 3528
430 3
3206 2672
3206 4189
3206 4130
3206 1946
3206 3206
1546 406
1961 1384
1961 1149
434 2821
434 35575
434 493
434 379
434 1044
434 1149
340 2384
340 717
3528 4056
3528 2672
3528 405
3528 454
3528 4086
3528 2233
3528 3528
3528 3623
1384 3513
1384 4235
1384 1384
1384 36108
1384 65
1384 297
1384 3338
1384 4266
1384 454
1384 2384
1384 1047
1384 3272
1384 2363
1384 1946
1384 1982
1384 3040
1384 3545
1384 401
1384 2275
1384 3324
1384 4186
1384 4016
1384 828
1384 3
1384 3832
1384 4138
1384 344
1384 2874
1384 3635
1384 2000
1384 4049
1384 1464
1384 2215
1384 1594
1384 1114
1384 3701
1384 1149
1384 4198
1384 4181
1384 1851
1384 4117
1384 2480
3290 4130
143 1847
143 4217
143 2672
143 3951
143 297
143 143
143 66
143 3248
143 802
143 1982
143 4197
143 2944
143 3040
143 2627
28 259
28 40
28 3049
28 307
28 28
1229 3811
66 1847
66 36108
66 3939
66 3847
66 184
66 297
66 1441
66 3824
66 788
66 321
66 492
66 3557
66 3509
66 83
66 1708
66 1537
66 1648
66 717
66 3992
66 3846
66 3703
66 3696
66 460
66 3783
66 3709
66 66
66 45
66 2874
66 271
66 3922
66 1650
66 1261
66 1916
66 750
66 1797
66 4008
66 1149
66 4198
349 2837
3641 3640
3696 3513
3696 3696
3696 3992
3696 3824
3696 3787
3696 344
3696 2349
3696 22
3696 3700
3696 1095
3696 83
3696 3121
3696 750
3696 3156
3696 1202
3696 2805
3696 1626
3696 1648
3696 2612
3696 3623
2215 3545
2215 2215
2215 297
2215 828
2215 362
2215 2874
1114 32
1114 1114
1114 3701
1114 2665
1114 2653
1114 1851
1114 4117
1114 2874
4402 1946
1109 297
3382 3568
2043 1198
2043 2043
2043 3
2043 1149
4291 2874
3041 1847
3041 586
3041 3041
3041 3825
3041 2330
3041 3826
3041 297
3041 3811
3041 2625
3041 3023
3041 3900
3041 1149
3041 1446
4079 4158
3623 1847
3623 3545
3623 4061
3623 3096
3623 1657
3623 3948
3623 1446
3623 454
3623 695
3623 1149
3623 3623
397 397
397 297
3779 297
3779 622
3779 450
3779 1149
1724 1724
1724 943
1724 2874
4045 4061
4045 4045
3975 1149
3951 3951
3951 1044
3951 802
4199 1847
4199 992
4199 3811
4199 838
4199 2734
184 1708
184 1921
184 297
184 49
184 4011
184 3874
184 184
184 45
184 1446
184 321
184 394
184 943
184 2653
184 3238
184 4080
184 437
184 1657
184 3049
184 2612
184 25
3902 586
3902 3939
3902 2000
3902 3944
3902 83
3902 3902
3902 1874
3902 437
3902 1946
3902 362
3902 45
3902 49
3170 2991
1441 1847
1441 1441
1441 3969
1441 65
1441 1463
1441 3096
1441 45
1441 586
1441 3922
1441 3687
1441 35575
1441 2821
1441 943
1441 454
1441 4064
1441 2000
1441 3
1441 1149
2933 802
4140 2
1358 1847
1358 405
1358 394
1358 2349
1358 3874
1358 3721
1358 1358
1358 1310
1437 1946
1437 3811
1437 45
1437 36108
1437 3687
3992 3545
3992 943
3992 1450
3992 49
3992 2275
3992 3992
3992 3
3992 344
25 25
25 1946
25 1056
25 767
4158 1648
4158 22
4158 733
4158 4274
532 1916
532 2672
532 3
532 3716
1004 4097
1004 3960
1004 3676
1004 3246
1004 1004
1004 745
5730 3485
5730 1149
5730 2874
1648 394
1648 828
1648 1648
1648 2349
1648 346
3238 3384
3238 813
3238 1784
3238 1446
3238 2
3238 1650
3238 65
3238 3874
3238 3238
3238 2349
3846 802
3846 942
3846 1916
3846 2000
3846 1149
3756 2510
92 2
394 1847
394 36108
394 3816
394 943
394 3811
394 3895
394 454
394 3509
394 3023
394 2597
394 3545
394 394
394 1591
394 2622
394 45
394 344
394 717
394 622
394 3948
394 1446
394 1231
394 1047
394 2060
394 4220
394 750
394 1626
394 4234
394 2612
394 3377
3757 3384
3757 362
3757 2665
1170 1170
3832 3832
3318 3049
3318 316
2837 2146
2837 965
2837 447
2837 1946
2837 1149
507 1847
507 262
507 2734
1591 1591
4118 625
2821 2149
2821 2275
2821 4186
2821 297
2821 19475
2821 2665
2821 2874
2821 45
2821 3687
2821 2260
2821 2701
2821 2821
2821 1797
2821 1149
2363 1590
2363 2363
2363 4111
2363 4023
4002 83
4002 4002
1047 1847
1047 3882
1047 3811
1047 3554
1047 802
1047 1047
1047 2233
1047 1098
3701 788
3701 3701
3701 1657
3701 943
3701 2
3701 828
3701 1851
3701 2330
3701 2874
439 83
3829 83
3872 802
3872 1149
3872 2874
2612 1708
2612 83
2612 2648
2612 45
2612 2612
2612 2874
757 1946
3969 1847
3969 3969
3969 896
3969 4011
3969 3922
3969 4056
3969 2000
3969 454
3969 437
3969 1946
3969 1149
2594 1847
2594 2594
2594 2233
4181 4186
4181 297
4181 3272
4181 1149
3803 1459
2000 2672
2000 4061
2000 2734
2000 2000
2000 3811
2000 49
2000 3338
2000 3826
2000 972
2000 454
2000 83
2000 4080
2000 2383
2000 27
2000 586
2000 2653
2000 3873
2000 3096
2000 1946
2000 271
2000 622
2000 4173
2000 4086
2000 1463
2000 2233
2000 3183
2000 1149
2604 586
2604 1587
2604 2604
2604 4016
2604 1851
2604 362
2604 2874
1227 1847
19475 2191
19475 2874
19475 65
19475 2260
19475 297
19475 3485
19475 19475
19475 1149
19475 4198
88 303
88 7
972 2734
972 4005
972 45
972 344
972 972
972 3568
972 454
972 630
972 943
972 3028
972 2233
972 1459
972 1149
1657 1985
1657 1657
1657 1851
1657 321
303 303
303 7
14672 717
14672 1149
2024 297
2024 450
3716 1450
3716 1233
3716 3716
1275 2631
2123 1149
4267 4097
4267 1228
4267 802
4267 1044
4267 2642
1516 1516
484 1446
2734 2734
2734 40739
2734 828
2734 3899
2734 2874
2734 1446
2734 622
2734 2349
2734 1916
2734 1851
2734 1946
2734 1310
2734 1149
3871 450
3871 2874
3949 956
1233 1233
1233 1946
1233 2621
3766 3766
3783 3783
3783 3
4016 4016
4016 2874
437 3995
437 2625
437 437
437 4011
437 7
4011 473
4011 3811
4011 4011
4011 2510
4011 3545
4011 45
4011 1149
658 1847
658 942
3922 3922
3922 3967
3922 956
3922 2874
3922 23571
4110 689
4110 4110
1234 362
3786 297
3635 3635
3635 1149
3635 2874
4173 3811
4173 4173
259 297
259 3485
259 386
259 622
259 733
259 2
259 1149
259 2874
259 259
1446 1847
1446 1851
1446 1463
1446 65
1446 586
1446 1446
1446 943
1446 750
1446 913
1446 1946
3237 586
3237 1450
3237 3785
3237 3237
4138 4138
3028 4061
3028 2233
3280 1847
3280 36108
3280 35575
3280 2797
3280 3154
3280 3280
3280 828
3280 1946
239 1095
239 2874
239 1851
4234 4234
4234 83
3700 943
3700 3700
3377 943
3554 2004
3554 2665
3554 4085
3554 3811
3554 3154
3554 3554
3554 1176
1095 2191
1095 2874
4120 4120
2275 622
2275 450
2275 2275
3811 1847
3811 36108
3811 65
3811 3811
3811 2672
3811 802
3811 454
3811 625
3811 942
3811 83
3811 2701
3811 2383
3811 1946
3811 3545
3811 2446
3811 1590
3811 913
3811 1821
3811 828
3811 3792
3811 45
3811 622
3811 2233
3811 4220
3811 35357
3811 49
3811 840
3811 362
3811 1149
3811 2093
4086 35357
4086 4086
4086 297
4086 454
4086 1946
3955 913
2785 2498
2785 2785
3920 617
3687 3
4178 45
3557 1851
3557 943
3557 83
1874 622
1874 4008
1874 1149
3494 3762
3494 3494
4250 4250
3370 3370
3154 2004
3154 36108
3154 2672
3154 828
3154 942
3154 3154
3154 2446
3736 3736
3736 4061
3736 1590
450 1916
450 828
450 450
450 2664
450 1149
450 2874
1059 1847
1059 1121
1059 358
1059 1059
712 83
3909 788
3909 3909
3909 943
3909 3509
3909 4008
3909 3874
3909 2874
4286 586
4186 4186
4186 297
3827 3873
2622 1121
2622 1377
2622 2622
2622 717
2622 3589
3405 492
3900 297
3900 802
3900 3900
3900 2621
271 271
271 22
271 4275
271 1946
271 1149
271 2627
2705 1847
2705 1797
2705 2705
3071 36108
3071 2735
1708 297
1708 3513
4162 2384
4162 4162
986 828
2653 586
2653 297
2653 2653
2653 1202
2653 3096
2653 1946
2653 406
4220 1847
358 358
358 321
3156 622
3156 2874
4117 4117
2627 3589
2627 3040
2627 1459
2627 2627
3838 362
3838 45
3816 3874
3816 3816
3939 3940
3939 3
3939 3939
3939 1946
262 733
2811 586
2811 4262
65 1851
65 344
65 3272
3824 377
3824 3824
1310 4247
1310 1735
1310 1310
814 1916
814 297
814 943
1884 3844
1884 1149
40 3049
40 40
1587 1847
1587 1096
1587 1587
1587 4198
1587 2349
1587 1650
1587 1463
1587 3272
1587 2233
1587 1946
1587 802
492 1650
492 2874
492 3874
492 3509
492 492
492 812
4043 1946
3509 1847
3509 83
3509 1121
3509 473
3509 2383
3509 7
3509 3509
3509 1149
3509 717
4100 2985
4061 1847
4061 2731
4061 4061
4061 802
4061 3384
4061 586
4061 22
4061 454
4061 1149
4058 2985
4058 4058
4198 3545
4198 683
4198 689
4198 4198
4198 297
4198 1149
4198 2665
4198 3272
4198 2874
4198 1985
4198 4245
4198 4180
1946 1847
1946 4035
1946 2672
1946 4205
1946 3873
1946 2508
1946 1463
1946 3338
1946 802
1946 3826
1946 3806
1946 2383
1946 2233
1946 2404
1946 586
1946 3851
1946 5787
1946 45
1946 1946
1946 4000
1946 622
1946 2384
1946 297
1946 406
1946 454
1946 49
1946 3183
1946 1149
3822 828
2191 2191
2191 956
2191 83
2191 2349
2191 2260
4007 943
3977 2349
3977 3977
828 1847
828 1921
828 1784
828 297
828 49
828 377
828 802
828 943
828 83
828 4008
828 812
828 1253
828 828
828 45
828 2874
828 586
828 1231
828 4096
828 1797
828 3272
828 1851
828 1149
2146 4097
447 2672
3787 3787
3787 2368
622 2672
622 3916
622 956
622 1784
622 4013
622 943
622 83
622 2349
622 36108
622 3545
622 3023
622 1450
622 2330
622 45
622 344
622 2874
622 622
622 406
622 1797
622 1851
622 1149
2384 1847
2384 2672
2384 2149
2384 3248
2384 1044
2384 454
2384 942
2384 2384
2384 750
2384 1459
1594 297
1594 4008
1266 956
1463 4035
1463 2985
1463 297
1463 2233
1463 1463
1463 586
1463 4041
1463 943
1463 1149
1463 3806
1463 2383
1463 3040
1463 1459
1508 3843
35357 35357
35357 4097
35357 2233
840 2559
2196 3121
490 1650
490 2060
848 586
848 45
4035 4035
4035 297
4035 1149
2672 1060
2672 2233
2672 767
2672 2672
2672 3
2672 2874
2672 454
2672 942
2672 4085
2672 3183
2672 1149
1921 4235
2330 586
2330 2330
683 2874
683 1851
4183 4183
3590 2621
3903 460
703 3124
703 3040
3950 1797
3950 3950
1044 3825
1044 35575
1044 3040
1044 1044
1044 1149
4231 4111
2689 1149
1134 1847
1134 2446
405 2368
4272 4272
2985 2985
2985 3272
1985 1985
4217 1982
4217 802
3833 83
3833 1851
2735 2735
1060 767
1060 1060
3897 1847
3324 40739
3709 3709
3096 2508
3096 3096
3096 3675
3096 1459
2368 4097
2368 7
2368 2368
2368 454
2368 3589
4069 1149
4069 4069
3589 1847
3589 3589
3589 2383
3589 802
3314 3314
3314 943
1056 1056
76792 4000
908 908
2508 1847
2508 2508
2508 3
2508 1149
359 2383
1916 788
1916 2060
1916 802
1916 3826
1916 586
1916 3568
1916 1916
1916 1797
1916 733
1916 4276
1916 1459
1916 1149
1916 344
1851 473
1851 344
1851 83
1851 733
1851 32
1851 2
1851 1404
1851 3485
1851 586
1851 1851
362 2
362 362
2293 2731
1847 1847
1847 689
1847 3788
1847 802
1847 22
1847 83
1847 401
1847 2731
1847 3
1847 3560
1847 2233
1847 3628
1847 1121
3845 45
3845 3845
3882 297
3882 3882
2616 3040
3338 3338
3338 586
3121 3121
3121 3568
3248 3248
625 2383
625 625
625 2669
745 745
745 1149
4085 4252
4085 1149
2665 2874
2665 1149
2701 2701
2597 2597
812 2383
812 2480
2972 297
2446 454
2446 2621
3560 802
3560 3560
4252 1176
1450 943
1450 1450
1450 2664
3 3916
3 3
3 2874
3 3876
3 83
3 4080
2235 2874
2480 767
2480 2480
813 2383
98 98
4027 441
2260 956
297 956
297 1464
297 297
297 321
297 83
297 2
297 3040
297 1459
297 45
297 2874
297 1650
297 4023
297 406
297 3485
297 1149
3272 2874
3272 454
3272 3272
3272 4008
3272 1459
3272 1149
3183 3183
406 586
406 802
406 406
406 1149
36108 36108
36108 2349
36108 454
36108 441
36108 1149
1849 802
1849 3040
1849 3755
3785 3785
1784 1784
1784 2
1784 83
1784 3485
1784 4266
1784 1149
1784 2874
1464 2874
1464 1253
1464 344
1464 1464
956 454
956 2874
3690 767
321 321
321 3513
321 2233
802 802
802 3899
802 4097
802 2874
802 3863
802 454
802 1149
1797 1797
1797 3485
3040 3919
3040 1656
3040 45
3040 3568
3040 630
3040 3040
3040 1459
3040 23571
3040 1149
3040 4180
2233 896
2233 45
2233 2874
2233 2233
2233 1149
1459 3545
1459 4111
1459 344
1459 385
1459 1459
1459 1149
3545 3545
3545 3649
3545 4247
3545 733
1096 1096
4200 1149
1626 1626
3873 2004
3873 3873
3124 454
3124 2149
3124 3675
717 32
717 344
717 2874
717 586
717 454
717 733
717 717
717 1149
2944 2944
630 630
1149 3513
1149 3826
1149 22
1149 454
1149 83
1149 2
1149 2510
1149 2874
1149 1982
1149 35575
1149 3844
1149 1149
1149 3874
1149 4048
1149 45
1149 344
1149 586
1149 460
1149 3049
3049 586
3049 3049
3049 733
3049 2874
4023 4023
4180 4180
4180 344
4189 4189
3513 3513
3513 2874
3916 2874
4205 4205
473 473
473 733
1915 1915
4259 4259
3233 3485
1173 586
45 83
45 586
45 45
22 22
586 49
586 4262
586 83
586 733
586 2926
586 586
454 454
454 4080
454 2383
4041 4041
943 344
943 943
943 83
943 2349
943 4274
2349 83
2349 2349
4008 4149
733 942
733 83
733 733
733 2874
1982 1982
401 2874
32 32
2 2
3485 4235
3485 7
3485 3485
3485 4266
3485 2874
2874 83
2874 2874
2874 4235
2874 49
2874 7
2874 3874
2874 344
2874 460
4235 4235
4235 35575
4266 4266
3825 3825
35575 35575
35575 83
3843 3649
1537 1537
3806 3806
3948 3948
689 83
689 102
460 460
4080 4080
49 1176
49 49
7 7
2510 2510
3874 3874
1307 1307
3755 3755
2731 2731
2383 83
2383 2383
346 346
3821 3821
896 896
4048 4048
83 83
83 1404
1176 1176
344 344
3568 3568
1404 1404
1650 1650
750 2149
750 750
