5903 2273
5903 6794
5903 406
5903 3544
5903 5810
6908 7655
9096 1149
9581 1353
9581 9581
9581 2841
9581 5690
8838 972
8838 8515
8838 8938
8838 8838
5295 7294
5295 3983
5295 1168
5295 6101
5295 45
5295 5295
5295 2554
9600 1384
8779 3041
8779 7043
8779 3401
8779 3993
8779 8779
8779 1409
9232 3684
4872 2290
4872 4832
4872 35575
4872 3503
4872 8621
4872 3106
4872 2
4872 8786
4872 35416
4872 1587
4872 8441
4872 4872
4872 447
4872 2530
4872 1149
4872 930
4872 3199
9141 121
9141 2926
9141 9141
9141 394
9141 6101
9141 78
9141 3521
9141 1409
4842 7486
4842 4053
4842 3710
4842 4842
359 7294
359 8799
359 613
359 4514
359 7311
359 7934
946 9292
9542 4721
9542 6015
9542 321
9542 8345
9542 9621
7263 9550
7263 934
7263 2627
6206 1345
6206 6206
2083 2083
2083 1887
2083 4433
2083 9506
2083 78
2083 5292
2083 3521
2083 3106
2083 297
2083 828
2083 6651
2083 4213
2083 3108
2083 3233
2083 9099
2083 4
2083 6742
2083 8736
9679 454
9679 3757
9679 8212
9679 6976
9679 1474
382 51
382 1898
382 382
382 35575
382 4362
382 2807
382 4953
382 175
382 6043
382 1114
382 9114
382 1327
382 1459
382 3901
382 7138
7437 788
7437 5094
7437 1587
7437 4707
7437 83
7437 1
7437 4177
7437 6666
7437 66
7437 451
7437 435
7437 6363
7437 7437
7437 3521
9124 36466
9124 9124
9124 484
9322 6101
9322 9062
6348 6348
6348 2841
6348 4428
6348 4144
6348 5094
6348 8736
438 7666
438 9154
438 321
438 1384
438 1784
438 2530
438 386
438 1409
1465 51
1465 3983
1465 1465
1465 1353
1465 4961
1465 26801
1465 1463
1465 9266
1465 6153
1465 3121
1465 9514
1465 2051
1465 1335
1465 6666
1465 972
1465 4721
1465 1345
1465 1573
1465 6856
1465 7311
1465 6579
1465 9028
1465 766
1465 4042
1465 440
1465 9653
1465 1459
1465 8745
1465 5337
1465 109
1465 6904
1465 2294
1465 4177
1465 6205
1465 9062
1465 3948
1465 83
1465 3546
1465 9187
1465 39719
1465 1650
1465 3272
1465 8670
1465 4325
1465 7867
1465 7776
1465 1409
5801 4528
8718 7486
9254 3521
9254 2874
9254 4790
7144 6094
7144 1464
7144 3684
8394 4721
8394 7923
8394 7934
8394 35416
8394 1106
8886 9522
8886 7294
8886 9504
8886 8755
8886 7410
8886 2874
8886 1532
5958 1673
2906 5337
2906 4832
2906 934
2906 8552
2906 4707
2906 943
2906 6094
2906 5753
2906 353
2906 4144
2906 763
2906 9062
9293 4061
3380 51
3380 9114
3380 47274
3380 7460
3380 1345
3380 4040
3380 8176
4837 6094
4837 828
4837 2781
2554 8134
2554 3536
2554 5810
2554 9238
2554 3684
2554 9189
2554 6096
2554 8799
2554 763
2554 1310
2554 750
2554 454
2554 7311
2554 1131
2554 3509
2554 4423
2554 8755
2554 9257
2554 5210
2554 406
2554 2554
1708 1946
1708 6085
431 9431
431 92
431 3454
431 1384
431 35416
431 9062
431 8441
431 9265
431 7307
431 4144
431 5094
431 1149
431 2874
5723 1173
5723 3154
5723 1106
1246 6936
1246 4042
1246 2874
1246 360
9317 397
9317 3052
9317 2821
9317 35575
9317 412
622 6094
622 297
622 2384
622 1266
622 788
622 622
622 2024
622 1532
622 8850
622 397
1837 1335
1837 1674
6514 7307
6514 4053
6514 4706
6514 6976
6514 8814
5712 2384
5712 6096
5712 6089
5712 6976
5712 2024
5712 2290
5712 5712
5712 1866
5712 8212
5712 6153
5712 4213
5712 1946
5712 8799
5712 4361
136 4231
136 3993
136 8871
136 2926
136 4854
136 7934
1119 7936
1119 970
1119 1657
1119 3544
1119 2318
1119 5534
1119 406
1119 18
1119 8871
1119 766
1119 3546
1119 1459
1119 1119
1119 6651
1119 7421
2678 10563
2678 8755
2678 353
2678 3948
4466 6666
4466 4042
4466 4528
4466 437
4466 4466
4466 360
4466 290
4466 800
4466 6856
4466 5690
5292 6666
5292 5775
5292 6986
5292 5292
5292 5740
5292 4213
5292 2874
2689 2689
2689 766
8801 5740
9449 6784
9449 1547
9449 5567
9449 5740
9449 321
9449 35416
9449 9449
9449 3548
9449 6153
9449 9313
9449 1459
9449 11
9668 4558
9668 5753
4994 35575
4994 297
4994 2677
4994 3272
4994 5740
4994 6766
4994 6976
4994 3684
5034 4053
5034 5034
5034 6976
5034 4040
4246 4231
4246 2874
9242 7486
1184 180
1184 1184
1184 1131
1184 3958
1184 5542
1184 7655
757 4832
297 6085
297 2011
297 2672
297 398
297 3983
297 9075
297 6766
297 6976
297 1223
297 9395
297 8345
297 297
297 4433
297 6254
297 730
297 8799
297 9002
297 5567
297 5015
297 6647
297 6768
297 5740
297 321
297 454
297 6713
297 4354
297 8201
297 2294
297 9265
297 8994
297 394
297 8212
297 3005
297 9406
297 5094
297 5442
297 346
297 7089
297 5309
297 3945
297 4416
297 4721
297 3684
297 8984
297 8021
297 8363
297 6415
297 2233
297 4078
297 750
297 745
297 3032
297 9062
297 2874
297 9501
297 4706
297 9609
297 5701
297 35575
297 1463
297 2797
297 7878
297 9492
297 1826
297 6577
297 19475
297 3272
297 9161
297 8811
297 290
297 3521
297 4231
9187 396
9187 9187
9187 3874
9187 1993
9187 2356
2036 934
2036 4961
2036 4053
2036 9120
2036 5420
2036 45
2036 7311
2036 9062
2036 7035
2036 4721
2036 4832
2036 5740
2036 402
2036 6856
2036 1587
2036 2036
2036 1131
2036 943
2036 9292
2036 2807
2036 2233
2036 3623
9075 4658
9075 2051
9075 1131
9075 3324
9075 2349
9256 6666
9256 7867
9256 318
4423 5732
4423 1441
4423 4832
4423 4354
4423 1131
4423 3402
4423 47274
1703 51
1703 121
1703 4528
1703 4213
1703 6101
1703 1149
1703 1703
1822 9653
416 6666
416 778
416 8212
8955 2011
8955 1970
8955 3684
8955 3659
9059 9059
9059 3370
9059 5740
9059 454
9059 3324
9059 2642
9114 3635
9114 25
9114 9114
9114 1446
9114 6948
9114 3546
9114 5094
9114 7311
9114 1149
3698 9211
3698 1291
3698 8890
3698 8755
3698 3698
3698 2206
3698 763
3698 406
3698 9305
3052 2284
3052 1384
3052 1826
2578 4558
2578 102
2578 1532
9459 121
9459 767
9459 9527
9459 9462
3384 6784
3384 2599
3384 8441
3384 9557
3384 11
3384 3384
3384 9462
3384 1459
3384 1784
3384 9062
3384 1409
51 51
51 2807
51 2384
51 4053
51 2294
51 7206
51 1384
51 5740
51 9180
51 2051
51 788
51 1898
51 1657
51 22
51 2841
51 6521
51 6856
51 1587
51 1132
51 83
51 9062
51 6094
51 3927
51 8212
51 9411
51 9189
51 1946
51 1459
51 5094
51 5309
51 1593
51 934
51 5810
51 6976
51 930
51 2362
51 9427
51 4213
51 4721
51 2530
51 766
51 2599
51 6085
51 5701
51 35575
51 3546
51 4707
51 6043
51 6651
51 302
51 8811
51 970
51 1149
51 1409
362 8755
362 362
362 9062
362 8345
6316 1847
6316 2599
6316 6316
6316 1587
6316 8676
6316 8089
6316 8345
6316 3684
6316 6094
6316 440
6316 4231
6316 8008
6316 3912
6316 8799
6316 763
6316 766
2874 2594
2874 78
2874 1384
2874 4177
2874 5309
2874 3955
2874 3106
2874 8479
2874 9243
2874 4721
2874 9539
2874 22
2874 2841
2874 2821
2874 3454
2874 5744
2874 353
2874 7868
2874 3927
2874 3891
2874 1985
2874 1459
2874 1021
2874 9442
2874 8736
2874 2273
2874 3848
2874 35416
2874 66
2874 9658
2874 7311
2874 2874
2874 317
2874 1114
2874 8673
2874 7002
2874 3521
2874 1826
2874 3701
2874 1790
2874 3272
2874 8811
2874 290
2874 6651
2874 1149
8916 1847
8916 8916
5499 2938
5499 9381
4345 8755
4345 4345
4345 3948
9554 2510
2926 2273
2926 2926
2926 394
2926 2811
2926 1353
2926 109
2926 78
2926 6976
2926 9163
2926 49
2926 800
2926 9514
2926 9061
2926 2599
2926 350
2926 1631
2926 3948
2926 2841
2926 1587
2926 7867
2926 4262
2926 5690
2926 1797
2926 2594
2926 1946
2926 9525
2926 1409
9286 1587
9286 8212
9286 9286
9286 2171
6043 7001
6043 3005
6043 5740
6043 6976
6043 6043
6043 3659
6043 3324
6043 9120
6043 4213
6043 6153
6043 3684
6043 9411
6043 66
6043 9313
6043 8799
6043 763
6043 2784
18 121
18 6666
18 6986
18 2841
18 6950
18 4213
18 78
18 412
9263 4061
4433 4433
4433 3272
4433 750
4433 6976
9118 4661
9118 302
9118 3324
9118 8430
9162 454
9162 35336
9162 2290
9162 8075
353 3103
353 9406
353 36108
353 8676
353 3983
353 7655
353 9166
353 44739
353 9302
353 353
353 6742
353 9062
353 10563
353 6094
353 9526
353 4923
353 613
353 4354
353 1131
353 2294
353 6953
353 4281
353 9561
353 8212
353 290
353 2233
353 4991
353 2502
353 9427
916 3891
916 4707
916 6856
947 8457
947 450
947 4221
947 1532
3736 3736
3736 6096
3736 4832
3736 8719
3736 1044
3736 7655
1335 6666
1335 2051
1335 1345
1335 1335
1335 6953
1532 4558
1532 1590
1532 1459
1532 2807
1532 8952
1532 4961
1532 8216
1532 9017
1532 3401
1532 7311
1532 766
1532 8998
1532 5585
1532 5740
1532 3546
1532 9019
1532 1355
1532 8676
1532 1532
1532 2294
1532 5690
1532 6666
1532 440
1532 2233
1532 6094
1532 1409
3261 4756
75 2000
75 437
75 303
75 1946
6637 121
6637 6637
6637 7979
6637 1168
6637 6101
6637 763
6637 9017
6637 9491
5849 1946
5849 6085
5849 5849
5849 5810
7842 2273
7842 437
9068 1004
9068 7631
9068 6096
9068 2383
9068 1061
9068 9455
9068 454
9068 6101
9068 9068
9068 3040
9068 8410
2183 1450
2183 2356
8552 5301
8552 9161
8552 580
8552 9246
8552 1648
8552 2233
8552 2362
8552 135
8552 9442
8239 350
8239 2807
8239 4416
8239 78
8239 9093
1131 6936
1131 3103
1131 2011
1131 6035
1131 1384
1131 3324
1131 7923
1131 8430
1131 143
1131 6766
1131 45
1131 8933
1131 9062
1131 1587
1131 3621
1131 3948
1131 5740
1131 613
1131 4354
1131 1131
1131 4600
1131 8755
1131 8212
1131 9189
1131 6101
1131 8354
6579 1985
6579 6751
2604 8345
3106 2672
3106 9093
3106 360
3106 9558
3106 3106
3106 2051
3106 2530
3106 586
3106 935
3106 5371
3106 5740
3106 1573
3106 3546
3106 1587
3106 239
3106 2594
3106 1459
3106 1149
3106 1409
9538 7412
1528 4231
1528 6311
1528 1528
1528 5301
1528 5740
1528 1355
1528 348
1528 8736
8391 8969
3959 6666
3959 6085
3959 828
3959 3959
3959 6856
3959 3454
3959 5810
3959 45
3959 8871
396 22
3711 1587
3711 7743
3711 3077
3711 3711
3711 3195
3958 4213
3958 8799
3958 2530
3958 3958
3958 7934
9506 3927
9506 2841
9506 1508
9506 3521
8788 8744
4661 4661
4661 2011
4661 5378
404 4361
3473 121
3473 6986
3473 2349
3473 4177
3473 47274
3473 1409
9110 184
9110 930
9110 5690
9110 1409
7031 83
7031 346
7031 303
7031 402
7031 1409
934 6269
934 934
934 1384
934 8952
934 767
934 3684
934 35416
934 4558
934 9622
934 1993
934 8755
934 8676
934 8345
934 6094
934 7294
934 9268
934 451
934 2954
934 5970
934 2627
972 6094
972 4416
972 8676
972 8515
4362 7631
4362 78
4362 8248
4362 4362
4362 1784
4362 5756
4362 9569
4362 66
4362 1573
4362 6205
4362 9062
4362 7936
4362 2599
4362 1345
4362 402
4362 5740
4362 6856
4362 8755
4362 6953
4362 1149
4362 3901
8673 4213
8673 8673
8673 2784
955 6647
955 955
2620 2273
2620 7412
2620 3401
2620 3684
2620 750
9022 9561
9022 7107
5420 5420
5420 250
5420 4782
5420 9375
5420 4991
1657 9300
1657 6976
1657 1657
1657 290
1657 2530
1657 5094
1657 763
1657 3684
8894 1044
8894 3447
8894 763
4037 6101
4037 4037
509 733
4213 5860
4213 2011
4213 9618
4213 1106
4213 1784
4213 6976
4213 7655
4213 4177
4213 49
4213 6153
4213 9672
4213 3199
4213 6094
4213 1898
4213 1540
4213 5740
4213 6856
4213 8933
4213 36814
4213 8676
4213 2384
4213 9265
4213 9082
4213 9136
4213 4923
4213 9203
4213 5627
4213 1946
4213 9081
4213 9026
4213 5810
4213 8915
4213 7886
4213 3684
4213 7934
4213 2784
4213 461
4213 143
4213 2024
4213 4312
4213 9017
4213 6101
4213 4213
4213 447
4213 7311
4213 35416
4213 2599
4213 1887
4213 6085
4213 6570
4213 35575
4213 402
4213 9478
4213 39719
4213 9621
4213 6666
4213 121
4213 302
4213 9160
4213 9645
4213 6651
3356 3840
3356 7982
3356 935
3356 4658
3356 3356
2206 406
2206 8176
1272 1946
1272 7392
8940 2933
8940 8676
8940 4558
8940 35575
8940 7982
8940 8952
8940 8940
9062 9160
9062 2011
9062 8131
9062 9248
9062 4961
9062 7655
9062 2294
9062 2000
9062 6495
9062 6766
9062 8978
9062 8479
9062 1345
9062 22
9062 2530
9062 4354
9062 8676
9062 943
9062 7820
9062 9062
9062 3927
9062 7294
9062 4008
9062 733
9062 728
9062 3103
9062 250
9062 6998
9062 6948
9062 5810
9062 2290
9062 2384
9062 2669
9062 7311
9062 766
9062 317
9062 3948
9062 5701
9062 35575
9062 1109
9062 4325
9062 8811
9062 290
9062 3859
9062 4707
9062 7631
9062 2672
9062 398
9062 3983
9062 3960
9062 40739
9062 9493
9062 8799
9062 39082
9062 3401
9062 3710
9062 6094
9062 4923
9062 2029
9062 9302
9062 1459
9062 450
9062 3005
9062 1061
9062 1096
9062 4600
9062 3969
9062 7934
9062 6101
9062 9468
9062 45
9062 1946
9062 4556
9062 9354
9062 1650
9062 613
9062 39719
9062 1826
9062 406
9062 121
9062 8345
9062 7867
9062 1492
9062 1409
303 121
303 1409
303 2841
303 402
303 4707
303 83
303 4910
303 6986
303 66
303 45
303 303
3680 3680
3680 6794
3680 1446
3680 5627
3680 3503
3680 1459
3680 3402
3680 47274
3680 1587
9191 2000
9191 8871
9191 1106
9526 9518
9076 5337
2467 2837
8914 4426
8914 1508
8244 8244
9391 7460
9391 3521
9391 5081
9391 4790
1826 35575
1826 5740
1826 3546
1826 2259
1826 1384
1826 1826
1826 35416
1826 121
1826 6153
1826 2051
9672 2841
9672 4790
121 6936
121 8676
121 6269
121 9375
121 78
121 6976
121 35416
121 9624
121 66
121 6986
121 7
121 9534
121 9586
121 2051
121 4790
121 9107
121 9382
121 6647
121 5740
121 6856
121 5810
121 3509
121 9160
121 391
121 9260
121 2233
121 346
121 9418
121 360
121 7886
121 1887
121 8786
121 36466
121 9569
121 2837
121 8532
121 4721
121 3502
121 7829
121 9509
121 5970
121 8590
121 6311
121 121
121 302
121 6015
121 9161
121 9621
121 6742
9012 4953
9252 6794
9252 6085
7666 6570
7666 2841
7666 5101
7666 9559
7666 2362
7666 1508
7666 4528
7666 5952
7666 7666
7666 4008
7666 6742
7666 8799
7666 1017
5753 3948
5753 3544
5753 5810
5753 36814
5753 5753
5753 4600
5753 8021
5753 7021
5753 2029
5753 6101
5753 9586
5753 406
3521 5094
3521 5301
3521 6742
3521 9046
3521 4428
3521 9220
3521 4643
3521 1114
3521 35416
3521 9223
3521 3521
3521 3108
3521 926
3901 6269
3901 7867
3901 348
3901 83
3901 5542
3901 4042
3901 1867
3901 2625
3901 1353
3901 9189
3901 4144
3901 4991
5715 7518
8952 8952
8952 8814
9462 391
9462 3684
9462 5740
7631 8588
7631 7631
7631 1573
7631 321
7631 1587
7631 6976
7631 4354
7631 4961
7631 1988
7631 6094
7631 4923
7631 1345
7631 47274
8945 7743
8945 6085
8945 2000
9375 1993
9375 9375
4961 9093
4961 4961
4961 6976
4961 3684
4961 8887
4961 4336
4961 8982
4961 1345
4961 9081
4961 2384
4961 8676
4961 2349
4961 1149
4961 6666
4961 9203
4961 2029
4961 290
4961 6101
4961 39719
4961 47274
9523 6101
9523 2384
9523 9523
9523 763
9523 8345
6485 348
6485 8590
2570 1256
9166 8212
9166 2149
4619 9149
17988 3927
17988 17988
17988 2841
9266 9301
9266 613
9266 1059
7021 4721
7021 6976
7021 3912
8532 733
8532 4177
6414 6666
6414 2273
6414 8212
6414 1149
4059 4059
4575 1866
802 8925
802 9427
802 8755
802 7311
802 1355
802 8799
802 802
4040 989
4040 9221
4040 8494
5431 1149
7028 6094
7028 6853
2602 9335
692 3983
3544 7743
3544 1353
2821 2290
2821 6269
2821 35575
2821 3503
2821 450
2821 2259
2821 926
9625 9569
7867 7721
7867 1985
7867 9320
7867 109
7867 6976
7867 3324
7867 9395
7867 9684
7867 9189
7867 4910
7867 1663
7867 360
7867 318
7867 1345
7867 7311
7867 1993
7867 4042
7867 2349
7867 454
7867 7867
7867 8676
7867 8103
7867 83
7867 3659
7867 6666
7867 9163
7867 733
7867 6094
7867 290
7867 284
1106 7936
1106 2599
1106 9034
1106 1355
1106 35416
1106 49
1106 93
1106 1459
1106 1094
1106 3502
9518 9646
9518 9355
9518 9535
9518 8075
5775 5775
5775 460
5659 5659
5659 4643
5659 1508
4556 4231
4556 7743
4556 8636
4556 1715
4556 398
4556 9139
4556 4416
4556 1784
4556 4556
4556 8676
4556 8977
4556 4658
4556 9586
4556 970
4556 8871
9260 3996
9260 7311
9260 5810
9502 9220
9502 33841
8472 3993
8472 8345
2954 9120
2954 9402
2954 8345
2954 35336
4854 3993
9533 6101
9533 78
7421 7743
7421 1198
7421 4351
7421 1946
7421 1355
7421 6976
7421 7421
7421 1409
8736 7001
8736 8736
8736 5516
8736 5301
8736 5740
8736 307
8736 1353
8736 7790
8736 83
8736 1
8736 3927
8736 6986
8736 450
8736 733
8736 4144
8736 5094
8736 4790
5091 8847
1593 7673
1593 1593
1593 8528
1593 1320
1593 3993
1593 9189
1593 3684
1593 1409
5751 5751
5751 7294
5751 9601
5751 8494
5751 9429
5751 1384
2436 2436
2436 7743
2436 6085
2436 9342
2436 6794
14746 3554
9558 3992
9558 5301
9558 1409
3684 2011
3684 3041
3684 2594
3684 78
3684 7655
3684 2672
3684 6153
3684 8008
3684 6766
3684 4106
3684 3199
3684 5340
3684 4658
3684 5740
3684 1587
3684 2164
3684 6515
3684 47274
3684 4558
3684 7886
3684 6089
3684 2290
3684 3684
3684 461
3684 9439
3684 2384
3684 4832
3684 5701
3684 35575
3684 1150
3684 4622
3684 8875
3684 9003
3684 7967
3684 9146
3684 3121
3684 398
3684 1784
3684 6976
3684 4336
3684 1464
3684 2510
3684 3401
3684 9622
3684 4231
3684 1013
3684 6794
3684 8799
3684 8850
3684 4923
3684 2383
3684 7505
3684 6756
3684 2233
3684 450
3684 7089
3684 9107
3684 394
3684 6254
3684 2807
3684 3324
3684 5229
3684 4312
3684 7934
3684 9468
3684 9501
3684 6085
3684 9478
3684 175
3684 8345
3684 9382
3684 9161
3684 2627
3684 5790
8923 1149
8923 8923
8923 8528
8021 6096
8021 4658
8021 7982
8021 4600
8021 3401
8021 763
8021 8212
8021 7655
8021 8021
36466 2233
36466 6976
36466 5627
798 66
798 2051
798 45
3195 7851
3195 3324
3195 3195
1327 1587
1327 302
4078 4078
4078 3272
4078 9069
4078 3927
2264 8987
2264 1715
7412 2233
7412 3723
2284 1464
2284 2672
2284 1384
2284 14672
2530 9160
2530 96
2530 799
2530 2807
2530 78
2530 2653
2530 4426
2530 2530
2530 9439
2530 4231
2530 4721
2530 5740
2530 4366
2530 3546
2530 30395
2530 321
2530 4653
2530 7932
2530 2383
2530 8984
2530 2841
2530 2627
766 1847
766 5784
766 7154
766 712
766 7294
766 78
766 2362
766 6085
766 8430
766 9569
766 2938
766 9354
766 4106
766 1044
766 766
766 4721
766 9451
766 4367
766 613
766 7311
766 9355
766 2781
766 6094
766 2097
766 9361
766 2490
766 6101
766 1459
766 2669
9453 83
7154 6842
7154 8430
7154 5740
7154 6756
7154 3818
7154 5340
6570 6094
6570 6570
6570 5810
6570 39719
6570 8676
4832 5534
4832 7655
4832 5841
4832 9427
4832 703
4832 1234
4832 5210
4832 6666
4832 4721
4832 2231
4832 454
4832 36814
4832 3272
4832 83
4832 5378
4832 4281
4832 613
4832 8212
4832 391
4832 7967
4832 8794
4832 2233
4832 8520
4832 406
4832 6794
5701 1847
5701 5701
5701 5740
5701 454
5701 1840
5701 6666
5701 7311
5701 1409
3923 9417
3634 4231
3634 4042
3634 437
3634 9653
3634 9109
3634 3634
3634 613
3634 8103
3634 321
3634 1044
5970 402
5970 9587
5970 2797
5970 5970
5970 4953
5970 3659
5970 290
5970 1345
5970 344
5970 8135
3993 2273
3993 3993
3993 4361
3993 532
3993 302
3993 733
3993 9039
3993 8864
3993 3199
2381 9514
919 813
613 2011
613 3077
613 943
613 7967
613 10563
613 5337
613 8636
613 2841
613 5740
613 321
613 8755
613 7311
613 3509
613 9028
613 2781
613 6094
613 9561
613 8212
613 7486
613 1353
613 6101
613 4281
613 1441
613 3503
613 3324
613 745
613 4721
613 9456
613 1993
613 3948
613 3546
613 613
613 39719
613 4928
613 9161
613 9404
4977 9525
451 2384
451 733
451 4692
451 7311
451 4721
451 3659
4325 1650
4325 1345
8811 425
8811 8811
8811 5740
8811 3635
8811 8338
8811 78
3859 35357
3859 36814
1040 4231
1040 1040
1040 3469
1040 9431
1040 2837
1040 78
4794 4721
4794 9248
4794 1573
3952 2781
238 238
238 3948
238 7507
238 36814
238 8676
238 1044
238 2642
4149 1355
9109 4042
9109 9109
398 7743
398 2384
398 398
398 4354
398 8676
398 4053
398 970
398 4106
3983 1847
3983 9306
3983 3983
3983 8528
3983 1384
3983 9354
3983 7934
3983 4336
3983 4320
3983 2599
3983 2384
3983 22
3983 5740
3983 8755
3983 290
3983 8676
3983 8441
3983 8629
3983 7294
3983 9160
3983 9504
3983 9199
9573 4721
8528 2192
8528 6096
8528 5740
8528 394
8528 8528
8528 7561
8528 9419
8528 1459
8528 1409
8528 7311
8528 3623
2312 2933
2259 5015
2259 448
2259 2051
2259 2259
2259 2024
3945 4653
3945 35575
3945 3927
3945 1345
3945 3945
3945 1149
8307 8977
4320 7294
4320 1256
4320 7934
5309 5309
5309 605
5309 2149
5309 3927
5309 290
5309 7460
180 4416
2106 2454
2106 361
2106 78
2106 83
2106 5690
2106 9205
4144 7533
4144 9418
4144 5567
4144 6856
4144 9160
4144 2837
4144 6742
4144 5094
4144 6651
4144 4144
4144 11
8410 695
8410 2318
6742 6094
6742 1017
6742 3927
6742 4008
6742 6742
6742 45
6742 4790
9369 6451
9369 1715
9369 3655
778 78
778 4642
778 3233
778 778
4366 3837
4366 813
4366 4366
4366 66
4366 1353
4304 4707
4304 4542
7521 1946
7521 6085
7521 7521
4903 317
4903 2191
4903 1946
4903 1353
4903 5810
4903 4903
3710 8345
3710 6976
3710 3502
3710 3710
440 7743
440 4558
440 4580
440 7982
440 5200
440 3324
440 6451
440 1715
440 8676
440 317
440 5740
440 7002
440 5690
440 6094
440 440
440 9054
440 8984
440 9609
440 4298
8212 9372
8212 6555
8212 6976
8212 65
8212 386
8212 2051
8212 3401
8212 1044
8212 7851
8212 9243
8212 5340
8212 4042
8212 4721
8212 9431
8212 5740
8212 321
8212 1587
8212 9139
8212 8676
8212 9098
8212 2349
8212 3927
8212 8212
8212 1946
8212 1459
8212 4298
8212 4057
8212 78
8212 4558
8212 6948
8212 2807
8212 4416
8212 8272
8212 9149
8212 97
8212 6101
8212 66
8212 9313
8212 2841
8212 2599
8212 9354
8212 1463
8212 8430
8212 6651
8212 3280
8212 3272
8212 30395
8212 290
8212 1149
8212 675
391 4231
391 6768
391 4642
391 1114
391 5963
391 2837
391 391
391 290
391 2383
391 2669
391 4707
9245 7801
9245 7813
9245 9245
9245 9419
9245 9199
9245 5217
93 6085
93 2672
93 2841
93 93
93 1946
93 4354
93 2362
8193 1667
9155 2234
9155 9155
9107 9107
9107 4923
9107 5740
9107 5810
9107 6101
9107 8676
9107 348
9107 5790
9107 3324
2348 4428
9014 8755
9014 6451
9556 8719
9556 4678
9556 5378
2807 2003
2807 2807
2807 3324
2807 6594
2807 8933
2807 5340
2807 1539
2807 1587
2807 8676
2807 175
2807 8345
2807 9082
2807 2097
2807 2233
2807 1459
2807 8927
2807 1409
2015 823
2015 35575
9284 7845
7934 2011
7934 8978
7934 78
7934 7248
7934 6495
7934 6766
7934 8799
7934 1898
7934 4106
7934 5585
7934 5740
7934 321
7934 1587
7934 9025
7934 3121
7934 6094
7934 8192
7934 3272
7934 4923
7934 6101
7934 1459
7934 4678
7934 9557
7934 9039
7934 7934
7934 9468
7934 3032
7934 9501
7934 8345
7934 9729
7934 302
7934 6015
7934 8739
7934 8744
7934 9199
7934 2627
429 2503
429 343
8176 6269
8176 9154
8176 1291
8176 2631
8176 2290
8176 8590
8176 1463
8176 8008
8176 9560
8176 2233
8176 5094
8176 406
8176 8176
4757 35336
4757 9041
4757 4757
9501 1847
9501 35336
9501 7335
9501 7655
9501 4344
9501 1463
9501 9638
9501 6751
9501 6756
9501 2233
9501 730
9501 3401
9501 9501
9394 2294
9043 4231
8998 8998
8998 1266
8998 1028
6768 4428
3919 2383
987 461
4361 1409
4361 2525
4361 5810
4361 7886
4361 35416
4361 9382
4361 9550
4361 6756
4361 1345
4361 9427
2147 3927
2147 5740
6015 1847
6015 317
6015 5740
6015 3503
6015 8345
6015 6015
6015 8739
6015 6766
6015 9534
6015 1149
6015 8871
6015 9044
1249 8479
2823 2669
3108 4333
3108 2841
3108 4
3108 3108
9005 302
9005 9005
9005 5378
6651 1847
6651 2384
6651 8967
6651 5740
6651 35575
6651 6129
6651 5756
6651 2290
6651 9039
6651 9120
6651 7486
6651 8933
6651 6651
6651 1149
9197 6094
9197 8338
9197 5304
1993 250
1993 3753
1993 9054
1993 360
1993 361
1993 7311
7721 78
7721 7721
3041 824
3041 3041
3041 8272
3041 78
3041 2841
35336 6794
35336 9041
35336 9451
35336 9366
35336 3655
35336 9395
35336 6094
35336 9160
35336 1150
35336 8981
1353 4542
1353 4262
1353 1353
1353 19949
1353 1384
1353 4177
1353 437
1353 2594
1353 6023
1353 45
1353 3502
1353 9439
1353 5094
1353 2841
1353 9492
1353 348
1353 360
1353 1149
1353 6666
1353 3927
1353 2468
1353 4008
1353 733
1353 4221
1353 9189
1353 9161
1353 333
1353 49
1353 78
1353 1409
3818 1898
3818 2294
4706 7743
4706 1446
4706 9180
4706 1946
4706 6976
43085 3927
43085 406
43085 5690
43085 43085
2294 2599
2294 8981
2294 8938
2294 7252
2294 1409
2294 8676
2294 6976
2294 7655
2294 2294
2294 6094
2294 1459
2294 3401
2294 2362
3370 3370
3370 6096
8867 5860
8867 4721
8867 450
8867 394
8867 943
8867 45
8867 763
8867 3324
8867 2349
6986 6936
6986 6948
6986 360
6986 8047
6986 78
6986 83
6986 2356
6986 6986
6986 2051
7248 989
7248 8978
7248 7248
6766 2384
6766 6035
6766 5740
6766 8131
6766 36814
6766 2011
6766 6094
6766 6153
6766 3272
6766 6766
6766 290
2610 8755
2610 2610
1610 9335
1610 1015
1610 756
5337 5337
5337 36108
5337 1168
5337 1355
5337 78
5337 3927
5337 6486
5337 6101
5337 66
5337 4790
6794 27
6794 7743
6794 8991
6794 2672
6794 2003
6794 602
6794 2362
6794 8133
6794 3032
6794 1464
6794 5952
6794 3272
6794 1946
6794 2510
6794 6085
6794 6794
6794 2841
6794 2000
6794 1587
6794 30395
6794 6856
6794 6307
6794 49
6794 9653
6794 9564
6794 9562
6794 1186
6794 1409
2841 4753
2841 2308
2841 35416
2841 7206
2841 2000
2841 361
2841 2051
2841 4721
2841 2841
2841 6856
2841 1587
2841 30395
2841 4042
2841 2811
2841 733
2841 1946
2841 5442
2841 7743
2841 78
2841 5301
2841 9026
2841 1384
2841 437
2841 3485
2841 2628
2841 745
2841 40739
2841 184
2841 6976
2841 4707
2841 2260
2841 6666
2841 6307
2841 1797
2841 3927
2841 2490
2841 397
2841 2273
2841 4053
2841 4177
2841 49
2841 5963
2841 8482
2841 9586
2841 4790
2841 8913
2841 9492
2841 9220
2841 4600
2841 9028
2841 5094
2841 1017
2841 360
2841 4054
2841 2653
2841 5952
2841 2837
2841 45
2841 3454
2841 6085
2841 402
2841 8590
2841 750
2841 296
2841 9552
2841 926
2841 1409
5609 4721
4367 2362
4367 5442
4367 4367
3103 7311
9019 1459
9019 5740
8676 9306
8676 685
8676 956
8676 9248
8676 35416
8676 9120
8676 1715
8676 9588
8676 2051
8676 9327
8676 7851
8676 7936
8676 1947
8676 4658
8676 5282
8676 8192
8676 8676
8676 8515
8676 9028
8676 6094
8676 3891
8676 9203
8676 9189
8676 1946
8676 7194
8676 2013
8676 9431
8676 5810
8676 9320
8676 2290
8676 3324
8676 621
8676 7923
8676 9149
8676 9097
8676 2233
8676 66
8676 8994
8676 3005
8676 5740
8676 9582
8676 8345
8676 750
8676 3272
8676 8744
8676 8354
8676 1149
8676 5790
8676 9491
9527 763
9527 9527
9201 4428
1234 1587
1234 2290
4042 250
4042 4558
4042 8248
4042 1622
4042 1384
4042 66
4042 2938
4042 3401
4042 9205
4042 2599
4042 5740
4042 3509
4042 3637
4042 2625
4042 4042
4042 8075
4042 1459
4042 2391
4042 8871
3891 1463
3891 3891
3891 733
3891 986
9136 2011
9136 302
9136 5810
9313 321
9313 9468
9313 8994
9313 1149
6515 1587
6515 3401
9032 8755
7767 1715
8871 2273
8871 6085
8871 5810
8871 36814
8871 9307
8871 5147
8871 3272
8871 321
8871 8871
8871 290
8871 1459
8871 5442
2273 2273
2273 5301
2273 394
2273 2811
2273 78
2273 1
2273 461
2273 7335
2273 9543
2273 9081
2273 6856
2273 5442
2273 4281
2273 437
2273 290
2273 1946
2273 49
2273 1149
78 8134
78 1407
78 2811
78 35416
78 2669
78 6153
78 7
78 361
78 1310
78 45
78 22
78 5740
78 321
78 3509
78 9028
78 9584
78 2164
78 9243
78 4790
78 5690
78 78
78 394
78 5756
78 109
78 9238
78 9151
78 4177
78 763
78 9390
78 1149
78 6666
78 402
78 9160
78 9381
78 4707
78 3637
78 9251
78 5963
78 750
78 49
78 7967
78 406
9599 1384
9599 9569
2586 9258
5566 4678
7886 35575
7886 7252
7886 2233
1622 1492
2290 2011
2290 4053
2290 1384
2290 35416
2290 2008
2290 1107
2290 19475
2290 6784
2290 2599
2290 8441
2290 9407
2290 5399
2290 9304
2290 1459
2290 5094
9238 7206
9238 1946
9238 6936
8786 2384
8786 8786
8786 3546
1073 143
2008 3927
4642 7834
4642 8967
4642 6269
4642 4642
4642 1463
4642 6751
4642 290
4642 142
4642 1345
4642 7311
4528 437
4528 1017
4528 381
4528 4910
4528 4177
4528 4528
4528 284
4528 5690
4528 3502
4528 9427
9543 5301
9406 4707
9406 321
9406 9406
2938 2480
2938 9352
1345 3969
1345 6976
1345 7307
1345 2051
1345 8799
1345 763
1345 39082
1345 1345
1345 22
1345 1573
1345 1109
1345 7311
1345 5732
1345 2029
1345 6101
1345 4298
1345 23571
763 8134
763 9618
763 2594
763 9305
763 9588
763 6495
763 9366
763 1291
763 4231
763 5837
763 6856
763 8755
763 7311
763 3509
763 9098
763 4281
763 9504
763 9257
763 49
763 1149
763 750
763 9307
763 3005
763 5810
763 9503
763 4721
763 45
763 9395
763 9427
763 1320
763 9041
763 9646
763 763
763 6953
763 5210
763 2599
763 2384
763 402
763 9160
763 9335
763 2562
763 7936
763 1587
763 5732
763 9243
763 7967
763 6998
763 558
763 9566
763 406
763 1409
7206 2000
7206 6647
7206 5810
7206 4753
7206 5072
7206 6085
7206 7206
7206 8996
2031 6094
2031 9559
2031 35416
2031 1409
8784 7252
8784 8784
9172 9202
9172 4790
250 302
250 437
250 8320
250 2349
250 318
7878 7878
4953 6085
4953 8479
5690 4086
5690 360
5690 2234
5690 4177
5690 184
5690 9514
5690 2051
5690 1459
5690 351
5690 4721
5690 402
5690 1114
5690 4043
5690 8345
5690 5690
5690 6094
5690 7967
5690 6101
5690 9078
5690 930
9729 2011
9729 9729
4055 930
4055 3757
9003 9003
3376 1256
290 2672
290 6594
290 9307
290 2811
290 4177
290 1463
290 3005
290 6153
290 9652
290 9366
290 7834
290 4721
290 8920
290 1587
290 9420
290 9189
290 1459
290 4580
290 9427
290 2146
290 2622
290 9451
290 2384
290 8938
290 2363
290 8345
290 2968
290 3272
290 9161
290 290
290 4312
290 4707
345 4231
345 345
345 9205
11 2599
11 9463
9534 3161
9534 6013
9534 83
9534 6658
5223 8719
5223 7655
1407 1459
1407 3401
1407 2051
1407 5740
381 49
817 586
9221 8739
4053 4053
4053 2233
4053 8799
4053 9451
4053 1947
4053 317
4053 4658
4053 5740
4053 1587
4053 5963
4053 6094
4053 454
4053 1797
4053 9161
4053 6872
4053 1946
4053 1459
4053 1186
4053 1149
4053 7915
8050 9618
26801 6451
26801 9569
26801 5740
26801 9652
26801 4354
26801 26801
26801 1186
26801 2781
350 840
6451 6451
6451 3635
6451 8755
6451 39719
6451 6094
6451 1463
4241 49
9366 9366
469 7538
8799 2011
8799 8134
8799 3960
8799 4987
8799 8245
8799 35416
8799 9404
8799 44739
8799 2510
8799 8799
8799 1044
8799 5015
8799 3448
8799 5740
8799 321
8799 1587
8799 36814
8799 7294
8799 4008
8799 1946
8799 5094
8799 9299
8799 799
8799 2024
8799 3
8799 9305
8799 6101
8799 9491
8799 3635
8799 2677
8799 1674
8799 5743
8799 8755
8799 302
8799 3272
8799 406
8799 1409
9002 6976
9002 8345
9002 9008
9503 7460
4106 1847
4106 7001
4106 8075
4106 1459
4106 4106
5714 2146
5714 1887
5282 5378
5282 5282
2547 3272
8479 5740
8479 1459
8479 8479
8479 1
3396 422
5837 454
5837 3324
5837 8224
6094 6035
6094 8134
6094 8965
6094 5200
6094 1409
6094 9248
6094 7655
6094 40739
6094 66
6094 2672
6094 6495
6094 3401
6094 4580
6094 5740
6094 8047
6094 4354
6094 6094
6094 7294
6094 6751
6094 8338
6094 9307
6094 6976
6094 3402
6094 3912
6094 2362
6094 2233
6094 45
6094 2384
6094 3948
6094 39719
6094 9380
6094 394
6094 8984
6094 1492
6094 8354
6094 3723
6094 9547
9253 8755
6415 2011
7979 1650
7979 7979
7979 3121
7979 5740
7979 6101
7979 1492
7979 9044
7460 3927
7460 397
7460 7460
7460 4707
7460 2215
7460 4790
9302 9302
3199 2384
3199 96
3199 35575
3199 3199
3199 2490
3199 3503
3199 9475
7834 143
7834 9310
7834 6153
7834 4354
7834 2784
3005 1847
3005 3005
3005 6269
3005 35575
3005 5740
3005 394
3005 4076
3005 3324
3005 4177
3005 733
3005 2383
3005 1459
3005 450
1631 2811
1631 2599
1631 1631
360 6856
360 7442
360 360
360 1114
360 9300
360 6486
360 2454
360 3927
8146 9268
8146 2642
4416 1847
4416 25
4416 8075
4416 4416
4416 5534
4416 9149
4416 1459
4416 3401
4416 2575
4416 5810
1492 109
1492 9489
3536 1441
4721 1847
4721 9248
4721 35416
4721 8008
4721 1044
4721 5709
4721 4721
4721 4658
4721 1573
4721 321
4721 1587
4721 3509
4721 4281
4721 3927
4721 9552
4721 47274
4721 5301
4721 109
4721 1463
4721 9355
4721 2000
4721 5736
4721 1409
8133 7743
3912 1847
3912 3635
3912 6249
3912 6756
3912 1887
3912 1587
3912 7987
3912 3272
3912 6101
3912 8354
3912 9621
3912 7813
8984 2384
8984 3401
8984 4658
8984 8984
8984 2233
8984 8987
8984 1663
9223 4008
9223 9220
9097 394
9097 3324
9097 9097
9097 7851
8272 1587
8272 733
8272 66
8272 1459
8272 8272
2784 3272
2784 1459
2784 2784
8913 1587
8913 8224
2525 1223
1102 3840
1102 8739
1811 8183
3502 36108
3502 6269
3502 19949
3502 35416
3502 4177
3502 361
3502 2837
3502 2051
3502 3502
3502 6339
3502 6856
3502 9335
3502 6666
3502 437
3502 733
3502 4221
3502 2233
3502 1459
351 351
351 22
9354 3635
9354 9354
9354 5784
9354 9372
9354 4354
9354 6153
9354 6101
9354 3401
8938 4281
8938 2384
8938 8938
8938 1606
3840 1916
3840 2000
3840 5740
3840 3840
3840 45
824 8755
824 6101
824 823
824 1149
3931 7399
3931 9189
3931 3931
3931 1114
3931 2349
3931 4177
348 6666
348 348
3637 450
3637 6096
3637 394
3637 4678
3637 3637
3637 45
1028 5200
1028 4658
1028 1028
1028 4580
5963 7743
5963 3272
5963 4426
5963 5301
5963 9561
5963 7486
2231 4553
302 2011
302 7107
302 5810
302 3319
302 8994
302 1044
302 5378
302 9327
302 1587
302 9139
302 3659
302 302
302 1459
3602 9429
333 333
333 6976
333 1409
284 9653
9566 6647
9566 6998
9566 5810
9566 9566
9566 3324
9418 1149
9418 9418
932 7936
932 7655
932 932
2360 9382
2360 1888
3000 3000
3000 3272
2011 8588
2011 2011
2011 9486
2011 8864
2011 2384
2011 8850
2011 8755
2011 3659
2011 7486
2011 9203
2011 8794
2011 8798
2011 3324
2011 9199
3077 7410
3077 5740
3077 321
8948 4923
8948 8948
346 4658
346 8814
346 83
346 2356
346 1867
346 8794
346 2051
346 45
346 1186
346 346
4643 3996
4643 4643
2308 8415
35416 36108
35416 6269
35416 1384
35416 35416
35416 1464
35416 6153
35416 1044
35416 321
35416 493
35416 2024
35416 9265
35416 7294
35416 733
35416 1459
35416 5094
35416 47274
35416 3503
35416 19949
35416 3402
35416 447
35416 3546
35416 1056
35416 6856
35416 2260
35416 9161
35416 30395
35416 3709
2497 1847
2497 2497
2497 4923
2497 8494
2497 2233
2497 7705
2497 8813
2497 8857
2497 6101
7107 8978
7967 8134
7967 7967
7967 6101
2349 2191
2349 8103
2349 3509
2349 2349
2349 4177
2349 8320
2349 6751
2349 5094
2349 4008
2349 2051
2349 45
2349 4991
2349 4707
910 109
2051 1233
2051 1463
2051 4357
2051 6666
2051 767
2051 2039
2051 9300
2051 437
2051 6101
2051 2051
2051 5378
2051 6339
2051 22
2051 5740
2051 1587
2051 6856
2051 8345
2051 5340
2051 733
2051 394
2051 1985
2051 1459
2051 7776
2051 9621
1291 2653
1291 1291
1291 36814
1291 406
7851 8978
7851 7851
4281 4281
4281 1847
4281 6085
4281 9160
935 935
935 9093
935 5740
935 6089
935 8430
935 8866
935 8719
935 9569
935 1044
935 5597
935 2627
4658 5790
4658 7655
4658 143
4658 45
4658 9439
4658 3401
4658 4658
4658 454
4658 321
4658 750
4658 3032
4658 2233
4658 1459
425 3757
5740 6269
5740 2594
5740 2000
5740 6153
5740 3272
5740 7936
5740 5740
5740 1587
5740 3509
5740 1946
5740 9246
5740 5810
5740 6976
5740 66
5740 8995
5740 2599
5740 8967
5740 8726
5740 6666
5740 1355
5740 8847
5740 1784
5740 7
5740 7538
5740 4231
5740 1916
5740 321
5740 36814
5740 2029
5740 6101
5740 1459
5740 7392
5740 9601
5740 8248
5740 3503
5740 767
5740 9427
5740 9292
5740 402
5740 454
5740 9154
5740 1409
5740 394
3160 6769
9139 9149
9139 2384
9139 3401
8494 9427
430 8134
430 9429
83 2362
83 5756
83 2356
83 447
83 3948
83 586
83 4707
83 83
83 8320
83 1459
83 1790
83 9427
8621 9046
8621 6013
8621 926
2781 750
2781 44739
2781 2781
1146 1587
8275 9006
8967 4678
9126 9123
733 7743
733 8248
733 1459
733 49
733 5229
733 9189
733 1015
733 447
733 2837
733 4177
733 344
733 788
733 2562
733 3948
733 35575
733 454
733 7311
733 1355
733 8590
733 6666
733 1587
733 2625
733 7507
733 733
733 9078
733 5442
8567 8567
6751 6751
6751 2233
6751 1459
6751 4177
6751 1048
7743 6936
7743 2672
7743 2599
7743 7507
7743 8996
7743 2000
7743 6856
7743 1587
7743 3723
7743 8248
7743 9420
7743 1946
7743 5442
7743 7743
7743 8991
7743 1715
7743 5810
7743 2362
7743 5513
7743 2384
7743 2233
7743 1320
7743 6466
7743 5462
7743 3635
7743 6085
7743 9451
7743 5072
7743 454
7743 1149
2191 9300
2191 1946
2191 5810
6998 3324
6998 4373
9411 1946
9411 6976
9411 9411
3032 9404
3032 1946
3032 2233
3032 8590
3032 5542
3032 3032
9149 9149
9149 2731
461 461
461 450
461 394
461 5810
461 45
7461 1061
7461 9491
97 9582
7307 6976
349 9300
349 2362
9547 7335
5583 1587
5583 1149
2677 8134
2677 2677
2677 9550
2677 9492
2677 9265
4170 5542
402 3546
402 402
402 5756
402 45
402 5101
6518 6953
2215 2215
2215 3927
5072 1946
1114 3927
1114 5094
1114 6856
1114 8441
1056 39082
1056 3509
9202 5094
1186 828
1186 1573
1186 1186
1186 5259
1186 406
1186 1790
8875 8850
9199 1898
9320 1847
9320 7311
9320 2149
3623 8982
3623 8995
3623 44739
558 558
2672 2672
2672 4580
2672 65
2672 989
2672 1320
2672 730
2672 2631
2672 3237
2672 8345
2672 1946
2672 5442
2672 7200
2672 1409
9093 3272
9093 9093
9093 7507
9093 317
9093 8864
5229 5810
5229 5229
9123 8338
9123 4354
9397 6096
9379 4428
184 2837
184 3075
1463 6269
1463 6948
1463 6976
1463 3969
1463 1384
1463 2384
1463 1463
1463 6953
1463 39082
1463 9451
1463 943
1463 5732
1463 109
8680 9552
8680 9586
8680 4275
9419 9419
9419 6096
33841 33841
33841 5081
6349 1715
6349 6349
6214 5340
6214 2024
6214 6214
9180 454
9180 2000
9180 7936
2933 2933
1358 8008
4696 943
1916 1587
1916 9395
1916 9402
3992 9246
25 7252
25 3655
8755 2149
8755 394
8755 6013
8755 823
8755 745
8755 3948
8755 8755
8755 7311
8755 36814
8755 5810
8755 7035
8755 1004
8755 4928
8755 9504
8755 8794
8755 6101
8755 4678
8755 406
8755 2627
4020 4020
4020 7496
4020 2588
4020 7982
4020 2233
4020 3723
4020 7016
7762 4707
1648 1059
2785 8515
6756 9609
6756 3272
6756 6756
2029 1847
2029 9563
2029 2029
2029 4354
6101 8847
6101 8134
6101 2559
6101 7655
6101 3401
6101 1044
6101 9081
6101 45
6101 321
6101 36814
6101 9028
6101 7294
6101 9504
6101 6101
6101 1459
6101 7392
6101 47274
6101 4800
6101 1384
6101 7311
6101 6976
6101 9041
6101 3546
6101 4354
6101 1149
6101 9563
6101 9550
6101 9609
6101 9621
5094 2
5094 9347
5094 66
5094 4231
5094 6856
5094 3927
5094 4008
5094 3753
5094 4428
5094 5094
5094 1409
6758 1587
9498 9491
4057 6666
4057 4057
4057 6205
1061 1847
1061 9444
1061 2383
1061 3401
1061 1061
92 6506
92 3927
92 8441
92 92
394 6486
394 2149
394 9086
394 1867
394 7932
394 7538
394 45
394 1132
394 4231
394 2384
394 450
394 7311
394 39719
394 394
394 3509
394 2233
394 6835
394 49
394 4298
5756 317
5756 2562
5756 6153
5756 5810
5756 5756
5756 3324
3402 7982
3402 9478
3402 3402
3402 3324
3402 9017
3402 8850
3402 3272
3402 484
3402 1946
3402 8994
3402 1149
3402 4298
3837 66
3837 4707
3837 3837
1939 9046
8794 1847
8794 7294
8794 6781
9427 1847
9427 1587
9427 3757
9427 9429
9427 9189
8441 6085
8441 1384
8441 317
8441 9395
8441 8441
8441 1149
2837 4231
2837 6153
2837 321
2837 66
2837 2552
2837 750
2837 2653
2837 2837
2837 7538
2837 1409
7983 5627
8994 6153
8994 7982
8994 8994
45 2
45 9587
45 2362
45 1302
45 4177
45 1384
45 9381
45 45
45 6856
45 7311
45 321
45 49
45 9243
45 8739
45 9189
45 9653
45 1044
45 406
970 2233
970 970
970 2362
915 5732
1050 5313
3546 6936
3546 9601
3546 1663
3546 6953
3546 6856
3546 9335
3546 3546
3546 8739
3546 1459
9478 1847
9478 484
39719 39719
39719 943
39719 8887
39719 8047
39719 1441
39719 9161
39719 4002
460 460
143 2363
143 4354
143 7655
143 6153
143 5542
143 9429
143 9067
143 8933
143 1946
2968 7655
8987 2384
8987 2233
4928 36814
9243 3545
9243 3272
9243 9243
9243 454
9243 1384
9243 1149
8320 318
8320 8320
9035 4008
9222 2384
1888 9382
1888 9429
8798 7507
9078 1409
6936 6936
6936 4991
6936 318
6936 8824
6936 3874
8134 8134
8134 6666
8134 750
8134 7294
8134 7335
6269 6269
6269 6976
6269 4177
6269 5732
6269 3659
6269 2481
6269 3401
9422 3401
9422 1590
4437 3709
2594 2594
2594 6976
2594 6307
2594 6153
2594 6988
2594 1149
2594 1409
2618 3448
2618 8981
1302 2149
9017 7936
9017 8850
9017 6647
9017 1459
9017 8345
3803 1587
2000 5810
2000 8996
2000 2000
2000 6085
2000 344
2000 6856
2000 9335
2000 8590
2000 1946
2000 1149
2000 1409
1015 756
6153 1409
6153 9026
6153 2356
6153 1867
6153 6153
6153 19475
6153 9439
6153 4231
6153 2599
6153 9380
6153 6856
6153 3927
6153 8345
6153 35575
6153 2039
6153 9621
6153 1149
6153 6988
1947 8636
8982 3401
8982 8887
19475 3927
19475 6856
19475 19475
19475 1384
19475 1149
4753 4753
9617 4707
9615 1459
9081 5810
9081 9081
5015 8850
5015 35575
5015 3503
9561 9561
9561 2233
30395 30395
2024 8847
2024 3503
2024 2024
2024 2260
2024 9586
7632 8977
7632 4336
4344 9407
2123 9161
9407 9407
3154 7507
3154 5442
8008 9609
8008 7655
8008 8008
9290 47274
484 491
484 22
1094 6872
1094 1094
1233 1587
1233 2599
1233 9040
8991 5810
8991 5442
8991 1946
9666 6577
4558 3401
4558 4558
4558 405
4558 8075
4558 1060
4558 3723
4558 2233
4558 8977
4558 1946
4558 1459
4558 9146
4221 19949
4221 6976
5101 39082
5101 8363
5101 9046
5101 5101
5101 926
5101 1107
5101 4790
8594 9292
2362 1409
2362 6923
2362 2362
2362 3532
2362 6085
2362 717
9039 7294
9039 9039
4351 454
4351 96
4351 2260
437 6856
437 437
437 22
437 1149
4426 3635
4426 4426
4426 1587
4426 3324
658 5810
9316 6495
7932 4231
7932 7932
7932 1355
7932 5081
9658 926
9658 1149
7311 1847
7311 4354
7311 943
7311 7311
7311 7294
7311 9420
7311 9189
7311 9161
7311 1459
7311 5810
7311 2384
7311 9292
7311 3635
7311 317
7311 3948
7311 9504
7311 9160
8995 8995
8995 1464
3635 1573
3635 1587
3635 943
3635 4354
3635 6976
3635 6666
3635 47274
3635 5210
317 3272
317 317
317 750
317 9143
317 9431
317 6856
317 1355
317 9163
317 66
317 447
317 1409
450 3272
450 4275
450 9220
450 4177
450 5841
450 3927
450 9621
450 3324
450 450
9246 4231
9246 3927
9246 9246
1446 5952
1446 3040
1446 7776
1446 8345
1446 1446
9300 4676
8726 1107
8726 4790
1059 5210
6666 5301
6666 5810
6666 4177
6666 49
6666 1132
6666 745
6666 6856
6666 1587
6666 4707
6666 6666
6666 4008
6666 2383
6666 4354
6666 4298
3280 8345
2490 4231
4298 3401
4298 7982
4298 4991
4298 3324
4298 4298
3143 1587
3143 9609
8978 8978
9307 9307
9307 4354
7507 7507
7507 5810
7507 5442
6254 2384
6254 35575
6254 7458
1384 1847
1384 1384
1384 4800
1384 5744
1384 9586
1384 4231
1384 22
1384 6856
1384 9265
1384 3927
1384 1464
1384 2233
1384 1459
1384 1790
1384 8766
1384 9564
1384 3503
1384 6013
1384 8430
1384 321
1384 9382
1384 8739
1384 9601
1384 6322
1384 930
3848 1985
9355 4542
9355 9355
8430 3948
8430 1459
8430 2384
8430 8629
8430 683
8430 9569
8430 7699
8789 2149
9671 6976
318 4428
318 318
318 9205
8974 4231
8974 5301
9400 3927
9400 9400
8908 8354
9046 3927
9046 4790
454 8457
454 3324
454 6085
454 321
454 1587
454 9067
454 4600
454 35357
454 454
454 1004
454 9504
454 8224
454 1149
36814 3948
36814 36814
36814 7294
36814 1946
36814 1409
1606 5340
1606 6531
1606 4923
1606 8977
1606 1606
1606 8814
9028 6307
9028 9028
9028 2660
2045 9545
2045 5210
9491 1168
8719 9565
8719 8719
8719 7655
8719 2500
6835 6835
7089 7936
7089 7089
4800 3927
4800 4800
4800 3040
4800 321
4800 4790
4800 5301
9431 66
9431 9189
3909 7538
799 4354
799 6085
799 6096
2653 2653
2653 361
2653 66
2653 5810
2653 930
2653 7399
2653 2628
6594 6594
6594 8739
8975 4008
8224 8224
5462 5442
4408 2384
2797 35575
8590 9395
8590 8590
8345 5810
8345 7982
8345 3995
8345 5534
8345 4336
8345 66
8345 7458
8345 4231
8345 2599
8345 22
8345 9330
8345 4707
8345 8345
8345 5627
8345 1946
8345 7655
8345 1149
8345 9146
9144 7294
9160 5810
9160 9160
9160 1044
8739 8739
8739 3659
296 1946
3709 1985
3709 2599
6645 7294
6645 9380
6645 4600
6645 1459
6645 730
6645 9044
9185 22
9185 3324
926 6013
6486 4231
6486 6486
6486 1459
6486 321
1409 9618
1409 6976
1409 7655
1409 4177
1409 9120
1409 9514
1409 9586
1409 3401
1409 9205
1409 6856
1409 3509
1409 1985
1409 1946
1409 1459
1409 4991
1409 4514
1409 3503
1409 3324
1409 66
1409 2384
1409 4707
1409 1149
1409 1409
6923 1459
262 4580
2811 6976
2811 2811
8921 1847
8737 7655
9395 1437
9395 8232
9395 3659
9395 1797
9395 9395
9395 1149
7281 8814
7813 7801
7813 7813
6495 6495
9468 1847
9468 9470
9468 3121
9468 2233
9468 9468
8629 7936
8629 8629
1310 9189
1310 4008
1310 3485
7936 2599
7936 35575
7936 7982
7936 7936
5627 6307
5627 1898
5627 35575
5627 5627
5627 9044
6647 6647
6647 5810
6647 2233
6647 1946
6647 1898
385 3646
5304 1946
5304 2060
5304 5304
5304 7732
6856 1847
6856 36108
6856 4177
6856 49
6856 3874
6856 6856
6856 8103
6856 3753
6856 1459
6856 5810
6856 321
6856 2384
6856 2562
6856 1149
1587 4054
1587 40739
1587 5542
1587 2162
1587 1459
1587 1392
1587 1946
1587 1587
1587 9451
1587 2318
1587 2233
1587 4707
1587 2363
1587 175
1587 1508
1587 9066
1587 750
1587 4312
1587 8670
1587 1149
9653 23571
3509 2149
3509 3509
3509 7538
3659 386
3659 750
3659 3659
1191 1985
7252 1946
5442 4231
5442 6085
5442 2003
5442 9335
5442 2701
5442 5147
5442 1946
5442 1459
5442 5442
1946 9000
1946 8996
1946 2003
1946 1946
1946 5810
1946 6466
1946 2599
1946 6085
1946 1149
1946 4354
9525 9525
1149 8847
1149 8201
1149 8248
1149 9586
1149 9539
1149 3927
1149 9420
1149 1985
1149 1459
1149 5810
1149 3503
1149 3324
1149 7820
1149 447
1149 5081
1149 3272
1149 2384
1149 3948
1149 35575
1149 321
1149 1149
1149 9161
8745 8745
1715 2384
1715 1715
1715 3237
4580 3448
4580 4580
4580 3545
4580 3723
1887 9442
1223 1441
1223 47274
9102 3272
828 828
828 66
828 4428
828 4707
5301 321
5301 1355
5301 3927
5301 9237
5301 5301
2146 9684
2146 3927
447 447
6205 6205
6205 3121
6953 1650
6953 9248
6953 6953
9439 3927
9439 35575
9439 4354
8809 8809
2384 8131
2384 5200
2384 1784
2384 3401
2384 491
2384 321
2384 8933
2384 7053
2384 9082
2384 7294
2384 2383
2384 1459
2384 3503
2384 6976
2384 1450
2384 9277
2384 4312
2384 2233
2384 8977
2384 1150
2384 2384
2384 9451
2384 1539
2384 4008
1266 1266
1867 1867
4991 1441
4991 1573
4991 7776
4991 4991
4991 9205
1508 943
1508 1508
35357 321
868 491
47274 943
6521 1459
9621 9586
2386 9095
848 1320
1547 943
8089 7655
2559 9402
9587 35575
7754 4354
4428 4428
4428 3701
4428 3233
6030 4231
9332 4707
9332 9332
4336 2233
4336 4336
9305 7392
9305 9305
8457 8962
800 49
800 800
44739 7294
44739 3948
44739 44739
44739 321
44739 745
9429 1090
9569 1847
9569 1096
9569 4600
9569 9569
9569 1044
1539 1539
1044 1847
1044 6035
1044 7655
1044 9444
1044 4600
1044 9161
1044 8354
5378 1459
5378 1784
5378 5378
5378 1256
9402 9402
9402 5965
7458 1459
7458 7458
4231 3545
4231 6311
4231 5081
4231 4231
4231 22
4231 9338
4231 321
4231 9237
4231 1355
4231 2627
39082 5810
2883 478
8981 3723
8981 8981
405 2738
4275 3927
4275 4790
3723 9420
3723 2233
3723 3723
8103 66
8103 9189
8103 9586
8103 8103
9475 35575
8850 8850
8850 3503
8850 3324
9584 8588
9584 1847
9584 9584
9584 7392
9584 4177
4405 7655
9095 1847
1985 1985
1985 3927
1985 1048
3996 6107
3503 8847
3503 3503
3503 3324
3503 1849
3503 35575
3503 3454
3503 2260
3503 1459
1790 4054
9455 6976
9455 9455
5273 321
7033 2039
930 6701
8962 7294
8962 8962
3324 8847
3324 8248
3324 3324
3324 9120
3324 9404
3324 8744
3324 35575
3324 943
7829 4069
8363 6013
2327 732
6679 6360
9624 9624
9072 5810
9072 9072
9661 66
9382 9382
9303 9303
9303 4177
9277 9277
6872 6872
6872 4678
5259 1784
5259 943
1847 1847
1847 7655
1847 7002
1847 2233
9211 9211
9211 5732
6035 7294
6035 3969
6035 3948
6035 6035
6035 9248
7982 9041
7982 943
7982 1450
7982 3401
7655 7655
7655 7335
7655 2599
7655 1898
4600 6096
4600 4600
4600 1320
4600 3401
3121 3121
9586 9586
9586 406
40739 40739
40739 2627
7687 6976
7687 2003
406 5810
406 406
406 9257
9539 9539
9403 4923
8201 1355
8201 3401
3927 9225
3927 4177
3927 4790
3927 3927
3927 66
3927 344
3927 307
3927 1355
3927 2260
3927 750
3927 4008
3927 9099
3927 4707
3753 2599
3753 1107
9189 9189
9557 1898
8588 5732
9248 9248
9248 4354
9203 9203
9386 3401
5810 1459
5810 5810
5810 3969
5810 1176
1573 3969
1573 1573
1573 1988
1573 321
1573 943
9257 9257
1450 49
1450 1450
6628 6628
8977 8977
745 3948
745 9381
745 745
7392 1459
9041 9041
9041 1176
9041 4354
9338 9335
9338 9237
9338 35575
9381 9381
4707 6013
4707 135
4707 2669
4707 66
4707 4790
4707 22
4707 4707
4707 750
7035 7035
1256 1459
1256 1256
2097 8899
2097 1459
3272 2599
3272 9143
3272 321
3272 66
3272 3272
3272 2383
3272 1459
6545 379
2039 7294
7138 1459
2480 8847
1 1
1 4790
8847 8847
36108 36108
36108 5196
36108 66
7002 1459
4262 4262
6976 6976
6976 3448
6976 4354
6976 943
6976 1650
6976 3040
6976 1441
6976 3969
6976 6085
6976 4312
6976 5732
6976 9008
6976 4639
2669 3233
1464 1464
1464 9265
9404 9404
7538 4678
5585 5585
5147 1176
6713 4177
9212 2003
1797 1797
4923 4923
3040 3040
9054 7759
2233 2599
2233 9451
2233 2233
2233 1459
1459 9048
1459 1898
1459 943
1459 7294
1459 1459
1459 6904
1459 1583
1459 3948
1459 6307
6107 6107
109 1650
109 109
6096 6096
6460 5210
3969 767
3969 4354
3969 3969
767 767
767 5542
1107 1107
2356 2356
2356 4177
5952 4678
6948 6948
6948 943
8931 4790
1150 1150
9456 9456
9292 2149
5081 5081
9044 1650
9044 9044
8354 8354
9451 5732
2318 1355
2318 2318
630 9133
1988 1988
9099 9099
9099 3485
9161 6085
9161 8933
3454 7001
3454 35575
9000 9000
8131 8131
9148 2731
9120 9120
473 4790
9535 9535
361 4790
361 19949
361 4177
1663 5340
3233 4008
3233 3233
2361 49
2361 2361
1898 1898
1898 1074
22 22
344 344
4354 3948
4354 943
4354 4354
4354 9146
943 1441
943 943
943 1650
7294 7486
7294 3448
7294 3948
7294 7294
7294 9504
4008 4008
4008 3485
4008 4790
9504 9504
9237 9237
9564 9564
7820 2865
7820 9133
96 96
532 532
9565 3401
1784 1784
65 4542
2003 2003
3485 7
1320 1320
4177 4177
4177 49
7486 7486
2599 2599
9609 9609
3621 3621
3948 3948
35575 9205
35575 343
35575 35575
307 307
1355 1355
2363 2363
9268 9268
9545 9545
9545 8868
9545 1478
2627 2627
605 605
49 49
732 732
7 7
9514 9514
3874 3874
3401 3401
9205 9205
4790 4790
4790 750
9444 9444
9026 9026
6577 6577
6577 321
9335 9335
9335 6307
66 6111
66 66
66 2149
1441 6085
1441 1441
2454 3293
9040 9040
8744 8744
8933 8933
9342 6085
9342 9342
5210 5210
6085 6085
321 321
175 175
8864 8864
1650 1650
750 750
2149 2149
