5903 7743
5903 4903
5903 8871
13249 1662
13249 290
11670 7780
15411 1464
15037 343
15037 15037
15037 1465
359 14955
359 10734
359 14689
359 12120
359 358
4047 7410
6094 1847
6094 238
6094 9422
6094 14639
6094 943
6094 15219
6094 1384
6094 14858
6094 353
6094 14510
6094 1441
6094 15837
6094 14973
6094 14302
6094 3401
6094 1532
6094 44243
6094 12610
6094 1131
6094 13946
6094 3206
6094 6094
6094 440
6094 1946
6094 1459
6094 2954
6094 1098
6094 12301
6094 8871
6094 78
6094 4558
6094 5810
6094 3992
6094 3402
6094 955
6094 13700
6094 14114
6094 11142
6094 13093
6094 9310
6094 7934
6094 11540
6094 4556
6094 5701
6094 613
6094 348
6094 14901
6094 121
6094 2480
6094 8008
382 382
382 12120
382 934
382 2926
382 7410
382 9163
382 8430
382 766
382 1459
382 8799
382 4814
382 14379
9124 36466
9124 5069
9124 10266
9124 3402
9124 3710
9124 5542
5708 6794
5708 14167
5708 6101
5708 5708
5708 763
5708 11081
17119 1508
5316 9449
15250 6794
15250 15250
15250 11825
13880 824
2245 1898
5498 5292
15425 3503
15425 2841
10366 1650
10366 15246
10366 14379
10366 15108
10366 2841
10366 5810
10366 4642
10366 15292
10366 15247
10366 13139
10366 6666
10366 750
10366 15060
10366 3753
10366 15068
10366 5952
10366 5292
10366 2185
10366 10366
10366 2530
10366 406
2623 4231
2623 259
2623 12617
2623 3847
2623 35833
2623 7868
2623 121
2623 2628
2623 11786
2623 745
2623 1409
2623 14154
2623 3996
2623 2623
5723 2383
5977 1946
6430 2348
6430 943
6430 10076
136 9022
11142 14740
11142 1465
11142 3106
11142 2926
11142 1197
11142 8430
11142 14510
11142 11394
11142 1539
11142 1532
11142 4231
11142 15497
11142 11081
11142 5585
11142 5740
11142 9072
11142 454
11142 4354
11142 7434
11142 942
11142 13878
11142 2349
11142 10820
11142 12674
11142 3992
11142 6101
11142 14436
11142 8871
11142 14865
11142 250
11142 2900
11142 8419
11142 15486
11142 1770
11142 3503
11142 5756
11142 14982
11142 3402
11142 3684
11142 5587
11142 15059
11142 11142
11142 10909
11142 14862
11142 9310
11142 2083
11142 15336
11142 4974
11142 7410
11142 4556
11142 3902
11142 3641
11142 15028
11142 12120
11142 15021
11142 297
11142 1056
11142 3634
11142 6043
11142 5736
11142 14901
11142 451
11142 317
11142 15311
11142 290
11142 2502
11142 1481
11142 10035
2678 66
2678 2678
2678 11540
2678 394
2678 78
3684 15000
3684 6634
3684 15219
3684 12445
3684 14595
3684 934
3684 15351
3684 2807
3684 11733
3684 2900
3684 3684
3684 9305
3684 5229
3684 3902
3684 1441
3684 15044
3684 8008
3684 15056
3684 11016
3684 8799
3684 2926
3684 1887
3684 9072
3684 454
3684 3193
3684 10898
3684 3206
3684 10076
3684 12337
3684 3272
3684 15212
3684 7126
3684 5627
3684 1985
3684 2233
3684 35840
3684 30
4814 812
6355 14869
5034 5267
5034 4183
5034 3753
5034 5690
5034 1532
5034 11540
5034 5034
5034 4100
5034 1223
380 380
380 303
380 1573
757 250
757 1061
757 35353
10217 15147
14721 12976
1822 2349
1822 1573
5735 10427
5735 2874
15022 943
15212 20038
806 5575
806 13825
806 806
806 15044
806 3402
806 3324
806 5690
1811 2290
1811 15028
12481 4661
12481 5267
12481 12104
12481 1176
12481 9072
12481 2926
12481 2361
12481 12481
6316 9024
6316 934
6316 10696
6316 4087
6316 1898
6316 15105
6316 11568
6316 14857
6316 3902
6316 14510
6316 6316
6316 14302
6316 8899
6316 13625
6316 1079
6316 14889
6316 1291
6316 9449
6316 4790
6316 14918
6316 9022
6316 6794
6316 4118
6316 14940
6316 11394
6316 763
6316 5970
6316 2575
6316 10095
6316 5690
6316 13694
6316 8212
6316 9019
6316 15161
6316 1778
6316 12705
6316 14436
6316 15133
4842 5896
4842 9449
4842 14450
4842 15347
9486 15453
14976 5789
14832 353
14832 14324
1508 15191
353 934
353 1106
353 353
353 14324
353 13650
353 5010
353 1481
916 4144
947 12734
12205 11291
12205 5069
12205 13356
12205 81883
12205 15073
12205 5295
12205 10820
12205 1409
1532 2192
1532 4183
1532 2383
1532 9072
1532 5575
1532 4416
1532 2497
1532 1532
15239 3045
2183 2183
15387 317
15387 15387
15387 1465
15498 7460
4221 51
4221 5690
396 425
396 4262
14712 14740
10446 10446
10446 3324
10446 4556
7895 14515
4661 3886
4661 431
4661 7813
4661 3818
4661 4661
4661 10898
4661 1302
4661 2642
4661 14763
4661 14857
4661 8430
4661 14840
4661 7335
4661 7967
4661 13650
4661 14436
4661 4556
4661 1256
6818 6818
6818 8776
6818 78
6818 7311
6818 14958
6818 1223
3473 15014
3473 9072
3462 3106
3462 8871
4362 4362
4362 9401
4362 4622
4362 14114
4362 14497
4362 4183
4362 14771
4362 14379
4362 9035
10696 4149
10696 14510
10696 14339
10696 2149
10696 7460
10696 11016
10696 15496
10696 1459
10696 10076
10696 11926
9022 14922
9022 2192
9022 1898
9022 22
9022 14961
9022 934
9022 13978
9022 12176
9022 7934
9022 9022
9022 14805
9022 15013
9022 66
9022 4974
9022 14889
9022 13650
9022 8871
9022 14740
11771 12120
11771 14816
11771 9545
11771 12705
11771 4903
11771 14915
3970 14497
15103 7076
15103 1056
15103 1778
15103 15103
509 613
12192 2784
15432 121
15432 6666
15432 4008
15432 15432
15432 4177
2467 14771
2467 2926
13978 4556
6770 51
6770 5583
6770 5371
6770 6770
6770 1056
6770 12176
6770 1004
6770 11919
6770 290
6770 6101
6770 1459
6770 13650
1400 5010
1400 1400
1400 913
14993 7460
14993 14628
14993 10076
14993 1409
582 7031
582 391
582 11964
582 582
582 66
582 2177
582 15118
582 15008
582 2841
5753 14441
5753 3402
5753 3206
5753 2349
15427 15379
15427 3902
15427 6794
15413 15413
15413 6545
14515 4526
14515 8208
14515 13972
14515 10095
3521 2348
3521 450
3521 5301
3521 35428
3521 13766
3521 3847
3521 4428
3521 66
3521 10076
3521 12914
3521 8430
3521 2653
3521 9947
3521 7666
3521 15139
3521 7845
3521 370
3521 3521
3521 2841
11512 11870
11512 12120
11512 11512
12518 14878
12518 1459
12518 12518
4753 11115
577 12705
3639 2926
14907 3402
15166 7294
12482 7031
12482 14771
12482 35353
12482 934
12482 10330
12482 2530
12482 78
12482 10095
12482 12482
12482 15488
12482 15041
12482 913
12482 290
12482 13338
12482 763
12482 1149
12482 7486
14357 3642
7144 1483
7144 2312
7144 5371
7144 14901
7144 1106
7144 3503
7144 5970
7144 12176
7144 1149
7144 13121
7144 3272
7144 8008
7144 11919
7144 66
7144 7144
7144 4354
7144 4556
7144 532
36285 13113
36285 4008
36285 36285
36285 1409
36285 1384
36285 2874
36285 7868
44243 1650
44243 4642
44243 1441
8621 297
8621 3077
8621 14639
8621 8621
8621 2024
8621 370
5659 15287
5659 425
5659 4008
9944 9944
9944 14466
9944 1168
9944 20038
9944 763
9944 2627
12088 15385
12088 8019
12088 7813
4438 8212
4438 10909
4438 4438
11786 8891
11786 2841
11786 2821
11786 519
11786 379
11786 6030
11786 1384
11786 297
11786 4008
11786 451
11786 5069
11786 11786
11786 2481
11786 6506
11786 1149
11786 3502
11786 7709
8472 11417
8472 2781
8472 15291
6030 4231
6030 14510
6030 2383
6030 1465
6030 6030
6030 1384
6030 12301
6030 5690
15061 4087
10701 10701
10701 7868
15199 6666
15199 2530
15199 15199
13825 9924
13825 935
13825 1778
13825 1061
13825 3818
13825 6518
13825 1131
13825 7934
13825 8430
13825 13825
13825 14302
13825 6101
13825 2497
13825 766
9896 7743
9896 8212
9896 2192
9896 2631
9896 6651
9896 10909
9896 812
14806 6936
14806 6527
14806 13972
14806 12617
14806 9928
14806 6278
14806 9871
14806 297
14806 3918
14806 6986
14806 15438
14806 14806
14806 4144
14806 450
14806 3996
14806 2841
2284 121
2284 5743
2284 5310
2284 2284
2284 2481
2284 4117
2284 6518
2284 2
15255 3402
15255 8008
15347 1353
7460 3503
7460 7460
7460 14628
7460 13975
7460 9871
7460 519
7460 33841
7460 6254
7460 5744
7460 4231
7460 1887
7460 6949
7460 13747
7460 35428
7460 13766
7460 15283
7460 4685
7460 1826
7460 10076
7460 15291
7460 297
7460 828
7460 9947
7460 3996
4832 14940
4832 7206
4832 1898
4832 4183
4832 4832
4832 1573
4832 8430
4832 1291
4832 2926
4832 4087
4832 2968
13356 13885
13356 13356
4197 6794
4197 14450
4197 14497
15438 6101
15438 6936
15438 15438
5970 9417
5970 4054
5970 1384
5970 14551
5970 4281
5970 5001
5970 7845
5970 4144
5970 2530
5970 4231
5970 13121
5970 317
5970 14757
5970 1587
5970 763
5970 5970
5970 35833
5970 1047
5970 2781
5970 1916
5970 824
5970 11260
5970 11860
5970 78
5970 392
5970 1409
3993 3902
3993 3993
3993 2383
3993 7399
3993 5751
3993 11394
3993 2926
3993 1047
3993 8871
6043 15238
6043 8008
6043 6950
6043 1384
6043 2290
6043 3402
6043 6043
6043 5690
11773 8430
3840 3840
7288 15028
13526 5267
13526 5690
13526 13526
6950 5058
6950 14869
6950 15031
6950 5917
6950 121
6950 13975
6950 3272
6950 8008
6950 6950
6950 4544
6950 35840
1698 4183
1698 5690
3859 13566
2554 3736
2554 7392
2554 454
2554 2554
2554 1131
2554 14362
2554 15456
2554 15018
2554 15129
2554 7294
2554 13905
2554 15469
2554 1044
2554 11081
2554 13809
2554 5210
4794 51
4794 10059
4794 5267
4794 14385
4794 5690
4794 2874
392 7281
392 425
392 1446
392 1465
392 290
392 5002
392 5690
85 35833
238 238
238 13972
14854 4054
14854 6986
14854 450
14854 10076
14854 1409
250 13885
250 14385
250 11176
250 4002
250 4087
250 2857
250 14510
250 1946
250 8799
250 1409
10280 385
11061 943
11057 11540
2544 4231
2544 824
2544 11332
2544 14740
2544 613
2544 745
2544 8799
2544 2544
14800 35833
14800 4262
4366 15200
4366 5082
4304 1650
4304 4304
4304 1465
4304 78
4304 10819
4304 7952
15226 3759
15226 1149
35833 3513
35833 2884
35833 5740
35833 343
35833 613
35833 763
35833 15021
35833 15105
35833 15194
35833 451
35833 2349
35833 1851
35833 2841
35833 9672
35833 5094
35833 406
35833 5301
7710 3902
7710 5091
7710 11576
7710 7710
7710 942
2294 302
2294 4087
2294 14828
2294 11394
2294 15219
2294 143
2294 10368
7868 297
7868 13628
7868 1985
7868 15191
7868 1355
7868 519
7868 9658
7868 5738
1378 1657
440 440
440 9072
440 15161
440 2530
440 8871
8212 7031
8212 6545
8212 9386
8212 5751
8212 5810
8212 1223
8212 15105
8212 13093
8212 13736
8212 14828
8212 66
8212 5058
8212 8799
8212 15496
8212 5344
8212 4040
8212 14918
8212 15027
8212 15073
8212 9072
8212 11885
8212 12394
8212 1047
8212 143
8212 14462
8212 9449
8212 4677
8212 8212
8212 5627
8212 3641
8212 12301
391 4231
391 6666
391 1657
391 934
391 15198
391 9928
391 15205
391 4087
391 121
391 1729
391 13782
391 14835
391 297
391 3891
391 15200
391 9947
391 66
391 391
391 3902
391 14945
960 11540
2348 1939
2348 2348
2348 10076
14579 9163
14579 2233
14579 943
14579 13972
14579 394
7218 4556
6566 385
6566 2383
6566 12107
13835 10194
13835 1573
15423 14510
8176 8699
8176 3983
8176 5810
8176 14497
8176 4706
8176 6976
8176 15102
8176 13093
8176 8176
8176 6460
8176 10330
8176 4556
8176 13809
15040 613
15040 14958
15293 7031
15293 6794
15293 1724
15293 5506
15293 1574
15293 5229
15293 7206
15293 6787
15293 3106
15293 447
15293 15293
15293 4177
13774 6976
13774 3402
13774 1234
13774 13607
13774 13774
15314 83
14912 11260
12898 7294
12898 15181
284 14243
284 15126
284 8721
284 1345
284 5010
284 15105
7709 1483
7709 2926
35428 4428
35428 4008
35428 10076
6768 1121
14878 290
14878 763
14878 450
11870 11870
15404 4231
15404 430
15404 15404
15404 2349
15404 1310
12674 11259
12674 14875
12674 13520
12674 12674
12674 7743
12674 14913
12674 14788
12674 3402
12674 8871
12674 15230
6651 9211
6651 3621
6651 14740
6651 4002
6651 4416
6651 2926
6651 15181
6651 15120
6651 1939
6651 13244
6651 7967
6651 15018
6651 15133
6651 15469
6651 6651
14969 13113
14969 4528
14969 2841
14969 13480
14969 4262
14969 14447
14969 2926
7721 9502
7721 15464
5002 1409
5002 1898
5002 3402
5002 2530
5002 14175
5002 2197
5002 5002
5002 4040
5002 12301
3041 7392
3041 1657
3041 35840
3041 14717
3041 11081
2305 9449
1353 344
1353 1474
4706 2234
43085 15000
43085 14943
43085 2672
43085 15381
43085 15322
43085 13809
13500 8430
14623 8699
15477 19475
15477 1384
15477 2349
14497 8134
14497 6269
14497 3983
14497 6976
14497 1223
14497 15102
14497 14510
14497 14497
14497 10718
14497 1291
14497 2192
14497 12301
14497 6227
14497 2631
14497 14175
14497 11056
14497 1546
14497 3503
14497 14094
14497 4556
14497 8699
14497 13338
14497 11081
14497 13809
14497 8419
14497 14595
14497 5101
14497 5810
14497 14891
14497 3402
14497 14948
14497 14840
14497 3
14497 15111
14497 2530
14497 7486
14497 10400
14497 4953
14497 5690
14497 9672
14497 10265
14497 15125
14497 14901
14497 6460
14497 14913
14497 406
14497 1409
11394 7743
11394 1465
11394 78
11394 3
11394 11394
11394 344
11394 9062
11394 317
11394 5789
11394 12120
11394 9072
11394 454
11394 14013
11394 1355
11394 348
11394 913
11394 2954
11394 3623
1610 1223
5337 3849
5337 5337
5337 450
5337 360
5337 9928
5337 10503
5337 394
5337 1384
5337 4042
5337 451
5337 12310
5337 5860
5337 8103
5337 3502
5337 1409
2218 9878
2218 6206
2218 2039
2218 3634
3759 5292
3759 1149
3759 15487
10524 745
9019 6307
9019 2383
9019 2841
9019 6545
9019 6101
15499 10718
9871 9871
9871 2290
9871 13972
9449 3402
9449 1234
9449 1939
9449 324
9449 1441
9449 4144
9449 9449
9449 317
9449 5484
9449 3948
9449 1162
9449 3546
9449 5344
9449 9947
9449 2481
9449 450
9449 340
3891 66
3891 3891
3891 78
3891 2383
3891 13263
3891 14574
3891 1384
3891 425
3891 709
3891 2669
2508 14498
13132 9928
13132 5010
5801 4087
4991 8103
13127 10820
14814 5860
14814 3272
14814 9072
14814 1587
14814 5513
14814 14814
14814 1384
14814 1021
14814 1149
6827 4231
6827 6827
6827 5292
6827 15139
6827 32332
6827 4194
6827 3233
6827 14708
6827 5301
15409 15324
2698 8430
2698 2926
2698 4140
2698 6545
1622 4231
1622 1622
1622 2349
4111 51
4111 2481
4111 1384
4111 3503
1985 7031
1985 10400
1985 385
1985 3948
1985 11964
1985 2530
1985 20038
1985 1384
1985 1
1985 66
1985 297
1985 2653
1985 4008
1985 451
1985 1985
1985 15270
1985 14013
4528 10729
4528 6666
4528 437
4528 1465
4528 15193
4528 3969
4528 121
4528 2857
4528 4177
4528 184
4528 4528
4528 4118
4528 11540
4528 5690
4528 4790
14466 2290
14466 20038
14466 3983
15253 1056
15253 5340
15253 14302
5310 2481
15370 4054
15370 15155
6481 5340
6481 4231
6481 14870
6481 35353
6481 1223
6481 14915
6481 6481
2039 454
2039 297
10893 14551
14869 1463
14869 290
14869 11535
14869 35840
7281 7281
7281 6794
5690 51
5690 6206
5690 15198
5690 78
5690 14094
5690 15128
5690 4177
5690 184
5690 4183
5690 13972
5690 10718
5690 4040
5690 4790
5690 4231
5690 14771
5690 1345
5690 22
5690 2631
5690 15129
5690 5267
5690 14860
5690 15292
5690 14379
5690 2191
5690 15215
5690 14816
5690 2384
5690 14551
5690 14885
5690 45
5690 763
5690 7031
5690 10400
5690 3641
5690 402
5690 14147
5690 5690
5690 2386
5690 6666
5690 750
5690 406
5690 14913
5690 3579
5690 1409
15125 15125
15125 4398
15125 6976
15125 6460
15125 35840
4767 13733
4767 1384
4767 2383
4767 4767
290 6269
290 15031
290 1662
290 3509
290 4642
290 15118
290 3676
290 8776
290 2192
290 1657
290 2841
290 14450
290 7311
290 12394
290 30
290 7952
290 2349
290 4556
290 5627
290 15381
290 2954
290 5301
290 5810
290 2290
290 10231
290 12176
290 1465
290 3621
290 6545
290 2530
290 14105
290 7392
290 14830
290 3902
290 15283
290 11081
290 6666
290 9947
290 290
290 406
290 12858
290 2672
290 12597
290 2926
290 8430
290 14510
290 6871
290 4544
290 1061
290 121
290 6794
290 297
290 1131
290 4903
290 5506
290 6514
290 14819
290 2233
290 450
290 12301
290 5583
290 358
290 934
290 2807
290 14479
290 15454
290 4312
290 1176
290 5428
290 14639
290 45
290 11540
290 10820
290 15054
290 1050
290 613
290 1047
290 9672
290 1409
14913 11259
14913 7743
14913 10400
14913 6085
14913 14441
14913 14379
14913 14940
14913 13506
14913 14913
14913 14340
14913 11081
14913 7206
11860 11860
11860 2926
11860 8811
11860 913
11860 20038
14713 14713
477 45
381 7031
381 14157
15198 15198
4177 4086
4177 14850
4177 4087
4177 15128
4177 4177
4177 2060
4177 6986
4177 12166
4177 14157
4177 12337
4177 15496
4177 3502
4177 7031
4177 14105
4177 15195
4177 12976
4177 5506
4177 1355
4177 942
4177 11504
4177 37021
4177 12832
4177 450
4177 10909
4177 1409
14835 14835
14835 6794
14835 2926
14835 14689
14835 1231
14835 6101
14835 2290
14835 3206
14835 1409
6451 5371
981 1150
1703 1916
1703 11395
1703 2185
1703 1703
1703 2233
1703 15056
1703 1465
1703 9617
1703 8103
1703 15134
1703 1310
14926 1939
14926 14926
14926 2290
14926 1409
2060 15417
7448 7448
7448 3544
7448 5740
13694 7150
13694 13694
13694 8843
13694 2234
14328 1384
14328 2290
14328 4685
15325 9335
15325 12705
15325 9269
15034 4087
15017 12858
15017 317
15017 15017
15017 35840
12617 7031
12617 8430
12617 13972
12617 1847
12617 12617
12617 11081
15120 935
12259 2841
3753 6666
3753 3753
3753 2841
3753 5229
3753 5267
3753 1149
332 332
332 3634
332 14447
332 9928
332 4144
332 1465
332 10819
332 14901
4637 1335
4637 1465
3556 3333
3556 10076
13809 14288
13809 6794
13809 8699
13809 8250
13809 10819
13809 2384
13809 1464
13809 11716
13809 6506
13809 13809
13809 4556
13215 5323
11266 11266
11266 78
15215 121
15215 4183
4416 14849
4416 5340
4416 14230
4416 934
4416 1056
13827 9062
935 10059
935 143
935 14931
935 934
935 14934
935 8250
935 2290
15152 3848
15440 15435
15440 2530
351 22
15433 8430
15433 2763
10867 15265
613 14462
613 1441
613 14958
613 934
613 9211
613 2926
613 15105
613 49
613 9404
613 1573
613 15110
613 2192
613 15069
613 343
613 11176
613 613
613 3818
613 1047
613 14847
613 1459
613 12357
348 7150
348 14924
348 7434
348 7952
4685 5661
4685 15073
4685 2290
4685 5513
4685 1384
4685 12107
4685 12832
4685 2481
4685 3199
4685 14013
4685 2874
5963 7392
5963 39663
5963 5627
10330 1993
10330 1657
10330 10330
10330 2051
10330 78
10330 7311
10330 1149
10330 7399
10330 1409
15311 658
15311 15311
15311 6958
15311 979
15311 1044
15161 121
15161 14840
15161 15161
15161 2954
15161 4556
333 1587
12705 11398
12705 5301
12705 15147
12705 14948
12705 5229
12705 2672
12705 9269
12705 1079
12705 15496
12705 6466
12705 6794
12705 3621
12705 9833
12705 12031
12705 14441
12705 4246
12705 15308
12705 6101
12705 12705
12705 14901
12705 10035
12705 15470
1409 13972
1409 1465
1409 78
1409 15128
1409 8430
1409 14510
1409 2926
1409 1756
1409 3106
1409 9672
1409 15110
1409 4231
1409 6794
1409 2841
1409 6856
1409 5069
1409 10076
1409 7410
1409 4042
1409 5263
1409 4040
1409 450
1409 6646
1409 14901
1409 10909
1409 3848
1409 1441
1409 8419
1409 14905
1409 14948
1409 14885
1409 14354
1409 121
1409 2837
1409 11081
1409 766
1409 3502
1409 9163
1409 6085
1409 2349
1409 3641
1409 11176
1409 1121
1409 35353
1409 15435
1409 15021
1409 14436
1409 5431
1409 454
1409 8871
1409 15394
1409 3623
1409 1409
2011 454
2011 2011
2011 12120
2011 13263
2011 14551
2011 3983
14417 2192
15366 121
15366 7743
15366 6794
11576 1056
11576 11576
8216 14639
299 5537
4364 7934
8707 7934
2051 317
2051 1446
2051 1465
2051 10819
2051 8032
2051 11504
2051 1335
2051 1650
2051 4040
2051 1459
2051 2954
2051 2051
2051 10820
1546 4183
1546 8103
1546 1094
1291 9401
1291 14955
1291 23571
7851 14251
15122 2802
2197 14940
2197 1437
2197 2530
83 468
83 121
83 9417
83 8320
83 8721
83 13139
83 4144
83 83
2781 10206
2781 14013
2781 2781
4281 6649
15270 11682
15270 14013
14673 7031
8208 8208
434 3186
434 14476
10427 5743
10427 10001
10427 10427
1961 398
8041 5010
8041 15396
10048 1
14114 2807
14114 2233
14114 14114
461 9352
461 11145
439 2841
13566 812
14124 51
14124 297
14124 10335
14124 2530
15349 1266
15349 1674
1114 13628
1114 1114
14441 1168
14441 6101
14441 14441
14896 14098
9947 1939
9947 3077
9947 2841
9947 13975
9947 2290
9947 10076
9947 121
9947 297
9947 9947
9947 4428
9947 3996
9947 5094
9947 2874
9947 1149
15155 5420
15155 15406
15155 9093
15155 5301
15155 12832
15155 15155
15155 1459
15155 7177
15155 2349
7614 4231
7614 3384
7614 14812
7614 5107
7614 5301
3623 9924
3623 4183
3623 7126
3623 14157
3623 10076
3623 15056
3623 3623
11259 11259
11259 1304
11259 9386
11259 4087
11259 3402
11259 11504
11259 14302
11259 5428
11259 3401
11259 8871
3847 1310
3847 297
3847 14252
3847 14672
3847 3847
3847 9833
2234 7150
2234 6789
2234 6085
2234 66
2234 1840
2234 2234
14915 8092
14915 7743
14915 1168
14915 1459
14915 4087
14915 6976
14915 6794
14915 15394
14915 9269
14915 5340
14915 6085
14915 3621
14915 1587
14915 11318
14915 7521
14915 14939
14915 14915
14915 454
14915 4928
14915 1946
14915 14794
14915 14517
1463 398
1463 15143
9158 9158
10333 15195
39663 6634
39663 1131
39663 39663
39663 1459
39663 2954
15072 6666
15110 15112
602 602
15108 2841
15108 10194
15482 9269
7619 14510
4415 2000
4415 4415
4415 14379
15308 121
15308 15308
15308 14740
15308 745
15308 3324
14094 5267
14094 14094
1335 11176
1335 1573
1335 6953
1335 1335
6756 1384
6756 1355
6756 15020
14593 13650
14593 13700
2481 4437
2481 3757
2481 421
2481 14967
2481 4117
2481 15274
2481 9658
2481 5015
2481 5101
2481 1826
2481 15291
2481 5743
2481 4008
2481 14850
2481 2481
2481 4486
3332 10946
5094 6666
5094 750
5094 2841
5094 11504
5094 7399
14761 1939
394 15246
394 2308
394 22
394 13972
394 394
394 15213
394 15292
394 11332
394 1107
394 121
394 14510
394 15274
394 15197
394 4118
3402 2672
3402 1106
3402 1662
3402 11716
3402 15393
3402 8008
3402 11919
3402 3106
3402 12734
3402 1131
3402 10898
3402 3206
3402 15453
3402 5267
3402 11917
3402 5627
3402 2954
3402 8871
3402 15478
3402 5810
3402 3402
3402 3324
3402 15090
3402 15338
3402 14302
3402 11016
3402 4556
3402 7031
3402 15054
3402 3621
3402 15132
3402 1355
3402 3676
3402 10194
3402 14324
3402 2480
14840 14564
14840 8019
14840 8430
14840 14763
14840 14694
2837 14510
12427 7206
12427 11398
12427 1441
12427 4087
12427 4040
15265 763
15265 13736
15265 12664
15265 1465
14548 1650
14548 8183
14548 8721
14548 14548
12120 12572
12120 11291
12120 3077
12120 9386
12120 2586
12120 1047
12120 15221
12120 4087
12120 15181
12120 1465
12120 14894
12120 8799
12120 7311
12120 10820
12120 5701
12120 5340
12120 12120
12120 9072
12120 11540
12120 5810
12120 3509
12120 406
12120 12643
12120 15463
12120 1340
12120 15486
12120 14961
12120 14464
12120 15405
12120 15424
12120 13650
12120 14551
12120 1783
1050 1847
1050 11100
1050 1050
1050 3503
1050 20038
1050 12176
1050 15137
1050 683
1050 5091
1050 3272
1050 6506
1050 4040
7103 15191
15126 1465
14939 14865
1047 1483
1047 1233
1047 15454
1047 8799
1047 5751
1047 2926
1047 1047
1047 12176
1047 766
1047 8430
1047 6545
1047 3546
1047 1465
1047 1459
1047 3902
15484 1345
15484 763
15484 15484
15484 1465
2968 763
2968 14436
2968 2968
13121 13121
13121 2290
13121 532
4928 14849
4928 5371
13905 7743
10862 49
10862 4262
10862 10862
14517 7031
14517 848
14517 15462
14517 14740
14517 8353
14517 4087
14517 14361
14517 14517
14848 6506
14848 2290
14848 14848
6936 6666
6936 437
6936 6206
6936 49
6936 12166
752 431
14639 10819
14639 1573
14639 14450
14639 14175
14639 943
14639 2642
14639 14379
14639 14639
14639 3996
1465 14740
1465 12394
1465 15213
1465 11504
1465 13715
1465 6206
1465 15289
1465 15143
1465 8183
1465 2349
1465 14860
1465 3996
1465 1310
1465 14922
1465 6646
1465 15168
1465 3992
1465 12176
1465 1465
1465 14354
1465 8721
1465 13625
1465 1345
1465 344
1465 1459
1465 10820
1465 7031
1465 9163
1465 2954
1465 11176
1465 4707
1465 9072
1465 121
1465 15060
1465 14958
4642 1859
4642 13113
4642 4183
4642 4642
1302 1847
5292 2841
5292 5292
14967 5015
297 13441
297 398
297 11919
297 30
297 15292
297 15268
297 10095
297 297
297 12260
297 8008
297 15274
297 703
297 4144
297 2290
297 2841
297 2530
297 1131
297 430
297 15137
297 5091
297 4008
297 5627
297 451
297 370
297 10909
297 15013
297 9924
297 2926
297 14464
297 2784
297 3324
297 143
297 4312
297 7845
297 11016
297 35575
297 14252
297 8871
297 15008
297 33841
15373 11716
15373 2383
15470 7458
6776 2290
9617 45
9617 11846
15289 6205
2192 1847
2192 2192
2192 15028
2192 14450
2192 10898
2192 11009
2192 11504
2192 14597
2192 8008
2192 9564
2192 3992
2192 8871
15246 4231
5789 5789
14385 4231
14385 14385
1573 4961
1573 13700
1573 11176
1573 14510
1573 15197
1573 3948
1573 343
1573 1573
1573 943
1573 1004
1573 4040
1573 14901
1573 6101
1573 14379
1573 1149
15383 2954
13715 317
13715 1345
13715 8183
4344 473
4344 4344
2123 1
5091 5091
5091 8419
5091 11919
5091 14464
1856 4008
1856 1856
2884 2841
1094 3502
10909 4231
10909 4042
10909 6666
10909 15295
10909 2807
10909 10819
10909 121
10909 2349
10909 10909
10909 9163
10909 2233
10909 45
10909 2530
10909 1149
10909 4040
1233 5506
1233 10828
4558 1464
4558 2349
4558 5081
4558 3680
4558 5627
4558 2926
4558 1073
4558 10076
15139 450
15139 15139
13480 13669
13480 7952
14779 14779
9463 6357
8358 451
437 6666
437 3502
658 658
658 14758
14828 6085
14828 12301
14828 3324
14828 7410
7845 2083
7845 7666
7845 9502
7845 460
7845 519
4974 1898
4974 13650
4974 4974
9658 4800
1234 13628
1234 15306
1234 3709
1234 40578
1234 11540
1234 13444
14862 6101
14862 763
14862 4556
9390 14157
259 11964
15069 7294
15415 3996
15415 943
13099 2807
13099 8799
13099 13099
13099 13363
15042 6953
4653 6227
6518 9924
6518 1847
6518 10400
6518 15478
6518 6518
6518 1355
6518 9163
6518 1464
6518 5267
6518 3186
6518 2530
6518 1021
6518 8871
1186 12352
14551 11291
14551 12176
14551 14551
35840 15428
35840 15132
35840 6976
35840 3959
35840 35840
35840 1446
6357 14510
6357 11500
11705 943
7507 7743
7507 2575
1384 14339
1384 398
1384 1384
1384 14510
1384 6249
1384 6506
1384 12832
1384 2841
1384 5267
1384 2383
1384 12310
1384 3199
1384 1245
1384 8891
1384 2290
1384 5101
1384 3757
1384 955
1384 14807
1384 4149
1384 14812
1384 10400
1384 1982
1384 35575
1384 4659
1384 3272
1384 451
1384 5831
1384 13733
1384 1355
1384 10035
5661 6506
11262 14847
11262 9564
11262 15014
4086 6794
4086 4086
6506 14339
6506 12668
6506 10898
6506 2290
6506 15268
6506 35416
6506 12087
6506 6506
6506 1049
6506 11919
6506 15274
6506 450
12734 763
12734 8008
12734 12734
2308 2308
2308 13265
2308 2841
2308 2490
2308 15292
2308 519
14175 1650
14175 7780
14175 14175
14175 2349
14175 3983
519 7031
519 4800
519 13139
519 5101
519 943
519 10930
519 4428
519 519
519 10076
519 6666
519 1464
519 14514
519 13265
519 6545
519 3709
519 11395
824 416
824 10640
824 5371
824 12394
824 14678
1340 5340
1340 10400
1340 8799
3642 1464
3642 3642
450 1079
450 15050
450 6249
450 2841
450 35353
450 6699
450 10076
450 13113
450 450
450 5301
288 1887
288 288
288 9672
712 1106
14595 1587
15351 8008
14479 1662
14479 14479
14479 5301
10475 78
13975 121
2653 4659
2653 3233
4716 1939
9269 51
9269 6085
9269 2672
9269 2841
9269 454
9269 11318
9269 6794
9269 5229
9269 7206
9269 1587
9269 5849
9269 9269
9269 1946
9269 2361
9269 14302
14361 7294
14361 14743
14361 8799
14361 14361
14361 1993
14361 14694
15114 1004
15114 15114
271 8891
271 4008
3202 3272
3202 2926
15028 1898
15028 431
15028 15028
15028 2841
15028 2290
15028 7934
15028 302
15028 11926
15028 8799
15028 11016
15331 15417
12031 6545
8345 5506
10194 11100
10194 3102
10194 35353
10194 5810
10194 10194
10194 14354
10194 12310
10194 2233
10194 19475
10194 8799
10194 2530
10194 14379
15012 13822
296 15021
4117 5015
4117 2081
644 2290
14167 828
3816 8799
262 2926
262 1168
1662 14302
1662 2807
65 454
65 9163
65 11016
65 14809
65 13552
15129 454
15129 15469
8452 14702
15102 6976
15102 14771
15102 763
15488 15488
15488 2530
13265 12208
13265 13265
13265 4790
15134 121
15134 13700
1310 3902
1310 12352
1310 13139
1310 109
1310 11395
5340 14379
5340 14230
5340 955
5627 5583
5627 934
5627 1106
5627 2926
5627 8733
5627 7077
5627 1450
5627 8008
5627 3106
5627 6921
5627 7031
5627 3206
5627 2349
5627 5627
5627 12337
13834 121
13834 5371
13834 13834
13834 763
13834 2029
15144 3124
1587 51
1587 1887
1587 5917
1587 14510
1587 45
1587 4556
3509 8594
4100 913
2 2
2 1149
15304 9501
8725 3996
8725 2841
8725 8725
12170 9163
1946 15260
1946 5810
1946 14725
1946 15219
1946 5917
1946 7206
1946 3902
1946 14510
1946 2672
1946 13700
1946 15002
1946 6794
1946 3621
1946 6466
1946 5542
1946 302
1946 13669
1946 1946
1946 11115
1946 14901
1946 14024
1946 7248
1098 2954
15443 12135
6531 13400
14218 14218
2191 1631
2191 2191
2191 12832
2191 360
2191 1921
2191 4659
2191 5513
2191 3324
2191 2628
2191 6545
2191 5000
2191 3996
2191 35416
2191 4040
1590 2642
1778 4087
1778 15086
1778 1061
1778 15385
1778 1778
1778 2642
1778 143
1778 2389
1778 9850
1223 7031
1223 2290
1223 6214
1223 5301
1223 4087
1223 1223
1223 35416
1223 9163
1223 2530
1223 1306
1223 9072
1223 10930
1223 1131
1223 4246
1223 4231
1223 13688
1223 1492
1223 12301
1223 78
15054 1715
15054 1266
15054 5301
15054 2807
15054 4
15054 3032
15054 15054
15054 8008
15054 7320
15054 3996
15054 2530
2146 15247
447 2926
7437 4659
622 622
622 5031
622 10076
2384 1121
2384 14564
2384 1306
2384 3032
10883 1
1266 9924
1266 1266
1266 15393
14757 15105
14757 5069
14757 5738
14757 4354
14757 10820
15283 15283
15283 14672
15283 14013
15283 11661
15234 2349
7106 7743
8843 2926
2857 317
75 5738
15463 6101
15463 15479
14794 13878
7177 6794
7177 11025
14916 4231
14916 7666
14916 15254
2081 2081
1921 2628
3132 5810
408 14436
15128 1916
15128 402
15128 78
15128 15128
7093 2377
800 6666
15494 11011
5301 5301
5301 14891
5301 7392
5301 15041
5301 9672
5301 4231
5301 10400
5301 15099
5301 15021
5301 4763
5301 15194
5301 121
5301 7666
5301 14379
2689 7206
405 9850
405 4556
405 9386
2631 2631
2631 6794
15159 8049
2575 2575
8103 6646
8103 11002
8103 11540
8103 8103
8103 425
8103 12352
8103 12166
8103 2480
15137 1464
121 1483
121 1345
121 3077
121 15169
121 78
121 3902
121 14510
121 431
121 15274
121 13625
121 10718
121 5010
121 22
121 2841
121 4763
121 11850
121 15462
121 15133
121 484
121 14860
121 1441
121 14379
121 6646
121 4800
121 8419
121 14850
121 2290
121 3757
121 13700
121 9163
121 11926
121 2628
121 66
121 15099
121 11016
121 344
121 4556
121 10400
121 14574
121 1464
121 15227
121 15111
121 15228
121 12301
121 121
121 7442
121 14901
121 12832
121 4659
121 13559
121 14958
121 1355
121 15487
37021 6666
37021 37021
37021 3544
37021 9114
37021 78
37021 12166
5450 7320
5450 4556
3996 397
3996 2868
3996 4437
3996 2290
3996 13684
3996 11661
3996 14945
3996 1657
3996 2841
3996 13766
3996 943
3996 2900
3996 15291
3996 5496
3996 3996
3996 14436
3996 15445
11081 3736
11081 406
11081 9072
11081 13878
11081 14992
11081 4118
11081 15014
11081 6101
11081 13385
11081 8799
11081 11081
11657 1131
14464 11919
14464 9072
14464 14464
10774 10774
3897 14024
3324 3641
3324 2185
3324 2807
3324 2586
3324 3324
3324 6649
3324 4800
3324 15389
3324 14860
3324 6101
3324 8799
3324 7410
3324 14740
15105 4354
15105 4054
15105 15105
15105 5010
15105 1650
15105 454
15105 2383
15105 66
15105 2233
15105 49
14948 8430
14948 4239
14948 7521
14948 14901
14948 14948
13070 6976
4896 5784
4896 4896
15328 15328
11060 4428
11060 10076
15197 11002
15197 13700
4069 15218
14931 6153
14931 9072
14931 3992
14931 2926
14931 2530
14931 4790
14918 14918
14918 2660
14918 5542
14918 11825
6074 4428
6074 6074
6074 451
6074 943
6466 6794
15132 8008
15132 3959
15132 15132
15132 2530
15132 4354
15132 78
15132 13700
1056 5701
1056 454
1056 11009
1056 1056
1056 302
1056 3983
1056 9501
1056 7410
1056 7442
12357 343
12357 5058
14305 4008
4910 6646
14881 1441
6698 10898
5935 6666
5935 5081
4891 1657
970 14243
9878 1131
9878 5542
1102 398
1102 1073
9024 2807
9024 3992
15086 2530
15086 3206
15403 8430
15403 2926
15403 6153
15403 14302
15403 15403
15403 802
7655 7655
12914 12914
7787 2497
14339 14339
14339 2841
3121 12337
11306 14830
13568 745
4677 4677
14904 4428
14904 14904
14904 10076
1304 1304
4085 7247
10084 10084
11850 4054
11850 15465
1202 14105
1202 3502
14860 4721
14860 431
14860 14860
14860 10819
14860 6646
4486 13113
1574 454
1574 6787
7399 1149
14865 13650
14865 2763
14865 4556
14865 14865
8588 14179
5309 431
6948 12352
4087 12572
4087 6793
4087 3545
4087 454
4087 13878
4087 8629
4087 14493
4087 13322
4087 6101
4087 13650
4087 1021
4087 14187
4087 3992
4087 4087
4087 12176
4087 4925
4087 66
4087 2530
4087 7410
4087 1887
4087 6085
4087 630
4087 2480
4087 6666
4087 425
4087 9545
4087 15033
4087 6794
15147 15147
15147 6658
12176 3803
12176 14652
12176 12176
12176 3659
12176 5263
12176 11332
12176 66
12176 2530
9163 9163
9163 4183
9163 6214
9163 14187
9163 3634
9163 14510
9163 49
9163 360
9163 6101
9163 406
9163 4040
14847 14847
13736 10266
6101 9924
6101 9093
6101 14187
6101 3818
6101 15018
6101 143
6101 4701
6101 8799
6101 4556
6101 1898
6101 15021
6101 454
6101 10819
6101 4423
6101 1121
6101 302
6101 6101
745 3676
745 10503
745 8799
745 6976
745 9305
13385 8799
13385 1131
13385 50854
13385 2926
13385 13385
7392 14771
7392 13119
7392 14891
7392 15219
7392 11504
7392 7392
7392 13972
7392 1459
7392 8799
7392 10820
7392 4118
3139 2926
4720 10718
4720 3641
4720 10265
4720 7934
1256 143
1256 1256
15291 10076
3272 10400
3272 3621
3272 14450
3272 4544
3272 828
3272 12643
3272 5831
3272 6249
3272 4140
3272 1149
3272 4040
6360 11260
8354 8430
8354 8354
2480 11100
2480 10052
2480 2480
2274 13972
4262 49
4262 4262
1171 8776
1171 1171
1464 1483
1464 8891
1464 431
1464 11733
1464 2290
1464 15268
1464 1464
1464 5267
1464 5831
1464 13625
1464 1149
14944 6953
3106 1847
3106 6172
3106 14845
3106 3634
3106 2807
3106 4
3106 10231
3106 11445
3106 8899
3106 14510
3106 5506
3106 3106
3106 5442
3106 4556
1770 6666
14702 12664
321 12208
12445 12445
14493 8430
13244 3803
13244 1483
13244 13244
13244 2383
13244 1131
13244 13650
4040 51
4040 78
4040 763
4040 4040
4040 2290
4040 5371
4040 5750
4040 1121
4040 2954
4040 406
15168 3503
15168 9072
2233 10819
2233 2233
2233 9062
2233 8871
2177 66
2177 4231
2177 1528
10368 10265
10368 8699
10368 402
10368 2383
10368 2926
10368 10368
10059 10059
10059 3641
5831 5831
4600 10898
3969 15365
2356 15008
2356 8594
14885 14885
14885 1441
14885 2383
14885 763
4312 4231
4312 12260
4312 1168
4312 15021
4312 2530
4312 2290
4312 430
4312 406
4312 4312
14628 492
13625 454
13625 13625
13625 20038
13625 9072
13625 763
11540 11540
11540 12394
11540 1
11540 429
11540 2530
11540 10820
11540 4721
11540 9833
11540 344
11540 10095
11540 1459
11540 8871
11540 9352
5081 13441
5081 5081
5081 10076
1939 763
1939 13139
1939 454
1939 15323
1939 2290
1939 1939
1939 13650
1939 5482
11054 7743
11054 1061
11054 15385
3544 14574
3544 2383
3544 3544
3544 13263
2944 11100
14147 14147
14147 13972
14147 13700
630 2290
15036 7743
15036 14901
15036 1176
11504 7031
11504 4721
11504 22
11504 14450
11504 454
11504 3992
11504 1898
11504 11504
11504 1450
11504 2530
11504 1149
11504 5010
406 5810
406 2926
406 8923
406 8430
406 7311
406 2048
406 10400
406 454
406 1004
406 9401
406 10265
406 406
1121 1847
1121 8430
1121 2954
15041 13700
15041 78
15041 15041
4763 3545
4763 14013
4763 4763
4763 5107
15013 13650
15013 15013
15013 5810
15020 3803
15020 15020
15033 4925
5784 5784
5784 1131
10744 15219
14494 4054
14494 5371
1168 1168
1168 2290
1168 11919
1168 14340
1168 8799
1168 4140
8131 8857
8131 6976
8131 13607
8131 1106
3318 1306
473 7666
8008 11417
8008 2672
8008 3206
8008 9310
8008 15457
8008 8008
8008 35575
8008 942
8008 9858
8008 15381
8008 2954
8008 10035
3233 4183
3233 4428
3233 3233
3233 1149
2361 12104
1898 14974
1898 6976
1898 7934
1898 14963
1898 8430
1898 4556
1898 1898
1898 1674
1898 1355
1898 9072
1898 175
1898 302
1898 10035
1898 15014
1898 11260
1898 2000
45 45
45 6666
45 1650
45 13338
45 4118
45 2530
15465 4054
454 1483
454 12858
454 3983
454 416
454 14302
454 14510
454 15056
454 9352
454 7311
454 4118
454 5849
454 9072
454 2562
454 5542
454 454
454 12643
454 7294
454 14816
454 9545
454 13650
1645 1106
7294 1131
7294 913
7294 8799
7294 7294
7294 2386
15381 15381
15381 13093
15381 9310
15381 1106
15381 13878
15381 4721
15381 1131
15381 11716
1982 3503
1982 317
1982 2024
6214 6214
6214 3199
12310 6666
12310 14354
12310 12310
12310 9928
14982 4354
14982 9310
5756 7031
5756 2841
9502 2841
9502 12832
15024 1715
15024 4556
15111 15118
15111 14450
14436 4231
14436 6794
14436 35353
14436 763
14436 14436
12107 3757
12107 12337
12107 1149
14813 14813
14813 11318
14813 6085
14105 6646
14105 3502
14717 1459
3948 10095
12669 7934
11072 15227
11072 398
7442 2622
7442 13650
7442 7442
1355 6794
1355 1131
1355 9072
1355 1355
1355 1106
1355 13700
1355 2821
1355 1149
2363 766
9114 1459
9114 2926
9114 14905
13506 13878
13506 14340
14816 6085
14816 14705
14816 1176
14816 2926
14816 6794
14816 5010
15008 7031
15008 5714
15008 15008
2627 10920
14462 14462
14462 1441
14462 2622
3818 8430
3818 3818
9305 13475
9305 9305
9305 5810
15219 5810
15219 8799
15219 5542
12208 430
8899 6666
8899 429
8899 8899
8899 5010
14894 9652
14894 11260
11124 11016
14689 431
14689 12781
14689 5701
7 4231
7 7
7 13377
3874 943
8857 1657
1593 5371
1593 13650
9072 1847
9072 7743
9072 11100
9072 3641
9072 9072
9072 5058
9072 10095
9072 1021
9072 14934
9072 9858
9072 451
14013 4008
14013 12668
14013 35353
14013 4351
5542 5175
5542 3206
5542 5542
4246 4246
4246 14450
4246 5482
2383 848
2383 8891
2383 1096
2383 10503
2383 14510
2383 4371
2383 2530
2383 4500
2383 7311
2383 2874
2383 10400
2383 15227
2383 2383
2383 5952
2383 13733
2383 14154
6262 49
6262 2841
11417 2926
11417 9858
5583 766
5583 1079
5583 10266
5583 10076
5583 14905
14230 14922
14230 8430
14230 14230
14230 14917
14230 6871
14230 1674
14230 1459
14230 1
14705 7206
14705 6085
14705 14705
14743 14743
109 6666
109 9417
109 1306
109 703
109 109
109 2530
6013 451
2642 10454
2642 13650
2642 5506
2642 2642
5229 4556
5229 6794
5229 2672
5229 2185
5229 5229
5229 5267
5229 12082
5229 1459
5229 6153
14940 7206
14940 7743
14940 13113
14940 11318
14940 2926
14940 1149
5587 5587
5587 12394
344 2841
344 2926
344 344
344 1826
344 2874
5585 15056
5585 7311
15238 1737
5750 66
5750 1131
1650 15143
1650 4354
1650 4961
1650 66
750 4231
750 3848
750 22
750 2841
750 5751
750 78
750 750
750 605
750 4790
750 14901
750 12643
2149 3641
2149 2628
2149 2149
2149 15405
2149 8799
9310 15118
9310 2349
14917 7410
7126 7126
13441 13441
13441 370
13441 14901
6793 9545
11100 3902
11100 11100
11100 4183
11100 398
7434 1345
6206 4183
6206 6206
6206 3992
6206 2926
15118 22
15118 15118
15118 763
5295 1004
1321 13628
15837 15837
15274 15274
15274 2290
2083 66
2083 10076
2083 8733
5058 5058
5058 1149
11846 12847
11846 6986
11846 943
14875 14875
1245 1245
1245 5267
1245 14830
1708 1708
1708 78
1708 12301
431 7031
431 398
431 14450
431 4333
431 5267
431 14901
15204 302
421 11926
421 421
1119 7206
1119 3995
1119 402
8019 1131
15224 8871
15032 6976
15032 1446
15032 15032
1729 14450
1631 6666
1631 1631
1631 4183
1631 14379
1631 3901
14574 12643
14574 13263
14574 5513
14830 51
14830 5267
14830 5371
14830 14302
14830 14830
15227 15073
15417 8799
15417 13650
15417 7743
10454 11522
15230 3206
15230 15230
416 7031
416 1887
416 15071
416 5751
416 13822
416 8871
425 4231
425 4183
425 2349
425 9928
425 10819
12832 12832
12832 5101
12832 3634
12832 2290
12832 4008
12832 7666
12832 11926
12832 1345
12832 1556
13559 13559
13559 493
13559 6153
3186 2874
51 51
51 2841
51 956
51 5420
51 5267
51 1459
51 2530
51 3503
4345 6649
4345 14740
2926 1483
2926 6085
2926 2640
2926 11398
2926 10206
2926 8430
2926 13113
2926 49
2926 703
2926 8799
2926 6794
2926 5371
2926 2841
2926 6856
2926 78
2926 11318
2926 942
2926 956
2926 15014
2926 13650
2926 2926
2926 934
2926 913
2926 1073
2926 1636
2926 23571
2926 11016
2926 7311
2926 766
2926 7031
2926 184
2926 3641
2926 3902
2926 532
2926 1149
2926 6666
12352 7031
12352 8320
12352 12166
15455 6085
15455 6794
14143 6153
14143 1306
5849 8991
15324 1131
15324 14763
9068 66
11318 5810
11318 11318
11318 7206
1131 9924
1131 13822
1131 2763
1131 1441
1131 3983
1131 14763
1131 955
1131 13093
1131 8799
1131 763
1131 10095
1131 5371
1131 1131
1131 6649
1131 15405
1131 1459
1131 8871
3959 15228
3959 3959
14251 7934
634 942
3849 12166
14288 14288
3848 3848
3848 10503
3848 15175
934 934
934 10898
934 8799
3503 12087
3503 2290
3503 11016
3503 1149
10503 3901
10503 2497
10503 14958
10503 10503
955 2807
955 2954
955 955
955 5917
8733 8733
5420 4231
5420 5420
5371 14849
5371 8430
5371 15221
5371 5371
5371 4354
8894 8799
13700 1483
13700 2841
13700 5810
13700 14958
9062 1197
10820 14771
10820 10820
10820 12301
12890 7031
10400 10400
10400 5810
10400 5621
10400 11919
10400 913
10400 14809
14672 4333
14672 3333
14672 14672
14672 370
14672 13302
14672 397
8032 8032
8032 10819
1826 4008
9672 12858
9672 2290
9672 7780
9672 2841
9672 15021
9672 5810
9672 9672
9672 14901
9672 2628
9672 10266
9672 6269
9672 40578
9672 1149
5743 5743
5743 4231
5743 5513
13268 1459
13268 3602
7666 32
7666 2841
7666 66825
7666 6666
7666 7666
7666 1149
10708 6085
3901 14447
13822 35357
13822 839
13822 15372
13822 13822
4961 12128
4961 4961
4961 7311
4961 4423
3410 692
5428 1459
10828 7743
10828 956
15392 6976
15392 763
5516 3709
5516 33841
343 66
343 6085
343 343
343 763
343 317
2821 4800
9833 6794
9833 6153
9833 5101
9833 9833
9833 1197
9833 5917
7867 3502
15474 1915
11716 6953
11716 15002
5100 10076
15326 1079
2954 1441
2954 2290
2954 7335
2954 15457
2954 15478
2954 8652
2954 14397
2954 15021
2954 13650
2954 10898
2954 12301
14901 7743
14901 398
14901 2672
14901 2841
14901 15021
14901 6666
14901 14901
14901 1149
5751 5751
5751 6953
5751 8871
5751 766
2436 13878
2784 2290
8923 4118
8923 8799
12640 15021
5917 6085
5917 5917
36466 36466
36466 3710
2389 14763
4872 11926
4872 14850
2530 78
2530 8799
2530 4231
2530 15099
2530 14450
2530 10875
2530 12301
2530 8871
2530 3992
2530 14807
2530 143
2530 1176
2530 2530
2530 7031
2530 13139
2530 15021
2530 6666
766 6545
766 2807
766 766
14652 8871
5575 14934
5575 385
5575 14302
451 4231
451 451
451 3502
451 5015
451 4144
451 8891
451 2874
15068 9928
15068 15068
15385 15385
15385 7813
1040 1040
398 4231
398 398
398 14450
398 2290
398 6976
398 3710
398 10266
398 4556
398 4790
3983 9924
3983 3983
3983 35353
3983 12978
1106 1106
1106 10095
1106 12337
1106 5506
11398 11398
1197 35353
13481 14771
14471 763
14471 2089
14471 6794
14471 14471
14471 4398
14447 317
14447 4183
4144 4721
4144 13766
4144 1095
4144 33841
4144 6949
4144 4144
438 7031
438 703
438 4231
2089 15487
13520 7743
7521 6649
7521 2672
4903 9352
4903 5513
4903 12547
4903 4903
4903 7311
10076 397
10076 12390
10076 4437
10076 66
10076 11661
10076 6949
10076 11395
10076 2841
10076 13766
10076 12394
10076 10076
10076 6666
10076 13615
10076 14945
10076 15487
10234 14827
370 1657
370 35575
370 35353
370 4149
370 360
370 4333
370 4008
370 4428
370 5738
370 4437
370 370
5537 5537
14891 4008
14891 7311
2807 5378
2807 2807
2807 11016
2807 8871
2015 14740
7934 15169
7934 14963
7934 7934
7934 302
7934 13688
7934 11260
7934 4106
7934 15019
7934 4556
1079 1459
1079 1079
14379 9417
14379 4042
14379 1345
14379 2841
14379 14379
14864 6794
14864 1149
15322 15322
2147 2874
13615 13615
13615 2841
13615 12166
23571 12961
23571 9352
15379 6794
15379 8075
15379 1459
15379 1450
15379 5010
13946 1459
3710 5810
3710 3710
605 2349
8699 6666
8699 8699
8699 2586
8699 5210
8776 6871
15469 848
14008 14008
2841 6269
2841 4437
2841 14992
2841 3902
2841 49
2841 1657
2841 11002
2841 2841
2841 6856
2841 4008
2841 32
2841 11926
2841 6545
2841 2669
2841 317
2841 6666
2841 5010
2841 15487
14975 14971
30 4008
30 30
4042 5810
3532 7206
13338 763
13338 13650
8871 7743
8871 12976
8871 385
8871 6085
8871 14807
8871 3902
8871 1004
8871 9924
8871 1459
8871 8871
2290 1847
2290 943
2290 2349
2290 5267
2290 4008
2290 5496
2290 2290
2290 1149
2290 4149
2290 828
2290 7031
2290 3803
317 6646
317 14740
317 6514
317 14510
317 703
317 1345
317 4231
317 317
317 7780
317 8183
317 6666
317 11176
13139 4231
13139 13139
1345 8183
1345 15143
1345 1345
1345 4659
1345 6976
1345 15060
1345 1459
1345 6205
1345 12301
1345 5010
763 14740
763 4437
763 14771
763 15018
763 10095
763 13670
763 14510
763 5210
763 3641
763 2349
763 10266
763 12135
763 4002
763 2386
8784 6976
7780 14812
4 4
11329 1441
11329 767
14694 14694
14934 14934
1556 15323
2386 13650
2386 2386
3375 7031
14992 14992
5744 11926
4500 4500
15428 15428
15428 14450
4106 14397
15191 13113
15073 4231
15073 14054
15073 15073
10898 1847
10898 12878
10898 1060
10898 10898
10898 13650
10898 1061
10095 4054
10095 10095
10095 6666
7150 5069
13898 14450
6514 2349
6514 10052
15405 15405
15405 9093
358 358
360 9401
360 35353
360 360
360 14809
5107 3545
1 6666
1 13628
1 10839
1 9417
1 2349
14870 12858
14870 1446
15090 1492
15090 6794
15090 15090
14889 35336
4556 3077
4556 15176
4556 8430
4556 3811
4556 1441
4556 10718
4556 1044
4556 3641
4556 15027
4556 4354
4556 4556
4556 13650
4556 15221
14963 14963
15295 14788
429 7410
302 2004
302 3546
302 302
302 1176
302 6794
8721 8721
12394 13113
12394 7410
11733 78
78 36108
78 78
78 13972
78 184
78 14510
78 14157
78 66
78 7031
78 813
78 11002
78 15021
78 13093
78 2349
78 12301
78 9417
78 7952
78 1149
35416 14510
35416 35416
2497 35357
2497 2497
2497 14148
12786 175
4721 4721
4721 4437
4721 943
4721 2349
15143 5010
14450 15221
14450 13093
14450 4800
14450 11919
14450 4231
14450 8799
14450 14450
14450 14119
14450 1021
14362 15358
15251 913
11214 1557
1021 2874
7743 7743
7743 1061
7743 6085
7743 7206
7743 15021
7743 1149
7743 6794
1441 3736
1441 4354
1441 1441
1441 4194
1441 4118
8419 4008
8419 8419
8419 6976
9564 1847
9564 12135
11009 15002
143 9545
143 5534
15338 11919
6545 1189
6545 66
6545 13263
6545 6545
6545 9545
6545 15449
66 1483
66 66
66 4231
66 22
66 2349
66 4008
13607 15422
13607 13607
14945 5101
14945 4437
14397 14397
14397 14302
14397 1061
1306 15464
1306 1306
8430 6666
8430 15221
8430 7206
8430 8430
8430 1657
8430 8252
8430 8799
8430 15019
8430 2502
7320 6976
397 15031
9093 9211
9093 9093
32 32
15268 6153
184 22
184 2874
184 4790
3902 12976
3902 3902
3902 13113
3902 13650
3902 1149
6649 6649
6649 2672
6649 14740
6649 11919
33841 33841
33841 4428
2044 35353
4140 14850
4696 1648
3992 22
3992 3992
3992 942
3992 14812
3992 5010
3992 6666
12163 14740
12166 7031
12166 15449
12166 12166
1004 1004
1004 3621
1004 14302
1004 13184
1004 4423
1648 9928
1648 12678
14809 4333
14809 9046
14809 14809
20038 2024
1061 1061
3757 3757
15449 4008
12337 12337
12337 11919
12337 11016
15396 5010
15396 15396
13263 12643
14812 4008
14812 35575
14812 11919
14812 1149
3502 6856
3502 3502
11176 35353
11176 11176
460 66825
460 460
12961 6666
12961 12610
14179 14179
14179 6460
8320 7031
8320 8320
8320 6986
6269 13670
6269 6269
4437 4437
15031 6153
13684 15445
2000 7206
2000 2000
6153 14771
6153 1657
6153 4149
6153 5267
6153 6153
6153 15194
6153 10035
10718 14510
10718 10718
10718 4118
15218 7829
5015 5015
5015 828
1657 1657
1657 1149
303 303
6227 4231
10052 848
10052 10819
10052 2349
9401 14771
9401 9401
9401 12660
15394 15394
15394 1851
2874 11964
2874 13766
2874 2874
2874 11395
484 15169
14024 4351
14024 14024
14024 1176
8991 6151
5101 12668
5101 5101
32332 14708
10231 5534
15176 14302
7247 7247
5000 13885
988 988
988 14740
7311 13972
7311 13650
7311 14958
7311 7311
7311 1149
7410 9545
7410 7410
3641 3641
3641 3206
3641 4790
14788 1715
6666 943
6666 14510
6666 49
6666 493
6666 5738
6666 4183
6666 11028
6666 15038
6666 35353
6666 1162
6666 4707
6666 6666
6666 5952
6986 5259
15487 2349
11727 15372
3811 14740
7335 13650
11395 11395
4002 4002
4250 6976
10266 4800
10266 10266
10266 8799
13650 1783
13650 11919
13650 15389
13650 1459
13650 14324
13650 13650
13650 10035
1059 11260
4800 4231
4800 4800
5513 14771
5513 8799
5506 1483
5506 6794
5506 14510
5506 175
5506 11332
5506 5506
1887 1887
15027 1847
15027 15027
15027 14302
15027 9386
15027 1459
13766 13766
13766 943
4333 4333
4333 4008
4333 4428
4333 4790
3676 3676
3676 1176
3709 3709
3709 943
11260 1674
11260 11260
1483 1483
1483 6314
3803 10920
3803 3659
12858 12858
12858 3023
12858 1176
12858 6976
8250 8250
15393 1492
468 5323
3333 3333
3333 13302
385 7031
385 11919
385 913
15099 4231
14740 9924
14740 14740
14740 8799
14740 5810
14740 1149
493 493
492 15245
3659 3659
913 7206
913 13628
5496 5496
1715 6794
1715 1715
15228 15228
14418 14418
11618 6794
11618 11618
11028 11028
828 828
6953 15058
13400 15181
66825 66825
14748 14748
10035 10035
848 848
2672 6794
2672 2672
2672 5810
2672 13113
11964 11964
12976 12976
12976 1149
4428 4428
4428 11661
15018 15018
14510 14771
14510 14510
14510 14302
14510 4231
14510 15454
14510 942
14510 2349
14510 1149
703 22
703 703
4231 4231
4231 2349
4231 5267
4231 3545
4231 14708
4231 15194
13863 7031
13878 7206
13878 13878
11286 7031
5738 5738
4790 12643
4790 4790
1783 1783
9924 9924
9924 14102
9924 14302
9924 11919
9924 6107
9924 12301
13628 13628
6794 14771
6794 4008
6794 12301
6794 5810
6794 14302
6794 6794
6794 6085
6794 3621
6794 4423
422 8799
422 14302
12104 1176
35353 7031
35353 6249
35353 35353
35353 8799
35353 13972
35353 2349
9928 4183
9928 14354
9928 9928
1916 532
15060 15060
5259 943
5259 2349
4118 4354
4118 4118
9211 9211
9211 5267
13373 13373
956 4745
4423 6085
4423 5810
3400 9545
15195 7031
15195 15195
3102 3102
7952 22
7952 7952
15424 5267
15424 15424
15424 8799
11917 11917
9850 9850
10819 4183
10819 10819
4183 4183
4183 12301
5810 11919
5810 5810
5810 7206
5810 13113
5810 8799
5810 5210
15019 15019
15181 15181
3206 7206
1450 13093
1450 5010
3 7031
3 3
15056 14807
15021 15021
15021 2349
4707 4707
4707 2349
4707 1993
6460 6460
4659 4659
12135 12135
5010 14324
5010 5010
7813 7813
6976 6976
9404 9404
9404 14763
14157 7031
14157 14157
14157 12660
7538 7031
8183 8183
1459 6463
1459 1459
1459 14771
6107 6107
6107 175
9417 22
2763 2763
1107 4008
1107 2349
14354 14354
13093 13093
14807 14807
14708 4008
14708 14708
14324 14324
14302 14302
14302 5267
13972 13972
13972 12301
7206 7206
7206 6085
7206 1149
11919 22
11919 5267
11919 11919
3199 5267
3199 11016
3199 3199
14771 14771
14771 9545
14771 1149
15454 15454
22 7031
22 22
4354 3736
4354 4354
943 943
943 2349
2349 2349
4008 4008
35575 35575
35575 1149
11926 14850
11926 5267
11926 11926
11926 8799
6646 6646
8799 8799
8799 8913
2628 2628
11016 11016
12660 12660
3621 3621
3621 1149
12664 12664
12664 1149
13670 13670
12643 12643
10265 10265
14971 14971
8891 8891
15323 15323
11661 14252
11661 11661
13113 13113
49 49
11002 11002
12610 12610
942 942
5267 14850
5267 7031
5267 5267
12301 12301
346 7031
14850 14850
14763 14763
1149 4149
1149 1149
6769 6769
15457 15457
1176 1176
7031 7031
6085 6085
15133 15133
13733 13733
