16793 16793
16793 14830
16793 9890
16793 613
16793 2807
16793 1044
16793 3402
16793 7458
16582 1095
16420 2349
5034 9163
5034 5034
5034 16323
5034 4053
5034 7193
3394 1887
3394 14830
3394 3394
12705 9896
12705 16113
12705 6794
12705 1715
12705 12664
12705 12481
12705 9072
12705 454
12705 7507
12705 16722
12705 6976
12705 1047
12705 4177
12705 3811
12705 9269
12705 1176
12705 2246
12705 15455
12705 12705
12705 658
12705 6789
15411 3803
15411 238
15411 8955
15411 15411
15411 14510
16707 6976
16370 943
16370 16370
16370 519
5295 16705
15503 10061
15503 16007
15503 15503
15503 16151
10290 7743
10290 6794
10290 10290
10290 1946
10290 3324
10290 14915
15837 16007
15837 16367
15837 16663
4047 15629
4047 4047
4047 3983
4047 6781
2733 4721
2083 1847
2083 5002
2083 6214
2083 16272
2083 519
2083 1384
2083 12637
2083 3106
2083 15642
2083 13265
2083 4078
2083 3233
2083 16046
2083 1532
2083 2083
2083 15517
2083 450
2083 22
2083 460
2083 3206
2083 10076
2083 8212
2083 9015
2083 5094
382 16474
14304 16842
15620 15620
15620 8799
15620 763
15620 2149
4720 16127
4720 2893
4720 3755
4720 4177
16143 11142
16143 7869
16143 10400
16143 8419
16143 3040
16143 14830
16143 250
16143 11146
16143 16143
16143 10898
16143 1546
14493 16518
14493 15517
14493 1459
14493 8212
14493 14493
5708 290
5708 7311
5708 5690
11376 15629
11376 4008
11376 2290
11376 11376
11376 13650
16007 2784
16007 2384
16007 3948
16007 2290
16007 3684
16007 3324
16007 16007
16007 16835
16007 3106
16007 4177
16007 16548
7144 1483
12420 450
15250 22
1650 2757
1650 1650
1650 4642
1650 16646
1650 806
16426 1536
5498 11926
5498 3485
5498 1114
2906 5420
2906 1358
2906 12617
14302 16430
14302 16505
10366 6646
10366 1441
10366 16289
10366 360
10366 6666
10366 6976
10366 2
10366 1384
10366 12176
10366 297
10366 12605
10366 2926
10366 5690
10366 9890
10366 5000
10366 4144
10366 2530
10366 4763
10366 16107
10366 16767
10366 16113
10366 11054
10366 303
10366 14450
10366 16362
10366 16160
10366 8103
10366 2841
10366 10194
10366 1546
10366 121
10366 750
10366 16626
10366 3272
10366 7460
10366 16453
10366 1459
10366 10366
10366 13363
10366 14901
3380 3380
3380 14497
3380 1546
16546 13268
2554 848
2554 10090
2554 6794
2554 10779
2554 16790
2554 16537
2554 15388
2554 5810
2554 15129
2554 2554
1245 1056
1245 11332
1245 3948
1245 9471
1245 11009
1245 5690
1245 454
15441 5420
25726 7743
25726 6647
25726 4706
16767 6646
16767 4639
16767 16767
16767 14830
16767 1465
16767 7460
16767 2024
16767 943
16767 102
16767 11142
16767 3272
16767 15630
16767 2039
16767 290
16767 8103
16767 13268
16767 3199
9317 16089
9317 6506
9317 519
9317 14552
622 15606
2555 16628
16598 16598
16598 1459
16598 3324
16598 3206
16280 11142
16280 121
16280 2384
16280 15017
16280 16280
16280 3324
12637 1464
12637 3521
421 121
421 13265
421 1384
421 1149
421 421
1119 7982
1119 303
11142 1894
11142 21684
11142 16429
11142 16132
11142 4336
11142 297
11142 1715
11142 1335
11142 4721
11142 4639
11142 9072
11142 4890
11142 8183
11142 943
11142 3206
11142 1737
11142 1648
11142 10839
11142 1074
11142 2954
11142 3324
11142 1532
11142 2621
11142 9417
11142 1441
11142 7193
11142 394
11142 3684
11142 1
11142 16669
11142 11142
11142 16536
11142 9890
11142 15919
11142 13218
11142 1345
11142 16726
11142 16404
11142 11054
11142 10946
11142 3465
11142 1573
11142 1050
11142 2246
11142 15058
11142 16424
11142 16367
11142 4008
11142 14551
16535 6348
16535 15630
15626 16320
14969 49
14969 14167
14969 288
14969 78
14969 11540
14969 4315
16554 2000
16554 8991
16554 14689
16554 9269
16554 6787
16554 16554
16554 7507
19072 12205
16620 3709
16620 4177
4814 2233
4814 9840
4814 4814
9449 4042
9449 1887
9449 16610
9449 10076
15728 10194
15728 1409
586 586
586 935
586 49
586 8494
586 290
586 2926
586 1149
586 454
1631 78
13765 65
13475 13475
13475 16704
13475 5917
14830 51
14830 6316
14830 1384
14830 4333
14830 297
14830 11919
14830 8799
14830 2024
14830 10898
14830 10095
14830 2900
14830 1737
14830 2383
14830 1098
14830 4433
14830 6005
14830 3402
14830 2290
14830 7607
14830 3324
14830 3684
14830 16203
14830 658
14830 2784
14830 7845
14830 766
14830 4556
14830 2893
14830 4832
14830 35353
14830 14830
14830 4953
14830 13363
14830 2147
14830 13121
14830 16260
14830 290
14830 4008
14830 14551
14830 16389
297 7313
297 2191
297 1096
297 16433
297 2290
297 1384
297 4721
297 3324
297 297
297 13093
297 1724
297 102
297 7845
297 16391
297 2530
297 1737
297 3384
297 3803
297 10400
297 8799
297 3465
297 2841
297 9072
297 8430
297 35353
297 4707
297 35833
297 519
297 11504
297 1508
297 6094
297 16667
297 16557
297 15630
297 3040
297 4428
297 290
297 5045
297 2893
16709 3902
16709 6794
16709 16709
16709 3206
16483 143
12489 11919
12489 12489
12668 2821
416 14167
8955 16428
8955 11768
9114 10330
9114 9417
9114 8183
9114 9114
9114 14551
16625 7460
16625 3485
806 1847
806 6117
806 484
806 4642
806 16238
16753 7743
16753 6085
3698 16800
16282 7725
16282 2954
16282 391
16282 3324
12481 7001
12481 6886
12481 3503
12481 5822
12481 3402
12481 3684
12481 3324
12481 7302
12481 12481
12481 970
12481 4177
12481 16698
12481 1532
16627 1353
16627 288
6316 4078
6316 6094
6316 2384
6316 6976
6316 290
6316 942
6316 12176
6316 2147
6316 1916
6316 16215
6316 7845
6316 16339
6316 13809
2874 3680
2874 4398
2874 307
2874 15242
2874 5756
2874 299
2874 16556
2874 5743
2874 1464
2874 4008
2874 13265
2874 7399
2874 11786
2874 2874
8526 11926
8494 8494
2926 2149
2926 4262
2926 1353
2926 2926
2926 43085
2926 16132
2926 4177
2926 7093
2926 5822
2926 1532
2926 4721
2926 5371
2926 454
2926 3206
2926 16723
2926 15934
2926 5738
2926 1946
2926 16339
2926 2597
2926 4692
2926 288
2926 15777
2926 16114
2926 1441
2926 7460
2926 8324
2926 12176
2926 25
2926 13825
2926 16417
2926 7845
2926 447
2926 16430
2926 16360
2926 3621
2926 1162
2926 613
2926 16766
2926 2147
2926 5690
2926 6666
2926 49
2926 290
2926 10476
2926 10007
16429 613
424 15289
16545 1459
16545 3040
8982 4890
5093 1887
5093 5093
5093 9947
5093 7460
5093 14777
5093 4144
5093 1826
5093 4790
1508 2348
1508 1724
15455 2273
15455 6794
15455 1465
15455 11359
15455 15455
916 16361
947 16046
7690 78
19475 763
1335 6094
1532 7079
1532 5583
1532 6666
1532 6976
1532 11394
1532 9961
1532 8008
1532 353
1532 4639
1532 5822
1532 16698
1532 1532
1532 5575
1532 6794
1532 3546
1532 8103
1532 5690
1532 6094
1532 10776
1532 10839
1532 15934
1532 8338
1532 16578
1532 13883
16352 353
16352 380
16352 11850
5849 1946
5849 15587
5849 14915
9068 4961
9068 6862
9068 36720
16101 12617
16523 9022
16523 8430
8239 1459
8239 3402
8239 3206
8239 8239
1131 16515
1131 16155
1131 1131
1131 6976
1131 2011
1131 16456
1131 1580
1131 15856
1131 2264
1131 3324
1131 5628
1131 14551
15387 1143
15387 13268
1832 15629
1832 16729
3106 1587
3106 7507
3106 3402
3106 3206
3106 6094
3106 2000
3106 4078
3106 14689
3106 1946
3106 3106
3106 391
16511 16529
1528 1594
1528 2623
8547 8547
8547 6794
8547 9269
8547 1946
16393 290
16393 6794
16393 16393
16393 1176
396 16129
396 5756
396 14167
396 1353
5281 11540
14107 16315
14576 5690
14576 6871
14576 4177
10646 5496
10646 943
13883 6646
13883 2051
13883 12166
13883 13883
5555 16555
5015 4180
184 1353
184 49
184 35353
3473 16129
3473 3473
3473 8103
16129 16129
16129 13972
16129 956
16129 7392
16129 763
16129 11081
16129 16391
7031 7031
7031 2384
7031 2530
7031 16469
7268 1847
7268 353
7268 12617
7268 2841
7268 7268
3503 15629
3503 10400
3503 4535
3503 3503
3503 2024
3503 2384
3503 35416
3503 66
3503 16557
3503 290
3503 3199
16813 673
16813 290
16813 1198
16813 16144
288 12664
288 1353
288 16297
288 16116
288 9300
288 15934
288 290
288 1409
288 14901
288 14167
16486 15629
16486 1148
16486 7399
955 16122
955 4580
9022 3248
9022 16835
5420 66
5420 7460
5420 12617
10204 8430
10204 1898
10204 10204
10204 16663
6862 10335
6862 13400
6862 6862
6862 14450
6862 2807
6862 45
6862 4312
6862 16530
14167 9417
14167 5309
14167 13238
14167 943
14167 431
14167 5756
509 4572
16650 16650
16650 10400
16650 406
3356 3356
3356 340
3356 1306
16673 16673
16673 2481
16673 16689
4821 6794
4821 2841
4821 12166
1017 1353
1017 11682
1017 2841
1017 4709
15933 15933
15933 15517
15933 6950
15933 16578
15933 78
15933 5690
3680 3680
3680 16356
3680 4008
3680 450
3680 6506
3680 4685
3680 2024
3680 3839
3680 1384
3680 35840
12106 6085
12106 1540
12106 12106
12106 14915
12106 11716
12106 13809
12106 10828
36720 6094
36720 14450
36720 353
36720 3992
36720 36720
6107 1724
14744 11081
14744 14744
16415 121
16415 2383
16415 327
16415 16415
16415 10400
6696 2384
6696 9072
6696 6696
8032 6666
8032 2051
8032 8032
8032 16417
1826 5744
1826 2290
1826 519
1400 1400
1400 16756
9672 15629
9672 10718
121 5309
121 11964
121 3818
121 3995
121 36814
121 3324
121 16556
121 4333
121 49
121 1467
121 16147
121 16157
121 16364
121 16430
121 6953
121 303
121 16142
121 16780
121 9072
121 11359
121 7521
121 35833
121 1114
121 16622
121 121
121 11504
121 8938
121 8320
121 3580
121 16578
121 2841
121 5690
121 12176
16463 13119
16463 1465
13268 16048
13268 1441
13268 1465
13268 14730
13268 4177
13268 10330
13268 1148
13268 13268
13268 15197
13268 4639
13268 1409
7666 15630
7666 16383
7666 3485
7666 2841
582 2837
582 284
582 8320
582 2841
582 582
16671 4428
16671 4790
16671 16671
16671 5337
10503 4177
15427 7507
16727 12205
12357 6094
12357 3402
12357 1149
12357 14497
12357 1223
3521 15606
3521 1724
3521 4800
3521 14541
3521 16661
3521 460
3521 10076
3521 3521
3521 16362
3521 9947
3521 9015
3521 9502
3521 4046
3521 5094
3521 4692
3521 16610
3521 16046
3521 1409
1363 5309
577 824
1674 15517
4961 1441
4961 2158
4961 1540
4961 613
4961 4961
4961 16046
4614 7460
4614 5619
8133 6794
8133 13694
8133 8133
12482 16578
12482 78
12482 16746
12482 12482
4312 6976
4312 4953
4312 4312
4312 11919
4312 3818
4312 1459
4312 2233
4312 5822
16809 2807
16809 2384
16809 1266
16809 16809
6429 1409
802 45
802 5822
10828 2000
10828 49
10828 9269
10828 5810
10828 454
10828 1946
10828 14915
10828 2841
10828 10828
10828 11081
3983 15517
3983 8938
3983 11919
3983 454
3983 16183
3983 12478
3983 11540
3983 12983
3983 6781
16344 4078
2627 10400
2627 13216
2627 766
2627 7313
2627 2627
16436 613
16436 14579
16436 16436
16436 9890
3544 290
2821 11417
2821 16513
2821 431
2821 3948
2821 2290
2821 8212
2821 6094
2821 2821
2821 605
2821 3272
2821 13625
2821 3839
2821 1149
2821 4180
2821 4204
9833 35833
9833 12522
9833 6953
4763 3545
16565 5740
9401 14497
16416 2807
16416 2051
16416 16416
5659 16260
5659 16590
5659 16275
5659 9871
5659 7460
11716 11716
11716 1441
11716 16530
11716 13809
11716 16200
16362 6666
16362 7762
16362 4428
16362 1409
9015 14094
9015 2841
9015 450
9015 10076
9015 9015
15326 16343
15326 1715
15326 3402
15326 3206
11786 16183
11786 4177
16082 4428
16082 4
16082 519
16082 2841
8472 6094
2954 6094
2954 16113
2954 13093
2954 16663
2954 290
2954 16774
2954 16430
2954 5822
2954 16780
14901 6666
14901 16113
14901 12664
14901 454
14901 3684
14901 16622
15280 290
15280 8430
15280 10265
15280 6460
15280 15280
16801 290
16801 3902
16801 16801
16114 7302
16114 5267
16114 2290
16114 12610
16114 11018
16114 7710
16114 16114
16114 3206
16144 3557
16144 6986
16144 13119
16144 16144
16144 943
16144 3509
1448 7743
5751 36814
5751 1467
16800 14802
16800 12660
16800 2171
3684 10059
3684 431
3684 39663
3684 5229
3684 146
3684 7607
3684 3402
3684 3684
3684 2784
3684 11926
3684 16430
3684 2530
3684 16339
3684 2893
3684 16704
3684 16780
3684 11359
3684 16411
3684 4953
3684 5743
3684 16424
3684 1737
3684 9021
3684 7507
3684 16203
3684 970
3684 16238
3684 4692
3684 2480
3684 16146
16842 4721
16842 3324
7076 7076
7076 16515
16600 4315
16600 15934
16600 3603
9310 16149
9310 3621
9310 3546
798 16166
16578 6950
16578 78
16578 394
16578 763
16578 6032
16578 4054
16578 11926
16578 16578
16578 703
16578 2164
16578 2530
4078 14740
4078 35575
4078 454
4078 14497
4078 5756
4078 5045
4078 613
4078 15934
4078 10547
4336 6094
4336 1847
4336 4394
4336 6756
4336 5810
4336 9163
4336 3402
4336 5690
4336 4336
2530 6794
2530 5371
2530 1060
2530 16575
2530 16317
2530 4953
2530 3324
2530 16391
2530 6666
2530 13151
2530 1907
2530 16345
2530 2530
2530 6481
766 8938
766 3546
766 13108
766 1464
766 5091
766 7949
766 7139
766 7392
766 8857
766 766
16780 16780
16780 3324
16780 4177
4832 2233
4832 3248
4832 14689
5701 11054
5701 16430
5701 5701
5701 4362
5701 16646
5701 1840
5701 16046
6858 8430
6858 3818
3634 14447
5339 5339
5339 12484
5970 12176
16766 10909
2381 10400
2381 4767
2381 9514
16756 3375
3840 15517
16667 290
16667 3041
16667 5690
16667 1409
451 6518
451 3546
451 360
451 6756
451 2594
8811 1193
8811 7110
8811 5810
8811 290
8811 4008
8811 7392
8811 763
8811 406
8811 1409
6950 5337
6950 10400
6950 4535
6950 391
6950 6950
6950 78
6950 299
6950 16151
3859 16238
1040 447
1040 35833
10476 15629
10476 763
10476 10476
10476 7392
4794 5094
3952 13168
8582 15856
10335 10335
10335 2384
238 15517
238 146
238 16336
238 83
238 12176
4149 4149
16275 16260
14740 3248
14740 136
96 8938
1106 1106
1106 5442
1106 7193
1106 3546
8634 391
16456 6666
16456 6101
16456 1358
16456 16456
11504 6094
11504 4953
11504 5690
11504 703
11504 4642
11504 78
11504 2604
11504 11504
14447 4042
11919 35833
11919 12664
11919 3818
11919 1384
11919 7607
11919 2384
11919 16609
11919 2784
11919 1464
11919 16557
11919 11919
11919 13625
11919 6953
11919 8786
11919 15629
11919 16113
11919 4721
11919 16498
11919 16637
11919 2000
11919 11359
11919 630
11919 16270
11919 3659
11919 1737
11919 16203
11919 16389
11919 9963
11919 3402
11919 16121
11919 6794
431 5309
431 2290
431 5756
431 2349
431 431
431 13265
431 11926
431 970
431 1345
431 16510
2106 12176
2106 299
4133 1946
4133 1176
4144 6794
4144 12390
4144 16171
4144 344
4144 4707
4144 16679
4144 299
4144 2147
4144 15919
4144 16590
4144 5309
4144 9947
4144 2082
4144 1648
4144 4144
4144 15370
4144 16610
4144 5482
8891 8891
8891 9842
8891 65
8891 4767
14732 1441
1246 3546
778 402
16536 7460
16536 6794
16536 14450
16728 9417
16728 11926
16728 16728
9497 2000
6886 6976
6886 1465
4304 3709
4304 35353
4304 4304
4733 4180
7521 935
7521 9072
7521 613
7521 30395
7521 7521
7521 2123
7521 16645
7521 11926
7521 979
7521 66
7521 1946
35833 1483
35833 16498
35833 2841
35833 1867
35833 2290
35833 454
35833 2702
35833 13625
35833 469
35833 703
35833 35833
7710 10059
7710 4673
7710 7710
10076 15606
10076 1724
10076 12390
10076 519
10076 1916
10076 14541
10076 4790
10076 12992
10076 1887
10076 943
10076 299
10076 10076
10076 16610
10076 6666
10076 4008
10076 16361
10076 7460
10076 2383
10076 4692
7868 5309
4463 16048
440 16452
16590 4008
16590 450
11272 15575
391 2290
391 1724
391 13972
391 12419
391 16445
391 3969
391 4745
391 12205
391 6666
391 15600
391 4008
391 391
391 16019
391 1074
391 1048
391 98
391 1409
16013 16561
16013 16013
16013 8212
16013 3402
16013 3206
979 2480
5628 613
16769 3485
12176 1847
12176 4721
12176 22
12176 9072
12176 3402
12176 7607
12176 3206
12176 16557
12176 13151
12176 9564
12176 11926
16394 290
16394 6986
16394 1409
2348 2348
2348 3485
16120 12107
16120 12425
11973 8430
7460 15606
7460 15289
7460 16832
7460 16289
7460 16635
7460 2900
7460 7460
7460 4054
7460 13741
7460 16012
7460 9871
7460 8867
7460 13265
7460 16653
7460 10718
7460 1724
7460 4649
7460 1887
7460 450
7460 16246
7460 16411
7460 943
7460 83
7460 16383
7460 9947
7460 2807
7460 16158
7460 16361
7460 2597
7460 5482
1172 14497
7607 14450
7607 9072
7607 290
7607 7607
7934 8798
136 16343
136 2383
16203 16142
16203 16203
16203 3402
16738 16739
16738 394
8176 750
8176 10265
8176 8699
8176 8176
8176 15934
8176 290
8176 406
8176 5690
8176 13022
2164 4231
30395 30395
5229 3402
5229 9021
5229 5229
16140 2011
12898 16329
12898 16367
12898 36067
12898 12205
12898 14941
5869 15833
2185 7507
2185 6518
16404 2621
402 402
16215 16215
16215 13650
15020 5091
15020 15020
15020 3659
2147 1384
2147 3324
2147 2147
2147 5373
2147 6871
2147 16643
2147 6666
2147 3948
2147 1573
2147 9072
2147 454
2147 1114
2147 6094
2147 8212
2147 12832
2147 6101
2147 4180
2147 1409
11870 16622
16790 454
16790 1483
16790 10265
16571 16529
12674 11727
12674 1060
16389 15629
16389 1464
16389 1050
16389 2024
16389 12107
6651 4692
12232 15934
16414 1266
5002 5002
3041 7206
3041 16654
3041 4315
12390 12390
12390 10696
16423 6871
16757 16757
16757 3485
1353 12664
1353 1353
1353 4177
1353 6666
1353 15541
1353 4008
1353 12547
1353 8799
1353 49
1353 4354
1353 3580
7302 7302
7302 935
43085 11540
43085 15934
16132 11540
16132 16287
16132 5304
16298 83
16298 16298
8203 8203
8203 13972
8203 5690
6986 6986
6986 16526
6986 2356
16722 10779
16722 16722
16722 9269
16722 6789
5312 6794
5312 3402
5312 3206
4974 4953
11394 11394
4826 1946
4826 14915
4826 13878
8776 4033
8776 8776
8776 16243
8776 12664
8776 6461
4398 15629
1610 1610
1610 10110
1610 3402
1610 5917
1610 4177
5337 1985
7303 2000
7303 2171
7303 6976
7303 7303
3759 3759
3759 49
3759 16046
16050 4925
2841 7982
2841 4428
2841 78
2841 16723
2841 1084
2841 13265
2841 10194
2841 8482
2841 1310
2841 15629
2841 4721
2841 2841
2841 519
2841 15129
2841 3525
2841 4008
2841 15630
2841 7507
2841 16360
2841 3199
2841 4692
2841 9924
2841 3992
2841 13093
2841 2290
2841 16556
2841 16345
2841 6779
2841 16323
2841 13736
2841 7845
2841 13218
2841 344
2841 1463
2841 6503
2841 143
2841 5690
2841 6666
2841 750
2841 8320
2841 2039
2841 290
2841 16364
2841 3580
2841 1409
943 15606
943 16832
943 1441
943 2698
943 519
943 16157
943 15600
943 6205
943 15289
943 15370
943 943
943 5690
943 6094
943 4008
943 15856
943 15934
66 2893
66 15630
66 15934
66 4707
2292 14812
9871 15289
9871 16260
9871 9871
9871 605
9871 16361
9871 15370
16526 284
16526 12166
16526 4790
16242 65
6355 5690
4042 3709
4042 16123
4042 11765
8212 4721
8212 16561
8212 16149
8212 2784
8212 16518
8212 12522
8212 6953
16290 13825
3532 6085
3532 6647
16360 4721
16360 15630
16360 1446
16360 9072
16360 8648
16360 1409
1392 6503
4991 16684
13127 3948
2273 9839
78 9417
78 16453
78 78
78 1946
78 16430
78 303
78 16746
78 1573
78 454
78 8103
78 5690
78 15630
78 290
78 10613
78 5482
2698 3324
2698 2698
1345 4721
1345 11146
1345 35353
1345 3402
1345 16385
1345 16087
1345 11926
1345 100
1345 1345
1345 5010
1345 16323
1467 3
1467 5831
1467 1467
1467 2383
1467 1459
1467 1409
6032 2082
2290 5309
2290 8814
2290 2290
2290 11765
2290 4333
2290 4535
2290 3485
2290 450
2290 6776
2290 9422
2290 3384
2290 1887
2290 16679
2290 1594
2290 1355
2290 4685
2290 11926
2290 3040
2290 3709
2290 4008
2290 4180
12978 14689
12978 12978
2008 299
8140 3206
16654 15541
2938 15629
16074 2807
16074 16074
16074 3402
763 7193
763 2149
763 3818
763 4642
763 16345
763 10473
763 703
763 16837
763 16530
763 15629
763 10400
763 10779
763 290
763 9422
763 2258
763 13736
7206 7743
7206 6794
7206 16711
7206 454
7206 14915
7206 13878
7206 7206
7206 9269
7206 1946
7206 16826
7206 2233
7206 11081
675 1483
7139 8250
7139 15214
757 5045
757 3402
757 4556
757 757
8737 36814
8737 4177
4659 16103
4953 1384
4953 8430
4953 658
4953 5267
4953 12418
4953 2384
4953 9072
4953 4953
4953 10898
4953 359
4953 13121
4953 3646
4953 13377
4953 16339
4953 6094
4953 14551
5690 7982
5690 6976
5690 4177
5690 16641
5690 10718
5690 5822
5690 15629
5690 6794
5690 11146
5690 454
5690 16497
5690 36814
5690 6094
5690 37021
5690 3040
5690 15934
5690 3995
5690 1441
5690 5756
5690 16556
5690 15054
5690 16557
5690 13625
5690 16019
5690 351
5690 10400
5690 4790
5690 1114
5690 15058
5690 5690
5690 10330
5690 290
5690 1409
5690 13736
11081 9417
11081 360
11081 13108
11081 5136
11081 2000
11081 1648
11081 2039
11081 290
11081 13625
11081 16530
11081 12205
11081 13643
16751 299
16751 13302
16751 321
4767 4767
4767 10400
4767 9842
13552 16183
13552 5756
13552 13552
290 1483
290 1894
290 16452
290 7507
290 4642
290 35416
290 4177
290 13643
290 12205
290 15629
290 4721
290 16044
290 9072
290 12419
290 299
290 6094
290 5091
290 14559
290 15934
290 1074
290 6214
290 11926
290 4692
290 2082
290 8419
290 5756
290 6794
290 16391
290 16453
290 16557
290 7845
290 16837
290 12107
290 11054
290 3621
290 1050
290 1464
290 6209
290 1355
290 16659
290 16008
290 3272
290 290
290 16646
290 10400
290 16556
290 10007
14913 16387
14913 2000
14913 13809
14913 13444
10613 22
10613 10613
10613 15887
1149 11025
1149 1050
1149 1464
1149 3324
1149 299
1149 3272
1149 13218
1149 16151
1149 12107
1149 1149
8008 143
8008 10898
8008 8008
16524 3513
14653 9163
1407 1407
11025 5738
11025 450
11025 11025
3375 1441
9669 2597
16428 6904
16428 7352
16428 9652
16428 16428
16428 14510
4053 6460
4053 14450
4053 15934
4053 16339
4053 4053
8050 14802
16196 65
4423 10330
4423 1441
6451 1464
6451 6871
6451 6451
6451 5627
6451 4054
6451 3324
6451 12205
1084 1084
1084 3233
16683 1735
1703 3118
1703 658
6871 4054
6871 13972
6871 6871
6871 8952
14973 14973
14973 9248
8648 1409
8799 3948
8799 16149
8799 7982
8799 767
8799 3465
8799 36067
8799 16178
8799 14497
8799 7949
8799 8799
8799 8250
16497 6094
16497 353
16497 16497
16497 3324
13694 16826
13694 14794
13694 6794
15629 6269
15629 1384
15629 1464
15629 16665
15629 12983
15629 9652
15629 15629
15629 4721
15629 10458
15629 9072
15629 36814
15629 15073
15629 4246
15629 11926
15629 13338
15629 7392
15629 5583
15629 8419
15629 9246
15629 394
15629 379
15629 2362
15629 5480
15629 16557
15629 16729
15629 16726
15629 10400
15629 1050
15629 327
15629 3272
380 16289
15756 1946
10898 11926
10898 5101
10898 3324
10095 15833
6094 6117
6094 1465
6094 7982
6094 4177
6094 14689
6094 14497
6094 9652
6094 3248
6094 13972
6094 5371
6094 3206
6094 9072
6094 4890
6094 2384
6094 6094
6094 9840
6094 10839
6094 1946
6094 5094
6094 13878
6094 1441
6094 4558
6094 2807
6094 3402
6094 3324
6094 15054
6094 6101
6094 16557
6094 9890
6094 16811
6094 353
6094 14324
6094 11054
6094 767
6094 2123
6094 8430
6094 613
6094 8320
6094 284
4965 16147
15058 16395
2807 16367
2807 2807
2807 1266
3556 16348
16478 15493
13809 13809
13809 1540
13809 454
13809 11054
13809 11540
13809 9458
1867 16527
2082 6666
2082 9652
2082 4362
4433 4542
10942 1648
8814 13530
8814 317
8814 11540
8814 9072
360 8103
360 360
16791 13265
16791 13302
16559 1946
16559 4177
5734 6495
4721 397
4721 5309
4721 1176
4721 5756
4721 16391
4721 11926
4721 13265
4721 13625
4721 4721
4721 9072
4721 454
4721 344
4721 519
4721 1546
4721 15630
4721 15934
4721 1409
1 461
1 16103
1 1
1 750
11426 1946
11426 5810
11426 11426
11426 9896
9890 3948
9890 613
9890 4354
9890 1450
9890 2705
9890 10839
9890 9890
9890 469
9890 6101
9890 16557
9890 6953
3118 2233
16109 12166
3502 454
3502 3902
3502 2191
351 351
351 14497
14484 1946
8938 10400
8938 12664
8938 8938
16024 468
613 1441
613 13972
613 3818
613 16183
613 4177
613 7437
613 613
613 12617
613 16048
613 3272
613 15856
613 36814
16411 9072
348 83
348 1409
4685 4333
4685 3485
4685 4685
4685 7313
16641 1004
16641 454
16641 16641
16641 10400
7655 16474
5963 13625
5963 14024
5963 5963
10330 10330
10330 5740
16367 16367
16367 16373
1606 16046
1606 2669
284 35353
284 284
284 8103
1409 7193
1409 4428
1409 4642
1409 16012
1409 1464
1409 8430
1409 14510
1409 4890
1409 15856
1409 35353
1409 16270
1409 8621
1409 36814
1409 13093
1409 6666
1409 9947
1409 15934
1409 16453
1409 1409
1409 16178
1409 394
2011 5340
2011 2011
3077 3546
13753 15833
11964 3333
11964 4790
11964 11964
11964 5482
15666 454
15666 1946
15666 9269
15666 7743
15666 15666
2308 9347
2308 5482
16294 5259
12484 11540
35416 9163
35416 19949
35416 35416
83 13601
83 318
824 4890
824 15214
824 8245
824 3676
824 1047
13737 7949
8707 11291
8707 10059
15600 13168
15600 13265
2051 4362
2051 6101
2051 1465
2051 9928
2051 2051
2051 12617
2051 6205
2051 8103
15700 15700
16151 1847
16081 16081
935 935
935 8430
425 9842
3160 7949
3160 2642
16679 16679
16679 3485
16823 16399
3206 1715
3206 11054
3206 16452
3206 6976
3206 1384
3206 2384
3206 14915
3206 4535
3206 13625
3206 10110
3206 13763
3206 3441
3206 9839
3206 3621
3206 16343
3206 1050
3206 9072
3206 1056
3206 3206
3206 1737
3206 1946
3206 1459
3206 8224
3206 3402
1546 6666
1546 13972
1546 1546
4281 4362
4281 16530
15541 15541
15541 11540
15541 4315
15541 49
15541 4692
15684 16480
15684 9947
15684 15684
15684 4167
15811 1847
340 1060
10839 4558
10839 6205
10839 26801
10839 4177
7869 14497
2191 7437
2191 3402
1441 1483
1441 1441
1441 13363
1441 2384
1441 2158
1441 6794
1441 1306
1441 16149
1441 16385
1441 6262
1441 7392
1441 3402
8419 1847
8419 2046
8419 8419
8419 35353
8419 9072
8419 4177
9564 15575
9564 11768
9564 1590
9564 9564
9564 1302
16595 454
16595 3948
16595 8103
16595 9072
16468 1946
16468 6794
1047 1047
461 461
461 5583
143 143
143 1737
143 16784
143 1590
16557 3803
16557 2384
16557 6518
16557 16557
16557 6756
16557 11054
250 299
14220 303
1229 5091
16373 16373
14552 1459
100 3040
100 15934
100 1573
100 100
100 3402
100 4177
4177 16157
4177 4177
4177 15067
4177 1015
4177 14497
4177 1176
4177 9072
4177 16492
4177 7743
4177 5309
4177 5756
4177 3324
4177 4709
4177 3709
4177 6779
4177 6787
4177 16837
4177 344
4177 12107
4177 16548
4177 16113
4177 317
4177 16274
4177 1056
4177 49
4177 4002
6079 16684
9547 16430
16746 16746
6518 6518
16274 454
16274 2481
16274 6794
1114 49
1114 12832
1114 15934
1114 4692
1114 5756
1114 10194
146 15575
146 1168
146 146
146 16336
10427 4069
49 6794
49 22
49 13480
49 16466
49 49
49 15934
49 1946
49 8482
9947 16513
9947 4542
9947 5101
9947 321
9947 4707
9947 2349
9947 4333
9947 13265
9947 4428
9947 15630
9947 9947
9947 12107
12425 324
12425 12425
15155 15155
11682 344
7093 2562
7093 4262
15615 2631
1724 1724
1724 4428
4947 9991
7743 7743
7743 6085
7743 1715
7743 299
7743 2246
7743 1587
7743 6647
7743 3365
7743 16645
7743 16323
7743 9269
7743 7154
7743 7458
3847 16171
15970 14497
9379 2653
9379 7399
14915 15129
14915 6794
14915 14915
14915 16323
14915 9269
14915 1946
14915 4692
4333 4333
4333 4800
4333 35353
4333 16723
4333 6779
4333 3485
4333 13625
1463 7307
1463 16323
10473 9422
10473 3324
16386 16348
39663 3402
39663 39663
14510 14510
14510 394
14510 7352
1358 13972
1358 12617
1358 1465
1358 1358
16698 5822
9991 2784
3992 1737
3992 16019
25 1050
11146 6666
11146 2705
11146 11146
11146 2631
13168 5259
13168 13168
16343 6794
16343 16549
16343 7982
16343 1946
16343 9896
16343 3402
16343 16343
12166 10400
12166 8320
12166 12166
1004 3248
1004 2642
4085 1176
7762 2837
7762 4707
1648 1648
1648 9072
1648 394
1648 3324
12205 10059
12205 10400
12205 3948
12205 16537
12205 468
12205 11768
12205 12205
6756 16665
6756 2893
6756 5831
6756 13625
6756 13216
6756 3659
15821 2000
15821 15821
10696 13707
6101 7193
6101 16537
6101 16023
16339 2384
16339 454
16339 16339
16339 5542
5094 4290
5094 5094
5094 16494
12522 12522
12522 6953
7138 1459
6781 14628
20038 13625
20038 2383
16289 12605
16289 4558
16289 3996
15525 16113
14246 10986
15214 14551
16806 7949
16091 1459
3402 4535
3402 4642
3402 6976
3402 16774
3402 3441
3402 16498
3402 9072
3402 11359
3402 14497
3402 16430
3402 1459
3402 13650
3402 7923
3402 3402
3402 16323
3402 13625
3402 16513
3402 2384
3402 4692
3402 13763
13108 4362
13108 8131
13108 454
13108 13108
2837 13707
16703 703
14812 11926
5259 13972
16019 35353
16019 1573
16019 13119
16019 15833
16019 12412
16019 8320
16019 14497
16019 7392
16019 8857
16019 16019
11018 3272
11018 11018
2893 3545
2893 2384
2893 2672
2893 6043
2893 1898
2893 13650
12120 14941
1050 16643
1050 317
1050 7193
1050 1050
1050 9072
1050 2046
1050 3659
1050 1464
1050 3272
1050 6342
1050 14497
3546 1483
3546 3546
3546 4362
3546 10867
3546 6249
6129 4008
6129 7392
13363 1459
13363 13363
102 4639
3701 16684
8183 1587
8183 8183
16142 2383
10779 15388
10779 10779
8320 8320
8320 9928
8320 7392
16826 6085
16826 9269
8798 658
13643 14497
13643 13643
16510 16160
16510 16510
16510 11926
16510 2056
2565 1199
6936 8818
6936 16117
16425 13093
6269 16046
9422 16774
14639 16494
16171 16171
16171 2234
16737 9269
4642 6794
4642 15934
4642 4642
4642 2349
16267 16267
16267 13650
16267 14450
16267 35575
1302 13400
1302 14551
1302 2642
1302 1302
16629 1266
16741 4677
16479 3400
16479 13650
2000 5810
2000 7507
2000 6976
2000 4351
2000 2000
2000 14689
2000 9269
2000 16761
2000 1946
2000 5822
2000 8224
2000 16387
2000 6647
2000 3621
2000 11359
2000 454
2000 1587
2000 5442
3918 12832
6153 450
807 4542
1227 14917
10718 7845
10718 16023
6776 2024
6776 11540
6776 6776
9617 9617
9617 16391
10591 6794
10591 10591
6117 6117
15289 15289
15289 2356
2192 4558
13707 13707
13707 1123
13707 13139
13707 381
13707 45
5371 5371
5371 454
5371 15777
303 6666
303 303
303 4362
303 9928
1573 15934
16561 7982
2024 16665
2024 4800
2024 1384
2024 12107
8382 9896
16643 16643
16643 3272
16643 5513
16643 4180
7307 2383
2123 12664
5091 4535
5091 16160
5091 970
1737 9924
1737 5583
1737 6794
1737 1464
1737 1737
1737 3324
7486 3948
7486 7486
484 484
17398 7507
17398 2672
10776 6976
3839 4180
1094 16123
27 3609
7392 10400
7392 454
7392 16107
4558 13119
4558 1587
14092 2481
4416 1459
4416 9840
4416 4416
10400 16387
10400 1464
10400 1946
10400 13625
10400 10400
10400 36814
10400 1916
10400 4008
10400 2383
10400 16107
15388 848
15388 15388
15388 1459
15388 15129
15388 7872
4351 15587
4351 344
7949 9900
7949 2384
7949 3248
7949 1074
3621 3621
3621 5810
3621 454
3621 7507
3621 9269
3621 1176
3621 5442
3621 3199
36067 2672
36067 394
658 658
658 5810
658 14551
7845 1887
7845 7845
7845 15777
5000 2384
7311 9928
7410 1199
7410 7410
7410 15493
16046 1847
16046 1840
16046 8430
16046 11540
16046 16046
3635 11417
317 9417
317 318
259 5309
1446 3902
15415 4008
1840 8588
1840 11054
1840 1840
16723 6794
16723 10194
16622 2384
16622 1056
16622 16622
4167 8574
6666 9417
6666 1465
6666 12605
6666 450
6666 8103
6666 6666
6666 750
6666 4008
6666 13377
6666 16556
6666 3040
16424 2233
16424 1715
756 4315
16831 4692
14551 36814
14551 16329
14551 6953
14551 14551
14551 14941
7313 3384
7313 4800
35840 6976
35840 3040
35840 2631
35840 10266
15606 15606
15606 6794
15606 7399
15606 4428
16684 750
16684 2784
16684 6772
4535 6647
4535 13650
1894 1898
1894 1894
14497 1587
14497 6976
14497 896
14497 14497
14497 10118
7507 5810
7507 5442
7507 7507
7507 1946
7507 5822
7507 16704
7507 4692
16325 16317
2158 2158
8430 16044
8430 7982
8430 11054
8430 8430
8430 3818
8430 5136
8430 327
8430 3676
8430 10265
8430 6460
8430 450
8430 16317
4046 1220
14517 15071
16835 454
6506 3803
6506 4008
6506 3040
6506 5482
318 3995
8482 8482
8482 733
16387 1946
3248 14689
3248 3248
16504 13972
11359 7982
11359 5513
11359 9269
11359 1946
11359 12082
11359 11359
16817 11926
36814 11054
36814 3948
36814 16477
36814 36814
36814 454
36814 7193
36814 406
36814 6794
3462 16711
519 4707
519 519
519 5952
519 2383
519 450
519 5482
4362 16805
4362 4362
4362 16433
16361 16361
16361 7399
10266 9163
10266 10266
10266 6976
10266 15934
13506 6779
13506 4692
3642 13625
3642 3642
450 16498
450 299
450 16356
450 5743
450 16383
450 4008
450 450
13650 454
13650 4692
13650 3676
13650 16329
13650 14917
13650 16518
13650 16430
13650 13650
3161 2857
16761 5442
16761 5810
4298 2368
15783 1464
6209 9924
4800 1887
4800 4800
4800 1384
16044 16044
16575 16575
16575 2384
5513 1464
2653 299
3659 1464
3659 9963
3659 13625
3659 3659
9269 16711
9269 5810
9269 1946
9269 6976
9269 15129
9269 16323
9269 9269
9269 6794
9269 1587
9269 13878
6753 5583
6753 6753
7352 9652
7352 7352
6787 1946
6787 4692
6787 1176
2622 7442
2622 16157
10110 3357
5506 16155
16107 16107
8224 8224
1887 1887
1887 4008
1887 10610
1887 8621
327 2383
327 13825
327 327
3676 15865
3676 5810
3676 3676
11765 14450
11765 6976
11765 11765
11765 3199
10194 9163
10194 6794
10194 4673
10194 16160
10194 10194
16048 12617
16048 16048
16433 16433
16433 1898
16433 703
4620 11540
16178 16178
15828 6531
15828 15828
16364 16364
16364 13265
16103 15630
16103 4428
16103 11540
13024 16345
13024 3233
1483 16839
1483 11926
1483 454
1483 1483
6486 6486
3816 4790
3803 3272
3803 4008
3803 13625
8250 15840
16345 9502
16345 6976
5917 6794
5917 1176
5917 5917
7281 7281
7281 15934
16665 16665
16665 9072
16665 3324
16155 1898
16155 15777
16155 8131
13265 4745
13265 299
13265 15642
13265 13265
13265 12832
13265 3233
13265 5482
8629 942
14541 14541
12832 3384
12832 2383
6647 9924
6647 6647
6647 16323
16498 9471
16012 3485
16012 15934
16012 16012
16012 7399
299 1107
299 5292
299 299
299 4008
299 5267
2714 16124
2714 6794
3818 9924
3818 2384
3818 3818
3818 7982
3818 10265
3818 1459
3818 13776
3509 3509
3509 406
4100 2631
3646 3646
3646 3272
15630 5756
15630 1464
15630 15630
1946 6085
1946 16711
1946 1384
1946 15129
1946 16645
1946 6794
1946 13878
1946 1946
1946 10059
1946 9417
1946 4087
1946 16758
1946 2233
1946 16323
1946 10007
1946 9896
1098 1098
16100 16100
16100 9072
15046 2784
339 703
6005 4180
16537 3948
16537 16537
16834 454
16127 3902
16127 8719
16127 9896
16669 16669
15054 15054
14450 15587
14450 7193
14450 14450
14450 3040
14450 35353
14450 15735
14450 13736
9471 15856
447 447
447 6779
7437 11926
6953 6953
7458 2384
7458 4692
16113 6794
16113 12664
16113 4556
13400 13400
13400 868
13400 2642
1594 4231
1266 9924
1266 1266
1266 12610
1266 16149
1266 2246
3902 3902
3902 7154
3902 1176
3902 6794
5442 6794
5442 5810
5442 2233
5442 5442
5442 9896
8843 8843
8843 6779
8843 3357
8843 16711
2857 2857
35357 454
35357 11054
35357 16711
868 868
4673 454
4673 4673
15856 2384
15856 45
15856 15856
15856 7193
15856 14579
7399 7399
7399 406
14689 10059
14689 3304
14689 1384
14689 14689
14689 2233
14689 4692
16323 16323
16323 8338
16323 6794
848 848
848 15129
1657 11540
2672 5743
2672 1898
2672 3272
2081 5743
2081 2481
2081 1384
2081 2081
2081 12107
6427 1715
4428 35353
4428 4428
4428 3233
4428 14514
9514 9514
16819 12660
12412 12617
12412 12412
16645 6085
16645 16645
5309 1464
5309 5309
11768 11768
377 16087
9652 9652
703 4231
703 454
703 16391
703 5136
703 703
16008 6794
5378 2384
5378 11926
5378 5378
6223 11540
4231 4231
5743 5743
5743 1464
16515 16515
2631 7982
2631 2631
2631 6976
2575 16122
2575 5822
8103 6646
8103 1465
8103 16516
8103 3874
8103 4790
13878 16259
13878 406
13878 13878
13878 16711
454 5583
454 16530
454 454
454 1193
454 10059
454 5810
454 1384
454 3324
454 4692
454 406
37021 16837
16272 9502
16272 460
16272 16272
1044 15517
1044 1044
4315 15934
3995 4008
3995 3995
9924 2246
4087 6794
4087 4087
4087 6085
1060 1060
12617 14230
12617 3948
12617 13972
12617 12617
12617 745
2046 15723
2046 9072
16183 3948
16183 35575
16183 16183
5810 5583
5810 6794
5810 15517
5810 5810
5810 970
5810 2480
3324 10059
3324 1465
3324 3324
3324 16391
3324 11926
3324 353
3324 13093
3324 5136
3324 9021
3324 9072
2368 2368
15197 15197
16430 6794
4069 15587
4069 2383
4069 4069
16548 16548
14802 2149
11771 2233
35353 35353
35353 3874
35353 16333
1056 1056
14319 14319
9072 10547
9072 13625
9072 5822
9072 9072
16516 16516
16516 1465
644 8899
1916 14074
1916 2246
16121 2384
16121 1384
9896 7982
9896 9896
1847 1847
1847 16774
1847 5822
6779 2384
6779 6779
16329 16329
7982 3948
7982 7982
7982 16543
7982 1898
7982 16821
942 6976
942 8019
956 6794
16417 11540
16034 16034
15587 11417
15587 15587
15587 2383
3709 4790
3709 3709
3709 15833
3709 3874
14579 16260
14579 4890
14579 3948
406 16259
406 406
13825 11926
7108 3485
1304 1715
6521 1148
1143 1143
15370 15370
13736 13736
4692 3401
4692 4556
4692 6794
4692 4692
16502 2349
16502 1465
6948 2356
14074 16530
14074 394
16556 5756
16556 16556
13742 13981
13742 2349
4709 4709
9163 9163
9163 4008
1450 4354
15887 15632
15887 15887
2481 2481
12478 12478
13393 16846
9842 2383
9842 7448
9842 9842
4707 4707
15291 5328
3272 2592
3272 1074
3272 13625
3272 12107
14113 11540
36108 36108
36108 22
36108 1465
4262 4262
15833 2349
6976 1465
6976 6976
6976 5756
6976 2384
6976 8719
6976 10265
6976 3040
6976 2233
6976 1459
16336 16336
1464 3513
1464 7193
1464 1464
1464 13625
1464 460
8899 12965
16160 11926
16160 16160
9900 9900
15517 15517
11825 2784
16635 1465
2384 13093
2384 353
2384 2384
2384 1384
2384 6043
2384 16646
386 9502
386 386
5136 5136
3040 11540
16549 6794
16549 16549
2233 2233
1459 11054
1459 7193
9417 6794
2900 2900
1096 1096
767 13625
767 16821
2356 15067
2356 13119
2356 2356
2642 2642
14628 1580
14628 605
13093 13093
353 10059
353 13444
11540 11540
11540 460
11540 9205
11054 11054
11054 7193
11054 14917
11054 16646
2944 7193
9963 9963
2480 2480
1587 14230
1587 1587
15642 15642
15642 3485
5896 3948
8621 15852
8621 8621
4180 22
4180 11926
4180 4180
12664 12664
13972 35575
13972 9355
3525 3525
3525 4008
6035 10265
6035 6035
15067 15067
10547 10547
1148 1148
16666 324
16666 16666
13216 13216
3233 4008
3233 3233
13444 13444
16122 16122
1898 2784
45 45
22 22
13625 13625
13625 12107
13625 5267
5482 11926
5482 3485
5482 5482
10350 10350
16286 1465
4008 2784
4008 3485
4008 4008
733 5756
11926 10059
11926 1384
11926 2784
11926 605
11926 3384
11926 5822
11926 5267
11926 11926
11926 3485
1074 394
16238 16238
6646 4790
9021 9021
6214 6214
7193 7193
7193 4556
5756 5756
5756 344
5756 4790
4890 3948
3485 1384
3485 3485
5496 5496
1320 5542
16837 16837
12107 12107
3948 14941
1355 1355
16149 16149
16089 16089
394 394
394 16792
394 3874
15934 6794
15934 2784
15934 15934
15934 16758
1465 1465
16646 16646
16821 16821
2246 6794
2246 1715
2246 12610
2246 2246
6673 6673
6673 10265
460 460
16832 16832
16147 16147
605 15882
1715 8998
16663 16663
16175 8719
3401 4580
4790 344
4790 4790
14922 16845
6794 1384
6794 6794
6794 1176
6794 6085
4580 4580
5542 2784
1580 1580
2383 10059
14941 14941
14230 14230
12983 12983
2784 2784
16518 16518
202 8719
1176 1176
6249 6249
10059 10059
344 14672
344 344
1384 1384
16758 16758
16792 16792
2149 2149
14917 14917
10265 10265
10007 10007
