5903 11318
13249 11142
13249 12858
13249 4231
13249 12260
13249 13249
13249 6976
13249 13247
3794 11142
3794 802
3794 3794
11670 11670
11670 13132
13283 3811
12512 5309
12512 12176
12512 10095
9522 2310
447 1610
447 45
359 12647
359 4832
359 12120
359 3901
12261 2954
12261 13133
4047 5048
2733 6794
2733 10909
12737 12669
7150 7666
7150 13024
382 5340
382 2807
382 12897
382 13136
382 12105
11629 11108
11629 35357
11629 450
11629 9072
11629 12965
11629 2807
11629 6129
11629 2672
11629 11552
11629 6503
11629 3684
9769 6506
9769 12835
9769 8441
9769 12107
9769 6753
6348 6936
6348 12198
6348 1657
6348 2841
6348 3759
6348 6348
6348 4659
6348 5731
6348 2530
11847 11847
11847 7732
11847 3237
11847 8008
11847 972
5708 12858
5708 3503
5708 7460
5708 5708
5708 78
5708 4961
5708 121
5708 6666
5708 12482
5708 290
5708 3996
5708 7311
5708 1409
13095 290
13095 121
7144 11142
7144 121
7144 2672
7144 391
7144 12910
7144 1310
7144 1532
7144 1149
7144 7144
2906 6094
13015 1847
13015 13015
13015 1044
13015 7248
10366 2083
10366 2557
10366 10366
10366 1291
10366 4659
10366 13158
10366 361
10366 8103
10366 10076
10366 1149
10366 13211
10366 4428
10366 12310
10366 13197
10366 318
10366 450
10366 1044
10366 406
10366 13215
10366 1409
3380 586
3380 8811
3380 394
3380 66825
3380 2530
3380 3969
3380 3380
3380 12301
2554 8991
2554 11618
2554 12664
2554 763
2554 4354
2554 4706
2554 8843
2554 406
2554 1004
2554 7294
2554 3675
2554 12563
2554 6514
2554 6101
2554 2051
2554 2554
2554 1044
2554 2389
2554 1532
10639 7655
10639 4580
12727 11142
12727 5627
10849 1851
10849 4572
10849 13197
10849 2024
10849 4177
10849 11395
6430 473
6430 10076
12698 11142
12698 353
136 13050
136 13211
136 8379
11142 10758
11142 9024
11142 1168
11142 8131
11142 13144
11142 12484
11142 7206
11142 12848
11142 1450
11142 8008
11142 361
11142 11394
11142 5340
11142 972
11142 13276
11142 5371
11142 4658
11142 6770
11142 4354
11142 4042
11142 13211
11142 8725
11142 14726
11142 2954
11142 1441
11142 9547
11142 6882
11142 12176
11142 11142
11142 180
11142 4078
11142 4832
11142 9658
11142 1345
11142 763
11142 6953
11142 1737
11142 2384
11142 3948
11142 12252
11142 1463
11142 7482
11142 3711
11142 2039
11142 3898
11142 290
11142 4234
11142 36108
11142 11552
11142 12930
11142 6976
11142 622
11142 6451
11142 12896
11142 12922
11142 12679
11142 4572
11142 14447
11142 8799
11142 1044
11142 1335
11142 12734
11142 4231
11142 5627
11142 5810
11142 942
11142 10076
11142 13245
11142 6094
11142 8212
11142 10461
11142 2233
11142 12888
11142 12617
11142 3402
11142 2763
11142 13108
11142 3684
11142 13093
11142 9062
11142 4556
11142 8379
11142 317
11142 2467
11142 12844
11142 613
11142 13019
11142 143
11142 10330
11142 302
11142 12573
11142 5873
11142 1409
2678 5420
11439 353
11439 5371
11439 11439
11439 2149
12916 10898
12824 1450
12824 12860
12824 1409
13059 12705
13059 8176
13059 13059
5034 10251
5034 8799
380 4054
380 1648
757 1946
757 4336
345 2837
345 4246
12668 6506
12668 12668
1540 613
1540 1463
1540 1345
1540 4558
8202 12176
8955 2384
8955 8955
8955 9072
9114 2051
9114 45
13062 152
13062 12930
13062 5610
806 6094
806 6451
806 2284
806 10819
806 4162
7361 8811
3698 6269
12481 297
12481 11632
12481 6153
12481 8008
12481 2389
12481 290
12481 2530
12481 12301
11266 11108
11266 6451
11266 10076
11266 4696
5144 8684
5144 13160
6316 6316
6316 13147
6316 934
6316 1106
6316 4177
6316 7206
6316 6451
6316 143
6316 10204
6316 619
6316 2051
6316 9449
6316 4721
6316 12669
6316 3376
6316 1047
6316 2377
6316 121
6316 8212
6316 9564
6316 6950
6316 1946
6316 10909
8494 3329
8494 619
8843 2273
8843 2672
8843 1168
8843 11618
8843 6976
8843 1176
8843 9514
8843 1532
8843 586
8843 6085
8843 6466
8843 11318
8843 10299
8843 8843
8843 644
8843 35357
8843 12347
8843 3901
8843 5450
8843 290
8843 2480
8843 10909
11382 2024
353 12998
353 5371
353 2837
353 12993
353 8212
353 10909
916 4707
916 33841
1335 14447
1335 3969
1335 6206
1532 7314
1532 3193
1532 398
1532 13007
1532 5572
1532 8050
1532 11394
1532 3811
1532 12995
1532 3106
1532 2051
1532 2377
1532 13009
1532 4790
1532 972
1532 2841
1532 1587
1532 7867
1532 1131
1532 10898
1532 10095
1532 6094
1532 8212
1532 8381
1532 2162
1532 3996
1532 1532
1532 1098
1532 1233
1532 3005
1532 10774
1532 11973
1532 3402
1532 1450
1532 5550
1532 8176
1532 509
1532 45
1532 2530
1532 9449
1532 2874
1532 370
1532 11885
1532 9928
1532 1459
1532 8883
1532 8755
1532 11632
1532 11926
1532 3711
1532 6262
1532 4692
10773 12759
10773 12763
13177 6400
13109 13050
13109 1409
13176 1969
2536 12410
396 11394
396 8381
396 7868
7895 613
7895 7294
7895 8799
7895 8472
7895 7895
4661 5784
4661 1061
4661 4661
4661 8146
4661 3936
4661 6976
4661 2642
4661 4177
4661 12848
4661 10701
4661 13006
4661 13053
4661 12734
4661 3401
4661 13277
4661 13036
4661 12418
4661 2954
4661 11771
4661 11552
4661 11762
4661 12438
4661 5873
4661 3272
4661 3711
4661 1783
4661 9564
4661 9716
4661 11011
4661 12772
4661 12705
4661 13256
4661 12986
4661 12337
6818 4231
6818 1450
6818 7311
6818 3623
6818 12826
4086 8250
4086 1946
4086 7743
5107 12709
5107 1729
5107 5107
5107 13025
3462 2083
4362 763
4362 1345
4362 13087
4362 13213
4362 4971
4362 4362
4362 11176
4362 12204
4362 6976
4362 7392
11897 2954
11897 5069
10696 11786
10696 3680
10696 2051
10696 11081
9022 1651
9022 10837
9022 12021
9022 613
9022 12993
9022 11763
9022 9022
9022 750
9022 180
9022 8212
9022 8552
9022 12676
9022 6772
9022 7851
9022 13078
6486 9666
6486 13025
509 12484
12192 3106
13027 1985
13027 3874
13027 8032
13027 1149
1650 1650
1650 317
1650 7193
1650 13218
1650 10814
1650 1946
1650 6822
1650 1179
1650 12695
1650 2051
2467 1450
2467 8103
1400 1651
1400 9417
1400 6986
1400 303
1400 622
1400 13132
1400 2622
1400 5712
1400 10095
1400 2874
1400 1400
582 6936
582 2191
582 7193
582 1353
582 1409
582 6976
582 12890
582 1
582 2356
582 12482
582 1384
582 13014
582 1310
582 11108
582 2841
582 5420
582 4910
582 4008
582 332
582 582
582 290
582 370
582 2623
5753 5628
5753 11028
5753 5753
13082 2191
13223 5690
13069 3803
13069 6085
3521 2666
3521 2083
3521 3847
3521 13158
3521 2900
3521 5292
3521 4177
3521 3485
3521 12468
3521 12992
3521 622
3521 2841
3521 5015
3521 8726
3521 460
3521 10076
3521 3521
3521 332
3521 13154
3521 3996
3521 8912
3521 12800
12923 11054
12923 9062
13097 9962
12906 4144
12906 10898
12482 1409
12482 98
12482 12815
12482 297
12482 1645
12482 394
12482 13185
12482 813
12482 1703
12482 12482
12482 5550
12482 7703
12482 13087
12482 12204
12482 2841
1849 3811
1849 5017
1849 1849
1849 10903
1849 2051
1849 13127
1849 1149
1849 35416
12726 11081
12726 11771
11484 2968
4040 2290
7041 2083
7041 297
7041 4008
7041 7041
7041 4366
7041 3992
7041 66
7041 9928
5098 2480
5659 3349
12699 972
12699 12041
12088 454
12088 4053
12088 4832
12088 12088
9502 2191
9502 33841
8472 13114
8472 12814
8472 13058
8472 6882
8472 13078
8472 4423
10673 8434
12986 12987
12986 5810
10903 121
10903 10903
10903 7311
10903 1168
12948 2874
12948 1073
12776 6886
10701 1125
10701 4149
10701 4767
10701 12252
10701 13263
10701 290
10701 4054
10701 1384
10701 271
10701 10701
13135 7001
13135 1021
10123 12021
39146 11598
39146 4558
2284 6121
2284 2290
2284 3711
11190 1946
6921 4923
6921 13127
6921 2586
13078 7851
13078 13078
13209 1441
13209 4177
1878 13228
1878 2191
1878 2837
1878 12566
1878 12301
1878 10076
1878 532
4832 238
4832 6085
4832 259
4832 4832
4832 3960
4832 3509
4832 532
4832 1004
4832 13148
4832 5656
4832 11394
4832 2051
4832 6651
4832 7206
5970 5750
6043 1464
6043 10928
6043 385
6043 4312
6043 3684
6043 9072
6043 6043
6043 10811
1328 12847
1328 2874
6950 13072
6950 2384
6950 11714
6950 6856
6950 12577
6950 1131
6950 6301
6950 440
6950 6950
6950 763
6950 10909
6950 12823
3859 6085
3859 57583
2623 121
2623 1384
2623 2628
4794 5712
4794 4794
392 8441
392 8212
392 613
392 5731
392 392
392 4177
8582 3509
8582 8582
238 1004
238 3509
238 1783
238 934
2929 1233
96 4005
12900 11417
12900 12858
12900 10266
12900 6451
9534 11445
9534 1729
9534 1409
9534 6772
9534 1407
9534 5761
9534 9534
9534 3106
9534 4678
9534 1587
9534 332
12896 7936
12896 297
12896 11763
2106 10400
4133 4133
4133 12870
8012 613
8012 7460
10246 12858
10246 763
12263 1168
4366 4231
4366 297
4366 2653
4366 1407
4366 4366
4366 4158
4366 1409
4366 11081
4366 3710
4677 2384
4677 4677
4677 3684
4677 12705
7710 8008
2294 7089
2294 3005
2294 12947
2294 3723
2294 37021
2294 83
2294 2294
2294 1079
2294 8381
2294 6101
2294 11016
2294 12249
2294 2386
2294 12176
7868 51
7868 622
7868 12252
7868 12087
7868 290
7868 7868
7868 10001
7868 1149
440 143
440 3005
440 8938
440 11854
440 12674
440 12703
440 5627
8212 2874
8212 8811
8212 12910
8212 1465
8212 12993
8212 6976
8212 12176
8212 3684
8212 1669
8212 83
8212 1946
8212 3106
8212 9449
8212 7206
8212 622
8212 12927
8212 7746
8212 1168
8212 3755
8212 1131
8212 10898
8212 532
8212 2377
8212 6094
8212 613
8212 10928
8212 8212
8212 37021
8212 13147
8212 13144
8212 290
8212 3609
8212 1409
8212 3402
8212 1149
391 1992
391 3621
391 12860
391 13056
391 10076
391 2653
391 1528
391 8811
391 12828
391 3623
391 11395
93 10774
960 12669
960 11286
5628 613
5628 5371
5628 1988
10408 4333
10408 5513
10408 6822
10408 3485
10408 3996
13085 13072
8004 12947
602 12104
2666 745
3936 2310
12223 6794
12223 3948
12223 8050
12223 12223
9821 7437
8176 7743
8176 8991
8176 2672
8176 3818
8176 6976
8176 78
8176 3402
8176 7655
8176 1450
8176 8176
8176 3106
8176 1079
8176 1345
8176 1291
8176 9062
8176 7671
8176 2631
8176 7521
8176 10819
8176 4246
8176 10251
8176 11318
8176 290
8176 12705
8176 9896
7386 2821
7386 3272
7386 297
7386 7386
7386 2481
1035 3847
12249 3106
12249 12650
12898 13070
12898 12898
12898 7294
12898 12983
12898 7703
12898 12081
12898 10299
12898 2011
12898 7934
12898 11332
284 8032
284 317
284 6205
284 9417
284 1465
12844 11926
12844 3983
12844 9072
12844 1056
12844 5810
12844 2290
12844 763
12844 11016
12844 12928
12844 12844
987 416
12438 1222
13147 10867
13147 5732
13147 12260
13147 13147
13147 5627
13147 290
13147 733
13147 763
6651 10837
6651 4961
6651 35416
6651 13148
6651 2000
6651 5550
6651 3
6651 13108
6651 13157
6651 469
6651 3621
6651 763
6651 766
6651 5371
6651 5048
6651 7703
6651 11318
6651 121
6651 12755
6651 290
6651 4692
6651 6651
7721 7721
7721 12129
7721 2841
7721 1
3041 1463
3041 3811
3041 828
3041 9514
3041 12886
3041 5513
13144 1463
13144 2290
13144 4042
13144 1465
13144 66
13144 13145
13144 1149
13144 10076
4706 4706
4706 4500
4706 6514
3537 3537
7392 4231
7392 7671
7392 5371
7392 3983
7392 9928
7392 11552
7392 3684
7392 7967
7392 2162
7392 10266
7392 290
7392 6101
7392 19475
7392 8799
7392 2530
7392 2051
918 2841
12848 12848
6254 9928
6254 317
6254 8032
11394 1669
11394 10898
11394 12595
11394 1353
11394 4354
11394 1095
11394 83
11394 5963
11394 1464
11394 8381
11394 8811
11394 11394
11394 1946
11394 6094
12187 12409
1610 4262
1610 2377
5337 1310
5337 4008
5337 1409
5337 2290
5337 1114
5337 12484
3759 13193
3759 7666
3759 3759
3759 5482
2615 8441
49924 5287
8676 7936
12822 35416
9449 1106
9449 7460
9449 2290
9449 1
9449 6772
9449 332
9449 5744
9449 2264
9449 4144
9449 2874
9449 586
9449 2813
9449 613
9449 290
9449 6822
9449 13145
9449 10076
9449 3272
9449 37021
9449 10870
9449 8811
9449 12676
9449 3996
9449 450
9449 5731
9449 1409
5801 10819
5801 5801
5801 49
5801 8032
5801 4177
4991 8032
13127 6976
13127 13127
6827 13288
6827 7110
6827 6827
6827 1851
6827 2669
2698 6269
2698 8441
2698 798
2698 2841
2698 2698
586 3545
586 11059
586 8699
586 360
586 2811
586 6882
586 3402
586 6153
586 6506
586 11016
586 11395
586 2083
586 12856
586 385
586 1446
586 586
586 3710
586 1916
586 12759
586 9716
586 12301
586 35840
1557 12753
1557 2669
4528 13072
4528 4528
4528 1106
4528 13206
4528 1353
4528 4177
4528 10862
13006 11054
13006 12705
13006 13006
13006 7076
13006 13038
13006 4416
13006 2290
13006 3402
6481 290
12996 6666
12996 4042
12996 8032
12996 3634
12996 1353
12996 10819
12996 12996
4659 11786
4659 4428
4659 4659
4953 1916
4953 12337
5690 1233
5690 4721
5690 5371
5690 10898
5690 66
5690 12841
5690 3402
5690 1478
5690 5690
5690 4177
5690 121
5690 9652
5690 437
5690 290
5690 6776
5690 12301
13142 4231
13142 4653
13142 3485
13142 1149
13284 1441
13284 13284
4767 4494
4767 4767
1626 10330
1626 1441
1626 9062
1626 1626
290 1409
290 10898
290 1353
290 1179
290 1384
290 8991
290 35416
290 11504
290 4078
290 3811
290 2672
290 6153
290 8725
290 3106
290 19475
290 2377
290 4231
290 3075
290 4721
290 321
290 78
290 6822
290 10299
290 13220
290 11332
290 4923
290 8381
290 332
290 5627
290 1985
290 1946
290 11618
290 450
290 12301
290 10909
290 12198
290 5199
290 9417
290 3005
290 6882
290 12897
290 5513
290 3032
290 290
290 1450
290 828
290 1176
290 12965
290 3901
290 2530
290 2874
290 2926
290 3384
290 4085
290 1050
290 1463
290 13247
290 2215
290 8726
290 12875
290 1149
290 121
290 2837
290 7666
290 2290
290 12705
290 12978
290 469
12751 12337
11 2083
11 11
9924 9924
9924 935
9924 385
9924 5068
9924 5810
9924 13099
9924 1441
9924 5513
9924 10898
9924 10076
12930 3811
12930 12260
12930 8441
12930 348
12930 12193
12930 12823
13269 4042
13269 8032
13269 3634
4053 1847
4053 11054
4053 1061
4053 13052
4177 2672
4177 1106
4177 3847
4177 1353
4177 49
4177 2234
4177 4177
4177 8430
4177 1148
4177 12723
4177 13238
4177 19475
4177 12868
4177 2083
4177 45
4177 2841
4177 11318
4177 8103
4177 12861
4177 2377
4177 66
4177 37021
4177 2874
4177 5627
4177 14726
4177 4692
4177 12805
4177 11059
4177 5309
4177 13197
4177 12978
4177 461
4177 12965
4177 10059
4177 13212
4177 763
4177 3502
4177 9565
4177 11300
4177 317
4177 12120
4177 13206
4177 6129
4177 11926
4177 3711
4177 10909
4177 1851
4177 12676
4177 6986
4177 13033
4177 13251
4177 406
6451 10330
6451 5072
6451 8032
6451 10076
6451 4696
12922 12922
12922 4758
12922 8008
12922 2233
12922 6976
12922 3402
12922 12301
13153 13153
13153 11919
13153 2874
10454 2273
12909 3621
4248 8725
416 10867
416 11176
416 5627
416 13067
416 333
416 7313
13184 1004
13184 10227
13184 5371
13184 13189
5735 10299
11938 4961
13114 13114
13114 1131
12259 437
12259 5513
12259 2841
332 51
332 1233
332 1985
332 3847
332 1478
332 10503
332 2290
332 10475
332 297
332 6153
332 13047
332 4144
332 450
332 5420
332 2035
332 83
332 10076
332 3503
332 3272
332 3711
332 332
332 12666
332 5094
332 1409
3556 7666
12805 7851
12198 12664
12198 2841
12198 12690
12198 13154
12198 297
12198 3485
12198 12107
12198 4101
12198 1149
12198 2874
2082 961
2082 5072
2082 4580
1253 10909
961 1946
8146 12383
8146 9072
8146 3106
8146 8146
8146 13256
8146 5656
8146 11445
13056 12858
13056 78
13056 763
13056 13056
13056 2763
12859 1407
6103 1483
9156 7655
12877 12877
12877 12875
12877 3684
12877 9072
13036 121
13036 1916
13036 454
13036 1409
13036 13036
4649 12310
613 1441
613 12664
613 11286
613 942
613 11262
613 613
613 1669
613 297
613 1450
613 1095
613 6871
613 619
613 2051
613 7311
613 12573
613 13074
613 12814
613 11176
613 4354
613 10299
613 9062
613 8047
613 7294
613 8811
613 11395
613 11303
3931 3931
3931 12890
348 5550
348 2841
348 13288
348 12705
348 35833
4685 11926
5963 3106
5963 8938
5963 12383
10330 1573
10330 10330
10330 1465
10330 4354
10330 6205
10330 12573
2833 4137
333 451
12705 7089
12705 7743
12705 3005
12705 7076
12705 5917
12705 5229
12705 2000
12705 13093
12705 2672
12705 2389
12705 12234
12705 2513
12705 7916
12705 5901
12705 1004
12705 49
12705 2273
12705 5873
12705 1946
12705 12705
12705 1149
12705 6101
1409 8680
1409 13054
1409 2672
1409 12976
1409 1353
1409 78
1409 12772
1409 12806
1409 619
1409 14447
1409 3874
1409 12786
1409 11395
1409 4231
1409 935
1409 5371
1409 297
1409 2841
1409 7311
1409 12617
1409 12861
1409 13188
1409 37021
1409 1985
1409 1946
1409 450
1409 12301
1409 13033
1409 3005
1409 394
1409 10503
1409 2290
1409 2784
1409 3684
1409 1450
1409 10204
1409 13151
1409 12337
1409 2233
1409 13089
1409 11016
1409 13212
1409 2530
1409 13070
1409 13175
1409 6400
1409 1463
1409 4239
1409 12830
1409 3634
1409 1149
1409 13244
1409 406
1409 1409
2011 1131
2011 11716
2011 2011
4020 5340
4020 2233
4020 4020
4020 3402
4020 3684
12039 66
12039 4231
12039 12039
3777 6753
8707 3811
8707 302
13034 9062
2051 6936
2051 36108
2051 6269
2051 8103
2051 6976
2051 6646
2051 7281
2051 12260
2051 2051
2051 1345
2051 3755
2051 7434
2051 3509
2051 10095
2051 4042
2051 1353
2051 13016
2051 9417
2051 3005
2051 3402
2051 5513
2051 2356
2051 4426
2051 45
2051 6205
2051 766
2051 3384
2051 317
2051 450
2051 1446
2051 9928
2051 10819
2051 3977
2051 3
7726 454
7726 11332
7726 4961
7726 12301
1291 1688
1291 3992
1291 45
1291 1291
1291 8103
1291 12823
13133 4658
4658 3811
4658 12947
4658 12337
4658 13255
4658 13286
4658 6101
4658 13175
4658 12807
5740 5394
5740 5740
5740 1149
13019 143
13019 1441
13019 2841
7348 3811
4778 4778
4778 2530
4778 1407
13145 4231
13145 297
13145 13145
13145 1266
13145 2290
13145 406
83 1669
83 12310
83 14447
83 5259
83 66
83 4790
4281 13121
4281 5199
10427 12617
7614 4653
7614 2530
7614 5301
3528 13286
3528 2384
3528 3528
3528 10034
11206 11206
11206 1648
11206 2356
461 12712
461 10059
461 11059
461 10819
12605 1094
12725 1898
12725 12725
3710 4231
3710 1266
3710 6761
3710 5627
3710 3684
3710 10266
3710 3710
3710 4614
3710 12301
11392 3996
11392 2874
13278 13277
349 12204
349 2162
12856 12858
12856 10266
12856 35840
12856 2841
9547 10461
9547 3948
9547 11640
2215 11919
1114 121
1114 788
1114 40
1114 2490
1114 1353
1114 5744
1114 12445
1114 1114
1114 2874
13250 12260
13250 450
13250 3485
13250 10076
3623 4231
3623 3623
3623 5081
12866 2642
12910 5199
7743 7743
7743 6794
7743 5810
7743 10708
7743 450
3847 297
3847 3847
3847 12301
3847 4149
3847 4008
3847 8811
3847 11016
3847 1310
2234 4008
2234 3485
2234 797
2234 2234
1463 3969
1463 6976
1463 1463
1463 6761
1463 3121
1463 4042
1463 7307
1463 13218
1463 3635
1463 317
1463 8434
1463 9458
1463 12640
1463 5069
1463 3898
1463 10007
10273 10273
10273 5081
12952 8032
12952 4676
3132 4231
3132 12858
3132 13242
3132 3132
3132 6518
3132 9658
13208 3272
13208 695
1358 3992
1358 9068
13074 1847
13074 11885
13074 3948
13074 11176
13074 1465
13074 78
13074 9471
13074 11786
8755 5371
8755 8799
8755 1044
13168 3948
13168 13168
13168 7311
13168 6871
12434 12434
12434 1131
4085 4042
4085 4085
4085 935
4085 1946
4085 2377
4085 2530
4085 4692
12205 13288
6756 972
6756 11936
6756 13244
6756 1050
6756 5627
6756 6772
6756 2530
6756 12888
6101 1168
6101 2480
6101 11081
6101 3711
6101 2389
6101 6101
6101 45
6101 13277
12477 11727
5094 2083
5094 51
5094 450
5094 3485
5094 5017
5094 11552
5094 2841
5094 9352
12522 121
1481 2000
1481 2943
92 5267
394 3755
394 394
394 9928
394 12830
394 8726
394 1703
394 412
394 66
394 9871
394 4008
394 1465
394 12573
394 5731
394 11303
13286 1916
13286 66
13286 763
13286 45
13286 11009
13286 3684
12652 2233
12652 8008
12652 6976
12652 3684
12652 2363
3402 8134
3402 12947
3402 12875
3402 1669
3402 8008
3402 6506
3402 13191
3402 12907
3402 8201
3402 13211
3402 2233
3402 3996
3402 4692
3402 5873
3402 12021
3402 9317
3402 10231
3402 13058
3402 3402
3402 3684
3402 13070
3402 13093
3402 4312
3402 2389
3402 4078
3402 11016
3402 3315
3402 3621
3402 14726
3402 8590
3402 4423
3402 13008
3402 3711
3402 9716
3402 12435
10106 2383
13108 5743
13108 385
13108 3948
13108 934
13108 13108
9052 3509
9052 2356
1492 4078
1492 12868
2837 78
2837 2841
2837 1353
2837 2926
2837 121
2837 66
2837 9928
2837 2837
2837 9463
45 3711
45 2672
45 1106
45 8103
45 2510
45 12938
45 13212
45 2083
45 317
45 45
45 1465
45 1095
45 12643
45 4008
45 37021
45 733
45 12435
45 12774
10001 2481
10001 13024
11763 8699
11763 11763
11763 1407
2893 11552
2893 430
2893 11081
2893 6753
2893 2893
12120 3948
12120 12120
12120 4262
12120 3503
12120 6976
12120 3272
12120 3711
12120 5627
12120 11443
12120 13277
1050 3272
1050 1050
1050 2024
1050 766
1050 12107
2363 12965
2363 1004
2363 3684
2363 2363
6129 1004
6129 6666
6129 4721
6129 1353
6129 121
1047 1320
12768 12176
2968 2968
13121 1004
13121 5199
13121 3272
13121 13121
13121 2000
13121 13199
13121 5513
8027 5292
6262 5583
6262 4721
6262 2841
6262 4262
6262 2811
6262 1353
8552 4231
8552 1450
8552 1528
8552 11228
8552 3684
8552 2356
9896 3811
9896 763
9896 9896
12857 5199
12774 12643
12774 12617
6936 13072
6936 317
6936 1353
6936 2039
6936 14447
6936 9928
6936 1246
8134 10811
9422 1004
9422 9422
9422 11521
1465 10072
1465 9417
1465 7093
1465 12617
1465 12826
1465 1956
1465 297
1465 1450
1465 4194
1465 7437
1465 7311
1465 9062
1465 9187
1465 4354
1465 1465
1465 8032
1465 1355
1465 10076
1465 11317
1465 12695
1465 13001
5292 12496
13206 13014
13206 360
13206 2625
12087 4008
12087 12839
12087 12252
12087 3503
12087 9658
12087 1384
12087 1149
297 51
297 10758
297 12664
297 3983
297 8131
297 5917
297 1826
297 7206
297 8008
297 6506
297 3615
297 12734
297 4231
297 5550
297 3566
297 2024
297 10898
297 2874
297 8725
297 11618
297 3199
297 12301
297 3545
297 4800
297 4558
297 2290
297 9310
297 4078
297 12721
297 2530
297 11846
297 5081
297 622
297 11054
297 3621
297 3948
297 12669
297 297
297 532
297 121
297 12325
297 9716
297 6822
12723 11059
12723 3503
12723 1353
12723 3684
12723 121
12723 3400
12723 11608
12723 12337
12723 12693
12723 12723
12723 3996
12723 935
12723 763
7690 828
7690 9317
7690 619
6776 935
6776 8726
6776 9068
6776 2024
6776 2290
6776 35416
6776 6776
2192 13070
2192 1353
2192 9840
2192 2192
5371 11885
5371 8799
5371 5810
5371 4961
5371 180
5371 9962
5371 7311
5371 3635
5371 5371
5371 2631
5371 4354
5371 5743
5371 6094
5371 11286
5371 9928
1573 6822
1573 10714
1573 12700
1573 12573
12861 4231
12861 2841
12861 1149
4344 4333
4344 2083
4344 317
4344 3996
12685 2530
12685 2162
2821 3680
2821 12424
2821 1384
2821 20038
2821 1840
2821 12953
2821 2821
2821 6506
2821 2481
2821 1021
2821 2874
13173 121
13173 8726
12981 10227
12981 10059
12981 8008
12981 3684
12981 3032
13112 12978
13112 4262
2884 2841
1094 8103
1094 1094
1094 3901
1094 12823
10909 5784
10909 11059
10909 10744
10909 6214
10909 2273
10909 10503
10909 1778
10909 4745
10909 2642
10909 184
10909 1450
10909 828
10909 4312
10909 8008
10909 6506
10909 2874
10909 2926
10909 121
10909 3621
10909 2841
10909 78
10909 7867
10909 8726
10909 3272
10909 1916
10909 4614
10909 9310
10909 3005
10909 13035
10909 1149
10909 10909
27 6882
27 763
1233 2273
1233 4692
3544 2943
4558 2384
4558 4558
4558 2386
4558 398
4558 12487
4558 1450
4558 12823
6882 1669
6882 1916
6882 6882
6882 9072
6882 763
437 2083
437 10758
437 360
437 10269
437 8032
437 317
437 12166
437 6666
437 11786
437 437
437 3106
437 970
437 11300
9658 12484
9658 121
9658 9658
9658 13024
9658 10076
9658 4561
13212 121
13212 469
13212 13212
13212 4054
9390 13061
9390 450
9390 8032
9390 3040
9390 9390
259 259
13139 13061
13139 9871
13139 13139
12362 2273
12362 6085
12362 450
12362 12362
12362 6506
12362 6976
12362 11552
12362 1384
9669 11016
9669 2841
2060 12503
2060 12643
2060 2060
2060 4903
2060 6794
422 10946
422 12669
4622 250
9550 454
9550 1131
9550 3684
1186 14447
6781 9444
5072 5072
5072 8855
5072 1061
1095 5550
1095 4054
1095 3377
1095 6871
1095 13061
1095 828
1095 1095
1095 10675
11009 3811
11009 13290
13279 8441
13279 9072
13279 763
13279 3996
13279 2530
13279 12978
11262 11262
11262 3948
3473 13132
3473 3473
3473 1993
3473 10204
8157 1353
8157 2926
8157 4428
6506 5015
6506 6085
6506 4800
6506 9317
6506 12858
6506 3503
6506 2530
6506 2384
6506 10744
6506 450
6506 8338
6506 6506
6506 431
318 6666
318 8103
318 317
318 12728
12987 2811
12987 6259
12987 2349
12734 11552
12734 2530
12734 12735
12734 12734
11449 1946
11449 4087
11449 11449
11449 11318
519 12336
12138 12978
450 11059
450 13265
450 13158
450 2290
450 2784
450 13280
450 4333
450 1310
450 828
450 12202
450 10076
450 13238
450 4144
450 450
450 5731
450 5081
450 4790
450 11108
450 4721
450 321
450 9928
450 8726
450 11765
450 1149
450 1004
450 12730
450 406
450 10503
450 12772
450 7521
12105 12264
11228 4231
11228 317
11228 12664
11228 1446
11228 9514
4298 12812
7089 7089
7089 7001
7089 1464
7089 3684
788 121
788 986
788 4790
10475 5340
10475 942
10475 12719
2653 370
2653 3485
2653 10076
271 1125
271 4149
271 10458
271 11786
12994 11054
12994 5701
5068 2384
8590 143
8345 6153
8345 3983
8345 619
9458 12234
9458 2384
9458 4961
9458 11081
9458 9458
5873 3736
5873 9386
5873 1778
5873 6094
5873 3401
5873 9716
5873 2954
5873 5873
13024 5743
13024 1916
13024 7666
13024 2874
13024 13024
6772 2312
6772 3272
6772 2901
6772 2530
11919 19475
11919 11919
11919 6994
11919 11542
11919 5831
11919 8008
12912 1847
12912 12912
10675 6871
10675 10675
10675 4354
10675 3969
10675 12301
1142 5810
5917 5199
5917 13113
5917 8381
5917 10503
5917 2377
1669 6094
1669 3923
1669 35833
1669 532
1669 3684
7281 2000
13265 10076
619 1106
619 4580
619 3634
619 1353
619 2
619 5513
619 1826
619 143
619 619
619 12357
619 2480
13073 1004
13073 11727
1310 2290
1310 5101
1310 3969
1310 12847
1310 4144
1310 1310
1310 2083
1310 622
1310 370
1310 2841
1310 12445
1310 10076
1310 4246
1310 12884
1310 12310
1310 12772
1310 12301
5340 5340
5340 10928
5340 9310
5340 1272
5340 1176
5340 6094
12651 12651
12651 11926
12651 3948
12651 9072
12651 66
12651 22
12651 4144
12651 7437
12651 935
11521 1004
11521 11054
11521 11521
11521 66
11521 1131
11521 10299
1587 1651
1587 10946
1587 6545
1587 1464
1587 10898
1587 3106
1587 4111
1587 7311
1587 1587
5731 2083
5731 1407
5731 1985
5731 3996
5731 4144
3509 6794
3509 3509
3509 2508
3509 406
3509 4042
3509 12643
3509 3928
3509 428
3509 3874
3509 11081
12761 12840
12761 3996
12761 12761
12761 4910
9062 10774
9062 943
9062 4721
9062 11028
9062 7458
9062 6205
9062 9062
9062 10714
9062 6085
9062 3948
9062 9928
9062 3676
9062 6094
9062 13001
9062 1648
9062 1946
9062 12573
9062 12695
9062 6794
3976 9871
3976 4144
4971 1450
4971 12664
4971 4971
4971 8799
4971 4721
5627 10034
5627 1407
5627 12617
5627 10898
5627 6976
5627 3684
5627 8008
5627 8799
5627 121
5627 11054
5627 6074
5627 3948
5627 6770
5627 5627
5627 5901
5627 10095
5627 1916
5627 12767
5627 4692
5627 12301
5627 12176
1946 2672
1946 8434
1946 3106
1946 6794
1946 6856
1946 11318
1946 5901
1946 10095
1946 2377
1946 6094
1946 8381
1946 6514
1946 1946
1946 1459
1946 5442
1946 5199
1946 9417
1946 5017
1946 11618
1946 12978
1946 12792
1946 6787
1946 12721
1946 6085
1946 3923
1946 3676
1946 4423
1946 1004
1946 49
1946 13030
3822 12884
3822 12653
1098 1098
6531 1778
2191 8680
2191 2191
2191 12336
2191 12706
2191 1353
2191 12166
2191 1985
2191 4008
2191 5081
2191 11786
2191 370
2191 4144
2191 2874
2191 2841
1590 9564
1590 1590
1590 2642
9246 4149
9246 9246
9246 1464
1778 2083
1778 10758
1778 12554
1778 11727
1778 1778
1778 11361
1778 7335
1778 11016
1778 2954
6514 9417
6514 11552
6514 5810
6514 10299
12826 6094
12826 9514
3977 317
3977 6569
3977 11081
6994 3401
13064 13008
7437 5081
7437 1459
7437 10076
7437 766
622 622
622 12301
622 1407
622 8430
622 7460
622 11552
622 10898
622 1450
622 11632
622 6871
622 2530
622 1222
2384 12858
2384 11059
2384 7655
2384 5229
2384 3684
2384 10034
2384 12337
2384 935
2384 2530
2384 6770
2384 2384
2384 3634
2384 5029
2384 10898
2384 3659
2384 4701
2384 1149
2384 8008
9850 6096
1266 1450
1266 6761
1266 1446
1266 9514
1266 10266
1266 35416
11541 2362
4721 12617
4721 317
4721 3684
4721 4333
4721 3811
4721 828
4721 11016
4721 300
4721 2874
4721 12998
4721 4721
4721 2841
4721 11176
4721 3067
4721 9928
4721 12653
4721 121
4721 9793
11264 6094
75 75
75 13213
75 3634
75 12962
75 9928
75 6023
75 78
75 4194
12755 3948
12755 11176
13030 935
13030 13030
13030 763
9158 2482
10227 10227
10227 1847
10227 12714
10227 5380
10227 942
10227 10758
10227 7335
10227 9564
10227 9716
10227 13189
10227 12888
1547 6871
7666 6794
7666 2841
7666 2024
7666 8991
7666 10076
7666 12730
7666 4800
7666 7666
7666 3199
800 2841
12713 1450
12713 1441
12907 3214
12907 12929
12907 3684
12907 13091
5743 11108
5743 12706
5743 1645
405 13038
2631 1004
2631 11059
2631 2631
2631 3684
8103 250
8103 10758
8103 360
8103 8032
8103 12728
8103 2356
8103 828
8103 13014
8103 3874
8103 2874
8103 12823
8103 6666
8103 13255
8103 3634
8103 11885
8103 9928
8103 8103
8103 12166
8103 6301
8103 2625
8103 1090
8103 4692
8103 3901
37021 1149
37021 9057
37021 35416
37021 143
37021 10204
37021 37021
37021 2874
2162 6094
2162 6085
2162 2594
2162 8726
11317 4042
11317 1450
11317 3969
11317 4194
11317 11317
3996 13197
3996 12484
3996 1107
3996 12969
3996 12690
3996 3349
3996 6152
3996 2874
3996 12888
3996 935
3996 2841
3996 12905
3996 6822
3996 10898
3996 10076
3996 750
3996 3711
3996 1528
3996 12828
3996 13277
3996 3996
13277 935
13277 13277
13277 3503
13277 11552
11081 1004
11081 360
11081 4961
11081 12870
11081 3969
11081 6976
11081 12484
11081 9300
11081 12770
11081 13157
11081 12767
11081 2530
11081 972
11081 3641
11081 763
11081 406
11081 121
11081 12643
11081 13244
11081 13213
11081 11081
11081 10862
13196 11318
13196 4312
13196 3684
2312 2312
10774 10774
10774 1353
10774 6976
13197 13197
12758 6794
12758 7311
930 8441
3324 4078
3324 7979
13070 2310
13070 8799
13070 1222
13070 6976
13070 13070
13070 11332
13070 9840
13070 1847
13070 763
13070 4231
13070 2841
12921 2000
6466 11318
6466 5442
6466 6466
6466 2000
1056 1056
1056 9417
1056 7410
1056 7456
12357 12357
12886 9072
12886 12886
180 180
4910 121
4910 35833
2625 6666
2625 4183
2625 3711
2625 3634
2625 4707
2625 1106
2625 12166
3901 2083
3901 12823
3901 4183
3901 360
3901 1353
3901 2926
3901 8032
3901 6666
3901 2039
3901 7867
3901 4692
3901 3901
3901 7776
6259 3272
2095 8726
9024 8047
9024 9024
9666 9666
9666 12301
7655 2672
7655 13050
7655 7655
12914 2490
3121 6976
12566 4231
12566 12566
13245 6094
13245 13245
1116 8032
1947 10076
6521 1384
6521 4692
6521 763
6521 12532
6521 2807
1202 1353
1202 1407
1202 1202
13230 1355
7399 6822
7399 10076
10811 12681
10811 6243
10811 1837
10811 13099
10811 12875
5309 4333
5309 5309
5309 2330
4087 6094
4087 5199
4087 1448
4087 11318
12176 6094
12176 12817
12176 8725
12176 78
12176 1464
12176 451
12176 4872
12176 532
12690 12690
12690 10541
2481 12706
2481 12252
2481 2481
4782 35416
3238 12664
4720 3811
3272 12664
3272 1407
3272 1179
3272 1125
3272 4149
3272 6214
3272 19475
3272 4231
3272 13129
3272 35575
3272 10867
3272 3272
3272 3711
3272 4923
3272 12804
3272 1149
12676 3948
12676 12679
12676 12676
12676 7867
12676 763
2480 1847
2480 8008
2480 1688
12709 5081
4262 13072
4262 1176
4262 1353
4262 2926
4262 4262
4262 2273
1171 385
1464 2273
1464 431
1464 12107
1464 2024
1464 4747
1464 10898
1464 6094
1464 1464
1464 8441
1464 14726
1464 13242
1464 13292
1464 1079
1464 6953
1464 3106
9187 9187
9187 1450
3106 51
3106 5199
3106 1179
3106 4580
3106 2273
3106 4054
3106 2290
3106 2784
3106 35416
3106 1450
3106 3106
3106 12082
3106 1729
3106 12466
3106 4042
3106 425
3106 9564
3106 6094
3106 7458
12653 121
12653 78
12653 9928
12653 12653
12653 4054
13033 1149
13033 2874
13072 778
13072 6794
13072 3005
13072 2273
13072 1106
13072 6153
13072 2530
321 4231
321 12860
12445 10503
10299 454
10299 10299
10299 7294
10299 7206
10299 2530
10299 6794
13199 13199
13199 3684
1198 9928
4923 1450
4923 4923
4923 1044
4923 11640
3040 10251
3040 6976
3040 9068
3040 3040
2233 7314
2233 11059
2233 3621
2233 12947
2233 2841
2233 12301
2233 3684
2233 12807
2233 6094
2233 7967
2233 10744
2233 2233
2233 10928
10368 10828
2943 2530
10059 10059
12683 1131
12683 3684
2039 2841
2039 8811
2039 6023
2039 10898
12780 1407
8248 10095
3969 6794
3969 4354
3969 3969
3969 12978
3969 8430
3969 6023
3969 1345
2356 9417
2356 8032
2356 2356
2356 9871
2356 1648
2356 5259
12980 1847
12980 972
12980 11054
12980 9840
12980 3005
12980 11552
12980 12980
13093 13093
13093 12664
13093 1131
13093 2954
13093 763
4312 19475
4312 4312
4312 5029
4312 2290
5081 3545
5081 2841
5081 12617
5081 4149
5081 4231
5081 12202
5081 12310
5081 5259
5081 5081
11054 11054
11054 10898
11054 5229
11054 7458
10946 1459
10946 3684
8811 4231
8811 1799
8811 2841
8811 12956
8811 8811
8811 4144
630 7165
1197 12424
1197 1645
1197 2784
1121 10503
8441 2083
8441 5730
8441 398
8441 3757
8441 1384
8441 532
8441 4167
8441 8441
8441 12832
8441 5744
8441 2024
12662 12662
7456 8131
12966 935
12966 10898
5784 1131
5784 1061
5784 12807
10744 10928
12947 9716
2149 3811
2149 6871
8131 7967
8131 1688
5200 5200
5200 8008
5200 11771
3349 2083
473 7460
473 473
473 10076
8008 5017
8008 9716
8008 3684
8008 12807
8008 7967
8008 8008
8008 12767
8008 11016
8008 7458
8008 10898
8008 12875
8008 3659
8008 1149
8008 6415
8008 10461
8008 13038
8008 8338
8008 12260
13242 6518
13242 5267
730 730
730 3569
3233 4428
3233 10076
1898 1898
454 6085
454 1441
454 454
454 11618
454 3676
454 3684
454 12888
454 9962
454 1149
12905 12905
12905 7458
1645 3680
1645 6503
1645 6822
5482 5482
12807 121
12807 2954
12807 4354
12807 3401
12807 2530
12807 3684
12807 12807
7294 12669
7294 11286
7294 406
7294 8799
7294 7294
9564 2273
9564 9564
9564 942
12964 12964
12964 12301
12931 4042
12931 12931
12931 8032
12931 12932
12664 11059
12664 4678
12664 12664
12664 6701
12664 12617
12664 3684
12664 8799
4542 2530
20038 1004
20038 3635
20038 370
20038 2290
20038 6121
20038 6518
20038 5744
20038 20038
20038 11928
20038 19475
12998 10111
12998 8594
11786 11417
11786 12252
11786 10458
11786 5015
11786 13238
11786 4428
11786 11786
11786 19475
11786 1149
1320 9317
1320 346
1320 4245
13150 13154
13150 1353
13150 3485
13150 10076
13189 1004
13189 13189
12107 1992
12107 6013
12107 5286
12107 2290
12107 1384
12107 532
12107 2349
12107 121
12107 13244
12107 12832
12107 10541
12107 66
12107 4692
12107 12107
3948 1441
3948 1168
3948 8799
3948 3621
3948 3948
3948 12669
3948 4354
3948 1004
3948 1648
3948 12721
3948 1459
3948 7458
3948 1355
12669 12669
12669 2954
12669 2290
12669 3032
12669 8381
12669 1176
12669 8799
35575 5744
35575 5901
35575 78
1355 121
1355 1355
1355 8799
1355 7311
12646 12643
12646 763
11361 12409
6301 6301
6301 4183
6301 8032
13058 3684
12858 51
12858 12858
12858 6153
12858 6761
12858 10266
12858 35840
12577 121
12577 12577
12577 1993
35840 12610
35840 12424
35840 10266
8899 1407
10814 10814
10814 1450
3874 1450
3874 13132
3874 8032
3874 3874
3874 317
12801 1407
4790 2083
4790 4790
4790 6856
4790 2
4790 1
4790 4149
4790 12730
4790 3485
4790 10076
4790 4144
4790 370
4790 1149
9444 9444
3755 5656
3755 3755
9072 10898
9072 11885
9072 6976
9072 12082
9072 385
9072 14726
9072 9072
9072 22
9072 19475
9072 3615
9072 12435
1125 1125
1125 4149
1125 431
1125 12252
1125 8338
1478 13211
1478 12719
1478 12769
1478 12843
1478 13087
1478 7703
1478 2841
1478 406
1478 1478
5542 4231
5542 2672
5542 6761
5542 12484
12532 10503
12532 2530
4246 12988
4246 10266
4246 2530
4246 98
4246 763
142 5550
8699 8699
8699 6460
8699 908
8699 6976
8699 13107
11417 1149
11417 12706
5583 11108
5583 3811
5583 1459
5583 78
5583 10898
2642 934
2642 942
2784 35357
2784 2926
2784 2784
7093 2926
7093 1096
8923 3641
12769 11176
12928 12928
12928 5810
344 3676
344 12617
10458 2273
10458 431
10458 5849
10458 10458
10458 1149
13050 1847
13050 13055
13050 13050
13050 10503
13050 36687
5750 6094
5750 175
5750 935
12902 1407
6031 12337
750 750
750 1021
9154 12301
13035 121
11100 12301
13102 4231
13102 3992
6206 1345
5572 7936
5572 5572
12937 12927
4078 4078
4078 6153
4078 3503
386 2290
386 386
4747 6094
4747 1079
4747 4747
12868 2083
12757 1985
12757 4144
2083 2083
2083 12897
2083 12978
2083 7458
2083 1107
2083 8932
2083 12992
2083 317
2083 2841
2083 12785
2083 12800
2083 10898
2083 532
2083 10076
2083 3711
2083 2874
2083 3485
2083 1149
6770 6770
6770 532
6770 2508
766 1847
766 5199
766 8799
766 766
12420 1161
12420 6153
12420 2874
8381 6094
8381 12841
8381 12409
8381 8381
8381 1916
250 11846
250 12301
431 7031
431 3545
431 2290
431 12312
431 12719
431 1651
431 2
431 12484
431 1826
431 431
431 5015
431 1149
431 2874
431 12778
1246 1353
1246 13238
9317 9960
9317 6753
12993 12927
12993 12993
12993 3684
1837 8430
1837 10265
1837 3983
1837 1837
1837 78
5712 11716
5712 13119
5712 5712
5712 6794
5712 3684
6363 934
13160 13158
13160 2874
13160 10076
12534 2097
1729 4231
1729 1729
1729 1004
1729 8680
1729 2290
1729 2024
1729 2874
3027 8430
12410 12714
12410 11552
4423 11318
4423 4423
1703 66
1703 11059
425 4494
425 1528
425 6027
12763 12759
12832 2874
12832 1073
979 12301
4003 12875
5656 10503
5656 12383
2819 10461
51 4231
51 2273
51 943
4594 4594
4594 10819
12081 406
12081 12081
2926 2273
2926 935
2926 2841
2926 1106
2926 2926
2926 3684
2926 5287
2926 3711
2926 12767
2926 2508
2926 1149
2926 12823
2381 4231
2381 4653
12409 12409
5017 2000
5017 12978
5017 5017
5849 1149
9068 9068
11318 2672
11318 11318
1131 1179
1131 1168
1131 1131
1131 1149
1131 3401
1131 2389
13244 121
13244 13244
13244 763
1528 1528
13213 317
13213 1985
13213 78
13213 763
13213 2874
13213 406
3959 121
13099 13099
13099 763
13099 1840
5015 5015
5015 398
5015 12706
5015 1384
5015 12965
5015 1149
12021 121
12710 12714
12710 8799
12710 12710
934 2273
934 934
934 10898
934 3684
934 8719
934 14726
934 1044
972 972
972 12617
972 12703
972 1737
972 8799
972 1044
3503 10670
3503 4170
3503 3503
3503 11552
3503 6976
3503 11059
3503 1688
3503 1916
3503 19475
3503 3684
3503 11016
3503 2024
3503 1149
3569 2530
3569 3569
10503 7936
10503 7869
10503 11618
10503 3684
10503 3711
10503 2874
10503 13089
10503 12772
10503 2530
10503 1149
12901 1407
11640 12965
5420 5420
13157 406
4494 3811
4494 4653
4494 2874
4494 11056
12721 5810
12721 12721
12721 3684
4821 4231
12890 35833
3680 12484
3680 3214
3680 3684
3193 1407
8032 13238
8032 8032
8032 14447
8032 6666
8032 317
8032 10819
8032 2841
8032 3634
8032 4239
8032 9928
8032 4676
8032 4042
1826 8680
1826 2874
121 2672
121 1353
121 12484
121 1688
121 12953
121 12310
121 6153
121 19475
121 7193
121 1657
121 2841
121 12610
121 5744
121 756
121 2874
121 532
121 2273
121 11286
121 13014
121 4144
121 3641
121 3621
121 12785
121 8726
121 11504
121 1149
121 121
121 14726
14726 6085
14726 14726
14726 6153
14726 3684
12383 1004
12383 12383
12435 11885
12435 763
4961 317
4961 12260
4961 12823
4614 12640
4614 4231
4614 35416
4614 4614
4614 10266
4614 763
12965 1004
12965 12965
12965 3684
12939 11926
802 2290
802 406
10828 2273
7222 3811
5516 1877
5516 5516
5516 3485
5516 10076
5516 8726
1222 5450
1222 8418
1222 6976
1222 12843
1222 1222
343 3684
7867 13238
412 5744
412 412
11716 11016
11716 3684
11716 12875
12310 1651
12310 13054
12310 7193
12310 9928
12310 10194
12310 12310
12310 1993
2954 7936
2954 36108
2954 5701
2954 11727
2954 10076
2954 10928
2954 1969
2954 2954
2181 2181
2181 1353
2181 360
1448 1448
1448 3826
12719 9756
3214 3214
3214 12929
3214 10266
3684 10306
3684 3983
3684 6976
3684 11059
3684 3811
3684 7967
3684 1407
3684 763
3684 12839
3684 10898
3684 6094
3684 7458
3684 7869
3684 9417
3684 3005
3684 9716
3684 6647
3684 3684
3684 143
3684 3621
3684 6753
3684 11016
3684 2530
3684 66
3684 12681
3684 4162
3684 12875
3684 1916
3684 8866
3684 7335
3684 3711
3684 1450
3684 7206
3684 13053
3684 12843
5587 2530
5587 3502
12640 12640
12770 12770
12770 1
9310 9716
2389 6153
2389 4354
2389 2024
4872 5744
2530 12823
2530 1353
2530 78
2530 4653
2530 9514
2530 1044
2530 4231
2530 6794
2530 6701
2530 13255
2530 9552
2530 2377
2530 10266
2530 1459
2530 11395
2530 12301
2530 5513
2530 1
2530 1450
2530 3
2530 12772
2530 11016
2530 2530
2530 12839
2530 3811
2530 3711
2530 2841
11846 9928
5701 6094
5701 3641
5701 5701
5701 1840
5701 2386
3923 13156
3634 6666
3634 10269
3634 3634
3634 9928
3634 4676
3634 13238
3634 4042
3634 6023
11885 11002
11885 3005
11885 1106
11885 11885
11885 7311
12875 143
6121 6121
6121 6518
6121 4144
6121 2024
6121 2874
4701 3811
451 7031
451 7776
451 2330
451 8799
451 4692
9716 1916
9716 7330
9716 9716
398 4231
398 1450
398 22
398 317
398 398
398 1384
398 2874
3983 10898
3983 4692
3983 19475
1106 1106
1106 1353
1106 6953
1966 8457
11504 78
11504 11504
14447 317
14447 360
14447 1353
14447 1916
14447 11300
14447 14447
14447 12547
4144 8680
4144 12617
4144 4745
4144 12484
4144 1107
4144 12325
4144 4144
4144 1992
4144 1231
4144 6822
4144 1851
2089 12312
2089 2089
12888 66
778 1149
12312 2290
3457 11618
7521 2000
7521 7521
7521 3005
10076 4054
10076 5744
10076 12884
10076 2841
10076 12800
10076 6822
10076 10076
10076 1004
10076 9035
10076 4008
10076 4428
10076 4692
10076 13158
10076 1992
10076 78
10076 7460
10076 2900
10076 1107
10076 3485
10076 7311
10076 2874
10076 12992
10076 8726
10076 9871
10076 12730
10076 13154
10076 5259
9035 9035
9035 2874
57583 6085
973 2841
11059 11059
11059 6269
11059 1593
11059 6753
11059 11016
11059 935
11059 3615
11059 25
11059 532
11059 1916
11059 1149
11059 6153
7936 6094
7936 7936
7936 3621
7936 2273
7936 8201
2807 12234
2807 2841
2807 2807
2807 935
2807 1450
2807 12803
2807 12337
2807 4692
2807 13191
13158 4428
13158 13158
1079 6094
1079 12976
1079 1079
12252 828
12252 5744
12252 1046
7703 1847
7703 7703
7703 8799
2035 13193
12830 4231
12830 4428
12830 12830
12730 1939
12730 12730
6992 5938
3897 13185
35833 12204
12815 9645
12815 4231
11928 6518
11928 19475
12260 10928
12260 6976
12260 10007
12260 317
7248 1044
7248 7248
1992 828
1992 2874
1992 10541
1992 1353
9962 9962
9962 6153
2841 8680
2841 2672
2841 1353
2841 78
2841 3811
2841 49
2841 9960
2841 2841
2841 10819
2841 4008
2841 12738
2841 2273
2841 9417
2841 5513
2841 1
2841 3621
2841 12202
2841 2628
2841 1474
2841 402
2841 9928
2841 10862
4042 12617
4042 12728
4042 6976
4042 828
4042 1044
4042 317
4042 4239
4042 4042
4042 2164
927 3992
12264 1004
2273 9417
2273 1450
2273 6153
2273 1176
2273 6794
2273 11108
2273 5901
2273 1004
3635 1450
3635 3898
3635 7307
3635 3635
2290 8680
2290 5101
2290 12847
2290 5744
2290 2290
2290 6822
2290 11765
2290 1149
2290 8726
2290 2024
3641 3641
3641 4008
3641 12336
3641 7311
1073 3615
1073 1073
1073 4245
2008 1148
12468 2874
2938 6249
2938 1149
1345 11108
1345 6094
1345 9417
1345 1441
1345 1956
1345 1916
1345 2497
1345 12573
1345 7193
763 6269
763 7967
763 12870
763 10537
763 12679
763 10266
763 406
763 12643
763 4692
763 3811
763 13016
763 3898
763 4234
8264 2349
6503 302
6503 346
6503 10007
1148 1148
1148 1176
1148 1851
1148 1353
1148 4692
1148 1149
13129 3711
1168 1168
1168 1441
3898 4408
1149 2672
1149 2669
1149 4333
1149 12681
1149 1044
1149 6794
1149 2874
1149 8725
1149 3545
1149 9417
1149 3005
1149 12799
1149 7460
1149 10670
1149 6666
1149 828
1149 3485
1149 935
1149 3315
1149 468
1149 13270
1149 6761
1149 11771
1149 6153
1149 1149
1407 1407
1407 1980
1407 12337
1407 6871
1407 10095
1407 6094
1407 3161
1179 12617
1179 78
6871 1450
6871 828
6871 6153
6871 9352
6871 4696
5744 1004
5744 10898
5744 5744
5744 11926
5744 4234
5744 2874
8799 5199
8799 11727
8799 19475
8799 8799
8799 7311
8799 7458
8799 9552
8799 98
12234 3032
9960 2874
5714 33841
10898 6269
10898 3992
10898 10537
10898 3
10898 11016
10898 5229
10898 385
10898 10898
10898 3659
10898 1916
10898 935
10095 10306
10095 7311
10095 10095
6094 1441
6094 11727
6094 12747
6094 10461
6094 828
6094 6205
6094 8047
6094 6094
6094 11378
6094 12823
7460 5101
7460 7460
7460 12484
3199 4800
3199 5513
3199 3199
5938 78
1799 12860
3005 3005
3005 2349
3005 6666
3005 49
3005 3
360 360
360 9928
360 12791
360 6666
360 13014
5734 10837
10537 10537
10537 10758
10537 346
1 4231
1 12129
1 1353
1 4707
1 5901
1 1
1 3485
1 5513
10231 10231
10231 13175
1593 13297
3315 3315
4556 1044
8938 12703
8938 12487
8938 8725
13087 9545
13087 5831
6761 4231
6761 12799
6761 12484
6761 4008
6761 6153
6761 6761
6761 10266
6761 1446
12336 12336
12336 2874
12487 4167
13014 13014
13014 9928
13132 6986
78 78
78 11714
78 2811
78 1450
78 49
78 13238
78 7458
78 12712
78 12301
78 3711
78 11286
78 1090
78 4692
78 11303
12484 4231
12484 11176
12484 5101
12484 9928
12484 8726
12484 12484
12484 6153
12484 3711
35416 12679
35416 12610
35416 12424
35416 13220
35416 3811
35416 35416
35416 1985
35416 3615
2497 9928
7967 6085
7967 7967
7967 12337
7967 11771
12786 12786
12418 12337
935 1847
935 143
935 12337
935 2377
935 1459
935 4692
12839 12839
2377 1353
2377 2672
2377 2377
2377 2874
11056 4231
11056 11056
1021 1459
1441 10758
1441 4354
1441 1969
1441 1648
1441 10306
1384 6518
1384 6976
1384 12235
1384 2490
3032 3032
143 3960
143 11771
143 12803
143 7335
143 12337
143 2874
7307 10251
4194 4231
4194 9928
4194 12962
4194 4194
12823 36108
12823 1353
12823 1450
12823 12301
12823 12823
10206 11552
4170 5513
4170 4170
402 1353
402 9928
402 1090
6518 6518
6518 11016
13270 19475
10819 10819
10819 1840
10819 6794
10819 49
1841 12976
13061 13061
32 12129
13151 19475
33841 1985
33841 8726
6214 4008
4140 12424
4696 9871
4696 317
3992 3992
12692 36108
12692 7410
12166 310
12166 10072
12166 4692
12812 11552
1004 6096
1004 11727
1004 6085
1004 3621
1004 13075
1004 12643
1004 1004
1004 11618
1648 1648
12767 4231
12767 1450
12804 1450
12804 12804
12897 12897
12897 10266
1061 1061
1061 11727
13038 13038
13038 3401
2900 2900
3757 3609
3757 3757
1939 1939
1939 4707
9347 10943
9347 9552
12337 1450
12337 12337
6023 9928
6023 1353
6023 6023
6023 4676
8379 8379
3502 1353
3502 19475
3502 11300
11176 11176
12800 12800
460 4428
3928 3928
8680 8680
8680 4149
8680 2874
10758 6666
10758 1450
10758 5229
6269 35357
6269 385
6269 6269
6269 98
6269 12660
1688 1688
2000 6794
2000 2672
2000 2000
2000 12976
2000 5810
2000 11618
2000 6085
2000 13075
2000 1450
2000 12681
2000 5450
2000 10007
6153 11765
6153 6153
6153 11108
6153 6856
6153 10054
6153 3711
19475 19475
19475 2874
13276 13276
303 4692
13235 3365
62165 62165
62165 1353
2024 2024
2024 4333
2024 11926
13220 2874
1737 3401
1353 2811
1353 1353
1353 3811
1353 12791
1353 11300
1353 1450
1353 10862
1353 7776
1353 12843
13175 13175
13175 11771
13107 406
13107 13107
8991 3811
8991 3675
8991 8991
5101 4745
10461 9417
10461 5810
2362 1916
5550 5550
5550 10266
5550 703
7311 1847
7311 1450
7311 7311
7311 11286
7311 4678
7311 12838
7410 7410
7410 2874
317 8434
317 317
317 12738
317 13218
317 6953
317 1446
317 6205
317 9928
317 1090
1446 5069
8726 4333
8726 8726
1840 1840
6666 9928
6666 11395
756 10862
2490 4008
6986 532
3377 9928
3377 4054
10306 532
12791 12791
4676 9928
3811 3811
3811 6085
3811 13255
3811 4354
3811 35357
3811 2874
7335 7335
11682 12847
11395 11395
11395 66
11108 11108
11108 12424
11108 12301
11108 12738
3960 11771
3960 3960
4002 9871
4002 12617
6822 2874
11645 6085
10266 4231
10266 1916
10266 1450
10266 10266
10266 66
10266 22
11300 11300
11300 10862
4800 4800
5513 5513
5513 11016
6753 12643
6753 11552
12204 5831
4333 4333
3676 13113
2627 3659
10837 10837
8250 8250
12728 828
12728 12728
468 468
468 4008
12681 12681
12681 3659
2622 2622
385 385
5286 2349
6856 1450
6856 9417
3659 175
3659 3659
13001 9928
13001 13001
5287 5287
5199 5199
5199 12841
11936 11936
1877 3485
11618 11618
11618 12978
11618 13113
828 1930
828 828
6205 6205
6205 4707
6953 6953
12695 12695
3711 6976
3711 942
3711 4231
3711 3711
3711 6107
11721 10670
12772 12772
848 848
2672 9417
2672 2672
2672 49
2672 1916
2672 6794
2672 5901
12976 1916
12976 6794
12976 1176
12976 12976
12976 5442
12860 4231
4428 5259
4428 4428
10111 9871
12953 1916
12953 2874
703 703
703 12617
1044 1044
1044 1450
3615 2874
7458 1847
7458 7458
4231 2811
4231 6976
4231 4653
4231 12962
4231 4231
4231 12301
4231 379
4231 4149
4231 1450
4231 12573
4231 13089
4231 13251
11332 11286
5069 6976
11286 1450
1985 1985
1985 66
1783 1783
7341 1090
12617 12617
12617 469
12617 1450
10867 10867
12978 6151
12978 12978
12978 5442
13292 1916
13292 13292
12573 12573
13280 1916
11771 9417
11771 11771
9928 580
9928 13238
9928 9928
1916 12424
1851 2628
13154 13154
5259 5259
5259 6107
10862 2811
10862 3621
10862 49
10862 10862
13136 2386
956 4692
4745 2349
12104 12104
4653 4653
4653 12301
12644 1459
8201 2386
5901 5901
5901 13075
2811 49
8338 8338
8338 1450
2383 1930
1123 7776
4692 13053
4692 2669
4692 4692
4183 9417
5810 6085
5810 5810
6658 9417
1450 9417
1450 8725
1450 4354
1450 6646
1450 12301
1450 1450
1450 10251
1450 10269
98 98
4707 4707
2097 36108
5831 406
406 406
36108 36108
6976 6976
6976 8434
6976 12301
1459 1459
3545 9417
3545 3545
9417 9417
9417 1956
11714 11714
13156 13156
1107 1107
11926 3621
13053 13053
6152 6794
6152 6152
1993 10269
5304 13055
12424 12424
2386 3401
2386 2386
12884 4008
13251 13251
5442 13255
4398 4398
13238 6646
13238 2874
4354 4354
943 943
4008 4008
4008 12395
733 733
7031 7031
6646 1090
12870 12870
3485 3485
2628 2628
11016 11016
2874 5267
2874 2874
3621 6794
3621 3621
12643 12643
10265 10265
1090 1090
12843 12843
11303 11303
13113 13113
49 49
9514 9514
12082 12082
3401 3401
4500 66
12610 12610
11552 11552
66 66
66 12301
9793 9793
12301 12301
4149 4149
9871 9871
1176 1176
6085 6085
6085 6400
10007 10007
