19024 12705
5903 1946
5903 1131
5903 19473
5903 16939
11670 3544
10898 13265
10898 19368
10898 17581
10898 7460
10898 18060
10898 8621
10898 2290
10898 10898
10898 2533
10898 5101
19533 15629
19595 121
19595 2821
19595 4721
19595 19595
2146 14447
6206 1657
6206 4304
18349 6101
18349 35575
16326 1540
17457 2192
17457 12664
17457 7193
17457 19373
17457 6542
17457 8050
2906 6094
2906 2666
2906 7399
2906 10610
10366 437
10366 360
10366 19264
10366 1199
10366 1826
10366 17462
3380 19137
2554 848
2554 10090
2554 1441
2554 1061
2554 3676
2554 17902
2554 12978
2554 11142
2554 2000
2554 2060
2554 6827
2554 8176
2554 14497
2554 6101
2554 18573
2554 45
2554 763
2554 19550
2554 7206
2554 3948
2554 4002
2554 16722
2554 1840
2554 10583
2554 35357
2554 19018
2554 8212
2554 14579
2554 14913
2554 18632
2554 7313
2554 2554
2055 11143
5723 4528
622 13552
2555 6101
6430 7399
2384 6214
2384 14102
2384 12418
2384 11134
2384 4053
2384 13741
2384 7934
2384 955
2384 1450
2384 437
2384 18583
2384 5429
2384 6154
2384 2384
2384 11072
2384 18447
2384 19166
2384 454
2384 12336
2384 4677
2384 19624
2384 1358
2384 6094
2384 4008
2384 391
2384 9550
2384 5495
2384 4794
11142 11100
11142 6035
11142 6154
11142 18540
11142 18693
11142 9300
11142 17988
11142 19515
11142 18496
11142 2051
11142 18108
11142 935
11142 19164
11142 2841
11142 19263
11142 2349
11142 19330
11142 19530
11142 18376
11142 15517
11142 20038
11142 3684
11142 11142
11142 19115
11142 1450
11142 19426
11142 19639
11142 1345
11142 2530
11142 7410
11142 19611
11142 1463
11142 3993
11142 2290
11142 16321
11142 19480
11142 19399
11142 13809
11142 19290
11142 15516
11142 19033
11142 19130
11142 12688
11142 6976
11142 26801
11142 353
11142 5309
11142 19063
11142 9534
11142 8435
11142 1826
11142 17051
11142 1335
11142 15629
11142 17332
11142 19138
11142 9025
11142 4677
11142 6094
11142 18573
11142 16007
11142 19075
11142 15934
11142 3332
11142 10446
11142 13650
11142 17547
11142 4111
11142 19558
11142 19177
11142 11863
11142 19434
11142 18494
11142 13921
11142 17671
11142 19264
11142 45
11142 4054
11142 13992
11142 13027
11142 19137
11142 12705
11142 1050
11142 2363
11142 1056
11142 9072
11142 11765
11142 10194
11142 19015
11142 1650
11142 5413
11142 19368
11142 19612
11142 2819
11142 7644
11142 11901
19538 290
19538 1450
19538 19538
19462 1121
6355 5587
9825 35357
9825 9825
9825 2841
5034 13992
5034 5034
5034 13809
19503 1004
19503 7378
19503 1061
19503 19503
19503 6101
19503 19520
10217 6647
10217 2672
10217 2532
10217 1465
10217 18571
10217 18949
10217 10217
10217 6085
10217 14915
10217 6666
10217 2000
10217 49
10217 1176
10217 1946
10217 18632
10217 18944
10217 18943
18546 13972
5735 19184
17600 121
17600 5583
17600 17600
17600 12481
19582 13972
19582 19582
18894 19063
18894 14830
18894 18050
18894 18060
18894 3324
18894 18894
12481 934
12481 1478
12481 3324
12481 3684
12481 8008
12481 1492
12481 6506
12481 11016
12481 19327
12481 935
12481 10300
12481 18957
12481 454
12481 4720
12481 1047
12481 3206
12481 8212
12481 6101
12481 12705
12481 9025
12481 12481
12481 6794
6316 6094
6316 1004
6316 6316
6316 6101
6316 5922
6316 1131
8494 4040
336 5371
336 3465
19617 613
19617 703
424 6666
424 1441
424 424
8843 3902
8843 19045
8843 10909
417 1245
1508 7460
1508 2011
1508 1465
353 9534
353 353
353 18964
353 1465
916 2837
916 18183
916 6818
916 5328
947 19111
947 16857
947 1050
1335 1650
1335 317
1335 19335
1335 18999
1335 18949
1335 121
1335 1446
1335 12952
1335 10333
1335 2481
1335 6953
1335 2819
1532 35357
1532 14493
1532 19090
1532 9072
1532 3106
1532 14579
1532 1131
1532 1532
1532 955
1532 4760
1532 4177
16722 848
16722 763
7411 2985
7411 1345
10446 7031
10446 19541
10446 78
10446 6976
10446 18494
10446 2763
10446 8430
10446 3
10446 3684
10446 66
10446 703
10446 2530
10446 766
10446 15629
10446 4118
10446 3948
10446 1306
10446 11072
10446 297
10446 9025
10446 19077
10446 19152
10446 3272
10446 6360
10446 19132
10446 19516
10446 10446
10446 17980
3958 4351
3958 3958
3958 406
3958 12757
16684 6794
4661 10265
4661 19399
6818 6936
6818 7031
6818 6818
6818 9581
6818 1266
6818 11146
6818 2641
6818 4428
6818 430
6818 14379
6818 6628
6818 3992
6818 703
6818 12336
6818 14579
3473 3995
3473 4528
3473 11540
3473 1763
3473 1540
17644 17913
4362 19378
4362 2203
4362 1441
4362 3465
4362 19335
4362 1131
4362 45
4362 13809
4362 5701
19296 4144
12170 1047
18662 18465
18662 2246
9022 12400
9022 19129
9022 9022
9022 19611
14167 14830
14167 18744
14167 19949
14167 5375
14167 3324
14167 4351
14167 10605
14167 733
14167 3502
14167 5094
14167 1993
14167 14167
15620 454
15620 15620
13027 10290
13027 10503
13027 4767
4128 4790
4128 37021
4128 4128
19182 19149
2467 83
14744 19206
7725 1847
7725 1450
7725 3409
17588 2874
3409 1847
3409 18969
3409 7252
3409 6976
3409 8733
3409 6094
3409 8430
3409 3409
3409 15837
3409 2264
3409 2284
3409 19050
8670 10903
8670 18031
10030 3206
10030 8430
10030 5091
10030 10030
10030 6154
10030 970
10030 15837
10030 19077
10030 6360
582 66
582 4659
582 3544
19370 19370
19370 2622
19044 18943
13992 5575
13992 11100
13992 4528
13992 8176
13992 19300
13992 17361
13992 13992
13992 4953
13992 13809
13223 17547
12357 2000
12357 4129
12357 6342
12357 11143
3521 4333
3521 19576
3521 391
3521 10076
3521 3525
3521 6949
3521 66
3521 12336
3521 16046
19027 416
4753 18995
19317 6094
19317 4542
16002 6269
16002 2530
16002 35416
16002 16002
12482 12482
12482 14379
12482 6651
19243 8430
7378 3077
7378 6269
7378 7095
7378 17261
7378 613
7378 7378
7378 6753
7378 17361
7378 1050
7378 763
7378 18560
7378 10909
7378 14214
36285 15629
36285 4231
36285 18183
36285 2081
36285 6646
36285 4659
36285 2024
36285 460
36285 17308
36285 10076
36285 750
36285 13265
36285 12166
36285 11682
36285 18060
36285 1528
36285 3485
36285 4794
44243 11409
44243 44243
44243 1465
4232 18060
4232 12106
4232 10941
8621 3537
8621 11765
5098 15735
5098 2480
5098 18583
17764 3635
17764 45
17764 8212
17764 17764
5659 19184
5659 4144
1680 19368
1680 3684
3502 7031
3502 75
3502 11054
3502 360
3502 1985
3502 184
3502 3502
3502 4262
3502 13809
3502 2841
19379 613
19379 9253
19379 18406
19379 19379
19379 12383
19359 6043
4760 6666
4760 17812
19003 1703
19458 3684
19458 1050
19458 9072
4106 1847
18228 19438
18228 4923
18977 12082
18977 3402
18977 3462
14756 4144
14756 10076
14756 14756
6342 5901
6342 7507
6342 454
6342 37691
6342 5442
6342 3206
6342 2604
6342 4177
4763 17653
19550 14037
19550 1044
19550 406
19550 19550
9776 9246
9776 35416
7460 404
7460 6382
7460 7460
7460 5328
7460 4054
7460 3537
7460 19092
7460 6506
7460 2874
7460 3261
7460 19175
7460 14385
7460 19436
7460 14830
7460 460
7460 11765
7460 391
7460 2833
7460 5100
7460 14809
7460 2819
1386 19363
4832 18086
4832 6101
4832 13552
4832 12978
18648 121
18648 12858
18648 17036
3993 6153
3993 37691
3993 2926
3993 4721
3993 13921
3993 10909
3993 19493
3993 19365
3993 1176
3993 8435
3993 19004
3993 19054
3993 12418
3993 12106
3993 6348
3993 3993
3993 121
3993 14493
3993 11632
3993 18943
3993 13403
3993 14735
3993 12705
3993 13650
3993 9645
3993 13809
6043 6836
6043 18447
6043 9072
6043 1131
6043 3402
6043 6043
6043 3206
6043 6094
6043 15735
6043 14726
6043 13403
6043 19588
6043 12498
6043 10811
919 391
16546 18540
16546 16546
6950 13351
6950 15629
6950 344
6950 5309
6950 6382
6950 3272
6950 6950
6950 19452
6950 15630
6950 5756
6950 3684
19290 454
19290 11716
19290 14497
19290 6101
3859 7743
3859 6794
3859 6085
3859 6647
3859 4137
3859 4177
3859 7206
3859 2000
3859 6942
3859 3859
3859 12705
3859 5442
2623 66
2623 4231
2623 19077
4794 19048
238 13650
19051 1650
19051 11028
19051 4304
14740 824
14740 14939
14740 2763
14740 4987
18181 19229
18181 19254
11061 6506
11061 11061
11061 9072
11061 1384
11061 19145
2106 2837
2106 15735
2106 703
703 7031
703 4231
703 9581
703 3509
703 2147
703 16792
703 8176
703 66
703 703
703 19025
703 1409
4133 35357
17332 8430
17332 19029
17332 1946
17332 17332
17332 13650
9645 9645
9645 4721
19441 6101
9317 10059
9317 4800
9317 9072
9317 3503
9317 11928
9317 5756
9317 3324
9317 1125
9317 3902
9317 16989
9317 16729
9317 450
9317 5310
9317 2874
9317 12337
4304 2051
4304 19444
4304 4304
16571 16571
35833 19076
7710 935
7710 3324
2294 17518
2294 1266
7868 16131
19189 7743
19189 4721
19189 1441
19189 19189
19189 290
19189 450
19189 1840
19189 13809
8212 1245
8212 15478
8212 16044
8212 4566
8212 1106
8212 19177
8212 8508
8212 35416
8212 297
8212 143
8212 6545
8212 6269
8212 8799
8212 2530
8212 3635
8212 11054
8212 45
8212 18957
8212 11540
8212 8212
8212 3193
8212 14493
8212 11332
8212 3928
391 4231
391 8799
391 18512
391 3544
391 19001
391 11206
391 430
391 19276
391 5690
391 83
391 13265
391 19518
391 6101
391 19378
391 19077
391 5081
960 11100
19045 5743
19045 75
19045 12106
19045 2841
19045 18744
19045 19045
19045 17836
17547 6871
17547 18050
17547 17547
17547 2819
2348 7399
9253 13972
9253 18050
14579 1131
14579 1465
14579 613
14579 2926
14579 6976
14579 3684
14579 360
14579 1121
14579 13238
14579 3106
14579 78
2666 19088
9101 2819
8176 2985
8176 19368
8176 914
8176 15194
8176 13809
8176 2841
19264 6101
19264 12166
19524 6871
12705 18724
12705 3684
12705 19293
12705 3902
12705 18086
12705 6153
12705 1946
12705 18060
12705 2264
12705 13694
12705 4556
12705 5849
12705 19300
12705 18934
12705 18858
12705 19094
12705 3206
12705 4100
12705 35357
12705 1056
12705 16007
12705 6698
12705 6262
12705 12705
3465 6101
3465 3465
6768 45
19356 19334
19356 2622
987 987
987 14830
19419 121
19419 1131
19419 8008
19419 6753
19419 1409
5413 1465
13935 11206
4466 14447
16729 3324
8257 121
8257 1131
8257 19444
6651 12498
9919 824
19006 13809
19006 19006
7721 9928
7721 18744
3041 8549
3041 10909
3041 5900
3041 15934
3041 18583
18969 16809
18969 13809
1353 35357
4706 1946
4706 16989
4706 4706
4706 13809
4706 14497
3537 404
3537 431
3537 11926
3537 2290
43085 35840
797 121
797 14171
62253 4112
62253 3193
62253 763
62253 9072
3077 290
3077 3077
3077 6269
3077 15934
3077 66
3077 19076
3077 1131
3077 5177
3077 35416
14497 6035
14497 914
14497 3525
14497 6976
14497 18583
14497 19133
14497 18122
14497 18457
14497 317
14497 3544
14497 4002
14497 19224
14497 2349
14497 15194
14497 5743
14497 10481
14497 19206
14497 16639
14497 6101
14497 18974
14497 18632
14497 7827
14497 13809
6254 605
6254 519
11394 78
18108 18108
18108 6794
18108 1441
18108 6094
6460 1840
6460 6460
3759 18119
17734 6976
2615 4231
2615 1149
18910 18910
18910 1044
19000 297
19000 2841
19000 19000
9449 2312
9449 19088
9449 317
9449 1657
9449 6269
3891 2837
5801 19949
1392 6503
1392 19521
18960 13358
6827 78
6827 2926
6827 4048
6827 2841
2698 4953
2698 2874
18376 11825
18376 18376
18376 8914
586 1245
586 7341
586 2926
586 2841
586 586
586 12166
586 17267
586 10076
586 461
586 2349
586 11919
586 290
586 6871
586 2095
586 6262
18999 6205
4111 13809
2363 19619
2363 2192
2363 19145
2363 6545
2363 2363
2363 9025
2363 3402
2363 3206
17657 1131
17657 4758
4528 7341
4528 4721
4528 402
4528 1540
4528 18050
4528 2349
4528 4528
4528 5690
4528 11286
4528 15934
5310 5310
5310 6013
6481 297
6481 19048
6481 15887
8737 19592
8737 8737
15780 19444
15780 1106
4659 19598
4659 519
4953 6154
4953 11100
4953 4953
4953 19483
4953 14830
4953 6506
4953 2290
4953 10475
4953 18457
5690 17913
5690 3635
5690 1199
5690 2841
5690 1540
5690 19224
5690 402
5690 3995
5690 3193
5690 8032
5690 5690
5690 19378
5690 6666
5690 440
5690 1306
5690 10333
5690 1409
5690 2612
5690 14214
14442 18060
14442 8430
14442 11825
14442 6360
14442 14442
13284 1131
16751 9947
4767 10400
4767 10481
4767 4767
4767 9891
4767 8799
4767 2011
4767 1832
290 7341
290 4231
290 431
290 7193
290 1106
290 11863
290 2926
290 4745
290 18494
290 35416
290 1464
290 5309
290 1358
290 14214
290 7031
290 18814
290 2841
290 14830
290 9891
290 766
290 11640
290 15735
290 4622
290 18089
290 11286
290 290
290 12498
290 19050
290 9896
14913 18610
14913 2000
17780 121
17780 6871
17780 66
17780 2622
17780 17780
17780 19520
5860 14830
19534 15735
14653 17507
14653 4701
19083 19085
19083 19084
19083 1409
381 2672
18050 18998
18050 13972
18050 14102
18050 18050
18050 78
18050 8887
18050 16702
18050 19555
18050 1993
18050 6094
18050 18954
18050 2841
18050 15743
18050 4354
18050 19324
18050 6666
18050 4008
18050 19071
19415 9716
4053 7845
4053 19287
4053 18583
4053 14214
16702 6666
16702 19368
16702 3948
16702 13972
16702 1540
16702 613
16702 1345
16702 10350
16702 18934
16702 19633
4177 7341
4177 75
4177 2191
4177 15934
4177 2926
4177 9379
4177 4177
4177 2000
4177 19111
4177 18954
4177 14735
4177 6787
4177 733
4177 18060
4177 19498
4177 45
4177 16857
4177 19159
4177 778
4177 6794
4177 14008
4177 6862
4177 14726
4177 3206
4177 17822
4177 19015
4177 19512
4177 121
4177 4008
4177 451
4177 6262
4177 11286
4177 11143
4177 14915
4177 49
4177 11228
4177 8162
6451 2011
707 5045
19592 5784
39742 6506
39742 12757
39742 2841
39742 5101
39742 39742
19363 2968
6942 6794
6942 18128
6942 15814
6942 6942
6942 18879
11938 18334
19481 19481
19481 8430
19481 4923
6348 15735
6348 17988
6348 14385
6348 6348
3753 8680
3753 19475
3556 19576
3556 450
19149 19149
19149 4923
19149 1061
18433 3401
18433 3676
13809 9417
13809 15934
13809 3402
13809 6976
13809 6794
13809 14915
13809 75
13809 49
13809 3
13809 19354
13809 18060
13809 121
13809 4333
13809 10819
13809 3206
13809 5575
13809 440
13809 9840
13809 8027
13809 4961
13809 8338
13809 1946
13809 4298
13809 406
13809 13809
11019 15693
13827 6666
13827 13972
4721 7341
4721 1131
4721 394
4721 556
4721 4721
4721 10475
4721 2000
4721 1937
4721 14735
4721 12337
4721 19159
4721 13707
4721 2841
4721 1681
4721 1114
4721 5963
4721 2043
4721 8338
4721 3996
4721 450
4721 18935
8133 19620
8133 8133
3324 21743
3324 19047
3324 8419
3324 6035
3324 934
3324 3324
3324 12176
3324 461
3324 1450
3324 9404
3324 19063
3324 11919
3324 19354
3324 19404
3324 9991
3324 3635
3324 3544
3324 18914
3324 8152
3324 6094
3324 5091
3324 2833
3324 1409
3324 16510
17671 18086
17671 2051
17671 11540
17671 2841
19145 10206
19145 12884
19145 19145
19145 17099
19145 16809
19145 18836
19145 3206
19145 9896
9890 6035
19004 10909
19004 9072
18207 5701
18207 18207
19116 10400
19116 35416
19116 3659
19116 6753
351 348
1068 17913
1068 1068
1068 15630
1068 394
1068 18089
1068 13251
1068 1358
1068 12166
1068 18814
5740 14493
5740 19276
5740 1528
5740 14830
5740 19381
5740 3684
5740 26801
10867 7392
613 4622
613 6035
613 394
613 613
613 15779
613 7095
613 19516
613 18089
613 18632
348 4231
348 1095
348 2841
348 11072
348 15735
348 3992
348 19240
348 5232
348 2203
19324 6666
19324 6936
19324 1993
19324 318
19324 19324
19324 2874
17845 2837
5963 19464
10330 19018
10330 16981
10330 10330
2833 19638
2833 2833
2833 2819
2833 13741
19588 19588
19588 14830
284 39082
284 284
284 16516
284 17462
1409 15629
1409 3193
1409 1106
1409 19598
1409 66
1409 19442
1409 6153
1409 6545
1409 16972
1409 2837
1409 3233
1409 7031
1409 5743
1409 18814
1409 2000
1409 2841
1409 3544
1409 297
1409 2246
1409 10194
1409 4701
1409 9300
1409 6154
1409 15934
1409 10328
1409 14735
1409 19254
1409 2612
1409 11081
1409 2095
1409 1409
2011 2011
2011 2290
2011 6647
6382 5015
6382 1233
6382 12664
6382 7193
6382 3680
6382 17761
6382 5743
6382 2821
6382 3400
6382 3272
6382 19414
6382 6382
6382 11071
914 19075
914 2841
18693 13650
18693 8799
18693 18693
18693 3206
10605 10605
10605 1171
10605 18595
10605 5094
10605 18494
10605 18943
10605 766
19467 5583
19467 8410
2051 36108
2051 6666
2051 317
2051 17051
2051 11286
2051 35353
2051 1465
2051 9915
2051 8032
2051 17812
2051 6107
2051 19512
2051 1464
2051 11228
2051 12310
2051 18496
2051 2051
2051 45
1291 78
19541 297
19541 6976
19300 4720
19300 1061
19193 18060
19193 6766
83 7031
83 5286
83 4790
1546 13877
15541 18571
15541 19048
16639 19034
16639 3545
16639 18943
16639 19206
16639 15517
16639 763
16639 12205
16548 18086
16548 6101
14171 936
14171 2192
14171 13238
19398 19398
19398 5744
19398 1384
17902 1840
17902 763
11206 13268
11206 11206
19133 6094
439 732
19564 66
19564 15934
1682 18995
10980 4003
10980 10980
10980 14067
10980 6753
10980 6756
19394 9025
19394 19394
19394 3206
12082 6976
12082 3206
12082 12764
1114 49
1114 1048
16321 6094
16321 10937
16321 4312
16321 3402
16321 767
16321 3206
16321 16321
19378 19276
19378 19378
19068 4231
19068 2024
9947 2083
9947 4008
9947 9947
9947 14895
9947 10610
9947 4144
9947 14672
9947 7399
3149 6101
18783 18783
19515 19515
11145 3106
11145 6085
2040 402
3847 2837
9379 4144
9379 19369
16591 19447
1463 1463
1463 2481
1463 6503
1463 19604
1463 6976
1463 1358
7667 19077
1441 13441
1441 15654
1441 19225
1441 1441
1441 18642
1441 10819
1441 10583
1441 11332
1441 12310
1441 18060
1441 2497
3132 16325
3132 1149
11409 11409
11409 1061
1358 6936
1358 6986
1358 431
1358 14830
1358 9025
1358 3684
1358 7934
1358 19077
1358 121
1358 297
1358 18946
1358 15630
1358 8008
1358 766
1358 4008
1358 1358
4192 19092
11146 763
11146 10368
11146 14830
11146 3365
8755 8755
8755 8799
8755 15779
13168 6666
13168 4144
13168 4054
19512 78
19512 9417
19512 1310
4085 2926
14094 4622
14094 15155
18560 7934
12205 17361
12205 19215
12205 12205
12205 18497
15934 11417
15934 13904
15934 17438
15934 6976
15934 5587
15934 1450
15934 7845
15934 1345
15934 7687
15934 936
15934 18814
15934 2841
15934 402
15934 9072
15934 18858
15934 6503
15934 1131
15934 10475
15934 6094
15934 2821
15934 11632
15934 3272
15934 13506
15934 10909
15934 15934
15934 4008
15934 4408
15934 3901
2481 121
2481 2481
2481 6976
2481 12757
7392 6101
5177 6269
5177 5177
1481 6794
3261 121
3261 605
3261 3485
3261 4428
3261 3996
3261 7399
11099 3396
92 2821
92 2191
92 3545
18673 10400
18673 1832
10610 1937
10610 13473
10610 10610
10610 5328
10610 15614
10610 11100
3402 14214
3402 11054
3402 19579
3402 8008
3402 5200
3402 6976
3402 3206
3402 10062
3402 1450
3402 14726
3402 9896
3402 3402
3402 15837
10106 6545
17294 17294
17294 1131
19256 3384
19256 17308
19442 121
19442 10744
19442 7934
19442 3992
19442 18814
19442 19077
19442 10909
9569 766
2837 4231
2837 7031
2837 66
2837 4361
2837 121
2837 9471
2837 7762
2837 1528
2837 2837
2837 15630
45 9417
45 19224
45 2926
45 4048
45 6101
45 6545
45 1492
45 45
45 1044
45 1310
45 3635
45 6794
45 2841
45 402
45 763
45 317
45 1946
45 11081
45 6262
6757 8103
12120 11143
12120 15837
1050 15629
1050 10206
1050 10400
1050 19463
1050 7193
1050 1050
1050 8430
1050 3684
1050 10194
1050 1464
1050 5091
1050 14726
1050 3272
1050 12178
1050 3803
1050 6269
1050 2627
7103 373
14939 6154
14939 1898
14939 1131
14939 14939
14939 15837
14939 7851
14939 3684
18914 18914
102 6094
2968 12978
2968 2642
2968 2968
17492 7031
17492 2035
17492 450
17492 2349
8923 15194
6262 7341
6262 2841
6262 3902
6262 2926
6262 6262
6262 18256
6262 19092
6262 2000
6262 18943
6262 5094
6262 6770
6262 11540
6262 2095
6262 14214
9896 6794
9896 1061
9896 9896
9896 3206
9896 15837
16510 18494
19426 297
19426 3272
19426 763
19426 19368
6936 6936
6936 75
6936 360
6936 1245
6936 1199
6936 19092
6936 10727
6936 6666
6936 18571
6936 14447
6936 450
6936 344
6936 2874
6936 4298
1131 9924
1131 1061
1131 11054
1131 19037
1131 66
1131 19011
1131 431
1131 1131
1131 11143
1131 9652
1131 19091
1131 5429
1131 4556
1131 15517
1131 18814
1131 5701
1131 307
1131 18143
1131 9072
1131 6094
1131 2097
1131 18946
1131 19444
1131 19012
1131 19433
1131 19399
1131 15837
1131 10909
9422 19438
4566 3635
4566 8027
1465 19071
1465 9417
1465 18998
1465 1540
1465 13119
1465 18949
1465 17812
1465 11228
1465 17051
1465 19555
1465 317
1465 10819
1465 2841
1465 1465
1465 9581
1465 2349
1465 19545
1465 11286
1465 16516
1465 450
1465 19327
1465 4298
297 4542
297 360
297 4428
297 297
297 19425
297 19134
297 5081
297 1306
297 14830
297 321
297 19001
297 7399
297 6094
297 24134
297 19452
297 2490
297 10909
1832 6753
1832 2874
6776 6776
9617 9534
6035 8430
6035 6035
6035 763
6035 9102
2192 6085
2192 18086
2192 11143
2192 1459
13707 402
14385 4333
14385 17308
14385 14385
14385 10076
2821 4800
2821 17653
2821 18497
2821 2807
2821 10696
2821 2290
2821 6506
2821 15630
2821 2490
2821 450
2821 14830
2821 2874
5091 19047
5091 8419
5091 19240
5091 18934
5091 11134
5091 18494
5091 5091
5091 6698
5091 11919
5091 18143
5091 3684
5091 2841
3345 519
349 10503
349 2841
3770 6789
4558 2233
9915 2349
7949 19431
437 14830
437 11286
437 360
437 9928
437 318
18836 14830
19354 6094
19354 19354
7845 7845
7845 13741
7845 4100
6154 6154
6154 431
6154 14830
6154 2290
259 4008
259 5309
10941 19111
10941 5309
10941 2349
18957 15837
18957 18957
18957 1492
18957 9025
18957 3206
19156 19029
19390 11540
19390 2841
19390 2095
3400 11417
3400 440
3400 3272
3400 5743
709 450
17507 17507
17507 11143
19216 8430
19216 8799
19216 17806
4622 5743
4622 6666
4622 9928
4622 8103
9550 848
9550 19029
9550 12764
9550 18934
9550 454
9550 13650
9550 5513
9550 14915
9550 7206
9550 1587
9550 9114
9550 9550
9550 11919
9550 1946
9550 18060
9550 13878
9550 17836
9550 8799
9550 344
7313 763
7313 7313
35840 9552
35840 10481
35840 19075
35840 35416
11928 1125
11928 19022
11928 12664
11928 11928
11928 1021
11928 10580
10206 35357
10206 14493
10206 935
10206 35482
10206 8435
10206 11540
4046 828
4046 2349
6506 7031
6506 7206
6506 19175
6506 37691
6506 404
6506 19037
6506 11765
6506 4333
6506 10194
6506 6506
6506 450
6506 1149
6506 12757
15581 1004
15581 6101
15581 11081
15581 11919
318 2039
318 18074
318 2622
318 318
318 344
318 2349
318 12166
1109 6953
17945 2622
17945 12617
19166 3684
519 1887
519 14181
519 17495
519 10696
519 519
519 10076
519 4463
519 19111
519 19452
519 13265
519 19475
18996 18995
824 19018
824 35416
17036 6094
17036 19518
17036 19496
3642 13625
3642 3642
450 1245
450 4800
450 2926
450 8508
450 18060
450 17438
450 10194
450 4144
450 450
450 2874
450 778
450 2857
450 1306
450 18086
450 10076
450 454
450 1004
450 15630
450 5094
10696 17308
10696 4800
10696 405
10696 11100
10696 10696
10696 370
10696 19949
10696 2095
10696 2841
4298 18642
4298 18989
4298 12617
4298 13119
4298 10819
4298 13782
4298 4463
4298 3377
4298 16981
4298 4298
16044 16044
16044 2349
17581 18925
17581 955
17581 17581
17581 19473
788 19077
19177 317
19177 9072
19177 19177
19177 8103
19399 6096
19399 19399
19399 14830
19399 8430
19399 18060
19399 3
19399 9025
19399 13650
15155 19447
15155 15155
15155 13238
15155 361
15155 4054
15155 8799
15155 11395
19293 14830
19293 4961
19293 6101
19293 8857
19293 10811
10475 121
10475 2273
10475 1826
10475 18943
10475 10475
6779 11716
6779 17836
6779 3206
18465 1946
18465 17836
8224 35357
8224 1946
8224 3092
271 18060
6842 12176
6842 11919
5420 66
12757 5309
12757 8419
12757 18866
12757 19246
12757 6666
12757 3272
12757 4008
12757 605
12757 344
12757 25
12757 12757
19184 19184
19184 3272
19184 2874
327 430
327 19213
6278 9581
6278 13972
6278 26801
10194 15629
10194 6107
10194 19048
10194 17267
10194 460
10194 2641
10194 19037
10194 1004
10194 10194
10194 11919
10194 2530
10194 1149
10194 16046
6836 6836
6836 3106
6836 18494
6836 17761
6836 13650
6836 3684
644 1657
644 3206
19276 19276
19276 7
3816 3995
14895 19282
65 9035
13265 18183
13265 14008
13265 35416
13265 4333
13265 5952
13265 66
13265 19475
13265 605
9093 9716
1310 431
1310 4008
5340 9924
5340 14726
1587 1587
1587 11445
3509 4526
3509 19162
3509 2063
3509 19173
3509 3509
4100 35357
4100 18060
4100 7827
4100 1446
4100 13741
17926 17926
5627 14493
5473 4008
5473 19201
1946 19029
1946 37691
1946 7206
1946 10290
1946 16989
1946 19077
1946 6794
1946 2000
1946 8430
1946 7521
1946 2060
1946 19050
1946 6094
1946 18692
1946 1946
1946 19473
1946 6789
17098 19391
2191 4333
2191 11417
2191 2191
2191 7666
2191 12336
2191 4790
1590 19123
1590 19179
9246 15630
9246 7762
9246 2530
9246 17495
19333 15887
10400 19576
10400 10400
10400 6753
10400 12336
10400 1384
10400 19157
10400 19077
12826 1446
2234 2234
2234 4790
9471 2612
9471 1306
447 7031
447 2000
447 2162
7437 2530
7437 19369
4333 8680
4333 5309
4333 986
4333 19634
4333 4048
4333 4333
4333 18060
4333 19475
4333 2530
4333 4790
18708 14830
1266 16007
1266 2841
1266 8008
1266 9072
1266 763
1266 317
1266 15516
7361 1467
4391 6094
17263 18943
2857 1047
840 6794
24134 13351
19113 66
19113 19113
19113 2841
2081 5743
10300 7399
19106 406
19106 8008
19106 3206
19106 14830
19106 3684
18961 15828
18961 3948
18961 18961
9534 9534
9534 66
9534 8103
7653 7653
7653 4428
39082 18496
405 2738
19267 7934
19138 6094
2631 2985
2631 2631
2631 1265
3723 3723
8103 15323
8103 8103
8103 18060
8103 6666
8103 18571
8103 6862
8103 13244
8103 5081
19555 8887
37021 15735
37021 37021
37021 19074
2162 303
3996 13403
3996 3525
3996 9025
3996 360
3996 7399
4696 13358
11081 1176
7666 19088
7666 17653
7666 19475
7666 19634
7666 2095
7666 7666
19545 121
19545 763
19545 19545
19412 18060
19412 4639
19483 9652
19483 2290
19483 3684
18915 2356
18814 4398
18814 4048
18814 1176
18814 18060
18814 2530
18814 18943
18814 19048
18814 18814
18814 2841
18814 1306
18814 18573
18814 763
18814 1004
18814 15735
18814 19557
18814 19075
18814 19012
18814 6503
1182 15629
16516 9417
16516 16516
16516 1993
6698 6094
6698 6794
6698 6698
6698 14726
6698 11919
6698 18934
6698 935
6698 3206
8648 19172
8794 17361
8794 8794
8794 13650
8794 19018
16054 19500
16054 9025
16054 16054
16054 15837
16054 3206
2095 2926
2095 2841
2095 2035
2095 2562
2095 121
2095 461
2095 6545
2095 12914
2095 12336
2095 11540
2095 4144
2095 2095
19505 15735
9024 6094
3635 15517
3635 9417
3635 35482
3635 3635
3635 454
3635 3193
3635 8508
3635 2312
3635 11332
3635 6545
3635 1492
3635 935
3635 11540
3635 766
3635 3928
373 373
373 15630
9666 361
12166 7341
12166 17267
12166 1657
12166 18744
12166 109
19025 3545
19025 11540
19500 19500
12178 6101
12178 1450
19337 13938
7399 2290
7399 18730
7399 11632
7399 18060
7399 5328
7399 7399
10811 15629
10811 14830
10811 11919
10811 18286
10811 12498
10811 11733
10811 10811
5309 5756
5309 10076
5309 13268
5309 4008
5309 1345
5309 370
6756 6756
8234 5419
19191 10331
12176 143
1937 1703
1937 3485
1937 10076
19307 1047
6628 7934
6628 19011
6628 14830
6628 6628
19074 8799
19074 1256
19074 19074
19074 5810
6101 11100
6101 17261
6101 2926
6101 4923
6101 2063
6101 11228
6101 8779
6101 6101
6101 3736
6101 18642
6101 6794
6101 14830
6101 4002
6101 454
6101 9025
6101 3928
6101 19444
6101 19368
6101 18867
6101 3948
6101 10265
6101 13650
745 766
17193 4040
5094 5094
5094 3485
5094 9072
5094 10707
5094 8508
5094 2874
4720 6094
4720 12310
4720 1106
4720 11143
4720 4720
17988 18942
17988 1176
5407 4580
1797 11143
3272 19048
3272 19108
3272 35416
3272 1450
3272 36067
3272 18060
3272 19077
3272 15629
3272 11054
3272 18419
3272 6094
3272 4701
3272 3272
3272 19523
18749 7673
19422 9716
17309 2035
17309 8680
17309 2841
18968 8008
10712 13972
4262 19092
4262 2672
4262 1261
4262 11640
19237 8799
19237 763
19237 3684
1256 17113
1464 4800
1464 4890
1464 18744
1464 5756
1464 19097
13972 11100
13972 3948
13972 13358
13972 26801
13972 142
13972 19407
13972 13972
17361 17361
17361 2807
17361 763
17361 19077
18944 6666
18944 121
18944 1176
18944 18858
18944 2926
18944 18944
18944 18943
9114 16972
3448 935
3448 3448
3448 4961
3448 13878
9096 4231
9096 2926
9096 13552
9096 9096
15517 8430
15517 9652
6140 14102
6140 4040
394 14830
394 1540
394 4054
394 10481
394 6871
394 8799
394 344
394 19206
394 2819
11877 19077
4923 19115
4923 7294
4923 4923
4923 1061
4923 2490
4923 766
19444 121
19444 19444
19444 6545
19444 454
4040 2383
4040 11143
4040 9072
4040 19440
19247 4354
2233 16007
2233 1492
2233 2233
2233 9025
2233 955
17113 19334
14379 121
14379 3902
14379 2035
14379 1198
14379 14379
6360 6360
6360 19132
9717 11286
1540 1540
1540 402
1540 9928
1540 18867
1540 18765
3969 19604
5516 18183
5516 5516
4312 2530
13625 6753
12793 15331
12793 12793
12793 6976
11540 3988
11540 3005
11540 2841
11540 11540
11540 1763
11540 16877
11540 121
11540 461
11540 6545
11540 17051
5081 19001
5081 8914
5081 5081
16801 184
16801 78
11054 6794
11054 14102
11054 1121
11054 19365
11054 18128
11054 19368
11054 19360
11054 766
16981 4354
11504 4231
1121 19368
1121 18943
3049 344
18074 2349
12664 19240
12664 2807
12664 14214
17261 35416
17261 17261
17261 10265
17261 763
17261 1047
17261 18943
17261 406
18724 18060
5328 17308
5328 5100
5328 5328
5328 2290
18953 1478
7507 3106
7507 6794
7507 18934
7507 18060
7507 7507
7507 19498
7507 19410
13741 2841
13741 4351
13741 13741
19501 1384
19501 10909
19501 19501
19203 16131
8008 11100
8008 14830
8008 2246
8008 3206
8008 3684
8008 121
8008 14726
8008 8008
19053 10839
19053 6871
18060 2672
18060 1106
18060 18540
18060 5900
18060 3902
18060 605
18060 18060
18060 11131
18060 19495
18060 13694
18060 6666
18060 935
18060 8106
18060 9025
18060 18744
18060 4701
18060 18946
18060 15630
18060 14726
18060 431
18060 3992
18060 955
18060 7934
18060 4709
18060 1450
18060 828
18060 6862
18060 7031
18060 14830
18060 4002
18060 13363
18060 19092
18060 35357
18060 11632
18332 19011
13351 15365
15654 3948
15654 8887
1898 19091
1898 1898
1898 1557
1898 17099
1898 19334
1898 4987
18834 7644
454 1245
454 2841
454 8106
454 454
454 9025
454 12978
454 9404
10350 78
10350 10350
7294 7381
17653 4144
17653 19092
17653 4790
6789 4745
6214 2290
12310 17438
12310 12310
11825 9652
11825 11825
11825 19059
11825 19015
20038 20038
20038 18494
20038 19368
5756 121
5756 5756
19108 15629
19108 3680
19108 3684
19108 2841
19425 6094
19425 8430
19425 766
19425 14830
14735 19368
14735 14735
14735 15837
14735 14102
14735 18931
14735 9025
14735 763
19037 19037
12107 18800
3948 4526
3948 3948
3948 11143
3948 2622
12669 5701
11072 15629
11072 11072
15743 1648
15743 15856
15743 13238
1355 4361
3546 14969
1763 19338
6301 9928
11632 11632
11632 2530
12858 19620
12858 1074
4477 1198
19224 848
19224 3634
19224 10839
19224 12617
460 19607
5900 1446
5900 11919
5900 8799
5900 10909
18036 8799
18995 3106
18995 7206
3106 6085
3106 14830
3106 8991
3106 10701
3106 1119
3106 3902
3106 11143
19318 317
7 4231
7 4428
19495 1061
19495 955
15614 17308
15614 15614
15614 5101
18256 13381
18256 3995
18256 763
18256 10368
18866 4231
18866 18866
9072 11733
9072 3684
9072 11143
9072 18286
9072 6107
9072 2841
9072 9072
9072 2035
9072 6094
9072 451
9072 14726
3441 8430
3441 8799
19077 250
19077 1106
19077 2807
19077 11134
19077 1450
19077 6545
19077 3992
19077 4556
19077 175
19077 19077
19077 1074
19077 2738
6542 15308
6542 6542
11417 6094
11417 18497
5583 10503
19558 1650
19558 1345
1770 2275
18494 10335
18494 6094
18494 6085
18494 18494
18494 5429
18494 6753
18494 766
2642 1004
2642 3160
2642 2642
14807 12337
11228 8430
11228 1106
11228 763
11228 18943
10701 7031
10701 4054
10701 1384
10701 1021
10701 10701
19432 1450
19432 4144
344 3544
344 360
344 19381
344 6666
344 451
344 11286
344 344
18951 18571
2246 19029
2246 2246
2246 19429
2246 6794
2246 1
2246 35357
2246 19373
2246 14302
2246 15837
18731 18086
321 2530
321 321
16792 13268
16792 16792
16792 11395
19246 605
1650 1650
1650 17051
1650 19335
1650 18496
1650 8799
1650 6953
750 778
750 3485
750 750
750 13302
750 2841
2149 19350
18965 6269
18965 406
18965 18965
13825 7193
4987 8430
4987 6976
4987 4987
13441 13441
13441 2530
11100 11100
11100 15331
11100 6976
11100 18583
11100 2097
11100 10035
14181 4144
14181 14181
14181 2874
19154 440
19154 9025
19154 19029
19154 19154
19154 8430
15503 18865
10290 7743
10290 6794
10290 18128
10290 15735
10290 10290
15837 934
15837 6976
15837 19443
15837 8733
15837 15837
15837 6753
15837 763
15837 13562
15837 9025
15837 3206
15837 6094
15837 19075
15837 19516
15837 11143
15837 16959
15837 14302
14340 2000
6269 6269
6269 1106
6269 6518
6269 3206
6269 15478
19048 935
19048 19048
19048 1306
19048 4428
19048 121
19048 1450
19048 1528
19048 7932
2083 16046
2083 19012
2083 360
2083 10076
2083 2669
18642 18642
18642 36108
18642 3651
18642 10819
19175 404
6770 2841
6770 6770
19400 6794
8419 4003
1198 3902
1198 1345
7076 7076
7076 12418
1245 1245
1245 2290
1245 11926
1245 532
250 4231
250 8799
250 18457
431 431
431 763
431 3206
431 1450
431 11926
431 1345
431 2530
15626 2622
14969 2926
14969 14969
19049 6094
19049 8857
1729 1729
1729 2874
14830 350
14830 16395
14830 10580
14830 3206
14830 10076
14830 6094
14830 10909
14830 7934
14830 3684
14830 1450
14830 766
14830 4556
14830 19137
14830 14830
14830 1703
14830 19213
14830 11143
818 818
19381 19381
19381 4008
19381 1446
19440 6666
19440 12301
1703 2349
1703 6107
1703 1703
1703 4790
10368 35357
10368 8430
10368 10368
10368 10076
416 15493
425 11134
13559 18512
4003 14726
4003 3206
19523 3503
19523 2024
19523 19523
2819 4054
2819 2819
4594 13694
18744 360
18744 2035
18744 18744
18744 8032
18744 19172
2926 16447
2926 1106
2926 37691
2926 19949
2926 78
2926 19088
2926 461
2926 1450
2926 11926
2926 2926
2926 18017
2926 1446
2926 2841
2926 2604
2926 6094
2926 18573
2926 14493
2926 2612
2926 303
15478 15478
10333 10333
10333 13119
17051 1345
19209 19047
19209 11919
5575 3684
5575 1579
17308 19576
17308 18183
17308 4008
17308 11682
17308 18512
5849 13878
18934 3902
18934 12976
18934 18934
18086 1579
18086 17114
18086 18086
19496 4231
1528 121
1528 1528
1528 19452
1528 1040
18030 11863
404 10076
15493 7458
934 5810
934 934
17526 2874
3503 37691
3503 11863
10503 4701
10503 10909
10503 12336
19213 19213
955 6094
18827 9025
5789 1450
6862 10335
6862 4008
6862 6862
6862 361
6862 2807
6862 3901
6862 14214
18457 1046
1017 12914
3680 35416
19614 1688
8032 2532
8032 3995
8032 8032
1826 121
1826 19334
1826 3992
1826 1826
121 17913
121 18942
121 19111
121 14289
121 19159
121 121
121 2841
121 3544
121 17822
121 13403
121 7341
121 10328
121 36067
121 9891
121 19464
121 19265
13268 8799
13268 13268
14726 35575
14726 3206
14726 17836
14726 14726
14726 3684
14726 763
2024 4231
2024 1149
18334 5701
18540 4008
4961 2622
4961 4961
4961 7644
19365 6153
7095 2622
7095 8799
7095 7095
1579 935
1579 1579
10828 7206
10828 317
10828 10828
461 461
461 7762
461 2841
3544 4231
3544 3544
3544 430
3544 19142
3544 1450
3544 66
7867 6094
19634 19634
13173 15630
13173 12336
13173 16857
11716 11716
5100 66
2954 19457
2954 4677
15765 1199
19088 2841
1593 6094
5751 1467
5751 5751
2436 7206
2436 2436
3684 3206
3684 3902
3684 19327
3684 8799
3684 16007
3684 14493
3684 13403
3684 12498
3684 13650
3684 19071
3684 19078
3684 18865
3684 3684
3684 143
3684 763
3684 18447
3684 12884
3684 19012
3684 406
3684 15516
4690 402
17438 4008
17438 763
2530 11863
2530 2290
2530 1939
2530 2530
2530 19159
2530 19075
2530 6986
2530 19620
2530 4790
766 78
766 18583
766 8430
766 6545
766 766
766 18943
766 14214
766 4118
766 3206
766 5743
19611 19611
19611 7851
9891 9891
9891 1688
5701 9025
1184 19341
3634 6666
3634 2532
18610 18610
10583 10583
4701 4701
4701 12336
451 451
10909 1847
10909 12764
10909 2290
10909 7206
10909 6794
10909 8799
10909 6094
10909 19435
10909 3532
10909 6107
10909 19007
10909 10909
9716 17164
9716 12418
9716 19131
14493 1483
14493 37691
14493 14493
14493 1149
1106 7193
1106 1106
1106 6666
1106 6515
1106 19215
16131 16131
12914 12914
12914 49
12914 2841
12914 18858
12914 15247
14447 6646
14447 49
14447 2203
4144 18512
4144 11143
4144 19475
4144 4144
778 35357
778 3485
778 778
778 17836
778 7206
10076 19576
10076 12390
10076 360
10076 6871
10076 19475
10076 5419
10076 14008
10076 18512
10076 370
10076 8726
10076 10076
4463 605
18867 13650
18867 18867
13403 13403
13403 78
13403 6976
13403 7934
13403 3206
5495 1939
370 4790
17913 17913
17913 36108
17913 66
17913 2349
799 12610
2807 35482
2807 19090
2807 1492
2807 19557
7607 19949
17836 35357
17836 19498
17836 18925
17836 17836
7934 12418
7934 19443
7934 7934
7934 8430
7934 19431
1079 19012
19601 6094
19601 9025
19601 19601
402 2841
402 3995
402 19516
402 18943
2035 19185
2035 2841
2035 3525
2035 19159
19287 6976
4361 6545
19368 1061
19368 1840
19368 440
19368 19368
19368 8857
19452 19452
36067 307
4677 9025
4677 4677
19393 2029
19142 430
19142 406
605 605
4398 19576
17064 18939
17064 18981
18183 4008
18183 2841
18183 18183
14008 4790
1168 14214
440 6094
440 440
440 143
440 3005
440 1847
440 14102
4042 1993
3525 2841
3525 3525
16325 8799
15779 15779
18089 16857
18632 9928
18632 6976
18632 406
18632 18632
2738 6094
2738 7252
19132 19152
2586 1061
3995 9684
3995 360
2290 8153
2290 11863
2290 2290
2290 18800
2290 3206
2290 1450
2290 7031
2290 11765
18800 35575
18800 18800
12978 12978
16989 13878
16989 14915
1345 1345
1345 19335
1345 18571
1345 19604
1345 1446
763 1483
763 848
763 2763
763 11143
763 763
763 15629
763 18017
763 18447
763 2841
763 19018
763 10035
763 10266
763 19530
763 10265
763 406
1048 66
18881 18881
18447 3
18447 6753
18447 18447
6503 6503
6503 6976
8152 484
1556 18954
19518 8338
19518 4231
1046 3485
1149 935
1149 37691
1149 78
1149 6976
1149 1450
1149 18128
1149 66
1149 1149
35482 6545
11919 19047
11919 8080
11919 11919
11919 19433
19607 2841
19607 19607
1384 4800
1384 15630
1384 1384
6871 7031
6871 12617
6871 2841
6871 19173
6871 6871
6871 2622
8799 35416
8799 8799
8799 18943
8799 19447
8799 12610
15629 15629
15629 4231
15629 19463
15629 8153
15629 8430
3566 3566
14961 19199
3396 3396
3396 15630
6094 7434
6094 6976
6094 19063
6094 18964
6094 385
6094 2841
6094 8047
6094 19109
6094 9025
6094 3659
6094 6094
6094 1459
6094 3992
6094 143
6094 2266
6094 15516
6094 16959
6094 10035
6094 807
18573 6666
18573 18573
18573 1446
18573 6976
18946 18946
18946 13650
18946 3659
19516 19516
19516 2622
12402 12336
12764 7206
12764 2000
360 18954
360 2532
360 360
360 49
360 6666
360 16857
1 1
19278 19278
14214 2841
14214 9652
14214 19075
14214 14214
14214 19350
4556 4556
3637 733
785 35357
785 6545
302 9652
12336 4428
12336 66
12336 12336
78 7341
78 78
78 2672
78 49
78 66
78 9581
78 7031
78 6666
78 2841
78 1306
78 4008
9581 1847
9581 17660
9581 9581
19303 1047
18405 18405
18405 12610
35416 8338
35416 66
35416 35416
3092 6794
3092 3092
10580 4428
10580 11926
12418 8430
12418 9025
12418 12418
935 935
935 6545
935 19137
14450 4231
3160 1004
3160 3160
430 2763
430 19012
430 4428
430 430
430 406
3206 6976
3206 11143
3206 3206
3206 8435
3206 6794
3206 6107
3206 1450
3206 13650
13594 1681
7932 4231
4710 66
4710 19540
733 733
733 11286
7743 7743
19530 19530
1047 1047
2203 6646
2203 2039
143 143
6545 6545
66 66
66 19360
66 16857
19150 19115
19150 19150
1306 7341
1306 1306
1306 7031
3593 18571
19620 7031
16959 19075
16959 10819
15516 15516
19091 19091
7252 19050
19598 19598
19078 19078
19078 767
18583 2349
18583 6976
18583 18583
3902 1061
3902 4137
3902 3902
19350 19350
3992 4231
3992 3992
3992 2612
9025 9404
9025 1492
9025 9025
16877 4008
1004 2841
1004 4002
1004 19018
1004 1176
1004 406
19018 19018
19018 406
7762 7762
7762 15630
13904 35357
14809 19576
14809 14809
19029 19029
1061 4250
1939 1939
1939 4428
1939 2841
12337 6753
16857 6666
16857 11286
16857 16857
16857 2349
16019 943
16019 16019
8379 14302
8955 19493
3485 8726
2612 8824
18925 848
18925 18925
17828 1688
13473 2874
13473 13473
18497 18497
1688 4149
1688 1688
2000 7206
2000 8106
2000 19172
2000 10277
2000 35357
2000 2000
2000 11143
6153 37691
6153 10819
6153 6153
19475 19475
19475 6107
5015 5743
1657 11286
303 18571
303 17462
303 303
8106 35357
8106 8106
9552 9552
9552 7644
17822 6666
17822 17822
37691 9417
37691 37691
37691 5841
18478 12750
5101 6949
17812 732
17812 1993
4351 15630
19493 19493
16046 16046
317 6976
317 2669
317 8430
317 11143
8726 6666
8726 8726
8726 4054
8726 4790
1840 1840
1840 406
6666 19576
6666 2532
6666 17462
6666 6794
6666 2841
6666 18571
6666 13119
6666 10819
6666 6666
10727 10727
8430 19341
8430 2763
8430 8430
8430 10265
8430 2097
8430 6107
11682 18935
11682 11682
19063 1450
19063 19063
4002 9652
4002 4002
19433 19433
19433 9652
13650 2763
13650 18903
13650 16007
13650 13650
13650 19579
17121 4428
4800 4800
4800 15630
4800 12750
8508 12976
6753 6753
6753 2874
2622 19579
2622 12617
2622 2622
8824 1199
2841 19576
2841 4428
2841 35357
2841 18943
2841 4790
2841 2841
2841 16876
2841 15630
2841 4048
2841 11025
2841 1176
2841 18017
2841 9928
2841 19092
2841 5743
2841 19012
2841 7206
2841 18935
2841 6794
10819 9417
10819 10819
19579 19579
11765 2874
11765 2349
19012 19012
19265 18313
1483 1483
5375 19949
19111 13863
19172 35357
385 385
5506 6794
15630 19146
15630 361
15630 15630
15630 2874
12498 12498
19071 19071
4580 19115
10707 13119
828 828
19457 9044
12547 2672
6205 2349
6953 6953
17462 17462
18512 18512
18858 18858
19094 19094
35357 7206
35357 6085
35357 13878
35357 35357
10481 10481
15331 15331
10035 10035
932 7206
848 406
2672 2672
12976 12976
4428 19001
4428 4428
4428 11926
4428 3709
19092 19092
9652 19334
9652 6976
9652 9652
9652 19431
9652 19464
3874 2349
7458 7458
4231 2669
4231 4231
13119 13119
13878 18719
13878 13878
11332 11332
11286 428
4790 2349
4790 3709
7341 7341
7341 49
19341 19341
12617 12617
19335 19335
14915 7206
14915 14915
11143 11143
11143 19215
4118 4118
1847 1847
7982 6976
18942 18942
4745 4745
4745 6976
4745 13694
9300 7031
2060 5810
8338 19075
8338 2874
8338 8338
19075 7644
19075 6976
19075 19075
19075 2225
5743 5743
1450 6976
1450 1450
1450 2874
1450 16007
1450 18943
15887 18756
532 532
19480 1993
19480 19480
2097 2097
16972 7206
406 10265
406 406
19334 19334
19334 18943
6976 6976
6976 4048
6976 10251
6976 19604
6976 7644
19011 19011
19011 19215
15735 15735
16007 16007
6107 6107
6107 4054
11134 6085
2763 2763
1993 1993
9871 18119
15194 15194
14302 6794
19463 19463
17660 17660
4054 4054
7206 6794
7206 7206
2063 2063
18943 1176
18943 18943
19159 19159
11025 4008
4354 2641
2349 19001
2349 2349
2349 49
4008 4008
35575 35575
19001 19001
2328 1176
2874 2874
3736 3736
18017 18017
19179 19179
10265 10265
14102 14102
15323 15323
12750 12750
49 49
3401 3401
6794 19498
6794 6794
13694 13694
19949 19949
4048 4048
18119 18119
1176 1176
7031 7031
18954 18954
9924 9924
7644 7644
