5903 23317
3394 613
3394 9417
11670 3544
21258 21258
21258 24907
21258 934
21258 19520
20307 17164
20307 23338
2055 2055
2055 22052
2055 5690
2055 25139
14334 6094
14334 20787
24415 24415
24564 1
24935 10708
24935 6647
24935 2000
24935 6085
24935 24935
18349 25035
16143 24880
16143 11142
24800 11142
7144 1483
7144 2821
7144 934
7144 20729
7144 745
7144 1355
17457 1056
17457 874
17457 1355
17457 24995
5498 25376
14302 25401
14302 21051
14302 14302
14302 14830
14302 297
14302 2954
14302 1131
14302 10909
10366 14447
10366 10366
10366 8032
10366 25092
10366 360
3380 12858
3380 15155
24336 6506
24336 13832
24336 3684
24336 12176
2623 582
5274 5274
5274 2530
5274 1688
5274 13265
5274 22189
25258 12774
3072 703
3072 3072
3072 22479
24478 24819
24478 9072
24478 3568
24478 24478
24478 935
24478 3684
24478 6506
24478 8955
24478 11926
24478 1320
24478 3324
24478 10446
24478 13650
2384 12858
2384 2384
2384 8799
2384 9694
2384 1306
2384 35353
2384 3032
2384 23373
2384 297
2384 11926
2384 8381
2384 10909
2384 4078
2384 8604
2384 12481
24825 21123
25054 121
25054 477
25054 13265
25054 10839
25054 1540
25054 6451
25054 1345
25054 4961
25054 25054
25054 22973
11142 11100
11142 8726
11142 18050
11142 24936
11142 297
11142 18000
11142 25374
11142 3106
11142 1358
11142 1532
11142 4231
11142 24757
11142 11084
11142 21684
11142 12166
11142 21123
11142 6094
11142 5091
11142 24874
11142 2029
11142 2954
11142 13650
11142 2082
11142 5101
11142 24880
11142 7460
11142 20787
11142 10400
11142 11142
11142 23291
11142 6801
11142 22429
11142 21428
11142 25030
11142 13625
11142 24451
11142 1345
11142 763
11142 18263
11142 11054
11142 10446
11142 24417
11142 22051
11142 4720
11142 24958
11142 17416
11142 14454
11142 24864
11142 1822
11142 613
11142 25264
11142 21172
11142 25318
11142 1492
11142 10035
11142 9896
14454 613
14454 14454
14454 21684
14454 13972
2678 121
2678 5420
2678 2678
2678 381
2678 12310
2678 703
2678 10446
2678 3473
25205 121
25205 20369
24875 5732
24875 402
24875 24875
24875 703
24875 763
24875 10194
24875 22277
21488 8824
21488 36108
21488 15155
21488 8103
21488 23571
4814 21123
9449 16082
9449 16943
9449 25374
9449 9617
13059 6249
1539 10909
24999 8588
24999 25004
24999 11054
24999 1061
24999 2954
24999 25325
24999 15837
20228 454
20228 1441
20228 23141
20228 290
20228 6101
20228 21051
22209 7507
7048 7507
7048 19048
8955 8955
806 9924
806 18739
806 806
806 10909
806 6043
5710 6503
5710 14094
5710 970
17846 17913
16888 5340
16888 6094
16888 21123
16888 3684
16888 9072
16888 10446
16888 766
16888 4790
24060 20302
12481 6818
12481 3568
12481 3402
12481 3684
12481 454
12481 12481
12481 18589
12481 935
12481 10446
12481 10909
12481 10811
6316 6094
6316 121
6316 6316
6316 24975
6316 20215
6316 1096
6316 12357
6316 10909
24911 3568
24911 1266
24911 3948
8916 2954
8916 13650
8916 8916
19205 19205
19205 3521
19205 25102
424 17965
424 21684
424 12310
424 424
41060 2554
21596 10400
21596 10446
21596 9317
21596 11919
353 6094
353 24958
353 1465
353 1345
353 18589
353 10909
916 24965
947 24541
947 25356
1532 18263
1532 22650
1532 405
1532 2158
1532 23141
1532 25326
1532 18060
1532 5709
1532 1409
1532 1044
1532 1532
25446 22714
25446 17308
23993 25123
2536 4639
7265 8857
22460 3621
10446 22714
10446 1353
10446 4054
10446 4961
10446 15503
10446 22833
10446 15837
10446 2051
10446 25000
10446 102
10446 1898
10446 13552
10446 20215
10446 14672
10446 763
10446 8381
10446 10454
10446 6515
10446 14171
10446 23917
10446 30691
10446 2290
10446 3684
10446 3314
10446 3621
10446 66
10446 2165
10446 7437
10446 2530
10446 5583
10446 2954
10446 1231
10446 8737
10446 4720
10446 451
10446 10909
10446 290
10446 25326
10446 398
10446 6427
10446 4262
10446 4177
10446 3902
10446 24965
10446 11570
10446 17047
10446 703
10446 3106
10446 12082
10446 8799
10446 8857
10446 10446
10446 24993
10446 25029
10446 5794
10446 25154
10446 18086
10446 10095
10446 6094
10446 14493
10446 12757
10446 4231
10446 17773
10446 1061
10446 21339
10446 11920
10446 10503
10446 20787
10446 5229
10446 9652
10446 11926
10446 5506
10446 14450
10446 25136
10446 9072
10446 14915
10446 5963
10446 121
10446 317
10446 6506
10446 1409
1589 437
1589 19965
1589 360
18805 290
18805 18805
8473 6670
8473 10941
4086 6794
4086 4086
4086 22379
4086 4177
4086 23408
4086 5963
17644 1345
17644 348
4362 24965
4362 2841
4362 360
4362 14447
4362 24535
4362 20787
4362 16323
4362 25193
4362 14171
25354 12914
25354 9871
25354 25354
25354 5100
21522 24525
10801 1047
9022 16934
9022 24964
9022 22429
9022 1050
9022 20507
9022 24707
9022 17416
9022 25286
25384 2290
25384 22741
14167 23754
14167 745
14167 4177
14167 25260
14167 2874
14167 21123
16761 7206
16761 24604
18080 6637
24888 10941
24888 12166
73942 6794
73942 1306
73942 6101
73942 21724
73942 73942
73942 23408
17588 6827
17588 16046
17588 3521
17588 10194
1400 3948
21014 2900
7402 15629
7402 25386
7402 10400
7402 21051
7402 7402
7402 18483
7402 11919
7402 1162
7402 8153
7402 16033
7402 454
582 24965
582 582
3897 10839
14515 6094
14515 25111
14515 14515
3521 18263
3521 16943
3521 2870
3521 3544
3521 986
3521 8508
3521 25327
3521 22975
3521 13265
3521 2051
3521 3521
3521 16046
3521 24445
24978 24980
24978 18238
24978 1310
24978 24978
24949 11028
24949 4036
24541 290
24541 2622
24541 24541
22709 1040
12482 12482
12482 3546
17988 1
17988 11084
14371 37646
4040 11100
4040 398
4040 12337
24882 11828
25270 6451
6427 22714
6427 23571
4763 16762
16475 8430
16475 16475
16475 13552
24853 12705
24853 24547
4428 4428
4428 13168
4428 16857
9502 3847
9502 13404
9502 21123
16082 16082
16082 2290
2868 3384
2868 9960
2868 2868
2868 1
25071 1847
25071 8430
25071 25071
25071 20507
6330 5323
6330 16857
6330 7041
9946 15629
9946 703
9946 13650
9946 1916
9946 9946
25342 3568
25342 13832
25342 763
25342 15934
25342 9072
24041 24041
25132 1646
24442 1355
7460 13441
7460 9871
7460 13265
7460 25045
7460 9304
7460 25225
7460 7460
7460 11540
7460 24525
7460 25306
4832 1004
4832 17114
4832 4832
4832 24976
4832 1044
4832 24274
13356 318
13356 23193
13356 13356
17017 21339
24893 13265
24893 24893
6043 17465
6043 11054
6043 2954
6043 1306
6043 9072
6043 6043
6043 6094
6043 11220
6043 16185
6043 12705
6043 6101
6043 935
6043 22971
6043 6651
6043 13809
25343 6348
25343 1355
25343 9947
25343 4177
8811 4231
8811 8811
3859 3859
3859 1682
2554 848
2554 18263
2554 24872
2554 19593
2554 21123
2554 766
2554 2554
24979 613
24979 12983
24979 1478
24979 20302
24979 16941
4794 9947
4794 25383
4794 6976
4794 4794
4794 1573
9836 9836
9836 17118
20716 15293
25247 2672
25374 15629
16185 4231
16185 3992
16185 1528
16185 16185
25393 1345
25393 1465
4677 25081
7710 935
7710 3684
7710 23028
25355 25355
25355 3473
25355 12166
25355 402
25355 4177
8212 24891
8212 6494
391 4653
391 24937
391 10194
391 12310
6710 21123
5628 1441
25275 4524
3992 10400
3992 9317
3992 18050
3992 3992
3992 5810
3992 11504
3992 4614
3992 1310
3992 21230
3992 49
3992 25109
3992 25172
3992 25099
3992 8176
2666 290
2666 1464
2666 2874
2666 3545
23408 18263
23408 24819
23408 3077
23408 9025
23408 36108
23408 20356
23408 3032
23408 6094
23408 9161
23408 18836
23408 14447
23408 1946
23408 23408
23408 8604
23408 10322
23408 6481
23408 10909
5018 19475
5018 25021
9101 18060
9101 17193
9101 9101
8176 20568
8176 9317
8176 25139
8176 3995
8176 21095
8176 8176
15293 22714
15293 12976
15293 7507
15293 19949
15293 1682
15293 4177
15293 7206
15293 2000
15293 49
15293 24527
15293 14969
15293 13961
15293 3106
15293 447
15293 15293
15293 16134
15293 3502
15293 6794
15293 2841
15293 14830
15293 10384
15293 3568
15293 344
15293 16766
15293 14915
15293 1646
15293 11640
15293 6262
15293 290
15293 1946
15293 10503
12898 24937
12898 24872
12705 25038
12705 7743
12705 25301
12705 19929
12705 14111
12705 12705
12705 25268
12705 25095
12705 5887
12705 25424
12705 24916
12705 9269
12705 25378
12705 1946
12705 2165
12705 8799
12705 16178
3465 824
3465 3465
7709 6666
7709 11054
7709 20787
7709 14094
23434 18060
23434 7762
23434 13265
2720 8059
20264 613
20264 7294
20264 21907
20264 20264
987 16054
24976 121
25041 19520
24985 1464
24985 828
24985 4170
6651 19133
6651 6494
3041 22758
3041 22015
3041 20302
1353 1353
1353 2841
4176 14807
24451 613
24451 24451
24451 22650
24451 10503
18761 10729
18761 4231
18761 6827
18761 15629
25361 848
25361 25361
25361 6269
25361 19471
25133 11054
25430 7352
24874 18060
24874 3684
24874 11919
6515 5690
6827 25358
6827 25209
6827 6827
6827 2530
6827 24864
6827 4790
2698 297
586 1044
586 1291
6133 22727
25121 15629
25121 6794
25121 13650
22015 7294
4528 18238
4528 4528
4528 49
4528 6262
4528 2841
25225 13265
25225 25225
6481 4231
6481 21291
25212 1407
24604 24884
24604 1682
8737 25065
8737 24877
8737 1898
4659 16857
4659 25257
4659 13552
5690 3545
5690 24965
5690 22052
5690 402
5690 381
5690 35353
5690 6976
5690 5690
5690 4177
5690 121
5690 6451
5690 6153
5690 14447
5690 21620
5690 344
5690 766
25050 7294
25050 24848
4767 10400
4767 7448
4767 4767
290 12858
290 3077
290 50973
290 22727
290 4177
290 1306
290 1463
290 18060
290 21688
290 4129
290 15629
290 24590
290 4790
290 9960
290 5789
290 14450
290 9025
290 21684
290 18238
290 1646
290 25314
290 5091
290 8381
290 15934
290 11054
290 10909
290 4231
290 2082
290 25301
290 5301
290 19860
290 10400
290 10503
290 5534
290 2784
290 3621
290 12176
290 22002
290 25129
290 25091
290 1345
290 18263
290 20782
290 9891
290 14094
290 1573
290 1050
290 16943
290 1355
290 10454
290 8410
290 9947
290 20516
290 22829
290 25136
290 290
290 1409
25349 1459
477 22714
5223 15837
25180 22714
18050 6451
18050 5301
18050 18050
18050 5259
18050 1345
18050 21684
18050 766
18050 1409
24952 25127
10217 16857
24173 3977
16702 22829
16702 20568
16702 24872
4177 25415
4177 22714
4177 38783
4177 17477
4177 1
4177 4177
4177 12914
4177 297
4177 22002
4177 18836
4177 1229
4177 14447
4177 8799
4177 344
4177 6953
4177 19926
4177 7031
4177 6794
4177 37646
4177 3931
4177 19294
4177 25264
4177 1483
4177 14901
4177 5743
4177 437
4177 19444
4177 6262
4177 1946
4177 25260
4177 284
4177 49
4177 14467
4177 1409
6451 18263
6451 15743
6451 24713
6451 13168
6451 6451
6451 14094
6451 6862
6451 10076
6451 2039
6451 22973
6451 24891
6451 25402
6451 1409
10454 14830
10454 10454
7448 3545
7448 10400
20956 6976
20956 1688
17498 6094
17498 25406
17498 24759
17498 7108
17498 8419
17498 7443
17498 14450
17498 17498
17498 13265
17498 18263
17498 22599
23981 13904
25085 1345
25085 23193
25286 25286
6348 2833
6348 1409
25025 9924
13809 21800
24815 370
2082 15629
2082 21265
2082 19172
2082 2082
2082 1131
2082 3637
2082 24525
25135 6666
25135 14094
25135 25135
25135 12310
25135 1345
25135 10194
23382 2954
8146 24917
4721 15934
8133 1946
8133 25194
8133 24994
8133 6262
21094 9161
22871 1946
4649 4649
4649 11546
4649 14447
4649 3995
4649 20818
4649 344
4649 3901
14450 4231
14450 15629
14450 19729
14450 20568
14450 39663
14450 1306
14450 14450
14450 35840
14450 6976
14450 10400
14450 24501
14450 3621
14450 8381
14450 11100
14450 24936
14450 8419
14450 25390
14450 6794
3840 454
3931 5309
3931 38783
3931 18744
3931 3931
3931 1409
348 25101
348 3901
17416 1044
17416 17416
5963 9093
5963 16934
5963 25187
5963 5963
25005 25005
25005 24953
25005 24965
25005 12120
25005 18060
25005 13650
25005 763
25005 7851
333 416
284 22714
284 49
284 12310
284 22829
284 284
1409 10729
1409 19276
1409 7041
1409 3503
1409 10503
1409 78
1409 24965
1409 9072
1409 22829
1409 16762
1409 2083
1409 5175
1409 3621
1409 2841
1409 11072
1409 1867
1409 1465
1409 22785
1409 451
1409 9550
1409 20302
1409 450
1409 1355
1409 1409
19471 7031
19471 23987
19471 25139
5152 17907
5152 6262
5152 5152
25028 18086
25028 25028
25068 13650
23835 24883
4129 2954
1291 297
1291 2841
7851 21172
5740 9924
25102 1847
25102 21724
25102 15486
25102 13650
24808 766
18744 1847
18744 4042
18744 49
18744 14006
18744 18744
18744 14447
18744 10503
7602 11100
7602 15503
7602 7602
15684 9025
25139 25139
25139 6269
25139 7591
25139 6460
23362 2900
8604 6094
8604 5340
8604 25199
8604 10095
8604 14830
8604 297
8604 18060
8604 3684
14171 14171
24884 6794
20127 11546
19133 13650
19133 763
19133 14830
439 18000
439 439
1682 16946
1682 7743
1682 2138
1682 5697
1682 13410
1682 7206
1682 3621
1682 1682
1682 1946
1682 14340
1682 24611
1682 4534
1682 6085
1682 25194
1682 16033
1682 15424
1682 18128
1682 9269
1682 6794
14124 4042
14124 8103
14124 14124
14124 10194
12981 24953
9547 22967
25394 3959
23011 13832
23011 10503
23011 11540
23011 12166
23011 703
24872 763
24872 24872
24872 1
9947 4231
9947 10400
9947 5301
9947 22479
9947 10194
9947 25327
9947 4246
9947 9947
9947 25237
9947 13265
9947 1459
9947 25351
9947 23240
21172 1847
21172 11100
21172 21172
21172 24848
21172 20507
21172 20186
15155 4842
15155 15155
15155 8824
15155 12166
15155 16033
3623 19012
16009 11540
3847 9015
24644 24644
24644 8799
24644 14551
24644 20302
2234 25002
2234 14915
2234 31339
2234 2234
2234 6789
14915 17164
14915 7206
14915 6794
14915 6647
14915 3684
14915 14915
1463 20568
1463 20215
1463 1573
1463 24417
1463 6976
1463 19949
1463 20787
1463 21095
1463 25017
1463 20557
1463 21123
1463 5743
1463 1463
1463 10194
1463 2051
24844 24843
359 121
359 24904
359 24906
359 20215
359 3473
359 13650
359 6183
39663 18060
39663 1441
39663 39663
1358 15517
1358 25157
24988 19520
24869 21059
24869 6976
13168 22714
13168 13972
13168 24713
13168 4054
13168 16504
13168 25421
13168 9617
13168 25293
13168 24445
13168 15629
13168 39082
13168 18498
13168 613
13168 25272
13168 13168
13168 21684
13168 24525
13168 11705
13168 20516
13168 21564
13168 21574
13168 25345
13168 17969
14094 25252
14094 13972
14094 20787
14094 5301
14094 25017
14094 703
14094 1345
14094 2530
14094 2841
14094 4231
14094 25358
14094 21684
14094 11056
14094 10194
14094 14094
14094 11765
14094 18739
14094 22599
6756 10547
6756 12337
6756 6756
6756 1840
6756 21907
6756 1384
6756 14467
3603 24703
6101 22815
6101 25378
6101 3621
6101 24879
6101 25094
6101 23490
6101 11317
6101 6101
6101 1441
6101 8799
6101 1044
6101 24843
6101 25304
5094 22973
5094 16943
5094 5094
5094 15242
1481 13265
24819 17913
24819 15934
24819 9072
24819 454
24819 408
24819 6094
24819 18086
24819 23141
24819 14006
24819 8430
24819 763
394 19860
394 25356
5935 18060
5935 13265
17308 4246
17308 11926
17308 38783
17308 25228
17308 25376
17294 425
17294 17294
2837 2837
2837 15630
2837 15032
2837 6753
7983 9694
10734 14493
7519 2900
9149 6494
25093 1050
12120 14830
24848 8744
24848 16766
24848 1478
3546 6822
11859 17969
6129 1355
1047 22714
1047 25136
102 763
102 102
6262 6794
6262 6262
6262 1040
6262 1826
23743 1441
8798 6094
9896 13650
25401 25401
25401 11768
25401 4790
25401 2954
25401 2841
23104 11100
24955 21051
24955 11332
24955 24955
11949 4872
9422 11054
1465 19294
1465 16533
1465 12531
1465 10503
1465 6015
1465 12914
1465 16323
1465 428
1465 12486
1465 1345
1465 25260
1465 18263
1465 25322
1465 13552
1465 24706
1465 1465
1465 21684
1465 5626
1465 3272
1465 12310
1465 24901
1465 5259
1465 23571
25301 7743
25301 25301
25301 1176
25301 2000
3803 5092
3803 24864
297 9924
297 5309
297 25157
297 5301
297 22236
297 10503
297 5534
297 13410
297 297
297 13265
297 4910
297 8799
297 766
297 1310
297 5175
297 24965
297 3544
297 1306
297 405
297 9025
297 9072
297 11504
297 1703
297 25123
297 8381
297 18739
297 18836
297 5495
297 25445
297 6153
297 6794
1015 1015
1015 13480
15470 6794
15470 23947
22829 121
22829 14447
22829 2841
22829 11025
22829 12166
22829 8103
9617 25341
9617 12310
9617 9617
9617 4707
9617 7437
9617 1186
15289 15289
15289 824
15289 17969
2192 10265
2192 23141
1018 21123
1573 317
1573 25240
1573 1345
24479 2035
24479 460
24479 16981
24479 8103
24479 1
2821 2821
2821 18238
2821 2874
2821 50973
2821 13625
2821 3503
2821 15242
2821 1355
2821 1021
2821 10194
5091 23373
5091 25326
5091 24953
5091 12176
21051 8588
21051 21051
21051 22470
21051 25094
21051 1131
21051 10265
21051 4690
25166 13650
25166 25166
25166 25156
10909 24078
10909 22714
10909 6269
10909 1106
10909 4961
10909 24393
10909 7206
10909 18060
10909 8538
10909 2051
10909 7717
10909 1898
10909 7311
10909 7521
10909 6094
10909 2954
10909 25222
10909 14467
10909 10909
10909 5583
10909 6214
10909 3503
10909 20787
10909 25302
10909 7437
10909 763
10909 3621
10909 25136
10909 1355
10909 2562
10909 1840
10909 121
10909 21337
10909 22247
10909 451
10909 9550
1233 454
1233 8508
25160 15629
25160 10400
13480 11863
25284 18060
25284 1528
25284 25284
24957 18060
24957 4149
24957 10400
24957 4231
24957 1528
25243 25248
25243 3948
7949 6094
18836 18836
18836 9068
18836 18060
18836 2954
658 766
25218 10400
25218 11919
37646 37646
37646 2841
24195 25244
24195 2900
24195 8799
259 49
13139 22975
10941 10941
10941 2035
10941 16857
10941 11540
10941 12166
25047 9850
25047 24274
9550 23338
9550 9550
9550 18060
9550 1946
9550 16178
9550 1587
9304 13265
9304 10610
25030 18060
25030 11100
14551 25264
14551 24394
6781 36814
6357 12178
7507 24592
25090 10503
11009 935
11009 21123
6818 1478
6818 6137
3473 22002
3473 402
3473 12310
3473 3995
3473 3473
23959 23959
24854 24525
24854 24854
6506 450
6506 20787
6506 24713
6506 8799
6506 24945
6506 10194
6506 21123
318 11540
17945 17945
17945 20215
17945 6494
25422 9025
25422 1266
519 17965
519 18000
519 25309
824 22714
824 25266
824 25042
824 17118
824 824
824 25255
824 25182
824 25421
824 17532
824 766
17036 18263
450 24078
450 2841
450 1106
450 24713
450 1355
450 613
450 21123
450 9430
450 8430
450 18238
450 11926
450 703
450 450
450 25351
10696 19475
5371 24820
17581 25123
24916 24916
24916 1441
24916 10819
24527 7206
24527 24527
24527 2530
24527 22470
9269 25194
9269 9269
9269 14111
9269 1946
9269 24547
7352 25370
14955 9652
14361 25053
271 1149
6771 25383
24932 18060
24932 1464
6278 25402
6278 21564
8590 955
10194 12858
10194 5301
10194 12166
10194 11919
10194 18060
10194 1345
10194 6206
10194 17083
10194 24971
10194 1867
10194 18571
10194 1355
10194 8103
10194 10194
10194 24021
10194 15512
10194 12310
10194 24864
21987 1
24187 4231
24187 2530
24187 5301
25207 25179
22714 22714
22714 11100
22714 20215
22714 4054
22714 12296
22714 25326
22714 19475
22714 8799
22714 7193
22714 9072
22714 1587
22714 1478
22714 6094
22714 18238
22714 17113
22714 25222
22714 19949
22714 21864
22714 10503
22714 20787
22714 6545
22714 4619
22714 20507
22714 7311
22714 25255
22714 16046
22714 2841
22714 7031
22714 6085
22714 24750
22714 2035
22714 532
22714 121
22714 454
22714 14493
22714 1826
22714 5640
19276 19276
19276 3621
19276 17047
19276 14626
19276 763
25252 25252
25252 10400
25252 13972
2811 15629
2811 11100
2811 25412
13265 3848
13265 24794
13265 25045
13265 13410
13265 5045
13265 12218
13265 18000
13265 13265
13265 18060
13265 19475
13265 4639
13265 4790
13265 4231
13265 4463
13265 25327
13265 24445
13265 2870
13265 2841
13265 492
13265 25101
13265 9871
13265 4246
13265 7762
13265 25442
13265 1310
13265 25402
13886 2264
1310 4231
1310 23194
1310 1306
1310 11084
1310 18698
1310 1310
1310 4144
1310 25172
5340 6094
5340 14493
5340 6794
5340 5794
5340 1305
5340 8430
5340 2672
6647 6647
2870 12914
2870 2870
21800 21800
21800 21684
21800 20787
21800 6976
21800 7644
1587 14493
1587 454
1587 24967
1587 8799
1587 1587
24820 2310
24820 1004
24820 9430
24820 2642
24820 24820
24820 24274
25125 11105
5627 3384
5627 1568
5627 13552
1946 16035
1946 2672
1946 10503
1946 3969
1946 7206
1946 25424
1946 25194
1946 18589
1946 2051
1946 24883
1946 3621
1946 31339
1946 2841
1946 14111
1946 8106
1946 6794
1946 1946
22635 15032
12129 12914
19860 19860
12106 12106
12106 13694
3977 8183
3977 20787
3977 3977
15054 18263
9102 1050
9102 25236
447 20215
7437 1040
7437 16857
7437 7437
7437 3621
23078 7193
23078 17532
24430 10729
1266 5789
1266 1266
1266 14024
1266 12176
1266 25281
25424 2938
11541 22051
11541 11541
11541 730
11541 766
15242 18237
15242 15242
15242 88
15242 2874
75 3995
11124 2264
2285 24877
7399 1939
7399 9164
7399 7399
24704 18060
23013 3948
23013 25033
10227 24403
970 18739
4035 1345
2165 1478
2165 2266
19294 19294
24563 11540
24563 956
24563 24563
24563 4361
24563 22141
408 4246
13410 4333
13410 6085
13410 18739
13410 848
13410 9924
13410 13410
5263 5789
21688 10744
21688 2264
21688 454
21688 21688
21688 3032
16762 19475
16762 22479
16762 5101
6034 7093
25341 3384
25341 21787
25341 2290
25341 21684
25341 10076
20529 19229
5484 9317
405 405
2575 9924
8103 14925
8103 6206
8103 360
8103 3995
8103 20787
8103 21684
8103 25138
8103 20302
8103 18060
8103 25223
8103 25260
8103 8103
81 19475
37021 14447
37021 3544
11317 13832
25370 613
25370 25370
3996 23758
21291 4231
21291 3032
21291 24757
21291 15934
21291 7041
21291 25091
21291 21291
21291 13650
21291 766
23240 18060
23240 6794
23240 344
23240 23240
25153 10503
25153 11540
25153 25153
3324 1050
3324 6521
3324 3503
3324 3324
3324 16504
3324 5229
3324 25314
3324 11919
3324 25407
3324 16607
3324 13650
6658 25260
13070 21059
21940 25013
21940 2874
12904 4354
12904 24525
25302 5583
4069 4246
6269 19475
6269 19520
20782 20782
23772 1
1056 1056
1056 1441
1056 6137
12357 13832
12357 11828
3350 25040
25209 25209
18237 25228
18237 25117
18237 25129
24936 12858
24936 6794
24936 35840
362 6032
16054 1096
9024 6094
9024 25318
25095 1019
16494 25179
2042 10839
2042 20302
12914 25415
12914 2083
12914 16943
12914 38783
12914 9581
12914 22479
12914 12914
12914 25260
12914 1040
12914 2051
12983 21962
25305 6205
21620 24646
23064 23064
22815 22815
22815 35353
6521 1657
24700 11540
22599 22599
8588 8588
8588 11768
8588 8769
8588 25339
5309 5309
5309 2024
5309 35353
21864 13552
21864 23141
16425 35353
12176 7673
12176 18589
12176 13625
12176 3402
12176 3684
12176 12176
22002 14447
22002 22002
22002 2841
22002 49
22002 23860
22002 10368
22002 12166
22002 24965
2481 11100
2481 24757
2481 1355
24634 6094
25184 8680
25184 3568
25184 25146
25184 15503
25339 11054
25339 8719
25339 25339
25339 7699
2741 10339
4720 18263
4720 6094
4720 3684
1256 2841
25264 24953
25264 14830
3272 1916
3272 1450
3272 3272
3272 18086
3272 1229
25200 10400
20781 20781
20781 6976
20781 12166
24707 613
24707 10265
24707 24707
24707 18060
24707 22345
24707 763
22088 14006
532 14493
25053 25053
25053 20787
25326 9072
25326 630
25326 6976
25326 23297
25326 23611
25326 25326
25326 8799
25326 1044
3106 1770
3106 8799
3106 21123
3106 18060
3106 12337
3106 3106
3106 5506
3106 10035
3106 15837
22526 6094
25390 1
25256 1447
25256 3621
25256 2530
25256 25256
25256 25383
24757 11100
24757 24757
5585 18086
5585 5585
5585 1306
11084 15629
11084 2841
11084 35353
11084 11084
11084 9928
11084 20787
11084 21684
11084 324
11084 1345
25055 1131
14493 13441
14493 25029
14493 20215
14493 9072
14493 24713
14493 1355
14493 1483
14493 22051
14493 18238
14493 828
14493 14493
14493 8857
14493 10503
1198 18060
18739 9924
18739 25235
18739 18739
5268 21339
2233 121
2233 2530
2233 14024
17113 1847
17113 17113
17113 13650
10368 14771
20557 1345
20557 6976
20557 19949
20557 20787
20557 21684
20557 20557
20557 12486
6460 9401
6460 18965
1540 18263
1540 12156
1540 1540
1540 613
1540 5259
3402 7673
3402 23789
3402 3621
3969 18060
3969 11540
3969 4790
613 13904
613 25356
613 16504
613 24937
613 25240
613 24611
613 25272
613 25179
613 25175
613 8799
613 613
613 13650
613 21907
613 24834
613 25421
613 21574
2356 35353
2356 12310
2356 25402
2356 2356
19959 19959
19959 2954
4312 5175
16934 8799
13625 8008
13625 9072
13625 13625
11540 13441
11540 21349
11540 22141
11540 11640
11540 18060
11540 11570
11540 19885
11540 14447
11540 11540
11540 2841
11540 344
11540 24021
11540 5775
11540 733
11540 3959
11540 16578
11540 3901
5081 2841
11054 6094
11054 11054
11054 18060
11054 25314
11054 1061
11054 25230
11054 935
11054 25432
24536 1898
24536 6494
3544 3544
3544 4842
3544 1
22051 1898
22051 5794
22051 22051
22051 25024
22051 20787
22051 2796
22051 6871
22051 8799
22051 13650
25199 6094
24208 24877
4180 25117
10744 3032
17261 25136
17261 23987
24899 6094
24899 121
24899 9430
8008 2672
8008 22971
8008 8008
8008 13650
18060 25127
18060 22727
18060 2672
18060 19048
18060 8942
18060 6976
18060 18060
18060 20516
18060 10290
18060 18000
18060 6495
18060 703
18060 25400
18060 15629
18060 4246
18060 1898
18060 5789
18060 2841
18060 9072
18060 492
18060 6094
18060 7762
18060 5495
18060 4231
18060 5101
18060 955
18060 25327
18060 8410
18060 25013
18060 15187
18060 24611
18060 24876
18060 18263
18060 25065
18060 5175
18060 11599
18060 1306
18060 14830
18060 4158
18060 22376
18060 25303
18060 4167
18060 3568
18060 4463
18060 12832
18060 5259
18060 1355
18060 12706
18060 6794
22141 22141
25075 18263
25075 25075
25075 6015
25075 3948
25075 6666
25075 1441
25075 6205
25075 25000
1898 4231
1898 22727
1898 1898
1898 5794
1898 13904
1898 6494
1898 24296
1898 5743
1898 18086
1898 13650
1898 16941
13552 13552
13552 9072
13552 24965
5229 11100
5229 1176
5229 12978
5229 6794
3237 25379
7294 25042
7294 25249
7294 7294
7294 3983
9564 25086
9564 24409
1305 8775
7183 21028
12310 13972
12310 402
12310 25136
12310 15512
12310 12310
12310 25223
12310 21123
25065 25065
20038 4361
9672 3995
12218 4231
12218 12218
12218 317
12218 14447
12218 6666
12218 23935
19520 1004
19520 4661
19520 25136
19520 19520
1320 3568
24732 9025
12107 25013
12107 22741
4235 5482
2954 24501
2954 398
2954 1423
2954 25024
2954 15503
2954 3684
2954 11926
2954 24180
2954 22971
2954 763
2954 24843
2954 25400
2954 1050
2954 1306
2954 25118
2954 1708
2954 24871
2954 24417
2954 25089
2954 16659
2954 25060
2954 3568
2954 10265
2954 25373
2954 2029
2954 25230
2954 2954
2954 14830
2954 9025
3948 3948
3948 36814
3948 25345
1050 468
1050 9417
1050 1441
1050 1050
1050 24750
1050 3503
1050 20302
1050 451
1050 11919
1050 25260
1050 2530
1050 50973
14111 24994
14111 12082
1464 35353
1464 11919
1464 17965
25378 2530
25378 25378
1355 13441
1355 728
1355 3503
1355 2807
1355 20787
1355 4872
1355 25228
1355 22
1355 1355
1355 1826
1355 18238
1355 733
1355 1985
25440 1441
25440 21349
25440 10095
14901 18263
14901 7252
14901 14901
22606 13972
15934 11417
15934 18263
15934 16766
15934 6976
15934 24864
15934 21123
15934 25260
21059 21059
12858 12858
12858 16035
12858 2874
35840 24501
35840 398
35840 25109
35840 8419
4874 4144
4572 24525
8857 10400
4790 4333
4790 3995
4790 21123
4790 4463
4790 25013
4790 21574
4790 23935
4790 4790
5794 18086
5794 5794
5794 24897
9072 20568
9072 398
9072 20215
9072 6976
9072 24937
9072 24812
9072 19475
9072 8799
9072 2841
9072 9072
9072 454
9072 21123
9072 6094
9072 22785
9072 13904
9072 24713
9072 20787
9072 3684
9072 13462
9072 12337
9072 763
9072 18263
9072 25309
9072 3568
9072 25136
9072 24864
9072 16033
9072 121
9072 23141
9072 23935
1568 13832
1568 18000
1568 1568
1568 30691
1568 11028
21684 1441
21684 25045
21684 2051
21684 6953
21684 21787
21684 24965
21684 17965
21684 21684
21684 25017
21684 10076
21684 6094
21684 20302
21684 25402
1478 20507
4246 4246
4246 10610
4246 25268
4246 10035
2383 5301
25168 6094
25168 3568
25168 25168
11599 16046
25222 143
25222 2841
25222 1096
25222 9025
11417 454
11417 2266
5583 5583
5583 8538
5583 24393
6494 8430
6494 828
6494 6494
6494 24296
6494 35357
20787 6206
20787 943
20787 26801
20787 7206
20787 2266
20787 766
20787 6094
20787 6137
20787 23141
20787 1441
20787 5301
20787 20787
20787 16323
20787 2264
20787 1345
20787 6953
20787 24768
20787 21265
20787 3621
20787 35353
20787 3634
20787 24417
20787 13832
20787 451
20787 24547
16504 13972
16504 16504
13462 4231
2024 66
2024 4231
2024 2024
2024 11926
5587 14447
5587 49
5587 5587
25109 6976
25109 22757
19774 24897
344 1483
344 5175
344 20233
344 360
344 344
344 19949
344 20818
344 6666
344 49
344 14447
344 1094
344 3901
14925 11920
14925 17965
14925 14925
14925 381
23317 23306
3568 24938
3568 25057
3568 6976
3568 955
3568 24393
3568 12082
3568 2264
3568 24180
3568 766
3568 25038
3568 25400
3568 35353
3568 454
3568 9025
3568 24864
3568 6094
3568 3568
3568 11716
3568 13650
25136 25136
25136 745
25136 766
17965 6666
17965 20302
9430 22338
24879 24879
25156 13650
16518 6094
24646 6976
13441 13441
11100 9924
11100 11100
11100 22967
11100 25024
11100 7108
11100 24551
11100 24951
11100 8419
11100 6094
20343 1847
20343 20343
24953 20568
24953 24877
24953 24953
24953 1840
24953 25080
24953 1044
24953 13650
15503 6094
15503 25146
15503 6976
15503 3684
15503 15503
15503 11105
20674 3848
20674 12706
10290 10290
10290 6794
10290 6085
15837 9417
15837 3621
15837 15837
4842 4231
4842 346
4842 4842
4842 2874
14340 15424
17828 17828
19048 19048
2083 2083
2083 7041
2530 7031
2530 5301
2530 25145
2530 468
2530 12178
2530 2530
5775 5775
5775 3759
5775 12166
8381 1306
8381 5301
8381 10503
18498 25017
18498 10076
18498 18498
24394 24394
25146 9025
25146 25146
25146 3684
431 1483
431 9833
9317 9317
9317 19475
9317 1345
9317 5513
9317 16033
25432 1131
25432 17773
25432 11919
24876 24876
1631 1441
31339 31339
14830 1483
14830 13358
14830 2290
14830 3684
14830 22741
14830 14830
14830 454
14830 239
14830 10095
14830 25123
14830 18086
14830 25388
14830 23935
24409 35357
24409 24409
24409 23297
24409 21339
1703 13972
25182 1004
25182 1441
25182 8799
25182 25182
24987 17596
12832 370
11143 13904
5656 1004
5656 5656
12081 24641
25024 143
25024 1737
2926 1992
10518 5701
17118 17118
17118 25106
17118 454
18000 18000
18000 10076
17047 20302
23490 9025
23490 23490
18086 18086
1131 16943
1131 1450
1131 21123
25017 9871
25017 6976
25017 25017
25017 2874
1528 4231
1528 1528
3959 3959
14098 18263
3848 3848
24501 24501
934 21123
934 934
3503 20215
288 11546
955 25400
11640 25415
11640 17083
11640 2138
11640 11863
11640 11640
5420 4231
5420 5420
5789 5789
5789 17177
19885 454
19885 3684
19885 20215
19885 19885
19938 381
10400 4398
10400 5810
10400 4690
10400 11919
10400 6753
10400 703
10400 25080
10400 2874
10400 5301
10400 15629
10400 10400
10400 4170
10400 25021
10400 22991
10400 1004
10400 14467
25021 4231
25021 25021
25021 19475
25021 2874
24706 1446
1826 22247
1826 35353
1826 21564
25379 4361
24313 13289
24313 24313
121 20215
121 24713
121 18589
121 10718
121 2841
121 381
121 454
121 25013
121 23336
121 121
121 9401
121 21564
13268 25402
7666 1939
10503 24843
10503 24877
10503 18589
10503 703
10503 25351
10503 2841
10503 16943
10503 9015
10503 25260
10503 7776
10503 10503
10708 6794
801 4231
3901 11546
3901 15512
3901 14447
24547 6794
24078 24078
24078 6794
24078 2874
24078 402
24078 763
24078 12166
25312 25097
1574 1646
4961 5259
4961 4961
343 18263
22975 22975
9833 7031
9833 9871
22217 1345
24834 24834
11716 1441
11716 20302
11716 25272
11716 36814
11716 6976
11716 1044
5100 24713
19727 25104
22189 25376
30691 469
30691 30691
3684 25246
3684 22741
3684 8153
3684 25057
3684 3684
3684 1450
3684 12337
3684 11919
3684 18589
3684 25268
3684 5092
3684 25388
3684 2807
3684 25407
3684 13763
3684 9025
4690 20516
4690 9652
4690 21907
4690 4690
1536 4231
25033 25033
22277 2000
22277 22260
22277 22277
766 15915
766 12156
766 18589
766 2051
766 16033
766 766
766 1657
766 1840
766 21123
766 6094
766 13650
9891 10265
9891 6153
5701 5701
1094 11546
1094 1094
5575 17773
4158 4158
4158 11926
451 5175
451 451
20302 6646
20302 25356
20302 18116
20302 8430
20302 16323
20302 2106
20302 2266
20302 18263
20302 16943
20302 2841
20302 9928
20302 12166
20302 22973
20302 20302
24901 25011
1040 1040
1040 2841
5092 6153
2106 16943
7631 1441
398 21564
398 10265
398 398
398 5734
398 8338
398 6976
1106 5482
11504 11504
11504 5301
11504 1306
21230 21230
21230 11072
12156 8799
12156 10839
12156 2622
12156 22029
12156 21123
17532 15629
14447 18263
14447 6646
14447 20818
14447 6094
14447 20356
14447 14447
14447 25092
14447 24021
14447 8824
14447 2266
14447 6666
14447 733
14447 25260
14447 13251
24812 24812
24812 16033
24812 2290
24812 13650
4144 24937
4144 24713
4144 6153
4144 4144
4144 21574
24445 24445
4872 24713
4872 4872
4872 2266
24417 24417
24417 5810
24417 703
24417 21123
10076 9871
10076 4054
10076 10076
21123 1483
21123 13972
21123 935
21123 6153
21123 2622
21123 21952
21123 745
21123 317
21123 454
21123 763
21123 18238
21123 21123
21123 11546
4463 4463
9035 2841
5495 18263
5495 2841
370 1648
17913 17913
17913 14006
17913 763
17913 8508
17913 2874
23907 3058
799 10265
2807 1474
25057 25057
13640 17009
25129 25129
8508 23141
8508 454
8508 703
8508 2621
25013 2874
25013 25013
402 24713
25345 25345
25345 13650
4361 19475
23857 23857
23857 21907
23857 763
22260 23141
25267 25267
25267 1149
25356 25356
25356 21265
25356 21349
25356 13972
22833 22833
24959 3032
25138 6646
12019 21564
25179 18931
25179 25179
4398 4398
4398 6753
18812 15575
22247 22247
22247 16046
2841 38783
2841 21952
2841 703
2841 2051
2841 8799
2841 3621
2841 40
2841 2841
2841 25101
2841 24802
2841 16046
16785 24021
16785 360
8131 25388
22479 5738
22479 19475
7410 703
3995 5301
3995 3995
3995 12166
2290 5738
2290 2290
2290 4112
23261 8799
1345 25045
1345 24880
1345 1441
1345 1345
1345 5301
1345 18263
1345 5626
1345 6094
1345 24792
1345 15516
763 20568
763 379
763 78
763 9401
763 2051
763 763
763 18263
763 3621
763 15512
763 13776
25060 9025
25060 13650
24891 23141
24891 24891
24891 16046
7206 6085
7206 8410
7206 7206
7206 2000
7206 24611
25194 6307
25194 25194
25194 2000
25175 21907
25175 12178
25150 20186
25150 25150
20516 1441
20516 20516
20516 703
20516 24525
1149 3621
25157 935
25157 13650
25157 25157
24938 20507
24938 24938
8799 20215
8799 2900
8799 8799
8799 21162
8799 18263
8799 3621
8799 1306
8799 13650
8799 6094
8799 21574
35833 13904
15629 15629
15629 3621
15629 16943
15629 11765
15629 8430
15629 23141
9960 4231
9960 9960
15231 15231
9164 11051
25111 6094
25111 25111
9581 9581
10095 21265
10095 13972
10095 10095
10095 21564
6094 18503
6094 19729
6094 11854
6094 9025
6094 12166
6094 6094
6094 8719
6094 1441
6094 12617
6094 5810
6094 21349
6094 18263
6094 21265
6094 3928
6094 25318
24792 24792
11920 2051
22379 25373
5387 2039
360 18263
360 19949
360 360
360 24021
360 25260
360 16857
25327 9871
1 12166
1 1
22429 22429
24196 25106
3502 2051
3502 19949
3502 3502
8410 1004
8410 6794
8410 5810
8410 454
8410 35357
454 13358
454 25080
454 18263
454 1657
454 1162
454 454
302 302
302 1306
20833 16659
24838 24966
3077 25091
8153 8153
4112 4112
5045 5045
8932 25299
935 935
935 2874
25272 1441
2266 13762
2266 11926
2266 6545
23297 16046
10839 13904
1021 10547
1021 50973
7743 6085
1441 21349
1441 9093
1441 25045
1441 8942
1441 1441
1441 9652
1441 18263
1441 21265
1441 943
1441 24798
1441 21162
1441 16959
8419 8419
1384 9417
3032 3032
16557 13650
6545 5534
6545 4054
6545 11926
66 7031
66 15512
13404 13404
4170 18238
1306 16946
1306 13904
1306 5301
1306 1306
1306 7031
1306 3621
1306 35353
1306 25101
24897 35357
24897 1847
24897 24897
5072 20507
10819 19444
10819 25368
22973 18263
22973 22973
22973 7311
22973 22757
25402 943
25402 8726
25402 25402
25318 25318
13061 21564
25127 9025
25127 6794
22727 8430
22727 22727
2138 20215
2138 2138
9093 9093
8942 8942
4333 4333
4333 19475
4333 11926
25386 25386
25386 6153
25386 21724
24864 5301
24864 6976
24864 21428
24864 24864
24864 16046
14006 14006
7368 7368
7368 18131
19729 18263
19729 4231
19444 19444
18483 1004
18483 6153
10384 10384
9025 22236
9025 9025
9025 6976
9025 17901
25101 9871
25101 25244
25101 25101
12166 18263
12166 16943
12166 23754
12166 9928
12166 25257
12166 25260
1004 6794
1004 6976
1004 1004
1004 1450
18238 828
18238 20215
18238 18238
18238 6137
16946 16946
25311 13972
25311 17969
745 5259
745 745
1061 25230
21339 35357
21339 21339
1939 1939
12337 22650
12337 12337
20507 20507
25080 1162
25080 25080
25080 24525
16857 38783
21265 21265
21265 1107
21265 24965
21265 5175
21265 25387
21265 21564
21564 36814
21564 13650
21564 20816
21564 21564
16033 1483
16033 22747
23141 3621
23141 7041
23141 36814
23141 17773
23141 23141
2612 5301
36814 22052
36814 36814
1688 18286
1688 22052
2000 18263
1100 49
6153 1483
6153 22741
6153 24713
6153 6153
6153 24611
19475 11926
19475 19475
19475 2874
88 88
24883 6794
8106 6794
8106 8106
9401 5732
9401 9401
25306 9871
25306 25306
24711 24711
14024 14024
25235 9924
38783 6794
38783 38783
5101 15915
5101 5101
24880 24880
24880 35353
2362 16046
7311 7311
16046 16046
317 317
8726 24965
1840 1840
4167 13650
6666 24021
6666 6666
6666 6976
6666 23935
15512 7031
15512 15512
239 6794
22052 10265
22052 22052
8430 24551
8430 1162
8430 8430
8430 25086
8430 25265
22971 22202
18931 18931
25236 6976
24551 9652
24551 24551
11056 4231
11056 956
17050 14771
24967 828
13650 3621
13650 18571
13650 13650
5513 35353
23860 20568
3759 1096
25421 25421
6753 6753
2622 828
2622 17969
5506 5506
13763 13763
25089 25089
21162 21162
1483 1483
1483 24713
1483 11919
16035 16035
25094 25094
25094 21907
19929 9924
1162 11919
1162 1162
8276 25373
24180 24180
25373 25373
25123 25123
13289 21907
2051 3621
2051 35353
2051 2051
2051 16323
2051 25260
21907 25056
21907 21907
1646 6794
23193 25368
25351 25351
25294 35353
24966 4231
11028 11028
5301 5301
5301 703
5301 4231
5301 24965
6953 6953
25358 703
25358 17009
25358 25358
22785 22785
35357 35357
35357 5743
16419 16419
16419 24392
2056 3659
2056 2056
10035 10265
10035 10035
2672 2672
11768 11768
9652 25056
703 3621
703 703
1044 25056
7458 24611
4231 25406
4231 24965
4231 4231
4231 4042
4231 25091
23754 23754
22008 23327
24525 4054
24525 19949
24525 24525
24525 9871
24525 21574
24525 24945
24021 24021
9924 9924
17773 17773
1557 13972
24713 24713
24713 3659
24713 25400
8786 6856
11546 18263
11546 11546
11546 956
24274 17114
24274 24274
35353 3545
35353 11919
9928 9928
9928 7776
13832 13832
5259 6794
5259 5259
23935 4149
23935 4653
23935 23935
956 18116
4653 4149
4653 4653
20568 6976
20568 20568
25056 25056
4042 18263
4042 4042
21349 13972
21349 21349
22741 22741
22741 11926
22393 22393
25122 49
11072 11072
21574 6107
21574 21574
17164 17164
25091 25091
5534 5534
5743 20215
5743 5743
18116 18116
1450 1450
24965 7031
24965 5175
24965 24965
2039 3621
25407 25407
25415 6794
6856 6856
50973 50973
20215 18263
20215 20215
6976 6976
6976 15506
6976 10265
24370 24370
25387 25387
25042 25042
19367 25260
9417 9417
9417 3621
12178 12178
24843 24843
3200 25106
25309 25309
25187 25187
13972 13972
4054 9871
4054 4054
4054 11926
24474 15630
11919 11919
381 381
11926 11926
24794 24794
24611 24611
5175 5175
3621 18263
3621 3621
3621 6794
10265 10265
25230 25230
25045 25045
23789 23789
49 18263
49 19949
49 49
49 18355
49 6249
732 15642
6794 6249
6794 18263
6794 6794
6794 18355
25400 25400
24945 24945
16533 16533
16533 25260
19949 19949
18355 18355
9871 9871
6249 6249
18263 18263
6085 6085
