13441 121
13441 3992
22149 22149
22149 21684
22149 7644
22149 1573
11100 27
11100 21230
11100 11072
11100 12674
11100 23900
11100 24459
22049 18060
22049 970
22049 22049
20343 6936
20343 4078
20343 935
20343 3343
20343 14830
22236 3568
22236 9025
5903 24302
5903 4177
24336 3568
24336 22202
24336 6043
24336 9072
14334 1847
15503 13490
15503 8680
15503 7110
15503 2575
15503 11105
15503 15503
24381 11142
24381 2954
24381 3324
24381 8737
24381 24381
24415 5659
24415 13265
24415 7460
24415 4144
24415 1384
24415 3521
24415 24415
9232 13650
9232 24527
9232 8131
10290 1946
24752 1004
24752 24752
1450 1610
1450 3773
1450 20532
1450 2051
1450 9626
1450 5010
1450 15640
15837 11142
15837 22714
15837 6085
15837 2954
15837 15837
15837 17361
15837 10365
15837 6094
15837 5887
24564 2874
24564 24564
24564 5690
4384 5963
6269 2192
6269 14094
6269 6269
6269 8176
6269 3568
6269 792
6269 1345
6269 21684
6269 10909
12261 2954
12261 4535
12631 2000
12631 23648
12631 12631
9422 7717
18805 2000
18805 1946
24442 12705
24442 21815
24442 18060
24442 4144
24442 24442
24442 10909
24442 4790
9124 1946
9124 8719
9124 9124
9124 10035
24550 11142
24550 121
24550 11054
24550 9101
24550 24550
24550 24555
24550 22345
14493 10930
14493 675
14493 1106
14493 10322
14493 11142
6861 14830
11376 7294
11376 11376
11376 23141
11376 1106
11376 13360
11376 8707
11376 763
7492 824
7492 8855
11877 6976
24625 184
24625 7952
14875 14875
14875 3568
14875 454
14875 12705
14875 8857
14875 3684
24805 4367
17457 24478
5498 18238
5498 15934
2906 7671
2906 17965
10366 6666
10366 11546
10366 1310
10366 1306
10366 10366
10366 1532
24394 7294
24394 3948
24394 1540
24394 613
24394 13168
24394 24394
24394 1281
21564 17035
21564 6278
21564 613
21564 21574
21564 13168
21564 24525
21564 4402
21564 9871
21564 4054
21564 11901
21564 20816
21564 21564
14202 2481
14202 21979
14202 1114
20716 1946
20716 15293
20716 20716
431 431
431 20516
431 14830
431 3568
431 2954
431 3402
431 10909
24584 1266
24584 10446
24584 3948
24584 24584
24584 5963
9317 6794
9317 3077
9317 6214
9317 9317
9317 21684
9317 3324
9317 1107
9317 16033
9317 10547
9317 6342
9317 12166
9317 9652
9317 22052
9317 8799
9317 10909
9317 4245
24727 14925
24333 1847
24333 23578
24333 24076
24333 3568
24333 6666
24333 3684
24478 1631
24478 3568
24478 11920
24478 2903
24478 12481
24478 10909
24478 6772
19048 4231
19048 297
19048 6032
19048 12664
136 20729
15606 8621
15606 3996
15606 9449
15606 16046
6183 24541
6183 6129
6183 11920
11142 6936
11142 12858
11142 10744
11142 24216
11142 24173
11142 1179
11142 16702
11142 24695
11142 8430
11142 24233
11142 8799
11142 5378
11142 24191
11142 1463
11142 24554
11142 24543
11142 3773
11142 1573
11142 24417
11142 24771
11142 36814
11142 24396
11142 24245
11142 21123
11142 24424
11142 5091
11142 10035
11142 24302
11142 13809
11142 24720
11142 6818
11142 24491
11142 6494
11142 3568
11142 23388
11142 20787
11142 24539
11142 3684
11142 23796
11142 23758
11142 1939
11142 18086
11142 21965
11142 24433
11142 22429
11142 2741
11142 1345
11142 24454
11142 18263
11142 24143
11142 317
11142 24707
11142 2000
11142 7709
11142 35353
11142 24199
11142 11142
11142 24434
11142 1643
11142 11084
11142 6043
11142 1483
11142 1650
11142 454
11142 302
11142 24536
11142 16615
11142 6756
11142 24423
11142 2627
11142 8755
11142 5690
11142 4639
11142 24192
24157 22051
24157 24157
24157 10446
17760 12705
17760 14915
17760 12976
24647 18060
24647 24647
16040 630
16040 13650
24309 24309
24309 9871
24309 2874
4430 1898
4430 5963
4430 4430
19949 14163
19949 18238
19949 2841
19949 1465
19949 3106
19949 6205
19949 19949
19949 24461
19949 6976
19949 4177
9449 18263
9449 12390
9449 2841
9449 10909
9449 9449
9449 10076
9449 15672
12976 2000
12976 6794
12976 12976
12976 23317
12976 18060
12976 4177
12976 1310
586 20196
586 121
586 1355
586 10446
5034 5034
5034 15934
5034 18060
5034 11765
5034 1
5034 14094
17113 6749
24175 18060
24175 24175
2000 22714
2000 10503
2000 24115
2000 24511
2000 8133
2000 4177
2000 2000
2000 36466
2000 658
2000 16761
2000 18060
2000 15293
2000 22277
2000 23835
2000 7206
2000 778
2000 6794
2000 12705
2000 2841
2000 23317
2000 1355
2000 24734
2000 22131
2000 24338
2000 1946
2000 14915
2000 6262
22232 23953
9852 10701
24409 454
24409 23141
24409 24409
24409 763
24409 406
22209 7507
22209 1946
10454 6094
10454 1483
10454 14830
10454 8621
10454 763
10454 10909
10368 3824
10368 24692
7482 19874
24326 14094
24326 8699
8955 10446
6325 24417
24700 24695
19582 24236
9479 9479
24510 24196
12481 1483
12481 1131
12481 12176
12481 12481
12481 24247
2819 20823
51 2383
51 15672
24380 20787
24260 18060
24260 6827
24260 2841
24260 18086
24260 24260
24260 5690
24260 1688
24508 24483
8916 8719
8916 4177
18744 6666
18744 18060
18744 15247
18305 4790
15887 24423
24315 13650
24315 24315
24494 2384
24494 10909
17118 16897
17118 17118
17118 1004
17118 1441
17118 24169
17118 24196
17118 12983
19406 19406
19406 2841
19406 20186
1508 412
1508 18238
1508 2841
1508 450
1508 2874
1508 1310
4262 24389
24169 9025
23850 18263
23850 24267
23850 24303
23850 23736
23850 1266
23850 22051
23850 290
23850 23850
23850 43085
23850 5690
10203 15934
10203 16504
1335 1463
1335 3960
1335 4325
1335 47710
1335 21684
1335 2051
1335 6205
1335 16959
1335 1335
1532 18263
1532 23736
1532 15934
1532 1306
1532 20281
1532 9025
1532 21684
1532 7710
1532 24474
1532 9062
1532 13639
1532 12310
1532 2951
1532 2954
1532 2622
1532 12487
1532 3521
1532 1532
13785 24164
13785 14830
3837 3837
3837 1345
3837 1102
22854 11920
250 24184
250 1345
9068 6666
9068 24542
9068 20532
9068 9068
9068 1306
9068 15934
9068 16054
9068 24192
18086 22714
18086 1131
18086 11920
18086 18086
18086 20729
18086 11206
18086 3324
20768 22247
20768 8857
1131 18263
1131 23762
1131 1131
1131 19471
1131 22980
1131 13776
1131 19546
1131 3324
1131 1
1131 13832
1131 658
1131 16504
1131 3948
1131 2954
1131 13650
1703 12914
1703 297
1703 12706
24538 23141
24538 763
24538 24538
3343 13650
3343 4720
3343 3993
3343 3343
23993 18263
23993 23993
23993 10446
23993 15934
23993 2954
23993 24682
23993 2384
1835 7671
1528 24488
24191 11081
24191 24191
24191 13809
3959 1378
396 2720
396 24580
840 10503
10446 1483
10446 20595
10446 18503
10446 4054
10446 6976
10446 1826
10446 7206
10446 297
10446 15934
10446 1044
10446 7717
10446 39082
10446 1898
10446 9072
10446 10930
10446 2575
10446 10095
10446 4231
10446 12310
10446 14163
10446 6101
10446 2954
10446 7031
10446 346
10446 4298
10446 9924
10446 24386
10446 23736
10446 6494
10446 3992
10446 23758
10446 9022
10446 24527
10446 1306
10446 66
10446 7932
10446 19783
10446 766
10446 18263
10446 2384
10446 10446
10446 18512
10446 14830
10446 15780
10446 22051
10446 3676
10446 102
10446 5690
10446 454
10446 10909
10446 6756
10446 24423
10446 20978
10446 10035
10446 19520
14098 18060
14098 7041
1589 2384
1589 11025
1589 11143
1589 14094
1589 10194
1589 1589
23871 454
2310 5340
2310 1004
2310 4832
2310 15934
2310 4031
2310 22758
17073 6094
17073 3568
17073 17073
17073 2954
17073 24202
3473 11885
3473 1355
3473 18938
3473 24430
3473 12310
24483 18060
24483 5100
24483 13265
24483 24483
23028 1483
23028 4925
23028 6094
17644 2051
17644 1345
17644 4304
4362 5340
4362 24423
4362 15934
4362 351
4362 2051
4362 1179
4362 763
24383 121
24383 6794
24383 24379
288 288
288 5690
955 8991
955 2954
955 21724
11640 22131
23758 7460
23758 605
23758 24609
23758 6521
23758 23317
23758 22530
23758 14094
23758 23758
23758 1106
9022 9022
9022 24224
9022 22345
9022 6360
9022 22051
9022 20507
9022 24707
5420 18060
5420 5420
5420 947
5420 13265
5420 10076
10204 22051
14167 22714
14167 302
14167 36572
14167 23508
14167 24541
14167 15293
14167 24154
14167 22015
14167 10194
14167 5690
4036 11054
4036 4036
5378 18263
5378 24076
5378 24373
5378 5378
1272 21123
21367 7699
10400 15629
10400 23831
10400 10400
10400 1441
10400 5301
10400 8338
10400 2622
10400 21724
10400 1384
10400 10035
10400 4767
10675 24221
22268 24139
22980 13832
22980 11054
22980 22980
22980 16537
22980 20787
22980 19520
24178 2841
17513 17513
17513 15388
17513 848
17513 2954
17513 763
20729 22714
20729 1266
20729 4720
20729 10322
20729 6494
20729 2720
20729 10503
20729 3993
20729 8103
20729 12983
20729 21123
20729 469
20729 1079
20729 13650
20729 9545
20729 1993
24613 6101
24613 19471
8032 5239
8032 437
8032 2841
8032 12310
23833 23833
9672 3992
9672 730
9672 24527
9672 23408
9672 24587
121 22714
121 1345
121 20568
121 24718
121 24351
121 24349
121 24713
121 10503
121 16943
121 4177
121 24501
121 36067
121 18060
121 24503
121 763
121 2841
121 18263
121 24430
121 24757
121 381
121 3544
121 22989
121 1355
121 24572
121 21123
121 121
121 24379
121 4528
121 9941
121 15934
121 13265
121 24353
121 3143
121 7313
10930 10095
10930 23408
10930 3992
13268 21574
7402 2865
7402 23388
7402 21051
7402 36814
7402 24247
7666 2234
7666 13265
7666 7666
7666 18060
7666 1310
7666 2841
7666 2095
7666 4790
582 4231
582 7031
582 16943
582 24213
582 15404
582 582
582 2837
582 16857
582 21254
3897 24579
3897 6481
10503 22714
10503 24106
10503 360
10503 24156
10503 24502
10503 78
10503 4177
10503 18060
10503 11828
10503 18263
10503 3544
10503 24731
10503 39742
10503 3568
10503 1004
10503 24389
10503 24423
10503 10503
6131 24703
24150 18263
24150 24180
24150 2954
24150 767
24150 24150
12357 18263
12357 8737
12357 24541
12357 4111
12357 12357
12357 10909
3521 12390
3521 2841
3521 11025
3521 8508
3521 11765
3521 23980
3521 24423
3521 18238
3521 15934
3521 5495
3521 3521
3521 2095
3901 6666
3901 24184
3901 11540
3901 4910
3901 4177
1643 1650
1643 317
1643 1345
1643 15673
10335 2807
24704 18060
18000 4144
18000 18000
22029 11920
22029 1557
22029 12019
238 1847
238 238
274 11920
261 6085
4961 22157
4961 24057
4961 11521
4961 4572
6485 10696
24393 11733
24154 22377
24154 4580
24154 9025
24154 24154
24154 35840
4653 12858
4653 24488
4653 4794
4653 3992
12296 18060
12296 12296
12296 5081
22069 13119
24148 6101
24148 12898
6040 2481
21992 2035
21992 6827
21992 21992
4040 24729
4040 1737
4040 7108
4040 24541
4040 8799
4040 5690
4040 19783
15672 23104
15672 24565
15672 3106
15672 35840
20026 1004
20026 11920
20026 17704
24076 24076
24076 22722
24076 2384
17035 4720
24434 4231
24434 23104
24434 24434
24434 20516
24434 14830
24434 1310
24434 2290
24434 6976
24434 1446
7041 18263
7041 12166
7041 16046
7041 15673
3544 2841
3544 3544
3544 24461
3544 17822
3544 7868
3544 18060
3544 20516
3544 290
3544 16857
3544 4790
18283 290
18283 772
24208 22157
24208 19520
22217 763
22217 297
22217 9072
22217 22217
22217 2284
22217 5513
19546 19546
19546 763
19546 10909
19546 3983
2784 2481
3045 24429
3045 21339
6496 24435
11716 24723
11716 12019
11716 11716
1737 9025
12310 17913
12310 18263
12310 381
12310 13119
12310 24541
12310 12166
12310 24459
12310 3040
12310 12310
12310 1345
12310 4177
1102 1345
1102 1102
11786 11786
11786 1464
11786 1355
11786 3503
11786 4245
8472 619
2954 848
2954 24662
2954 4535
2954 15935
2954 11105
2954 2042
2954 24762
2954 24370
2954 24233
2954 17361
2954 1358
2954 7717
2954 24645
2954 405
2954 24558
2954 24603
2954 9025
2954 6094
2954 22758
2954 24524
2954 24228
2954 2575
2954 10909
2954 24300
2954 3684
2954 24621
2954 22650
2954 3773
2954 24196
2954 7845
2954 15388
2954 2954
2954 20532
2954 24417
2954 3568
2954 9101
2954 15792
2954 18653
2954 24547
14901 14901
14901 24502
14901 1358
14901 3773
17803 468
22189 2
1593 454
22503 10365
2436 3106
24215 297
24215 2841
24215 18060
24215 2106
24215 24215
24215 6262
24298 18060
8508 23814
5587 4042
5587 15934
14756 290
14756 9694
14756 14756
12640 13070
12640 12640
12640 5010
12640 1306
12640 16537
4925 11920
36466 24542
6342 675
17704 23736
17704 17704
24440 13650
4078 5002
4078 10744
4078 15934
4078 4078
4078 2807
2264 23408
2284 2284
2284 450
2284 4351
22277 22260
22277 23317
22277 12705
22277 22277
22277 24734
766 8084
766 1121
766 16215
766 5678
766 9072
766 12498
766 766
2807 7717
2807 7089
2807 10909
2807 3568
2807 14830
2807 2807
2807 6506
2807 16054
2807 1483
4832 1004
4832 4832
4832 763
4832 15934
11885 21180
3993 22714
3993 24645
3993 2841
3993 6262
3993 24563
3993 1946
3993 3993
3993 13650
3993 24396
5463 7762
5463 8103
5463 20787
5463 5463
6043 9924
6043 10909
6043 20174
6043 9072
6043 1098
6043 3684
6043 5690
919 5010
1094 6872
5575 2575
3840 3840
3840 22714
3840 2290
3840 2530
8726 5274
8726 10613
451 5274
451 16943
4325 20787
20302 17164
20302 23655
20302 22261
20302 18263
20302 9928
6950 16943
6950 24474
6950 6950
9248 18263
9248 9248
9248 1149
5519 23873
5519 2305
1040 2841
1040 11540
1040 19475
1040 1040
1040 2612
1040 7952
4794 4231
4794 24488
4794 21601
4794 24461
24340 10729
24340 24340
24340 8176
24340 20557
24340 5690
24340 12120
7631 613
7631 8855
20746 2554
1106 5274
1106 22714
1106 6818
1106 20568
1106 1106
1106 4054
1106 4177
1106 5690
1106 24428
1106 9652
1106 6953
1106 2874
1106 11395
1106 24430
1106 4520
1106 613
1106 13119
1106 24514
1106 20557
1106 21123
1106 24228
1106 21724
1106 15292
1106 15293
20919 20919
20919 17965
8855 23797
8855 14551
19379 675
21230 21230
21230 801
21230 3623
12156 23567
12156 12156
2106 17901
14447 18263
14447 6666
14447 3338
14447 3040
14447 14447
14447 344
14447 4177
14447 11540
14447 2841
4144 1483
4144 18263
4144 2384
4144 20568
4144 4621
4144 24611
4144 21574
4144 4144
24781 9502
2089 13251
19262 3040
11540 4649
11540 22714
11540 23317
11540 11546
11540 11540
11540 109
11540 24563
11540 14266
24403 10227
24403 21494
24403 18060
24403 24403
24403 2642
24403 24299
778 778
778 14266
778 23141
778 1946
23578 23578
24543 18060
24543 24543
24543 1061
24509 23792
4366 18263
4366 4366
24417 1463
24417 3992
24417 6094
24417 24417
24417 3593
24417 290
24417 1345
24417 20787
16571 18060
7710 10059
7710 7710
24245 454
24245 12337
24245 21090
10076 4874
21123 1441
21123 13972
21123 24256
21123 21684
21123 9065
21123 19783
21123 6451
21123 24428
21123 4177
21123 18263
21123 21965
21123 3922
21123 454
21123 8590
21123 5690
21123 21123
21123 23655
21123 613
21123 14515
21123 1409
1378 6976
1378 644
1378 35840
2555 11394
2555 18496
2555 2555
24505 1048
391 24195
391 17913
391 2384
391 2841
391 20532
391 297
391 18060
391 1345
391 2095
5495 23980
5495 11368
5495 18161
5495 5495
5495 6976
5628 613
5628 14579
8152 23981
24212 1946
17913 1847
17913 17913
17913 36108
17913 18512
17913 1465
17913 3593
17913 13168
17913 8133
17913 19796
17913 14006
17913 9471
17913 2622
17913 745
17913 14124
14626 24762
14626 454
14626 20948
14626 14626
24554 2841
24554 14830
799 13650
11920 1483
11920 22714
11920 36108
11920 20215
11920 17477
11920 15292
11920 16002
11920 23373
11920 23835
11920 6506
11920 13552
11920 20754
11920 1463
11920 5690
11920 1281
11920 6094
11920 454
11920 24614
11920 24616
11920 15934
11920 11920
11920 16054
11920 14517
23388 297
23388 11054
23388 3568
23388 23388
23408 22714
23408 1441
23408 23772
23408 4639
23408 24514
23408 20787
23408 10819
23408 102
23408 6666
23408 297
23408 24542
23408 3773
23408 6514
23408 23408
23408 19783
23408 2530
23408 16959
21254 290
21254 21254
21254 6756
15052 22741
5018 12858
5018 5018
5018 8799
9101 1061
8176 2841
8176 22051
8176 9025
8176 24576
8176 21684
8176 10194
8176 24338
8176 14094
8176 10265
8176 23141
8176 8176
8176 12178
8176 14163
8176 6205
24636 35357
24636 454
24636 24640
24636 7845
24636 6101
15293 9896
15293 22247
15293 8991
15293 2841
15293 10384
15293 7507
15293 6634
15293 8133
15293 7206
15293 24780
15293 9072
15293 1946
15293 15293
15293 6794
11828 6094
11828 3402
11828 11828
12858 4231
12858 12858
12858 5301
12858 8338
12858 9025
12858 18060
12858 13972
22624 8737
7709 10194
402 19471
402 8684
16215 8755
16215 16215
3593 21028
3593 302
3593 3593
3593 16857
2720 15934
2720 22051
2720 4639
2720 763
24598 9025
24598 3684
24598 24598
11870 18060
11870 11870
11870 5963
24744 6481
15404 4231
22470 22052
22470 24527
22470 22470
12674 12674
12674 24459
24396 24396
21100 12651
21100 21100
1409 1483
1409 10059
1409 2384
1409 24430
1409 20272
1409 11206
1409 17901
1409 10194
1409 24695
6651 17896
6651 24116
6651 36814
658 8588
658 3676
658 6205
658 36687
23567 23567
15743 1441
15743 20823
15743 17969
5002 6976
12390 13265
12390 3996
12390 12390
37691 17164
15935 15935
15935 3684
24525 4874
22833 22008
24303 24303
24303 2384
605 605
605 9304
3029 22714
5312 10322
24233 23736
24233 24233
24233 6101
24233 21684
24774 6153
24774 13650
7868 19203
7868 6506
7868 2481
7868 19475
7868 11765
7868 7868
13972 6818
13972 13972
13972 11072
13972 394
13972 24256
13972 21684
13972 12826
13972 22606
13972 745
13972 450
13972 14515
13972 3623
24773 14094
22247 519
3759 1004
3759 24578
3759 10909
2841 23104
2841 11025
2841 24156
2841 4177
2841 297
2841 13265
2841 5690
2841 18060
2841 8799
2841 4790
2841 5340
2841 17308
2841 4002
2841 35357
2841 39742
2841 12166
2841 18238
2841 15934
2841 1713
2841 6262
2841 12402
2841 24588
2841 6794
2841 24802
2841 24527
2841 1649
2841 23317
2841 2837
2841 2530
2841 2841
2841 18263
2841 20272
2841 9928
2841 8590
2841 11765
2841 10194
2841 4528
2841 290
2841 1492
2841 1481
2841 2095
7671 19276
18910 22051
18910 6998
18910 1171
18910 5963
37646 37646
37646 4245
16785 344
6360 23736
6360 6360
24496 22714
24496 763
24496 24496
17083 17083
17083 4042
17083 6794
17083 24221
17083 15155
6794 11025
6794 24379
6794 24644
6794 21868
6794 8133
6794 19783
6794 7206
6794 13113
6794 16702
6794 23835
6794 16107
6794 24592
6794 2701
6794 6794
6794 24551
6794 23317
6794 3676
6794 21959
6794 24223
6794 6262
6794 24444
6794 1946
6794 7269
6794 10909
3891 24386
3532 8133
20272 18060
20272 20272
20272 12166
2903 1483
2903 17036
23998 9924
23998 22714
23762 23762
23762 19471
23762 2554
6827 18060
13119 6094
6032 4231
4111 3684
22015 6451
22015 12019
22015 45
12978 1898
12978 3676
12978 24734
19783 11054
19783 5734
19783 4790
19783 3568
19783 23981
19783 5690
19783 613
19783 3324
24732 22379
24732 1266
24732 24732
24732 9025
4528 22131
4528 4528
4528 24718
4528 23317
4528 49
4528 5690
24457 8430
24457 24457
11178 11178
11178 1345
11178 3324
11178 20557
1345 6818
1345 1441
1345 47710
1345 21095
1345 20787
1345 4177
1345 24562
1345 4572
1345 2051
1345 1345
1345 6205
1345 1358
1345 1310
1345 8320
1345 1650
1345 4639
1345 11072
1345 24771
1345 13625
1345 1162
1345 10819
1345 5690
1345 15934
1345 428
1345 2575
1345 10909
763 22727
763 21884
763 24541
763 24115
763 4177
763 5690
763 8799
763 24572
763 19172
763 24661
763 454
763 24514
763 1004
763 15934
763 24301
763 10909
763 24299
763 24501
763 16537
763 21868
763 22714
763 24279
763 1096
763 24621
763 6262
763 9871
763 24527
763 7591
763 15388
763 21553
763 763
763 6953
763 18263
763 24143
763 23317
763 5732
763 24576
763 23141
763 21724
763 406
763 24547
6481 1310
6481 3948
7206 7743
7206 24502
7206 6085
7206 16702
7206 3684
7206 7206
7206 8133
7206 3106
7206 4177
7206 1310
7206 4639
7206 24731
7206 23317
7206 454
7206 24325
7206 14094
7206 18128
7206 15934
7206 11115
24698 18060
24604 1946
24604 24604
24646 24542
14830 7717
14830 6214
14830 24209
14830 19885
14830 22714
14830 2865
14830 6094
14830 24330
14830 3773
14830 8621
14830 21051
14830 6666
8737 8737
8737 4720
8737 1358
2554 24179
2554 24661
2554 24527
2554 22758
2554 15388
2554 848
5690 24580
5690 6427
5690 3992
5690 20787
5690 18116
5690 24474
5690 437
5690 3773
5690 18060
5690 1310
5690 22
5690 11072
5690 454
5690 24535
5690 5690
5690 18503
5690 5239
5690 19926
5690 6262
5690 24448
5690 24301
5690 16959
5690 10909
5690 24547
11081 24338
11081 20787
11081 11081
21075 21075
21075 13566
21075 2874
22722 17581
20516 675
20516 23959
20516 20516
20516 6494
20516 13650
20516 2290
20516 6976
13552 6205
24444 290
24444 24430
10613 14094
1149 24527
1149 1096
1149 19012
24248 24228
24423 1233
24423 23104
24423 15673
24423 13251
24423 4614
24423 23798
24423 10605
24423 18238
24423 2530
9924 21724
9924 22200
9924 1358
9924 3684
24576 290
24576 24527
24576 5301
24576 2035
1407 24684
11025 9300
11025 15934
11025 18060
11025 2308
11025 11025
18050 6094
18050 2349
18050 18050
18050 24256
18050 12166
18050 2356
24173 1650
24173 1916
24173 1463
24173 24173
24173 20787
1179 613
1179 36572
1179 21706
1179 23948
1179 1179
1179 13168
11105 1266
11105 11105
11105 3684
16702 454
16702 3568
16702 1946
16702 3684
18716 4162
24542 18263
24542 24542
24542 19729
24542 9156
6451 39082
6451 1441
6451 5301
6451 24422
6451 15292
6451 24271
6451 6451
6451 24224
6451 10779
6451 284
17673 18060
17673 16046
12489 12489
12489 23508
6871 11206
469 3106
4500 24695
13694 12106
15629 290
15629 2627
24163 6818
24163 21291
9960 16943
24084 8008
24084 3684
5714 66
9164 18060
9164 7437
9164 13265
9164 1310
39742 4177
23164 13650
23981 24143
23981 2384
23981 24164
23981 22051
23981 13650
3396 9502
3396 9928
3396 3396
3396 13265
425 22714
425 24437
24040 13650
7851 21172
6094 1847
6094 20557
6094 20787
6094 6976
6094 3324
6094 12826
6094 11262
6094 24657
6094 6666
6094 21265
6094 2349
6094 20754
6094 3568
6094 24057
6094 20595
6094 21684
6094 2384
6094 6094
6094 16615
6094 24541
6094 22379
6094 284
6094 14517
6094 8008
6514 23953
22379 24662
22379 9025
13809 24271
13809 13669
13809 19471
13809 13809
13809 15388
13809 24060
13809 20787
13809 6976
4672 24228
12402 12402
12402 15934
21706 6666
1631 18263
1631 7294
360 18263
360 10194
24539 15934
935 935
935 24365
935 24766
935 9072
935 10194
935 3773
1 5340
1 2384
1 1
1 6545
1 11054
1 4428
1 45
1 10909
17836 23317
18938 18938
24433 24433
24433 22429
24433 3684
22429 3684
1649 13480
1649 1649
24196 22650
24196 24196
24196 22758
15388 848
15388 24661
15388 15388
3992 18263
3992 24488
3992 3992
3992 78
3992 4042
3992 7110
3992 20818
3992 24706
3992 290
3992 2312
3992 284
3992 24766
3676 22714
3676 8719
3676 6494
3676 1946
3676 3676
3676 8133
4649 4649
4649 24466
4649 4639
4649 4790
351 24527
351 19471
3568 18503
3568 24553
3568 6976
3568 3684
3568 3106
3568 3773
3568 18286
3568 7845
3568 13625
3568 24670
3568 24645
3568 3948
3568 9025
3568 10035
3568 21868
3568 16054
3568 10909
14450 23104
14450 14450
14450 17361
14450 6976
14450 10194
14450 2042
22146 2290
22146 3324
22146 22146
22146 21724
613 4054
613 1281
613 8755
613 20557
613 613
613 36572
613 15934
613 17708
613 6101
613 15517
2623 18512
2623 4639
2623 6262
2623 7762
2623 2623
3931 2481
21095 4639
21095 10819
21095 21095
21095 21684
21095 284
21095 300
21095 20787
18256 6666
5963 1898
5963 5963
785 19965
454 10059
454 24177
454 24502
454 2362
454 23798
454 6205
454 18263
454 10316
454 11449
454 23317
454 454
454 12983
454 13669
454 23141
454 10909
454 24644
454 6710
454 13776
454 406
454 6262
302 2383
24389 1946
24389 24389
24389 4177
6756 2821
6756 11733
6756 4298
11051 24503
284 16943
284 22
284 22741
284 18116
284 12166
284 6666
284 100
284 284
20903 6262
20903 12166
12486 21684
24452 24452
24452 14361
24209 24209
19471 24143
19471 19471
19471 24301
19471 14171
19471 24302
19471 18965
19471 406
24177 19276
24177 24177
24618 8515
78 18060
78 21965
78 11206
9871 9871
9871 13650
9871 9304
9871 22530
9871 290
9871 7460
9871 21724
35416 6506
35416 13625
675 9417
675 13251
10605 22131
290 17164
290 18263
290 5301
290 20215
290 24527
290 10194
290 23317
290 18060
290 703
290 13480
290 1358
290 19172
290 23831
290 21965
290 24603
290 24611
290 22253
290 12983
290 8084
290 10610
290 290
290 24522
23835 23835
23835 7507
23835 1946
2051 22741
2051 1465
2051 2985
2051 1463
2051 15934
2051 2051
2051 10909
1546 1688
1546 3969
1546 1546
23944 23944
13490 13650
4721 10365
9694 4231
9694 24165
9694 15934
9694 9694
12081 24641
430 4231
430 430
430 2095
23297 24541
14266 14266
4281 4177
7932 20818
7932 10194
22326 24501
1096 16054
19205 23959
24488 4231
24488 24488
14171 5175
14171 17660
14171 24301
14171 703
14171 3995
14171 14171
10839 5340
10839 39082
10839 35353
24476 18060
24476 24476
24476 20787
24476 1306
24386 4231
24386 24386
24386 17582
2191 15934
8899 21965
24351 6545
24379 9928
24379 35840
1384 35353
1384 5482
1384 18060
1384 13625
1384 4790
1384 1384
1384 10194
1384 4245
9626 6035
11206 2384
11206 11206
11206 9025
11206 2530
11206 10194
12898 24641
24492 24492
24492 22345
24492 19399
24492 22051
24492 8799
24492 13650
143 2383
439 2837
439 8621
439 24328
439 439
13566 12705
13566 17581
6545 23898
6545 297
66 1143
66 21278
22377 9025
100 100
100 2234
14304 24514
21661 21661
21661 11054
5373 11054
5373 22202
3922 20787
24592 6085
24592 4137
20532 11054
3948 24406
3948 3948
3948 20978
3948 21574
23880 447
21601 24461
10819 10819
10819 4639
10819 6101
10819 20787
10819 2349
24188 2530
24188 24188
24365 1004
24365 12705
24365 934
24365 20787
24365 24365
2035 24338
2035 24225
2035 5301
2035 23907
2035 2035
2035 24686
2035 4096
2035 24430
2035 18060
24213 16943
24213 24213
24213 22
24213 644
3773 1004
3773 22
3773 1446
3773 8131
3773 12265
3773 3324
3773 22202
3773 22051
3773 3773
13061 24609
22512 24729
22512 24502
22512 22512
4338 15506
19007 21265
19007 4054
19007 19007
19007 19276
16959 6666
16959 1441
16959 18060
16959 13650
16959 16959
22727 23959
2530 24430
2530 22051
2530 13251
2530 17400
2530 10194
2530 23798
2530 15934
2530 2530
22095 22095
24349 9417
24349 23317
24349 24349
3847 24132
3847 19071
24644 18060
24644 24644
24644 18965
24562 1056
24562 1004
24562 1441
24562 20595
24115 24115
24115 406
8133 21959
8133 24731
8133 8133
8133 10194
8133 15934
8133 21059
8133 1946
20787 22714
20787 20787
20787 1463
20787 21684
20787 18496
20787 24723
20787 18263
20787 1446
20787 11084
20787 24057
20787 1650
20787 24338
20787 6872
20787 2481
20787 16054
14915 6262
14915 1946
14915 24502
14915 24164
1463 23104
1463 20818
1463 24165
1463 21684
1463 11084
1463 2985
1463 1463
1463 24527
1463 6205
24328 5496
24328 8621
1441 1441
1441 3960
1441 3969
1441 2384
1441 1056
1441 24695
1441 36572
1441 6262
1441 2039
1441 11054
1441 24798
1441 10909
1441 17969
3132 16943
12705 5340
12705 22714
12705 1898
12705 2672
12705 200
12705 24306
12705 23900
12705 16107
12705 1483
12705 3106
12705 1946
12705 12705
12705 10909
12705 5887
6214 6506
6214 10909
6214 3324
15114 24460
1358 7717
1358 11054
1358 5010
1358 6749
1358 18060
1358 11919
1358 1358
1358 21724
2095 4231
2095 13265
2095 7437
2095 2095
1437 24430
24360 23373
24360 2290
24360 12176
24661 848
24661 24661
24661 24711
24661 15129
6836 8857
6836 21428
11819 21339
8755 5371
8755 1540
8755 16537
8755 8755
8755 4354
9025 23736
9025 13480
9025 2042
9025 23866
9025 297
9025 4535
9025 19885
9025 24475
9025 18263
9025 17114
9025 2384
9025 24603
9025 9025
9025 5091
9025 6101
9025 16054
13168 36572
13168 4054
13168 13168
13168 1898
13168 12019
12166 24156
12166 1162
12166 16943
12166 10194
12166 20196
12166 11546
12166 17901
12166 19172
1004 22714
1004 22202
1004 24271
1004 24041
1004 11449
1004 1162
1004 12983
1004 1004
1004 24338
1004 22758
1004 23959
18238 24338
18238 24114
18238 2042
18238 6666
18238 18238
18238 3040
18238 13625
18238 6205
18238 19172
7762 7762
12205 17708
12205 7333
12205 24641
12205 12205
12205 23317
15934 1483
15934 22714
15934 14653
15934 2384
15934 18060
15934 4177
15934 3106
15934 9652
15934 8799
15934 35357
15934 6427
15934 344
15934 2575
15934 19926
15934 10035
15934 15934
15934 24769
15934 10909
15934 10729
15934 16537
15934 2290
15934 3684
15934 24151
15934 2837
15934 24193
15934 18263
15934 10547
15934 11054
15934 24559
15934 1306
15934 1162
15934 1355
15934 3634
15934 8590
15934 10194
15934 5340
15934 5732
15934 6262
15934 1847
15934 16504
15934 7845
15934 21059
15934 9896
15934 24437
15934 14094
3603 24703
3603 13113
3603 3603
10696 10696
2481 22253
2481 1114
2481 12706
2481 5744
2481 2481
2481 4351
5094 397
5094 13265
24769 21059
24769 18131
24769 24769
24769 1946
1481 1985
7717 1306
23648 6085
21339 12971
21339 3035
12106 10909
2900 18060
3402 6698
3402 11054
3402 8008
3402 9455
3402 8798
3402 3402
3402 3684
17308 19475
17308 2234
24231 22173
1492 18263
1492 2233
1492 24522
2837 4042
2837 2356
2837 10194
20507 4923
45 18263
45 23534
45 45
45 4177
16857 7031
16857 5323
16857 16857
11449 24527
11449 11449
18013 11395
7120 394
12120 8799
12120 3684
1050 6494
3519 24726
35353 35353
35353 1162
35353 3106
35353 703
35353 5010
10365 21965
10365 6506
10365 10365
10365 3684
10365 24426
1047 24657
24325 8991
24325 6085
16033 24527
20816 3324
20816 20816
24353 4177
23141 21864
23141 16537
23141 16504
23141 24271
23141 19506
23141 24711
23141 3199
23141 18263
23141 630
23141 24337
23141 23141
23141 16178
23141 24448
23141 1946
23141 10909
23141 7591
6262 8590
6262 12914
6262 24338
6262 13462
6262 49
6262 6262
6262 18060
6262 1946
3824 3824
3824 13480
19520 22570
19520 142
19520 2642
19520 19520
14517 4535
14517 14517
24591 16007
11115 1946
6936 4231
6936 11546
6936 6574
6936 6936
23104 10194
24641 13650
24446 22338
14639 7460
14639 14639
1465 19926
1465 14925
1465 14163
23900 17164
23900 23736
23900 23900
24116 13650
1688 24256
297 1483
297 17164
297 24216
297 6035
297 3684
297 297
297 4046
297 4298
297 18060
297 5709
297 8799
297 6205
297 11395
297 2384
297 1306
297 24800
297 24060
297 11765
297 3272
297 4874
297 1898
297 6101
297 3324
297 1310
297 5482
19506 13360
3041 22782
3041 1946
6153 24713
6153 24143
6153 9658
6153 6153
24555 24555
19475 24713
19475 5309
19475 13265
19475 1107
19475 18060
19475 7460
19475 19475
19475 7313
23865 7632
9617 5323
20595 20595
11949 24713
11949 3384
16054 1847
16054 18653
16054 16054
16054 1355
16054 10909
2192 8799
792 5732
792 792
792 12660
1573 14094
1573 1573
1573 7644
1573 21684
15004 24401
24695 23193
24695 18060
24514 9072
22131 22131
22131 1355
22131 49
22131 4177
2821 2821
2821 11919
2821 1877
2821 5744
2821 15242
2821 9658
2821 4298
2821 13842
2821 11765
2821 2042
5091 18060
21051 23365
21051 21051
21051 4177
1353 16943
1353 49
1363 1310
24522 2290
24522 2363
6749 18263
1143 5175
1143 21965
1143 3787
24796 4231
24796 703
24300 2384
24300 24300
24300 2233
24300 703
24300 10909
13480 5340
13480 13113
13480 23736
13480 13480
13480 10194
24144 24144
24305 2627
24305 24305
2362 8059
4351 23317
7949 7949
7949 24502
36067 4177
17894 16178
7845 6647
9658 9658
7311 24087
24645 8719
24645 6494
24645 24670
16046 10194
24271 6646
24271 24271
24271 1162
24271 18060
24271 6172
24271 8103
317 317
317 22741
23792 24211
13139 18060
13139 3996
13139 13139
23133 6976
20818 344
20818 703
20818 20818
20818 21684
1840 5340
24337 8699
24337 24337
6666 24430
6666 3969
6666 21684
6666 6666
6666 24338
6666 4639
6666 344
22650 24072
24615 1946
12019 12019
12019 14361
12019 13875
23866 2622
23866 3324
7527 4720
7527 7527
1186 18503
14551 824
14551 4402
14551 24537
7313 7460
7313 7313
24192 21907
24192 24192
4535 4535
22052 24731
14497 3684
7507 7507
7507 2097
24580 10194
24580 6818
24580 15478
24580 21815
24580 5301
24580 24580
6818 6818
11262 6048
11262 3960
8430 10909
8430 6494
8430 3106
8430 24502
8430 24707
8430 24252
24501 6976
12706 8103
12706 12706
12706 8914
6506 20754
6506 9072
6506 24713
6506 11765
6506 10194
6506 21815
6506 19885
6506 6506
6506 8799
6506 4177
6506 4298
22694 12983
24729 24729
24221 24221
7743 1355
24551 18060
24551 24551
24551 1266
16504 1162
16504 14494
2308 18060
2308 2308
2308 5010
36814 36814
519 344
519 11395
11056 2868
4250 4250
4250 11054
824 18263
824 24283
824 8901
824 824
824 17708
824 24537
824 16450
8719 35357
8719 24072
8719 8719
5887 3684
24766 10547
24766 24766
24766 9072
24766 4177
22758 22758
24559 24559
13650 5534
13650 2290
13650 3684
13650 16557
13650 24527
13650 17361
13650 3589
13650 8670
13650 22051
13650 20568
13650 12983
13650 13650
13650 142
13650 6101
13650 10035
21868 21868
4298 9072
4298 4298
12971 12971
7632 6710
22253 22253
17581 2384
17581 17581
23860 18263
15155 23798
5513 18060
23796 6494
4624 21711
4624 4624
24527 23317
24527 24401
24527 8590
24527 18060
24527 24527
9269 3106
9269 14111
9269 9896
6753 21815
2622 23959
8824 344
16107 1946
1015 11500
23373 23373
23373 6647
23373 13625
23373 24408
23545 4245
24228 2384
24228 20186
24228 14536
24228 24228
24228 3324
2672 1946
8590 1898
8590 23317
11765 11765
11765 14094
11765 8761
11765 18060
11765 703
10194 1483
10194 23831
10194 5301
10194 6494
10194 6646
10194 11228
10194 18263
10194 2384
10194 8103
10194 10194
10194 19829
10194 17498
24620 24620
24620 1266
24620 3684
22989 24515
22989 24588
47710 9417
47710 8197
17582 4231
1483 1483
1483 6976
1483 23798
1483 8799
1483 9072
1483 1946
1483 24502
1483 10909
22714 22714
22714 19276
22714 3503
22714 17114
22714 9072
22714 4720
19276 19276
19276 6494
19276 17965
20568 20568
20568 21864
20568 4054
20568 9928
20568 2290
20568 6976
20568 1310
20568 35840
24164 2233
24164 24164
22741 12952
22741 22741
5274 5274
5274 259
5274 6976
5274 4177
21278 24430
19885 13639
19885 10909
11395 11395
1306 2384
1306 1306
1306 16537
1306 24060
1306 1310
24330 24330
13265 16002
13265 4874
13265 1937
13265 24802
13265 344
13265 2868
13265 10322
13265 10610
13265 3996
13265 1310
13265 24794
6494 2384
6494 1674
6494 6494
6494 1521
6494 3272
619 3902
619 12664
18496 18496
18496 21684
8059 8059
11682 24503
19172 6101
5340 5340
5340 4354
5340 3106
5340 1355
5340 10909
4042 4042
4042 9564
4042 3874
4042 8799
11521 4572
24424 24424
24424 4790
1587 9652
21907 23655
21907 23078
20557 12178
20557 20557
24579 8799
24579 24579
2 18060
2 2
2 2868
15630 1355
24537 24537
1946 18263
1946 24502
1946 6085
1946 1946
1946 14111
1946 24731
1946 24306
1946 24734
1946 21059
1946 9896
5323 5323
5323 4659
5323 1355
5323 7437
1867 703
1590 17114
1590 1590
23508 11054
23508 9564
23508 23508
23508 6101
24256 18060
16943 16943
16943 1657
16943 22
16943 23299
12826 745
12826 21684
12826 12826
2234 18060
16897 17164
24802 24802
5301 4231
5301 5301
14163 4367
6205 16002
6205 37021
6205 6205
6953 21684
6953 6953
24143 2384
24143 22051
24430 24430
24430 18060
1266 24715
1266 18263
1266 1266
1266 18653
1266 17481
1266 10909
18512 1847
18512 18512
18512 24422
3902 24151
3902 9564
15242 15242
15242 2024
15242 2290
15242 11926
24572 703
24572 24572
36572 36572
36572 4354
24194 3329
35357 35357
21815 18060
21815 21815
13776 11009
10035 12793
10035 2290
10035 18060
10035 10035
10035 1310
848 848
24461 3384
24461 4149
24461 24461
3960 2384
3960 3960
3960 21684
4428 4428
3106 18263
3106 6085
3106 450
3106 1162
3106 3106
3106 10909
3106 14536
14510 1674
23736 23736
23736 24536
24459 24459
10682 10941
10682 10682
9652 9652
703 18263
703 9842
703 142
703 703
1044 22051
1044 23953
4231 14653
4231 24458
4231 18263
4231 1898
4231 7110
4231 4231
6048 1557
6048 3324
6048 22841
6048 4572
23831 23831
23831 6646
2575 2575
8103 18263
8103 6646
8103 24502
8103 8103
8103 1898
8103 2349
8103 24535
13878 18719
23655 23655
23655 7294
24338 6249
24338 22
11332 23953
37021 18263
5069 4639
24553 6976
1985 23907
24609 24609
3996 3996
21291 12178
21291 21291
13639 18060
13639 13639
13639 4580
1557 4572
1557 1557
22261 21684
15673 24057
15673 15673
24713 24713
24713 11926
24713 9072
24713 4245
24713 2024
24713 4177
24686 24686
24686 4177
7156 21965
3324 11054
3324 22051
3324 21684
3324 3324
23798 1916
11546 11546
24224 13832
24224 24224
24021 18060
24800 8799
22202 22202
6710 18263
8391 24633
1056 1056
14515 14515
13832 13832
6698 3684
23534 21684
10610 18060
10610 10610
10610 4790
11143 2384
17708 17708
24422 24422
970 24279
24547 6976
24547 3684
24547 24547
23935 23935
23935 4790
1847 142
1847 6976
17477 4177
8799 16537
8799 2290
8799 8799
8799 18263
8799 17481
8799 7294
8799 21724
8799 21574
8799 10909
24502 24715
24502 24502
24502 6101
16450 9833
2042 6976
2042 2042
11009 11009
3121 6976
24723 24723
10095 10095
24279 22
21965 21965
21965 18060
450 450
450 10909
4031 24299
1662 17164
19926 19926
19926 9928
19926 4177
11072 11072
24302 11054
24302 18060
24302 4177
5015 2290
2383 10106
21574 10059
21574 4054
21574 21684
21574 21574
24474 7031
17969 7294
17164 17164
17164 10744
17164 12178
23953 23953
5309 3272
5309 5309
5309 2290
2868 18060
2868 2868
16537 2384
16537 21724
16537 16537
16537 6976
16537 142
5743 3040
12176 22051
12176 12498
12176 3684
19729 18263
24179 24179
1937 1937
1937 16002
6101 17114
6101 2384
6101 21864
6101 23317
6101 22051
6101 12983
6101 6101
24426 3199
19829 19829
2741 18060
24621 24621
24621 10909
4720 1162
4720 10909
10909 20215
10909 24669
10909 1223
10909 18060
10909 21684
10909 10909
10909 18263
10909 1162
10909 23317
3903 5482
24541 11054
24541 20215
24541 21684
6460 24448
6460 18965
20978 9072
8670 142
8670 8670
21724 21724
21724 3684
5010 24535
20196 49
14536 2384
36108 21684
24718 7031
21028 49
20215 1355
10072 10072
4177 8588
4177 18060
4177 4177
4177 9869
4177 18263
4177 6085
4177 22051
4177 24669
6976 6976
6976 2384
24724 15735
2669 2384
1464 10322
1464 4245
17361 11054
17361 17361
24669 1898
24180 24180
1061 11054
17114 24370
11926 11926
24757 18060
5585 2384
15517 15517
22345 24707
2384 2384
2384 7108
2384 23317
2384 22051
2384 2627
3040 3040
1310 1310
1310 18060
1310 23507
1310 4790
1310 24731
1310 4096
4621 4621
23959 23959
19399 22051
19399 1898
19399 19399
2039 18263
3333 344
7460 5482
7460 22530
7460 7460
18653 18653
3969 3969
24406 12617
12178 12178
12178 1176
2642 24299
142 1898
142 142
13625 13625
4639 21684
4639 18060
4639 4639
11054 5583
11054 24762
11054 17481
11054 11054
11054 24536
11054 22051
24707 18263
24707 24707
14094 21684
14094 14094
14094 7644
1162 22
1162 1162
1162 9928
22051 1898
22051 1176
22051 22051
22051 3684
16131 19203
15247 15247
406 24301
1121 1121
9833 18060
5732 5732
5732 18965
24536 24536
8621 8621
7108 7108
8699 21684
8699 8699
8131 8131
4054 4054
24448 24448
23507 23507
8008 3684
8008 8008
11919 1355
11919 11919
11919 3684
18060 18060
18060 24611
18060 1355
18060 24225
18060 21684
18060 11599
18060 24296
18060 3684
18060 18263
18060 23317
18060 5482
24216 24216
1898 1898
1898 9072
9455 21684
9455 15915
9455 9455
344 986
344 24703
344 344
4354 4354
5482 2874
5482 2290
2349 2349
24603 24603
24301 9928
23193 21684
22200 3684
22200 22200
7031 7031
6646 6646
12617 10059
16615 16615
5496 5496
2874 2874
2874 10701
2874 1355
2874 4245
350 1355
5175 5175
24370 24370
12961 12961
24703 24703
1355 1355
1355 1176
1355 2024
1355 4790
2865 9072
24563 24563
2290 3684
21059 21059
16178 16178
16178 3684
24057 24057
24057 21684
13113 13113
49 49
732 24184
4572 4572
24184 24184
15915 15915
4790 24225
8197 8197
19938 14925
9072 18263
9072 9072
9072 3684
21684 21684
21684 11084
24734 24734
10779 10779
24132 24132
23926 23926
18263 21864
18263 18263
12983 12983
24296 24296
24588 24588
21864 21864
3684 3684
13462 13462
10701 10701
1176 23317
10059 10059
24657 24657
14925 14925
23317 23317
9928 9928
1650 1650
18965 18965
7644 7644
4245 4245
