21884 21884
21884 10446
21884 9072
10898 18060
10898 6101
10898 391
10898 11081
10898 9072
14334 28124
22295 11142
22295 683
22295 4701
22295 27858
22295 28144
22295 27968
22295 3847
22295 2481
22295 15566
22295 23758
22295 4790
2733 4832
2733 3993
2733 2733
2733 28067
2733 12705
27770 24891
26733 121
27989 7759
16143 11142
16143 2906
16143 26250
6348 4428
6348 21136
6348 11540
26460 18060
26460 4428
26460 3847
26460 391
22216 27431
22216 22216
22216 6794
7144 4692
17457 27453
2906 11142
2906 8588
2906 5701
2906 2906
14302 28124
10366 344
10366 2191
10366 798
10366 24965
3380 29469
2554 22684
2554 24179
2554 26013
2554 27523
2554 17261
2554 19593
2554 763
2554 406
5274 17308
5274 23501
27441 1044
17787 121
17787 12166
17787 1465
17787 14447
17787 17787
17787 2349
6430 3349
6430 3521
20272 12166
11142 2672
11142 25232
11142 4333
11142 683
11142 26543
11142 18060
11142 4144
11142 8799
11142 9617
11142 13444
11142 15629
11142 14493
11142 18086
11142 4893
11142 1190
11142 13168
11142 13946
11142 6094
11142 27396
11142 18739
11142 11286
11142 27465
11142 7076
11142 10446
11142 17164
11142 9253
11142 20787
11142 5712
11142 955
11142 29495
11142 2763
11142 11142
11142 5142
11142 23291
11142 19689
11142 1176
11142 29295
11142 25510
11142 3384
11142 27962
11142 297
11142 17513
11142 9072
11142 4096
11142 28157
11142 20411
11142 36572
11142 3684
11142 11260
11142 1149
28082 6794
28082 2926
2678 11260
2678 2384
2678 20763
29407 6666
29407 6936
29407 2926
29407 2841
29407 24891
6355 18060
6355 9093
6355 14450
27780 27780
27780 2821
27780 21815
27780 18060
27780 3485
27780 2290
13718 22789
5034 27962
19593 29276
27804 27804
27804 8131
10217 1176
10217 8811
12489 5091
12489 12481
12489 11919
1540 26474
1540 1540
1540 29361
27712 1131
27712 8857
27712 18749
27712 11919
23753 25510
27041 18060
27041 460
27041 27041
16 18653
12481 3272
12481 28030
12481 9072
12481 26576
12481 11100
12481 10909
12481 1737
12481 18739
12481 28043
12481 3493
12481 2233
12481 1946
12481 12481
12481 8008
8916 8719
8916 8916
19205 778
19205 19493
19205 4528
19205 27959
19205 19205
19205 19045
19205 4987
1682 28033
1682 26002
29441 1464
29441 11286
29441 2874
27153 27056
27153 4177
27715 11716
29490 28090
353 27924
353 25510
353 26250
353 13972
353 28106
353 3992
353 27960
353 6094
353 18060
353 10839
353 27816
353 353
353 9093
353 27722
353 1409
947 947
947 29401
29283 26892
29283 10400
29283 5301
29283 14450
29283 27398
29283 956
29283 13946
29283 4351
29283 26700
29283 17988
29283 15566
29283 29283
12205 27828
12205 4312
12205 16639
1532 121
1532 683
1532 10446
1532 4558
1532 13215
19850 27773
35357 35357
35357 6101
35357 29381
35357 12705
23993 1946
23993 28106
23993 27960
23993 8843
23993 14167
396 19801
27722 3874
5281 27941
10446 28165
10446 1441
10446 27930
10446 5301
10446 4542
10446 1106
10446 27816
10446 78
10446 391
10446 1223
10446 14653
10446 3132
10446 18060
10446 7780
10446 25510
10446 29256
10446 11286
10446 3544
10446 801
10446 6278
10446 943
10446 38434
10446 451
10446 10446
10446 15934
10446 25256
10446 290
10446 29333
10446 10046
10446 3478
10446 35840
10446 28074
10446 6794
3958 6101
3958 2290
3958 1131
4661 7982
4661 4661
4661 20929
6818 4362
6818 4345
6818 348
27405 6223
29334 10400
29334 4690
29334 2874
29334 29334
4362 683
4362 22781
4362 4622
4362 22789
10696 20491
10696 9502
10696 6101
10696 10696
10696 2290
10696 18289
10696 11765
10696 4351
26361 18653
29277 2642
14965 12705
14965 14965
2206 10368
27822 2954
27822 27829
17513 703
17513 17513
20729 19493
27020 22051
27020 21162
21014 21014
10901 461
10901 4893
10901 2530
7402 25947
7402 9849
7402 25094
7402 1131
7402 27381
582 6936
582 2191
582 21684
582 25442
3897 13093
3897 13410
14515 4971
3521 28176
3521 2348
3521 27666
3521 27398
3521 19045
3521 4096
3521 10076
3521 28068
3521 10867
3521 17901
3521 3521
27969 21162
467 18060
467 391
27968 19276
27968 2926
27968 27968
27968 2318
27968 25510
27968 1131
27968 13168
27968 4423
27968 6666
27968 290
27968 2622
27968 2051
27968 4721
4753 1946
16002 2455
16002 1648
16002 20483
16002 27933
22684 22684
22684 10265
22684 17261
22684 13381
22684 1131
12482 29449
17988 17064
17988 17988
17988 5101
17988 27398
17988 19475
17988 28068
7378 25947
7378 7378
7378 12019
27869 22051
27869 1898
27869 27869
29292 7743
29292 6794
29292 12705
29292 6153
5442 2000
5442 12705
5442 38783
5442 29364
4040 12909
4040 2384
4040 25485
4040 27732
4040 6101
4040 27916
4040 955
4040 3684
4040 4040
4040 28085
24076 24076
24076 9025
44243 27773
28095 2954
24980 4096
21369 27816
21369 21369
21369 49
21369 798
21369 4769
19546 39184
5659 18060
5659 5659
5659 29282
5659 17969
3502 6101
3502 19949
3502 23506
3502 4177
9502 13441
9502 28107
9502 17901
9502 13139
9502 29320
9502 9502
9502 3485
8472 18763
27868 943
23381 20026
23381 13650
23381 23381
622 8590
24151 29482
27867 13441
9896 12674
9896 27829
2284 2672
2284 4351
4832 28067
4832 25510
4832 17836
4832 21051
27865 22051
27865 22064
27865 20507
5339 9928
29361 9652
3993 3902
3993 3993
3993 1176
3993 12705
3993 8508
6043 24180
6043 3651
6043 5712
6043 12176
6043 9072
11773 27941
20597 20597
20597 6085
20597 12705
20597 4177
8811 6794
8811 1176
8811 8811
8811 5810
8811 1946
8811 8133
6950 1355
6950 2234
6950 4542
4648 29218
28200 28151
28074 14493
28074 9065
26013 26013
26013 19471
26013 23317
26013 19934
26013 24644
26013 11966
26013 1131
26013 1763
26013 1044
26013 26516
26013 27276
26013 24913
26013 8008
26013 16639
26013 2622
26013 7538
26013 763
26013 27724
26013 9569
14854 4428
29418 6153
29418 13972
29418 29418
20716 1574
20716 22019
22237 22237
2106 3485
2106 23950
2106 2106
23862 7765
73967 11540
73967 5292
22954 2384
22954 21815
22954 1593
22954 5279
22954 25510
22954 22954
22954 3684
22954 3324
27724 15629
27724 824
27724 21051
27724 27734
27724 26935
27724 27728
27711 18060
4366 29278
4677 25326
13946 9072
13946 2926
13946 13946
13946 102
13946 1400
3710 801
19189 25510
19189 3651
19544 25510
8212 1190
8212 8212
391 13441
391 6998
391 5301
391 23907
391 27398
391 4096
391 2666
391 78
391 22447
391 13265
391 2233
391 7437
391 5081
391 4790
391 12909
391 24965
391 13139
391 15242
391 2926
391 25355
391 391
391 27871
391 15934
391 6986
391 21162
391 1648
391 29434
58247 58247
58247 12898
8193 5583
8193 27459
14490 28215
27871 3485
27871 19475
27871 2290
27871 17308
2348 10076
2689 7206
27398 5301
27398 27398
27398 4177
27398 121
27398 7666
27398 18060
27398 28172
27398 18512
5712 6085
5712 4312
5712 6494
5712 27916
5712 11016
5712 8857
5712 2384
5712 5712
2666 4231
2666 18060
2666 6753
2666 290
2666 2807
2666 2666
2666 15629
2666 763
23408 15506
23408 27341
23408 6794
23408 2672
23408 7709
23408 14830
23408 27396
23408 2807
23408 9025
23408 25028
23408 23408
23408 6094
23408 683
23408 29247
23408 14167
23408 20302
23408 15934
23408 3493
23408 39184
29469 763
29469 29469
29469 1409
5018 4231
5018 14497
8176 9305
25272 763
25272 1345
25272 25272
12898 26543
12898 25947
12898 6101
12898 26039
12898 29308
284 23953
284 78
27983 25309
2720 29461
27453 17492
27453 27428
27453 23028
27453 3493
27453 1465
27453 35353
27453 8197
27453 18496
27453 2384
11264 10095
12674 24958
7721 360
3041 703
3041 3992
21710 25792
21710 17308
21710 16882
21710 21710
1353 1946
29381 28090
29381 121
29381 21051
29381 6101
29381 29381
29381 763
29381 11081
43085 18060
43085 18739
43085 43085
14497 4231
14497 683
14497 11966
14497 22064
14497 801
14497 2384
14497 1190
14497 12996
14497 1688
29509 972
17734 44949
7060 18060
7060 3847
9449 683
9449 3485
9449 3847
9449 4428
9449 25510
9449 28189
29445 6094
29442 22051
29442 8430
29442 9849
29442 29442
25414 11054
25414 8857
25414 24891
5801 17836
5801 4517
9825 1946
9825 29294
2698 24713
18662 2631
1622 1046
28030 28030
28030 9317
28030 9072
28030 2233
28030 26327
28030 4177
17847 20787
4528 586
4528 27923
4528 4528
4528 6262
4528 18595
4528 17696
4528 4177
27882 24309
27882 4721
27882 12166
27882 27882
28180 25510
28180 12120
27970 1847
27970 8430
27970 27970
29295 2807
29295 29295
29537 6101
6481 24021
6481 25080
6481 6481
6481 102
12996 44949
12996 1463
12996 14094
12996 12996
12996 20787
12996 21701
12996 2669
25807 6999
2039 4721
2039 11025
2039 3546
2039 14720
2039 7762
2039 13265
2039 2039
2039 18060
2039 19475
2039 344
2039 16046
2039 4790
8737 29357
4659 4428
4659 16943
4659 25442
4659 27701
4659 4659
5690 45
29309 29315
29309 4428
29309 10839
16751 5328
4767 643
290 27990
290 2926
290 15054
290 683
290 8008
290 27933
290 29333
290 11906
290 13625
290 29357
290 12757
290 26080
290 75
290 4721
290 23995
290 27832
290 15242
290 39184
290 430
290 121
290 6094
290 11783
290 7762
290 290
290 2233
290 21857
290 18238
26672 27967
26672 8380
345 27990
28108 25510
11025 27990
11025 27872
11025 3847
11025 1149
11025 5292
4053 4177
16702 21907
16702 20302
4177 2672
4177 1106
4177 78
4177 27923
4177 4177
4177 7206
4177 2000
4177 2926
4177 25412
4177 4769
4177 3106
4177 22971
4177 27773
4177 6794
4177 27845
4177 801
4177 1131
4177 7952
4177 38434
4177 7762
4177 18943
4177 1946
4177 10368
4177 10909
4177 23953
4177 22001
4177 24958
4177 19949
4177 8508
4177 28037
4177 1176
4177 27853
4177 45
4177 16943
4177 1446
4177 27831
4177 27914
4177 25165
4177 29526
310 22971
26065 3684
26065 2363
21029 18060
21029 21029
27876 6761
28146 5743
28146 18060
28146 14167
28146 11286
28146 297
25160 29241
25160 25160
13694 18128
13694 10708
13694 1946
13694 3651
13694 17836
13694 8508
28204 28052
27850 18496
27850 21684
27850 27850
27221 6101
27221 12120
39742 9928
29368 8588
29368 17118
29368 5701
29368 25510
29368 8857
29368 11081
26924 26924
26924 6101
26924 2642
5239 5239
5239 2024
5239 1266
332 1355
27927 17118
27927 13650
27927 27927
29353 29353
29353 29340
13809 1131
13809 13809
27980 9072
4721 13441
4721 11100
4721 2672
4721 17261
4721 3847
4721 4428
4721 4333
4721 8430
4721 21349
4721 2051
4721 15629
4721 4721
4721 25510
4721 4639
4721 824
4721 21907
4721 519
4721 22975
4721 7294
4721 6415
4721 12310
4721 4345
4721 2233
4721 3996
4721 13650
4721 7399
4721 5101
4721 5513
4721 17308
4721 1119
4721 6101
4721 3485
4721 65
4721 1176
4721 1946
4721 10475
4721 18263
4721 35353
4721 23317
4721 613
4721 1162
4721 29282
4721 6666
4721 23141
4721 20302
4721 29229
3324 17164
3324 12909
3324 6998
3324 21700
3324 2363
3324 25232
3324 3324
3324 27497
3324 6094
3324 756
3324 1409
3324 27603
28040 3485
21684 6936
21684 23953
21684 23252
21684 5301
21684 18087
21684 5810
21684 3992
21684 19689
21684 27960
21684 6849
21684 8590
21684 18496
21684 25510
21684 28089
21684 1593
21684 28191
21684 1345
21684 1355
21684 21684
21684 27701
21684 6666
21684 29330
21684 29521
21684 10046
1649 2841
25202 4231
25202 25202
25202 10400
25202 801
791 18060
1068 1131
11546 6936
11546 11546
11546 344
11546 12166
613 4281
613 26474
613 12019
613 25590
613 613
613 7333
613 745
613 22015
3931 3931
3931 18289
27960 6986
27960 28106
27960 27960
27960 2926
27960 8103
27960 1310
29336 121
29336 10400
29336 29336
5963 24060
10330 430
29513 2290
12705 27684
12705 25094
12705 28067
12705 10072
12705 29433
12705 28215
12705 29482
12705 8133
12705 7206
12705 1176
12705 1946
12705 12082
12705 8224
12705 6794
12705 13816
12705 9025
12705 8131
12705 28157
12705 4137
12705 8723
12705 36572
12705 27714
12705 2233
12705 12705
1409 1409
1409 11100
1409 2672
1409 13972
1409 1465
1409 20674
1409 78
1409 22170
1409 14948
1409 6849
1409 21349
1409 1946
1409 18060
1409 4144
1409 45
1409 2530
1409 7458
1409 6094
1409 317
1409 29308
1409 15743
1409 11583
1409 25590
1409 8843
1409 6666
1409 27742
1409 27018
1409 26252
1409 15597
1409 2669
1409 26336
1409 6794
2011 1131
11674 23028
29237 2622
29237 26039
25028 6094
25028 2384
25028 10909
27590 22204
29414 763
29414 24891
24759 23950
2051 1463
2051 9849
2051 2051
2051 25510
1546 29521
27990 27990
27990 27829
27990 1223
27990 24891
28053 1703
28143 2868
28143 2349
25102 22051
4778 317
11583 13972
11583 9072
11583 1355
11583 11583
11583 12107
4281 28090
4281 11332
4281 8799
4281 12664
28106 28106
25485 27862
25485 28147
25485 25485
25485 27198
25485 6094
25485 29391
25485 18698
25485 1358
25485 29308
15684 45
16639 15629
16639 454
10427 6506
28195 18263
28195 586
28077 1266
6998 8430
6998 11100
6998 49
6998 3493
6998 1898
27962 14450
27962 5810
27962 3214
27962 801
27962 4961
27962 19276
27962 7359
27962 1345
27962 763
27962 19729
14469 430
1315 18763
27936 9970
27936 13650
4517 6666
4517 4517
4517 18060
4517 20787
4517 318
11638 25609
29366 29366
29366 4961
10980 454
10980 1131
10980 27729
10980 20763
10980 10980
28178 28090
28178 17118
27743 10909
27999 8794
27999 19520
1114 2841
1114 1114
16321 6094
16321 11100
16321 21816
16321 3493
16321 22971
16321 955
16321 16321
16321 1358
27781 6794
27781 27789
27781 13972
27781 27781
27898 27898
27898 8382
11145 1946
7743 26319
7743 27198
7743 1355
7743 3684
7743 38783
3847 26892
3847 27872
3847 3847
3847 4428
3847 26576
3847 766
3847 6666
3847 10867
3847 5952
3847 27934
3847 7
3847 18060
3847 6506
3847 25854
1223 1992
20787 6094
20787 18496
20787 22781
20787 20787
20787 9025
20787 4760
20787 3651
1463 25711
1463 29437
1463 683
1463 26798
1463 2631
1463 27831
1463 27923
1463 29481
1463 7206
1463 1463
1463 14094
1463 4760
1463 19689
1463 12310
1463 18496
1463 1345
1463 1335
1463 10839
17263 15629
10273 297
3132 23501
3132 92
3132 20388
25947 16883
25947 9072
25947 1688
25947 18060
25947 11332
25947 11919
25947 25947
25947 2622
25947 6506
25947 25510
25947 13650
25947 27494
27930 7710
27930 27930
27930 5810
29279 18060
29279 10941
1358 23291
1358 12178
1358 9072
1358 11054
12968 18060
12968 11100
12968 25510
1437 4231
1437 19453
1437 1946
28115 8430
6836 23291
13168 29436
13168 28155
13168 15837
13168 12310
9481 15566
9481 9481
19512 1310
14094 6856
14094 28104
14094 2926
14094 8590
14094 23758
1335 1335
1335 18496
6756 683
6756 27494
3603 18943
3603 3603
6101 23978
6101 29352
6101 1106
6101 28132
6101 4423
6101 18279
6101 27810
6101 26543
6101 27933
6101 20929
6101 4893
6101 28085
6101 11854
6101 29483
6101 13923
6101 27381
6101 6953
6101 6094
6101 27801
6101 21051
6101 27896
6101 1946
6101 7458
6101 17164
6101 18263
6101 27828
6101 28016
6101 29374
6101 27842
6101 8887
6101 4526
6101 21652
6101 27991
6101 18384
6101 6101
6101 766
6101 4556
6101 29308
6101 2233
6101 29430
6101 14915
6101 5743
6101 1969
3332 4183
5094 25854
5094 18060
5094 9164
5094 1465
27374 23317
29241 20431
92 18060
92 92
394 27751
3402 3493
3460 11985
3460 1465
27757 2821
27757 17907
27692 5340
27692 10059
27692 1131
27692 18263
27692 24021
2837 6936
2837 27816
2837 27735
2837 12166
45 45
45 11081
71 27465
24492 27249
12120 29413
12120 27580
12120 5295
12120 27842
12120 23078
1050 1131
3546 19949
23215 121
23215 25510
23215 13972
102 20529
28104 28104
17492 17492
5587 18060
5587 5587
5587 6262
5587 2874
6262 2841
6262 24891
6262 2926
6262 6849
6262 49
6262 6262
6262 29349
6262 11540
6262 10368
6262 18943
6262 14167
22112 10774
21652 21652
10862 184
2699 1997
27129 1465
4987 22051
4987 11100
4987 4987
6936 6936
6936 2191
6936 1465
6936 27816
6936 4354
6936 75
6936 49
6936 344
6936 1310
1465 29337
1465 6646
1465 1465
1465 10503
1465 26543
1465 8197
1465 6205
1465 317
1465 24965
1465 15743
1465 25609
1465 943
1465 1797
1465 10839
1465 12310
1465 13559
1465 29349
1465 14167
5292 22804
5292 10076
3803 297
297 13441
297 11100
297 14450
297 9317
297 17546
297 23758
297 4312
297 27933
297 10219
297 13972
1997 14493
1997 1997
1997 7666
1997 5101
1997 2290
29491 29491
29491 8843
9617 4333
9617 2868
9617 9617
9617 3996
9617 943
9617 1310
27853 18938
27853 21815
27773 27773
15506 9924
15506 15506
15506 18669
15506 18376
15506 27941
15506 8799
15506 27249
972 972
972 9025
972 3493
23661 23661
23661 8857
1573 7631
1573 1573
1573 27816
1573 9970
1573 4096
1573 18613
29399 7206
29399 1355
22975 10799
5091 11919
5091 27933
5091 27984
5091 29500
5091 27986
21051 25510
21051 21051
21051 2622
21051 29428
20388 20388
20388 18060
20388 17907
20388 2290
20388 27056
20388 4351
3493 29391
3493 9317
3493 27341
3493 25232
3493 4054
3493 15980
3493 955
3493 19453
3493 2000
3493 29224
3493 28052
3493 8008
3493 2233
3493 2042
3493 28070
3493 18263
3493 317
3493 23978
3493 9072
3493 22051
3493 27514
3493 1131
3493 6649
3493 6094
3493 20411
3493 29394
3493 4556
3493 3493
3493 1946
3493 27603
3493 4080
3493 12301
3493 10839
39184 2233
1094 303
1094 18943
10909 6085
10909 8133
10909 8430
10909 3684
10909 1946
10909 1345
10909 11540
10909 16801
10909 317
10909 20186
10909 9072
10909 1056
10909 801
10909 1131
10909 2821
10909 1737
10909 10909
10909 2233
27651 23758
8358 317
17353 27933
7845 28024
9658 4351
259 18060
13139 121
13139 17308
13139 13265
13139 13139
13139 20674
13139 519
13139 4790
10941 21857
1104 1104
18474 2954
4653 4231
4653 4653
4653 1046
4653 4639
4622 9928
4622 4622
29229 10076
18030 14915
35840 4231
35840 28005
35840 5301
35840 4542
35840 15597
35840 801
35840 35840
27954 14493
27954 2926
27954 27890
27954 9072
1894 2363
6357 27977
27751 2841
1384 121
1384 1355
5661 18060
5661 10076
27728 12664
6506 11100
6506 29500
6506 25232
6506 18060
6506 25854
6506 12706
6506 5744
6506 29446
6506 13923
6506 23501
6506 27986
6506 3384
6506 12909
6506 27976
6506 3621
6506 2841
6506 22989
6506 22217
6506 1149
6506 10194
6506 1056
6506 7666
6506 6506
6506 27603
6506 20491
6506 21405
318 9684
318 9928
318 318
27336 121
17945 22073
15915 15915
15915 9072
21337 7076
27814 26935
27814 25510
27814 9068
28132 28090
28132 11054
28132 1441
28132 23141
28132 4354
824 29413
824 18763
824 9072
17036 17036
17036 18087
22758 27714
22758 4354
22758 763
22758 28155
22758 28118
450 3503
450 683
450 1816
29459 8430
29459 19399
25165 586
25165 19949
25165 78
25165 2926
4298 9164
4298 4298
17581 27396
15124 2868
10475 21349
10475 3478
10475 11286
10475 10475
28155 28090
7352 7631
7352 27933
7352 7352
22500 8430
22500 21907
28071 28071
28071 9072
21581 22714
6278 25854
6278 15289
6278 25812
8590 10400
29282 10076
29282 4428
16048 38434
28098 9025
28098 1131
28098 6153
28098 20302
29340 8719
29340 6494
29434 14202
29434 801
14167 1131
14167 2841
14167 8106
14167 27816
14167 9025
14167 3634
14167 1149
14167 14167
19276 19276
19276 28028
19276 1568
19276 22073
2811 12547
4893 8799
27790 586
27790 10265
27790 1131
27790 27790
15488 778
15488 27013
13265 15606
13265 28151
13265 27953
13265 9164
13265 13441
13265 8914
13265 18060
13265 1084
13265 25854
13265 19475
13265 29536
13265 29535
13886 27013
13886 4580
10744 4312
11985 13762
27042 2290
27042 18739
27042 15837
27845 454
27845 27845
27845 4961
12761 5831
4100 29437
23387 23387
4971 4354
4971 13972
8725 12858
8725 11100
8725 801
1946 28016
1946 27714
1946 14915
1946 27982
1946 29231
1946 21349
1946 802
1946 17064
1946 18060
1946 12082
1946 15814
1946 7458
1946 121
1946 6794
1946 9072
1946 22309
1946 9025
1946 38434
1946 15934
1946 10708
1946 10368
1946 27684
1946 27923
1946 24796
1946 38783
1946 19860
1946 28033
1946 8133
1946 22019
1946 4312
1946 1176
1946 1946
1946 7206
1946 29524
1946 26809
1946 6085
1946 26080
1946 28157
1946 2000
1946 10671
1946 4423
1946 406
1946 6666
1946 2097
1946 18128
1946 18263
1946 8843
1946 14493
1946 20781
1946 29404
1946 27603
29337 29337
29337 6153
29337 9072
26474 26474
26474 22029
26474 15743
2191 17308
2191 20233
2191 1017
2191 4428
2191 12166
2191 23758
2191 75
2191 2191
2191 21136
2191 4144
2191 11540
19860 317
19860 27013
19860 11640
8887 13972
28037 26935
28037 5810
28037 25510
28037 28037
27764 27764
27764 1106
29341 25590
9471 36108
7437 10867
23078 20302
23078 27967
23078 26935
23078 25510
23078 23078
25953 19007
26039 683
26039 1266
26039 21704
26039 42371
26039 1149
26039 6953
27982 9072
2384 2384
2384 9072
2384 22051
2384 14319
2384 2290
2384 3684
2384 27396
2384 21815
2384 20302
2384 2821
2384 11260
1266 17164
1266 1266
1266 2807
1266 24060
1266 175
1266 9025
1266 29347
14757 27714
15242 3384
15242 121
15242 5101
8843 121
8843 6794
8843 2926
8843 7521
8843 8843
75 11906
75 23141
75 75
75 29433
10867 26892
10867 10867
10867 4144
10867 121
10867 11640
19399 22051
28154 1345
29404 6666
29404 29432
29404 17836
29404 29404
13410 22377
13410 7076
13410 11260
13410 13923
13410 13410
12806 23141
5263 4345
29305 25232
19493 19493
121 28016
121 9317
121 3992
121 2234
121 12176
121 683
121 2349
121 18289
121 121
121 16943
121 28048
121 18238
121 1528
121 7666
121 4428
121 12757
121 21857
121 29347
20529 20529
20529 10368
405 1056
405 955
2631 2631
2631 17836
2631 14288
3723 8430
3723 3723
3723 1044
8103 13762
8103 12156
8103 27118
8103 12310
8103 9928
8103 12486
8103 27433
8103 8103
8103 12166
8103 1310
29480 18589
26689 23053
26689 26689
26689 2642
26689 25062
37021 4231
37021 27816
11317 20302
15597 4231
15597 18739
15597 5301
15597 10194
3996 25854
3996 5831
11081 17118
11081 21724
11081 24913
11081 2926
11081 10368
11081 21857
11081 3995
7666 3848
7666 27807
7666 2290
7666 2234
7666 10076
7666 3485
7666 7666
7666 19475
7666 1149
7666 6772
1816 3545
1816 18238
1816 1816
1816 2481
1816 1021
10774 15934
27740 27729
18289 7762
18289 15887
18289 4428
18289 18289
19729 18263
6658 4874
13070 20803
13070 15934
7421 2000
7421 18763
19689 317
17525 9025
26255 586
26255 16943
26255 2926
26255 801
26255 15934
20782 11260
1056 29391
1056 9072
1056 1056
1056 8131
1056 943
1056 18494
1056 4423
1056 1450
1056 27991
1056 22971
1056 13650
1056 1310
27433 19949
28049 3268
27497 6085
27497 11919
29394 4354
29328 18060
29395 8588
8794 17965
362 28089
16054 25232
16054 16054
16054 9072
29526 848
25051 28052
27816 29218
27816 23978
27816 29254
27816 5810
27816 27816
27816 21028
27816 798
27816 4769
27816 21136
27816 28172
27816 1310
27816 8032
27816 2349
27816 4428
27816 26892
27816 18974
27940 1149
29433 10368
2042 4701
2042 2042
2042 27933
3554 29364
25812 6986
21700 11919
14424 11016
29349 29352
29349 2841
29349 23317
29349 454
29349 2926
29349 17836
29349 8133
29349 20674
29349 18238
29349 10194
29349 29349
29349 10368
29287 1355
29287 15837
7399 1939
7399 25854
10811 630
8588 8588
8588 18384
8588 26798
8588 763
8588 5701
23953 18060
23953 27783
5301 4231
5301 2083
5301 5301
5301 29401
5301 386
5301 397
5301 6666
5301 4690
5301 21857
5301 24891
801 12858
801 10146
801 8419
801 2841
801 9072
801 801
801 27831
801 4556
801 25080
801 24165
12176 6094
12176 13762
12176 21349
12176 27341
12176 1355
12176 3659
12176 12176
24965 24965
2481 3545
2481 24713
2481 27849
2481 683
2481 21815
2481 2481
2481 27056
2481 1021
2481 12107
2481 27986
745 20302
27261 1131
4720 25510
4720 398
21155 4231
21155 4428
27924 27829
3272 3166
3272 25854
3272 6249
3272 6856
3272 18086
3272 2926
3272 766
18749 27890
20781 20781
20781 22277
20781 15934
10799 4874
13902 1004
29228 1898
29228 10265
29228 29228
29228 651
29500 11926
29500 29500
28170 3902
28167 454
28167 1176
28167 11286
1171 11016
16659 6953
16659 16659
28159 28147
25326 24119
3106 18060
3106 28052
3106 10839
3106 3106
3106 2807
27994 3478
25256 25256
20411 3684
27663 8008
12503 8871
18739 11504
18739 23291
18739 18739
18739 15837
18739 18060
18739 11016
18739 1345
18739 27603
36285 10400
28192 27564
28192 5810
10368 24958
10368 11640
10368 10368
10368 7206
10368 21815
10368 763
24715 24715
24715 1898
24715 8799
5093 18000
27807 18060
27807 2821
27807 27807
13441 13441
13441 8726
13441 10076
13441 9871
13441 2349
13441 4144
13441 25510
13441 3485
13441 3874
3969 29449
27013 27739
27013 4580
27013 27013
2356 36572
2356 2356
2356 12310
2356 26077
13093 26608
4312 4312
4312 20302
4312 402
4312 12909
4312 763
14628 22073
13625 13625
13625 13923
13625 9072
11540 20233
11540 8799
11540 4745
11540 49
11540 7952
11540 11540
5081 15289
5081 605
16801 27890
19453 8133
19453 11919
19453 9072
11054 24119
11054 27702
11054 26543
11054 24586
11054 26798
11054 10219
11054 28187
10946 4054
10946 763
10946 28128
13816 25080
13816 18645
13816 9025
13816 12610
2318 6666
2318 2318
22051 11100
22051 22051
22051 9025
22051 955
22051 27025
22051 1492
22051 1898
630 630
630 27670
24958 78
24958 8032
11504 3503
11504 8008
27121 1345
8441 1131
27025 1568
17896 17896
17896 21907
29413 13650
29413 17969
21349 21349
21349 23911
21349 20387
21349 6094
21349 8008
21349 2622
21349 2233
12947 13923
17261 17261
17261 25232
17261 1131
28028 15629
28028 12664
28028 28028
28028 25510
28028 763
5328 5328
5328 10610
27760 3992
27760 9661
29437 29437
8008 17164
8008 1106
8008 13650
8008 9025
8008 955
8008 27742
8008 8008
8008 2233
8008 763
8008 3651
18060 11100
18060 27714
18060 28189
18060 7967
18060 18060
18060 4639
18060 3544
18060 943
18060 22131
18060 1021
18060 5810
18060 2290
18060 3684
18060 28005
18060 3485
18060 66
18060 2874
18060 683
18060 1355
18060 27519
18060 6666
18060 21815
18060 21956
18060 17907
18060 50973
18060 1106
18060 4333
18060 25854
18060 4144
18060 28172
18060 15629
18060 12909
18060 9164
18060 1131
18060 10076
18060 6094
18060 24713
18060 18238
18060 2233
18060 27056
18060 7607
18060 5513
18060 23758
18060 23291
18060 519
18060 344
18060 2757
18060 16943
18060 18013
18060 35353
18060 2363
18060 27931
18060 12178
18060 6772
28190 28052
15654 13972
1898 8430
1898 3400
1898 2455
1898 27249
9455 25510
9455 2349
454 25094
454 18698
454 454
454 27714
454 17907
454 27381
454 24913
454 11286
454 25510
454 1190
454 28085
7294 12178
7952 7031
7952 49
7952 7952
27829 6094
27829 22377
3711 7206
3711 3992
3711 1355
3711 3711
3711 14915
6214 9317
4542 4542
22131 22131
22131 6849
5756 3901
22019 2000
22019 22019
23053 11332
23053 23053
23053 2642
7759 14567
27118 27761
27341 12909
27341 11100
27341 2807
27341 3684
27341 3659
27734 6753
15743 13972
15743 28102
15743 15743
15743 2874
1355 27984
1355 2926
1355 7206
1355 49
1355 15837
1355 29320
1355 19475
1355 2874
1355 15629
1355 6794
1355 29416
1355 1355
1355 10076
1355 27056
2363 6666
2363 2363
26116 15629
26116 3545
26116 10400
26116 13494
26116 422
14901 13923
7305 3651
28023 15837
27959 5101
4760 24165
4760 4760
15934 27923
15934 2672
15934 2841
15934 27933
15934 15934
21059 27933
21059 2926
21059 14915
21059 14830
21059 17836
22073 21265
22073 6801
22073 4054
22073 763
22073 1131
22073 943
22073 21123
22073 25355
22073 22073
23950 22217
23950 50973
12858 12858
12858 6227
404 404
404 4096
4874 17965
4874 6871
4874 26271
13161 26935
13161 4354
13161 12156
13161 3928
7 10076
4572 29254
11906 11640
8857 683
8857 12178
8857 11919
12058 25232
21815 18938
21815 21815
21815 24713
21815 4790
1568 24586
1568 14450
1568 30691
1568 10046
26935 25590
26935 1993
27721 317
5542 25232
5542 27603
5542 25494
4246 10610
3214 3214
3214 27831
3214 3684
3214 12610
23141 23141
23141 23995
23141 651
827 12156
827 20302
11417 2290
10072 10072
10072 13650
6494 317
6494 27933
6494 9072
27831 17164
27831 22377
27831 27831
18494 2097
2642 25062
19355 2290
19355 19355
19355 28172
29235 22277
27967 27967
27967 6999
27967 17969
344 303
344 360
344 4428
344 14447
344 4194
344 344
344 2841
23317 7206
23317 13832
23317 23317
23317 20674
23317 14915
7709 21162
1650 18496
29493 29493
29493 25510
36466 20302
16518 302
23444 683
28041 4231
28041 22
28041 15887
11100 1847
11100 11100
11100 18087
11100 2926
11100 955
11100 8430
11100 28052
11100 12166
11100 29423
11100 27729
11100 27249
11100 4231
11100 12909
11100 14830
11100 9025
11100 1131
11100 1492
11100 28085
24953 1969
5572 5572
5572 1131
5572 14830
5295 8799
25054 428
20674 17907
20674 20674
29233 2233
29233 1593
29233 11919
29233 9072
15837 4231
15837 15837
15837 27823
15837 1190
24508 4231
24508 24386
24508 24508
24508 9970
643 643
643 26798
643 10400
12757 39082
12757 10046
12757 12757
2083 12419
14493 17164
14493 9072
14493 943
14493 27890
14493 14493
14493 27742
14493 25510
25609 6794
25609 2349
9970 66
9970 9928
29319 1441
29319 29319
18048 18048
18048 17660
18048 13972
27896 6794
27896 17118
29521 29521
7076 14830
7076 29495
18974 2349
14202 14202
14202 28172
250 2926
431 2954
431 9072
9317 15629
9317 9317
9317 27984
9317 1131
9317 6794
9317 27701
9317 23291
9317 27824
9317 11919
9317 25510
9317 27849
9317 18238
27915 9025
27915 27915
27915 6794
29374 28090
29374 18435
29374 29374
421 3485
421 28172
421 421
421 4790
6849 6849
6849 1441
6849 9072
6849 25510
6849 17836
6849 10194
27991 22377
27991 27991
2233 9924
2233 19885
2233 955
2233 11919
2233 2233
2233 5142
2233 428
2233 28070
2233 21265
2233 1492
2233 8719
2233 9025
2233 1131
2233 27914
2233 27941
29330 25510
586 1992
586 586
586 2672
586 18263
586 28144
586 29294
586 3651
22015 22015
14830 2290
14830 14830
14830 9025
14830 14915
14830 29522
14830 18000
14830 13650
4423 17164
4423 6794
4423 13972
4423 14915
4423 8133
4423 9849
4423 763
4423 3651
1703 5810
13559 2349
4003 4003
29524 29524
29524 27933
23978 6666
23978 23978
10059 9833
10059 10059
10059 1131
26798 28090
26798 22650
26798 1061
26798 11919
26798 26798
26798 4354
26798 25510
4345 4345
2926 22001
2926 3995
2926 2926
2926 27890
2926 8508
2926 7206
2926 2000
2926 49
2926 21615
2926 6794
2926 2841
2926 6856
2926 22989
2926 4096
2926 17836
2926 19949
2926 3065
2926 14915
2926 2664
2926 29481
2926 10007
17118 17118
17118 27833
17118 18384
17118 8923
18000 23291
18000 18000
919 66
919 3077
919 29291
22781 18256
21136 4428
21136 21136
27249 8430
27249 8799
27249 27941
27249 25510
27249 10400
27249 27249
28070 21816
28070 1131
28070 28070
7717 7717
7717 20281
27809 1345
17308 9164
17308 4428
17308 519
17308 17308
17308 10076
17308 23758
17308 25854
17308 66
17308 3945
17308 6772
17308 23501
17308 33841
5849 27714
9068 27729
18086 23291
18086 6794
22309 22309
1131 28016
1131 398
1131 8131
1131 14414
1131 683
1131 9849
1131 7967
1131 26543
1131 27698
1131 29357
1131 27986
1131 12909
1131 9025
1131 1131
1131 27749
1131 10265
1131 2669
1131 23028
1131 10503
1131 8183
1131 28052
1131 25510
1131 4556
1131 1969
1131 15896
1131 24586
1131 29430
1131 2097
1131 27702
1131 27381
1131 27762
1131 29333
1131 28187
1131 27603
25017 25017
26077 2622
5142 5142
5142 27914
10881 12178
1041 22989
1041 3992
7031 4231
7031 7031
7031 78
3503 683
3503 18238
3503 2290
3503 35353
3503 3503
3503 2024
3503 18645
10503 9072
10503 10839
10503 1106
10503 10219
9716 29495
955 955
955 28052
955 27742
955 19885
955 1492
955 2954
955 12301
955 4556
11640 27923
11640 2841
11640 2664
11640 27976
11640 11640
23758 6794
23758 23758
23758 25442
23758 28172
23758 4790
27744 21724
19885 19885
303 303
10400 10400
10400 398
10400 683
10400 9849
10400 29536
10400 18238
21816 7949
21816 21816
21816 38434
21816 22971
21816 13650
14672 21956
14672 2821
22980 28090
22980 1441
22980 25510
22980 27933
22980 22980
8914 1992
8914 4428
8914 3485
8914 9164
8032 6666
8032 798
8032 8032
1826 15629
1826 2290
1826 1149
1826 27933
1826 27701
9672 3992
9672 9672
5743 25510
5743 25232
12178 1847
12178 6801
12178 12610
12178 3684
12178 12301
12178 683
12178 12178
12178 15629
21671 10839
10708 6794
10708 10671
23252 1345
7631 7631
7631 21265
7631 13972
7631 25510
7631 943
2455 27921
274 18763
4961 28191
4961 10219
4164 27701
25813 6094
18135 28090
28026 3684
28026 21857
461 22277
461 3684
20026 29510
28151 28151
28151 5101
28151 519
28151 1149
3544 28172
3544 2874
2821 9072
2821 683
2821 2821
2821 11919
2821 25854
2821 27849
9833 9849
22217 18238
22217 2841
22217 11071
22217 430
22217 10194
28065 1149
28065 9072
11716 11716
25442 1939
25442 3485
25442 27701
12310 29218
12310 10839
12310 12310
12310 9928
12310 22029
17706 4925
2954 11919
2954 29271
2954 28033
2954 28085
20491 23291
20491 20491
1593 1593
2436 10671
27890 7460
27890 25510
27890 28144
27890 9072
3684 28002
3684 4925
3684 683
3684 14450
3684 1936
3684 27198
3684 35353
3684 9072
3684 9025
3684 6094
3684 7458
8923 27714
8923 8923
14567 6094
4925 4925
4925 25510
27702 27702
798 6666
798 25590
7359 6794
7359 2672
4872 21956
2264 1492
2264 9025
2264 5513
2264 10839
2264 9072
2530 22170
766 6666
766 20302
766 17969
2807 29333
2807 20302
2807 4080
2807 17907
2807 22170
9891 23291
5701 19393
5701 1840
17907 15629
17907 25590
17907 17907
17907 2290
17907 35416
17907 4333
17907 11926
17907 11286
17907 23501
1162 9849
1162 26543
28157 28157
4701 4701
4701 19475
20302 29247
20302 29218
20302 13904
20302 29254
20302 12156
20302 29291
20302 1310
20302 15629
20302 17965
20302 20302
20302 27838
20302 1190
20302 17969
29333 317
29333 1345
27603 27603
27603 9072
27603 9025
27603 1345
29312 25232
398 398
398 21907
398 25510
398 9849
398 6794
3983 18376
1106 10351
1106 10219
1106 25510
1106 13650
1106 28085
3945 3945
27125 943
28068 3485
28068 28069
18279 27933
12156 12156
12156 25590
17532 17532
14447 24021
14447 14447
14447 9581
14447 1993
4144 25590
4144 2349
4144 25854
4144 20483
4144 4144
4144 29291
29357 22971
29357 29357
24445 25510
778 22989
29291 6666
29291 402
29291 9928
29291 29291
29291 763
1936 7458
27455 11260
7521 38783
10076 943
10076 13762
10076 3485
10076 10076
10076 25854
21123 6649
21123 1441
4080 4080
4080 9025
23907 4231
23907 23907
23907 11286
23907 1310
7460 15606
7460 4333
7460 29254
7460 7460
7460 6666
7460 943
17836 26080
17836 6794
17836 28215
17836 17836
17836 8133
17836 14915
17836 13923
17836 3651
8272 29482
23291 4231
23291 11794
23291 5744
23291 23291
23291 13151
23291 1046
23291 28172
28052 28052
28052 6794
8508 3651
4351 18238
5869 18238
402 9581
402 27742
402 2841
7949 2310
7949 7949
29517 25510
29517 29517
651 10779
651 651
29436 29436
27953 16943
7710 13923
7710 7710
27704 22971
6986 21028
6986 15289
6986 6986
6986 4790
29446 29446
29446 10194
29446 2349
29446 2841
27823 13650
27823 27823
27823 1061
24637 1847
24637 13650
13972 9093
13972 17660
13972 13972
13972 27832
13972 4354
13972 6094
13972 1190
13972 21574
17064 32178
17064 2000
17064 17064
2841 27958
2841 360
2841 3995
2841 2234
2841 3485
2841 24891
2841 2841
2841 28211
2841 19949
440 7368
440 440
22989 27976
22989 12166
22989 22989
22989 24891
22989 23310
7311 18763
16785 24021
8131 12909
8131 8131
8131 28002
8871 1149
27923 6794
27923 27923
3995 3995
3995 763
3995 18256
2290 4800
2290 2290
2290 23874
2290 4639
2290 27986
2290 3384
2290 12909
2290 10194
2290 11286
29482 8784
29482 6794
12978 6794
12978 12978
12978 29294
12978 6545
2938 9072
1345 317
1345 943
1345 17965
1345 12909
1345 1345
1345 18496
1345 10046
763 28165
763 6269
763 27523
763 27714
763 29245
763 25510
763 763
763 28085
763 4231
763 6794
763 29308
763 28128
763 1688
763 18256
763 27701
763 683
763 27742
763 29268
763 22064
763 21724
24891 27958
24891 4002
24891 12166
24891 1176
24891 28176
24891 24891
42371 21907
42371 1281
29531 1866
21075 29379
36572 25510
36572 36572
20986 3651
1046 4231
1046 4639
1046 27056
1149 27872
1149 493
1149 683
1149 27714
1149 27056
1149 1149
27459 785
28176 28176
8726 15289
1407 4241
25590 15629
25590 25590
25590 1199
25590 2349
25590 1310
3375 25510
27909 25854
26809 6794
26809 935
5744 4800
8799 25510
8799 8799
8799 13650
13923 8430
13923 27933
13923 9072
28172 1992
28172 2868
28172 10194
28172 4231
28172 28172
15629 15629
15629 14414
15629 2672
15629 6794
15629 683
15629 11016
15629 2874
15629 3166
15629 3948
15629 9072
15629 18238
15629 2043
15629 27742
9164 10610
9164 9164
9164 4428
22029 22029
9581 9581
6094 27396
6094 3902
6094 6649
6094 9652
6094 4556
6094 28191
6094 12909
6094 9025
6094 11552
6094 6094
6415 6415
6415 3948
27742 25510
27742 27742
27742 13650
27742 78
3992 7409
3992 3992
3651 27933
3651 317
3651 25094
3651 29481
3651 6953
3651 4096
3651 26080
3651 25510
3651 22338
3651 3651
360 360
29224 6794
29224 29224
18938 317
18938 3077
18938 18938
18938 9928
18938 6794
22429 22429
4556 9072
39082 27048
39082 29449
39082 25510
27872 2874
7409 12166
26459 2310
26459 19988
26459 26459
12486 6666
28165 8430
28165 28165
3077 1992
3077 317
3077 11286
3077 22878
6999 6999
78 4231
78 78
78 6666
78 66
7967 7967
26543 25510
26543 26543
26543 22277
27933 17164
27933 26892
27933 2672
27933 19923
27933 27933
27933 25510
27933 14450
27933 519
27933 12610
27933 14915
935 9652
14450 4231
14450 14450
14450 7041
14450 9072
14450 27729
14450 25080
14450 26700
14450 27986
29293 15289
29293 9871
29293 2874
430 10194
24528 460
2164 6269
10839 317
10839 4428
10839 10839
10839 25510
27732 7458
1021 1021
1021 4800
13762 13762
13762 18013
13762 35353
13762 25854
13762 2349
1441 1441
1441 26250
1441 943
1441 4096
1441 25510
1441 6649
1441 14915
27396 1176
27396 27396
27396 1310
28215 6794
28215 28215
27833 11260
6545 4231
6545 25510
25494 25494
66 3
66 2349
66 66
66 4707
66 6953
29278 4231
10671 2000
10671 10671
10671 14915
10819 6794
10046 9928
10046 25510
9093 4231
9093 9093
7252 2000
7252 14915
7252 7252
29214 28090
184 7762
3902 3902
3902 10219
3902 24734
6649 13650
33841 4428
28085 28085
27832 27832
27832 4354
27832 2349
9025 2672
9025 22377
9025 15980
9025 1992
9025 9025
9025 1492
12166 27958
12166 12166
12166 24021
12166 27701
12166 1310
1004 1004
38434 2000
38434 6794
38434 38434
38434 15980
18238 5513
18238 10194
18238 18238
18238 4639
18238 4800
7762 7762
1648 4231
27836 27836
27836 9072
27796 15980
28002 28090
28002 28002
28002 25062
1939 6666
1939 1939
1939 3485
25080 25080
29308 1492
10365 10365
25062 25062
460 13650
27934 27056
10758 6666
10758 5513
10758 4354
10758 3948
10758 10758
6269 13381
6269 21864
6269 6269
28189 25854
28189 28189
1688 4231
1688 26148
2000 6794
2000 38783
2000 6085
2000 2000
2000 20387
2000 7458
6153 683
6153 24713
6153 6153
29335 317
19475 25309
19475 3485
19475 19475
1017 4428
6227 6227
29443 21857
6517 11783
8991 38783
38783 7206
38783 6794
38783 38783
38783 6085
5101 5101
29495 29495
15980 15980
28188 2349
28188 10610
5598 23501
29268 6460
27729 27729
16046 683
28090 25094
317 24381
317 1743
317 317
317 18613
317 23571
317 6085
317 1446
317 683
317 1190
317 4096
317 532
317 6666
317 17969
1446 28005
20763 11260
20763 20763
22278 11286
6666 3621
6666 4354
6666 6666
756 3166
8320 4428
8320 8320
28016 28016
27698 27698
18815 10610
29271 29271
29271 25265
22277 17164
22277 22277
22277 14915
8430 17164
8430 5583
8430 6085
8430 8430
8430 1969
8430 14915
8430 5378
8430 27094
8430 29294
22001 10007
11682 28048
22971 35353
22971 6856
22971 4054
18763 18763
22377 22377
6801 29449
27895 10194
27749 27749
29471 1310
29471 2349
29471 29471
17901 17901
17901 3485
13650 25094
13650 19949
13650 27198
13650 5810
13650 11332
13650 13650
1992 1992
1992 11260
4800 25854
4800 4800
22789 13381
22789 22789
5513 25854
24119 24119
24119 27957
2622 2622
2622 29449
2622 14414
8824 24021
23501 5015
23501 23501
16943 4428
15289 943
15289 2874
29294 6794
29294 29294
24586 24586
11260 6085
11260 26319
11260 11260
11260 28175
25355 25355
6753 27739
29231 29231
28156 2349
18496 18496
24180 25232
21907 17164
21907 27772
21907 7333
21907 21907
3659 3659
1969 1969
1969 9652
12547 49
25510 29428
25510 4054
25510 18384
25510 683
25510 29483
25510 11286
25510 17073
25510 5810
25510 1176
25510 9352
25510 11016
25510 25510
25510 25854
25510 4096
25510 1190
25510 24060
25510 22338
6953 6953
12744 1993
19988 19988
24179 29245
8426 1190
24060 24060
13113 25232
13113 9072
2344 379
21637 21637
2672 2672
2672 1176
4428 26892
4428 5952
4428 25854
4428 4428
683 11919
683 683
683 4639
683 1310
683 35353
683 9072
29506 17362
10194 10194
10194 24021
703 703
703 7360
5378 5378
5378 5810
7458 7206
7458 6085
7458 7458
4231 3545
4231 26700
4231 29536
4231 1190
4231 4231
27514 27514
24021 24021
11286 6794
11286 4054
11286 27701
11286 11286
11286 2874
4790 4333
4790 4096
4790 4790
27056 4333
27056 25854
27056 29536
27056 27056
26250 17969
8003 8003
18698 1847
18698 26882
18698 18698
24713 24713
27762 27762
35353 35353
35353 25854
35353 9928
9072 25232
9072 4054
9072 27986
9072 9072
9072 26080
9072 27739
9072 28128
9072 4096
14915 6085
14915 4096
14915 14915
44949 44949
44949 7644
13832 13832
13832 26320
29254 19926
29254 4054
29254 1310
10610 10610
1492 5583
1492 1492
6772 6772
22338 22338
1847 29510
28033 6794
7982 7982
27714 27714
27714 8133
27716 12565
29536 29536
14415 14415
14415 2349
26080 26080
26080 6794
8133 8133
29481 29481
19926 19926
21574 21574
17164 17164
17164 5810
17164 1310
29245 29245
5810 3621
5810 21724
28005 2349
15896 15896
27986 11919
4707 25309
21724 21724
406 27523
406 406
28187 28187
50973 27701
25232 25232
25232 1176
12248 12248
9849 11919
9849 9849
28124 28124
26003 3485
28191 28191
29483 29483
8183 8183
27941 27941
1310 4333
1310 24030
1310 1310
4333 3384
4333 4333
4333 2868
27739 6085
27523 6794
27523 27523
22878 22878
6856 6856
6856 19949
27801 943
21857 21857
21857 2349
14414 14414
17660 17660
11966 18943
4054 4054
7206 18263
7206 6794
7206 6085
7206 7206
26700 26700
25735 25735
27701 27701
11919 27984
11919 4354
11919 11919
20929 20929
18943 18943
4354 18263
4354 4354
943 943
943 9871
2349 2349
2349 3485
11926 11926
18263 18263
3485 25854
3485 3485
11016 11016
2874 25854
27984 27984
3621 3621
28128 28128
29510 29510
10265 10265
18128 18128
18128 26319
24030 24030
49 49
2234 2234
25854 25854
28175 6794
28175 28175
6794 12909
6794 6794
6794 1190
6794 1176
8197 8197
1190 1190
25145 29449
27914 27914
24913 24913
12301 12301
12909 12909
13381 13381
19949 19949
29522 29522
9871 9871
1176 6085
1176 1176
21919 21919
24437 24437
6085 6085
6085 26319
29416 29416
28048 28048
29449 29449
4096 4096
26319 26319
