5903 24875
22049 14094
22049 22049
22049 6976
22049 36466
22149 6976
20307 17164
25685 20787
25685 21684
25685 15934
25685 1409
25832 8761
25832 5094
25832 3521
25832 4790
25744 703
25744 17308
25744 13265
25744 22479
1360 2926
16143 22338
16143 16143
54780 290
54780 763
54780 17261
23078 824
23078 21051
23078 23078
23078 12310
23078 21907
23078 5690
23078 19520
5498 25515
5498 16858
5498 26082
2906 6094
2906 2906
2906 431
2906 11576
10366 1291
3380 26059
2554 454
2554 6269
2554 8135
2554 17513
2554 22236
2554 18974
26050 26050
26050 8799
26050 7710
3072 25781
12334 14302
19045 11599
19045 11025
19045 9072
20417 11142
20417 431
136 8799
136 18717
25054 18263
25054 6451
25054 1345
25054 13168
25054 290
25054 1441
25054 2954
25054 6205
25054 25054
25054 766
11142 6936
11142 22714
11142 6269
11142 25641
11142 25743
11142 4961
11142 19142
11142 297
11142 25813
11142 11919
11142 15915
11142 25931
11142 25989
11142 13972
11142 6094
11142 1898
11142 25861
11142 25754
11142 454
11142 299
11142 23980
11142 18048
11142 12310
11142 19874
11142 17498
11142 1946
11142 21167
11142 2954
11142 20491
11142 23381
11142 25921
11142 431
11142 6214
11142 1557
11142 25881
11142 26111
11142 3977
11142 25762
11142 4925
11142 798
11142 25452
11142 6101
11142 7845
11142 3948
11142 25432
11142 766
11142 1737
11142 25711
11142 25451
11142 1266
11142 25492
11142 14830
11142 25602
11142 3568
11142 25763
11142 24590
11142 10035
11142 17596
11142 25460
11142 26056
11142 20598
11142 25232
11142 6646
11142 25565
11142 5373
11142 1463
11142 25548
11142 25671
11142 1335
11142 4231
11142 6794
11142 23534
11142 20443
11142 9072
11142 7772
11142 9025
11142 19844
11142 23542
11142 21684
11142 25745
11142 25446
11142 11841
11142 2312
11142 25557
11142 11317
11142 960
11142 10446
11142 13650
11142 13809
11142 5583
11142 17073
11142 12601
11142 394
11142 20787
11142 19959
11142 13462
11142 24543
11142 5153
11142 8341
11142 11142
11142 6085
11142 14450
11142 35353
11142 8430
11142 7894
11142 25634
11142 18086
11142 13890
11142 317
11142 17506
11142 25445
11142 1190
12824 16684
12824 22971
12824 20302
13718 763
1822 35353
806 766
806 806
806 1546
9479 9479
9479 4953
9479 24272
9479 9072
12481 3545
12481 22197
12481 12481
12481 9025
12481 3324
12481 22733
25730 25730
25730 12858
25730 9072
25730 21810
25730 17498
6316 6316
7763 7763
8916 1898
8916 25326
8916 23463
8916 18060
8916 1557
8916 13650
8916 8916
8916 4177
20598 9924
20598 8008
20598 3568
20598 20598
20598 23408
20598 1532
424 12310
25548 4312
25548 7934
22757 17988
22757 18512
22757 22757
18516 12310
353 24466
353 20473
24912 21491
12205 22928
12205 7399
12205 9072
1532 6094
1532 18263
1532 2056
1532 3568
1532 25326
1532 25962
1532 9072
1532 11394
1532 2926
1532 1532
25552 25484
75 586
75 11540
25643 18060
25643 10400
4129 2954
25446 8430
25446 13650
25830 12310
23993 25646
23993 12166
25560 25530
4221 586
396 7031
396 24338
396 24965
396 3
396 15934
396 290
396 2597
396 7311
396 7399
396 4177
22460 297
22460 22460
22460 10446
22460 13215
22460 1409
10446 1223
10446 297
10446 6986
10446 24864
10446 18060
10446 8799
10446 4040
10446 15629
10446 1898
10446 24543
10446 4720
10446 14450
10446 25544
10446 2349
10446 4246
10446 24792
10446 391
10446 15934
10446 17498
10446 9275
10446 10446
10446 12301
10446 13215
10446 4231
10446 14681
10446 2807
10446 15503
10446 23408
10446 22019
10446 9694
10446 25542
10446 25184
10446 6481
10446 10400
10446 25954
10446 18512
10446 24848
10446 8737
10446 8726
10446 11504
10446 5690
10446 10481
10446 290
10446 1409
10446 1355
10446 6794
25490 24313
16684 1437
16684 16684
16684 5794
16684 4366
16684 9072
16684 3568
16684 10503
16684 25356
16684 22302
16684 5690
16684 19949
16684 3400
16684 8726
16684 12178
16684 25517
16684 2954
16684 2051
16684 25510
16684 11540
16684 7728
8473 10941
25301 2000
3462 1682
4362 21965
4362 4721
4362 12019
4362 6101
4362 2622
4362 1190
12170 4231
9022 6094
9022 25641
9022 6756
14167 10893
14167 9947
14167 25153
26068 1464
16761 38783
13027 13027
13027 3992
13027 17308
13027 22479
13027 5101
2467 25510
2467 25577
20729 13650
20729 17261
1400 12310
1400 20302
21014 121
21014 21014
21014 26094
21014 50973
21014 2900
21014 25998
7402 25510
7402 19727
7402 7458
25153 38783
25153 25153
25516 613
25516 2622
25516 13972
12357 22714
12357 25954
12357 12357
3521 2083
3521 17308
3521 5094
3521 12390
3521 2868
3521 8914
3521 10503
3521 1355
3521 9271
3521 297
3521 25523
3521 8027
3521 25442
3521 11599
3521 3521
16002 23408
25731 11260
25731 36814
17988 26039
17988 8430
17988 17988
17988 18512
16109 3901
4040 1737
4040 4040
4040 19783
12976 2000
12976 6794
12976 2672
12976 2926
12976 431
12976 22019
24208 1044
24208 20302
24208 19520
19546 19546
19546 1131
19546 3684
26039 586
26039 1306
26039 25995
26039 23355
26039 12705
26039 15980
26039 26039
26039 24525
17498 4614
17498 675
17498 9300
17498 25431
17498 10355
17498 18060
17498 9091
17498 1291
17498 1474
17498 9068
17498 14450
17498 5263
17498 24864
17498 9672
17498 4246
17498 17901
17498 15934
17498 10266
17498 17498
10007 12166
10007 10007
2868 18060
2868 25630
2868 19475
25763 8798
25763 2954
25763 14302
25763 25763
25630 8761
25630 7399
25630 25630
26086 8032
26086 318
26086 1018
26086 26086
25342 15934
16578 16578
16578 11540
24442 12757
24442 12770
24442 2290
24442 25952
24442 26082
24682 25510
24682 20787
25910 416
4832 18263
4832 586
4832 26013
4832 763
4832 23657
3993 1650
3993 3041
3993 5301
3993 9072
3993 18060
3993 3993
3993 8590
6043 18263
6043 22971
919 2837
20597 7743
20597 18939
20597 12705
20597 1946
4325 2954
4325 6205
8811 4231
6950 17308
6950 13265
6950 6950
22041 20787
4794 4357
4794 605
4794 8419
4794 4794
4794 25696
85 454
85 25510
238 25594
26013 1464
26013 26013
26013 23317
26013 19874
26013 25510
26013 13650
26013 10035
1708 1708
1708 19142
20919 25355
20919 4177
25458 25465
25458 25329
25458 763
3903 21940
18798 20341
11841 26097
11841 290
11841 25619
11841 17907
11841 13650
11841 11841
16762 13302
4304 7772
16571 4961
35833 15629
7710 25533
7710 4854
7710 25810
7710 7333
7868 7935
440 440
440 25487
25814 3324
25455 25486
93 1481
960 20787
17547 25510
458 458
458 4721
458 20787
458 13265
458 10839
458 20302
458 15155
458 290
458 2051
458 1345
458 14094
2348 25682
2348 3847
16120 18060
16120 16120
14551 8799
25733 3568
25733 18086
25733 25733
25733 3684
3992 7031
3992 3992
3992 25099
3992 11504
3992 2095
23408 8588
23408 11576
23408 18376
23408 25791
23408 10503
23408 20787
23408 4053
23408 23408
23408 23106
23408 25817
23408 36466
23408 25532
23408 11097
23408 5153
23408 3106
23408 1345
23408 2530
23408 2926
23408 18263
23408 586
23408 2384
23408 25954
23408 14447
23408 1050
23408 9072
23408 18571
23408 359
23408 1056
23408 11332
23408 25915
23408 15934
23408 290
23408 658
21254 5417
8176 8176
8176 14497
22425 17969
15293 22247
15293 8075
12898 25243
12898 25266
12898 11097
12898 25802
12898 25779
12898 24543
3056 25725
7709 11054
24864 6666
24864 4231
24864 14094
24864 19075
24864 24864
24864 14450
24864 18060
24864 9672
25527 184
25527 1464
25527 49
25527 38783
25527 290
25527 25527
25527 2926
16814 3509
16814 10839
7728 6094
7728 431
26020 297
26020 14830
22928 297
22928 6794
22928 22928
22928 9072
22928 2046
22928 6101
22928 4720
22928 431
22928 3684
22928 454
18969 9924
18969 18969
1353 6794
15980 3568
15980 11332
15980 9072
15980 22051
15980 1492
15980 15980
15980 1946
15980 10368
797 7460
14497 4231
14497 25665
14497 1320
14497 1355
14497 3684
14497 18974
24233 12693
24233 10503
24233 13650
24233 20302
25671 4721
25671 394
25989 14094
25989 6206
25989 8103
25989 1345
25989 21684
25989 25989
18108 18108
24021 8341
24021 250
24021 1100
24021 18263
24021 360
24021 11540
24021 4177
24021 184
24021 14447
24021 24021
24021 732
24021 3901
24021 290
24021 344
24021 8624
24021 1409
18761 18761
17734 25080
17734 17734
2615 297
25361 25361
25361 25256
25361 763
9449 613
9449 25486
25430 25430
25430 8430
3891 4245
25577 1190
25577 21857
37021 8103
47274 23980
6827 18060
6827 26041
6827 25659
6827 25593
6827 6254
586 1131
586 38783
586 6494
586 2926
586 4053
586 1
586 2000
586 22247
586 800
586 1320
586 12693
586 1345
586 763
586 586
586 6794
586 25510
586 25309
586 2562
586 24272
586 25745
586 13753
586 24338
586 1015
586 15934
586 25517
586 644
586 17173
1622 2106
17294 18060
17294 425
17847 11097
15327 1004
15327 824
15327 11768
15327 17822
15327 12069
15327 23297
15327 15327
6481 6481
6481 1465
25484 7460
25484 14493
25484 5101
25484 4428
26064 13650
26064 11009
26064 8737
25807 703
25807 25807
8737 26072
8737 22971
8737 8737
8737 25706
8737 25999
10893 25510
4659 26054
4953 4953
4953 14450
4953 1050
4953 1106
4953 454
4953 25931
4953 9072
4953 4925
4953 3400
4953 11919
4953 25823
4953 3106
4953 15540
7991 25610
7991 8430
7991 21349
7991 8008
7991 1847
7991 17164
7991 13650
7991 3684
7991 5690
5690 1345
5690 284
5690 22741
5690 394
5690 3995
5690 78
5690 6183
5690 1682
5690 4177
5690 10355
5690 361
5690 25931
5690 25510
5690 3931
5690 11504
5690 5690
5690 121
5690 23141
5690 25654
5690 13215
26072 22051
26072 26072
26072 2954
26072 4961
1049 25118
16751 16751
16751 23758
290 24340
290 13972
290 2811
290 25533
290 2926
290 18060
290 25565
290 297
290 15488
290 10903
290 15915
290 11500
290 8857
290 4790
290 15629
290 6094
290 1345
290 14450
290 7772
290 25619
290 19844
290 10095
290 14094
290 4231
290 6756
290 12301
290 10909
290 10072
290 25743
290 12310
290 394
290 21007
290 25762
290 25504
290 25889
290 11722
290 25510
290 19142
290 19864
290 1409
290 24965
290 9164
290 1050
290 23317
290 3568
290 15242
290 25998
290 22051
290 25451
290 2039
290 15934
290 290
290 15540
290 21857
290 24547
14913 23317
12751 454
12751 14302
477 12156
477 3948
477 2575
477 12310
477 12617
19534 6647
19534 22971
19534 9072
14653 25358
25713 1310
25713 39082
25713 2349
25713 25713
25713 15934
25713 12166
25713 78
25713 10194
25713 4177
11025 11599
18050 10072
19874 25510
19874 22052
19874 454
19874 19874
19874 25356
4053 25494
4053 23860
4053 26085
4053 2926
4053 4053
8050 8103
8050 8050
8050 9072
4177 13762
4177 19294
4177 2811
4177 2926
4177 317
4177 4177
4177 7206
4177 49
4177 36067
4177 5312
4177 24637
4177 38783
4177 7935
4177 6794
4177 25538
4177 25609
4177 13753
4177 12166
4177 25493
4177 25355
4177 6545
4177 25723
4177 20475
4177 25883
4177 25983
4177 5442
4177 18116
4177 20516
6451 22606
6451 23141
6451 13972
6451 24713
6451 25510
6451 20787
25863 1847
25863 3400
25863 78
25863 8161
25863 3568
25863 19949
25863 9072
25863 3684
25869 17308
25869 2349
25869 22758
25869 25792
25869 8103
25869 5513
25869 6794
25869 10194
25869 5963
25956 22051
25956 4790
25956 2290
25956 802
25956 25954
13694 7743
13694 2000
13694 5583
13694 1946
13694 21255
13694 13694
13694 1682
24993 16943
24993 25954
26025 18060
26025 23141
26025 763
26025 9072
25631 658
25935 25852
25935 25935
25935 13650
25935 763
25706 25706
25706 431
13809 1306
13809 15934
13809 3568
13809 10503
13809 763
13809 13809
13215 1409
13215 348
13215 78
13215 13215
2082 824
2082 2082
2082 5312
2082 16464
2082 17969
2082 45
2082 21684
2082 1409
25791 25791
25791 763
25515 5743
25515 2481
25515 2821
4721 4721
4721 9300
4721 23980
4721 11009
4721 5963
4721 6094
4721 297
4721 10779
4721 12647
4721 763
4721 1409
8133 7206
8133 2000
8133 17760
8133 25648
8133 15819
8133 1946
8133 38783
8133 25479
8133 8133
8133 26062
26062 1946
26062 14915
26062 11640
7653 7653
7653 9617
7653 4707
7653 1186
14450 15629
14450 4231
14450 23104
14450 25954
14450 8419
14450 14450
14450 454
14450 18060
14450 25550
14450 297
14450 17901
14450 12301
14450 25494
14450 26052
14450 25961
26012 18060
26012 12705
26012 26012
613 1441
613 13972
613 25638
613 25356
613 15006
613 26017
613 689
613 25634
613 20550
613 7311
613 22051
613 25797
613 22029
613 613
613 4890
613 21907
613 10095
613 19899
613 10330
613 20302
613 25683
613 26093
613 17969
3547 7743
3931 4231
3931 297
3931 24965
3931 689
3931 14447
3931 3931
3931 1826
348 8430
348 78
348 25949
348 26016
17845 25504
5963 1437
5963 26021
5963 22051
5963 1345
5963 10194
25005 25005
25005 6101
25005 17581
25005 8430
10330 10330
10330 22029
10330 21684
26046 11260
333 2926
284 450
284 36067
284 22741
284 17644
284 14447
284 288
284 284
284 344
284 25825
1409 24340
1409 2672
1409 25952
1409 50973
1409 6494
1409 2811
1409 1631
1409 22202
1409 297
1409 25504
1409 25451
1409 25549
1409 703
1409 25931
1409 7311
1409 24965
1409 25571
1409 25619
1409 1190
1409 12861
1409 23980
1409 9652
1409 25442
1409 15139
1409 15934
1409 21857
1409 1409
25105 25497
25307 13650
448 448
19471 3210
19471 17822
22418 2510
10271 10271
25028 3568
25028 2954
25486 1437
25486 25355
25486 6262
25486 13265
25486 4790
25486 13168
25486 25486
25486 9154
675 18060
675 21265
8707 25995
7168 7507
7168 2575
4400 15934
2051 18263
2051 36108
2051 1345
2051 22741
2051 1465
2051 7772
2051 16516
2051 17644
2051 21684
2051 25619
2051 25432
2051 8103
2051 2051
2051 10909
2051 1310
25931 824
25931 454
25931 25619
25931 10503
25931 9072
25931 25199
25931 3324
25931 1463
25931 25931
1291 12166
1291 8914
1291 19949
1291 1291
1291 2349
7851 25641
7851 7851
11444 25510
2052 4231
2052 2052
5740 1355
5740 5740
25102 2384
4778 2938
4778 4778
26102 121
26102 21857
19205 19205
29783 2056
25792 3847
25792 25792
25792 18060
21167 5015
21167 1306
21167 8430
21167 454
21167 21167
21167 12705
8604 10095
8604 14830
10427 4245
25899 2954
23355 23355
23355 16659
23355 26017
25762 6976
25762 18060
461 4245
21054 5697
1682 24078
1682 25463
1682 9833
1682 30395
1682 25479
1682 1682
1682 7206
1682 20475
1682 1176
1682 1946
1682 25491
1682 12705
1682 25648
25634 25634
25634 21907
25634 6753
25634 1106
25634 25510
349 14447
349 1199
349 1465
349 3901
349 349
23011 1355
17118 824
17118 25266
17118 17822
17118 17118
25580 3874
25580 25356
25580 25580
25580 25309
25511 25511
25511 1540
9947 4246
9947 17308
9947 66
9947 10322
9947 22479
15155 18263
15155 15155
15155 2821
949 949
949 11765
24386 4231
24386 26032
24386 1528
24386 24386
3847 25682
3847 26088
3847 26094
3847 10076
3847 3847
3847 3996
3847 18060
16498 4580
25980 9924
25980 1459
25980 1579
1162 17164
1162 25510
12693 6794
12693 6545
12693 12693
12693 17308
24844 8049
24844 24844
24844 24848
359 25943
359 8842
359 22302
359 20302
359 1056
359 78
25947 9072
11124 18263
11124 25929
11124 13653
1358 2384
1358 2954
1358 8008
1358 11317
1437 1528
1437 8106
1437 8590
13168 15466
13168 39082
13168 14037
13168 1643
13168 25571
2312 25954
2312 1465
14094 8419
14094 1573
14094 26059
14094 6503
14094 20787
14094 6976
14094 22479
14094 10095
14094 25834
14094 14094
14094 36466
14094 25576
14094 12310
14094 8381
1335 1190
1335 25565
6756 22714
6756 1050
6756 297
3603 3902
6101 1106
6101 25743
6101 13456
6101 25817
6101 25747
6101 25955
6101 25248
6101 25510
6101 25740
6101 9072
6101 25619
6101 36814
6101 23317
6101 25897
6101 14493
6101 6101
6101 2954
6101 14901
5094 297
5094 13265
5094 26041
5094 9833
5094 1355
5094 1190
5094 709
1481 25818
17253 8588
17253 935
17253 20062
17253 408
17253 8857
17253 11716
394 24965
394 9072
3402 1946
3402 2954
3402 24543
3402 9072
17308 22189
17308 12390
17308 25918
17308 10503
17308 2290
17308 17308
17308 23758
17308 25566
17308 13265
17308 2837
17308 2095
17308 25887
17308 22247
17308 13139
17308 21491
17308 9164
17308 25309
17308 9833
17308 5744
17308 299
17308 5730
17308 13302
17308 20302
17308 22804
17308 18380
17308 10909
10662 25510
20052 4231
1492 38434
1492 3568
1492 1492
1492 25695
1492 2954
1492 9025
2837 4231
2837 25309
2837 2837
2837 4890
2837 370
2837 763
2837 1688
8761 1355
8761 25817
25695 3568
25695 2954
5697 1946
5697 6787
10001 2081
25954 16943
25954 3077
25954 1465
25954 763
25954 2926
25954 8430
25954 25954
25954 9072
25954 15934
25954 16518
25954 10035
12120 25838
12120 25921
1050 15629
1050 20302
1050 3503
1050 8430
1050 11919
1050 11926
1050 6153
1050 21428
1050 18060
1050 18263
1050 6794
1050 1050
1050 4720
1050 2344
1050 3384
1050 12178
1050 12310
1050 2481
1050 1459
1050 1355
2363 25921
1047 25787
1047 22714
2968 19649
2968 2968
6262 18263
6262 350
6262 22247
6262 49
6262 13265
6262 6262
6262 13753
6262 9072
6262 11540
6262 11640
8798 6094
19520 25451
19520 5789
19520 12585
19520 25136
19520 19520
6936 12617
9422 14493
1465 21857
1465 9417
1465 3041
1465 6094
1465 1465
1465 19949
1465 431
1465 798
1465 14447
1465 20443
1465 1573
1465 7772
1465 1190
1465 8032
1465 17083
1465 26031
1465 10909
1465 450
1465 10035
1465 23571
25542 24953
25542 703
25542 25355
297 3503
297 1826
297 297
297 25431
297 13265
297 1355
297 1946
297 18060
297 1266
297 25510
297 766
297 1310
297 4231
297 12106
297 1474
297 14830
297 9072
297 4096
297 22479
297 19077
297 121
297 11504
297 1648
297 23542
297 3324
297 15540
297 25445
9970 25358
9970 24965
10355 24891
9617 431
9617 8726
2192 17476
5371 25510
5371 25355
5371 5371
1573 17083
1573 1573
1573 6205
1573 1345
1573 21684
1573 21857
12861 3568
12861 12861
12861 19885
25476 25460
25476 35353
2821 4231
2821 4333
2821 6214
2821 20754
2821 2821
5091 8739
5091 9091
21051 26080
21051 1131
21051 11768
21051 23317
21051 454
21051 23141
21051 21907
3345 15629
3345 3384
25996 18060
25996 11919
1094 13753
10909 3545
10909 9417
10909 1441
10909 10909
10909 1345
10909 15819
10909 23317
10909 13119
10909 1179
10909 45
10909 9072
10909 18060
10909 2954
10909 25510
10909 4144
10909 25674
10909 20186
17345 24848
3959 25080
3959 6085
13480 17165
14891 3568
14891 6094
14891 1441
8358 6494
25431 18060
25431 25431
36067 17083
36067 25355
36067 1306
658 8430
658 8049
658 25510
658 658
658 1131
658 3324
9316 25038
9316 18060
7845 25529
7845 18060
7845 14830
7845 7845
9962 25510
37646 2926
30412 6949
30412 30412
26032 4231
13139 13139
10941 10941
1104 1149
740 5072
26059 26059
709 1355
9550 23338
25585 18263
25585 25585
21574 25266
16872 6269
25460 8075
25460 703
7507 17164
7507 18263
7507 25855
7507 3609
7507 22144
7507 2664
7507 12757
11009 18263
11009 8857
11009 11576
11009 11009
17073 1898
17073 24848
17073 19334
17073 17113
17073 17073
3473 5450
3473 5312
23959 15516
25386 3568
25386 25386
25386 802
25386 9072
318 17083
318 8103
318 3995
21291 18263
21291 38434
21291 763
7772 9417
7772 7772
7772 21684
17644 11504
17644 17644
519 13265
519 1310
25745 6794
25745 11919
25745 6753
25745 9072
25745 2926
25745 763
25745 25745
25529 3684
824 13972
824 19294
824 1557
824 25683
824 23790
824 16615
824 6753
824 25650
824 22971
824 36814
824 21907
824 16659
824 824
824 3538
824 6545
824 25443
824 23141
824 11260
824 17969
824 23013
26031 15629
26031 13650
25932 25358
22758 18060
22758 25499
22758 23317
22758 22758
22758 4428
22758 11768
22758 23542
22758 25868
450 3106
450 8430
450 450
10503 22971
10503 3568
10503 13650
10503 22393
10503 10503
10503 26083
10503 21892
10503 22804
10503 763
4298 24637
25964 3568
25964 9025
25964 14302
25463 15629
25463 25463
25463 1106
25463 9025
25463 2954
25463 13650
25582 13265
7443 10266
14361 24787
7894 18060
7894 25510
6278 17913
6278 6278
6278 1648
6278 4572
8590 12166
8590 35575
8590 1123
8590 4910
2795 22971
16048 24485
26088 2807
26088 4351
21892 4231
21892 12166
8739 3324
8739 8739
644 14447
644 2362
644 344
11097 454
11097 6269
22388 9502
22388 22388
22388 25624
22714 22714
22714 19276
22714 5332
22714 9072
22714 3568
22714 4720
22714 25493
22714 6094
22714 15837
22714 25522
22714 1320
22714 2530
22714 22733
26016 4231
26016 26016
2811 1631
2811 431
2811 49
2811 25355
889 12617
25965 2097
7281 15934
15488 703
15488 13972
15488 20302
13265 431
13265 22189
13265 3525
13265 4428
13265 3396
13265 4054
13265 25659
13265 9271
13265 12770
13265 13265
13265 12468
13265 25854
13265 12107
13265 25887
13265 22247
13265 9164
13265 25309
13265 4096
13265 492
13265 25918
13265 25566
13265 4463
13265 10610
13265 2290
13265 21885
22064 22064
25464 21907
25464 3948
25825 3568
25825 18060
25825 9025
25825 14302
1310 26040
1310 25949
1310 12166
1310 3568
1310 15242
1310 20787
1310 4910
1310 2349
1310 24008
25887 121
25887 1004
25887 25887
6647 38783
26054 4428
26054 26054
15466 13972
23387 25355
23387 16042
1946 22635
1946 6094
1946 7743
1946 25479
1946 20475
1946 25648
1946 26002
1946 1946
1946 7206
1946 6085
1946 25908
1946 2000
1946 18086
1946 11318
1946 14915
1946 4137
1946 15540
1946 25883
1946 2954
1946 12705
1946 12301
1946 6794
1098 2926
22635 6794
22635 22635
25736 20787
25736 6153
25985 24787
13647 22189
21007 763
21007 21007
8887 14493
2234 2672
15054 6094
15054 6949
25504 35416
7437 4428
7437 7437
7437 25442
7437 412
25818 460
25953 78
25953 25953
622 299
2384 6094
2384 12858
2384 2384
2384 1441
2384 8008
2384 10903
2384 11105
2384 344
1266 25533
1266 1266
1266 9072
1266 2954
1266 25852
1266 7399
1266 1106
1463 12858
1463 25711
1463 4246
1463 22741
1463 6503
1463 21684
1463 22247
1463 10194
1463 1463
1463 8381
1463 15934
1463 8103
1463 24637
1463 6794
15242 121
15242 431
15242 3927
15242 18060
15242 15242
15242 88
15242 22479
15242 12107
1508 21491
3041 18263
3041 703
3041 35357
23964 2622
23964 25510
25543 15629
25543 25543
25543 22971
25543 14830
25543 9072
2081 5743
2081 18238
19294 121
19294 19294
19294 13650
1921 14447
25598 2954
25565 38434
25565 11919
25565 21684
25565 18060
800 18289
24313 25248
24313 24313
24313 7193
24313 12983
5407 10881
5407 22971
5301 10481
5301 24965
25341 10076
5743 5743
5743 25505
5484 6205
405 25817
405 2954
405 25532
2575 2575
2575 14901
2575 12757
8103 1441
8103 2039
8103 19949
8103 12069
8103 8103
8103 3995
8103 2669
8103 23122
8103 18060
8103 7333
8103 763
8103 6666
8103 12310
8103 22051
8103 25904
8103 1190
8103 1131
8103 8032
8103 10194
8103 17121
8103 25828
8103 25808
8103 20302
8103 25549
8103 11081
24338 15540
24338 15934
24338 908
24338 7311
18380 18060
5450 402
5450 5450
5450 6856
11317 18060
11317 20302
17165 11640
3996 18060
3996 25624
3996 3996
3996 26041
11081 22971
11081 11081
11081 17836
23240 16518
25775 25770
111 2089
3324 6269
3324 9072
3324 1106
3324 3324
3324 25998
3324 25193
3324 22733
3324 25248
3324 14901
25881 6094
25881 2954
25881 25881
25881 1847
25871 7949
4069 4994
4069 4069
20754 15629
20754 6637
20754 20754
20754 1464
1056 19077
1056 1056
1056 25852
1056 12757
16516 36108
25566 25566
25566 25309
25566 4144
25566 4054
25566 2349
4910 78
4910 25442
4910 4910
26075 4312
6698 2954
25517 22051
25517 13972
24547 1441
24547 49
24547 17836
24547 8106
737 12019
2095 4231
2095 2095
2095 15887
15887 1306
15887 15887
15887 18756
25757 25757
25757 21684
6522 1231
12914 12914
12914 2083
12914 22479
12914 23758
12166 10072
12166 22247
12166 3545
12166 12166
12166 22804
12166 10194
12166 12310
12166 18060
12166 25696
25812 13972
25812 25812
25669 13650
25669 2954
25669 763
25499 23141
25499 6269
38434 38434
38434 5583
38434 12705
38434 3609
23007 2622
26078 22971
26078 26078
812 1106
7399 17164
7399 11716
7399 7399
7399 9164
7399 18060
7399 22277
7399 17836
19649 1847
19649 18060
19649 13650
19649 1061
8588 8588
8588 11768
8588 21339
8588 11056
15934 18263
15934 20787
15934 16537
15934 2926
15934 350
15934 2000
15934 25883
15934 9300
15934 25494
15934 6460
15934 10266
15934 4231
15934 18512
15934 19864
15934 6503
15934 25674
15934 11504
15934 21857
15934 4246
15934 8381
15934 3568
15934 20302
15934 15934
15934 2954
16425 18060
16425 25356
16425 4790
19881 3568
19881 23857
19881 17506
22002 2000
22002 49
22002 3711
11722 11722
745 22606
745 20443
745 13972
25339 21339
25492 13650
25492 25492
4720 2865
4720 14830
4720 9652
4720 7333
4720 4720
4720 7458
15833 4231
25998 14830
6360 1044
6360 6360
2480 6545
25799 35357
25799 2954
25799 24848
25799 18060
25799 12705
25799 25799
972 9062
6429 143
16659 20568
16659 25248
16659 763
16659 16659
1464 1464
1464 17261
1464 6494
1464 1355
1464 15629
1464 23846
13972 17086
13972 13972
13972 78
13972 24965
13972 14628
13972 4144
13972 25510
13972 763
13972 7031
13972 25451
13972 20443
13972 35353
13972 1190
13972 18048
13972 20302
13972 26093
13972 2819
25549 25549
25549 3874
25549 10194
19077 26021
25256 703
25256 24965
25256 25992
11084 21684
19844 19844
19844 18086
19844 14830
14493 25510
14493 22019
18739 81
18739 18060
18739 8726
2233 26021
17113 22051
17113 18060
17113 17113
23092 22971
14379 6949
25675 17164
24715 24715
24715 8430
24715 2954
24715 22051
24715 4580
5093 25510
6460 10779
6460 6460
1540 25266
1540 10095
1540 17969
21551 25510
19959 8430
19959 2954
19959 19959
4312 7646
4312 17876
14628 24965
13625 3568
13625 13625
13625 630
13625 35575
13625 9072
11540 2273
11540 25624
11540 22476
11540 50973
11540 360
11540 4732
11540 11540
11540 22247
11540 10194
11540 49
11540 14447
11540 14678
11540 344
11540 38783
16801 9072
22051 25852
22051 20787
22051 14963
22051 8430
22051 2622
22051 25510
22051 8799
22051 10266
22051 25833
22051 1898
22051 22971
22051 24848
22051 9072
22051 22051
22051 20516
22051 2954
22051 21162
22051 12705
22051 13650
22051 6794
630 630
630 3684
630 9072
25199 6094
21519 25619
21519 766
21349 12106
21349 25530
21349 689
21349 5332
21349 1441
21349 2954
21349 25440
21349 1190
12664 3525
12664 828
3525 3525
3525 5496
25905 2954
25905 25905
13741 4361
25747 25356
25747 25747
18060 5181
18060 25809
18060 25576
18060 8382
18060 11919
18060 18060
18060 18183
18060 22479
18060 2349
18060 11846
18060 12310
18060 1441
18060 25510
18060 1557
18060 14830
18060 25309
18060 8726
18060 2290
18060 21596
18060 2672
18060 25952
18060 9652
18060 26082
18060 3106
18060 14037
18060 4144
18060 7458
18060 4231
18060 778
18060 9164
18060 9072
18060 10076
18060 19075
18060 15139
18060 21162
18060 3545
18060 22247
18060 23758
18060 18263
18060 15819
18060 3568
18060 10194
18060 26094
18060 16858
18060 23935
18060 25571
730 25539
25779 1898
1898 1898
1898 24848
1898 24440
45 23534
18717 7743
18717 9025
18717 1061
18717 18717
9455 25951
454 13358
454 9072
454 454
454 20550
454 36720
22547 25510
16042 25355
23980 23980
23980 20787
23980 7031
23980 11260
23980 2954
23980 21684
23980 2290
7294 25797
1537 51
25442 121
25442 20787
25442 15630
25442 25442
25442 344
1784 299
4542 2349
4542 25309
25624 9502
25624 17901
22019 2000
22019 6794
22019 12705
22019 7743
22019 17836
22019 22019
9502 9502
9502 6254
9502 22727
25889 1446
25889 9072
25889 3568
25889 18571
25889 2954
25889 3684
1320 4925
12107 10400
12107 12107
12107 2481
12107 12390
12107 5513
12107 1021
12107 21596
25711 25711
25711 21684
25711 317
25711 2349
3948 18263
3948 1450
3948 20302
3948 25619
3948 8382
24848 1606
24848 25641
24848 24848
24848 10095
24848 8049
24848 1737
24848 19075
24848 24543
24848 25769
24848 25603
15743 1450
15743 1190
15743 15743
1355 22189
1355 431
1355 18263
1355 12617
1355 2362
1355 3684
1355 2874
1355 8914
1355 3384
1355 1887
1355 9072
1355 1355
1355 6699
1355 7666
1355 5495
1355 8059
20369 21684
14901 3684
14901 3568
14901 12598
14901 14901
14901 11765
2865 121
2865 25771
2865 9072
2865 2865
23381 21907
23381 11716
23381 2954
16031 23534
16031 6986
16537 16537
12598 2926
3106 9924
3106 18086
3106 1474
3106 9072
3106 3106
3106 15056
3106 22971
7 24965
25650 21907
3874 3874
8857 4231
8857 19142
36720 35357
36720 3568
36720 36720
5794 2039
9072 3400
9072 11919
9072 25603
9072 7458
9072 25838
9072 6794
9072 22971
9072 25823
9072 9072
9072 25802
9072 25754
9072 6949
9072 2954
9072 18263
9072 5831
9072 19142
9072 25749
9072 13462
9072 17913
9072 25510
9072 6085
9072 1474
9072 14447
9072 26023
9072 121
9072 26041
9072 20302
9072 17164
21684 1441
21684 11919
21684 6646
21684 20787
21684 25452
21684 1345
21684 9891
21684 25609
21684 25510
21684 21684
21684 2349
21684 6953
21684 8381
21684 20302
4246 4246
4246 10266
19075 4231
19075 2000
19075 1737
19075 19075
19075 23317
19075 23954
19075 2381
11599 3485
25222 2926
11417 8341
10072 36108
14230 14230
6494 12647
6494 6494
6494 25060
20787 17164
20787 20787
20787 18263
20787 17083
20787 10194
20787 23141
20787 2954
20787 22338
20787 17173
3684 5583
3684 25743
3684 3684
3684 25602
3684 2672
3684 10903
3684 22971
3684 18263
3684 25619
3684 24272
3684 25770
25778 2622
13462 4231
14302 6094
14302 22971
14302 14302
14302 14830
14302 3568
344 431
344 344
344 19949
344 1826
344 22479
344 15630
344 14447
344 3901
25538 9025
25538 2954
25538 25538
25872 13650
23317 26027
23317 23317
23317 763
23317 12106
23317 2622
23317 22277
23317 10779
3568 9850
3568 25602
3568 8008
3568 9652
3568 15915
3568 15629
3568 6094
3568 1737
3568 5712
3568 21575
3568 25539
3568 766
3568 25491
3568 18263
3568 25771
3568 317
3568 2954
3568 25897
3568 2097
3568 3568
3568 20207
25136 5789
17965 943
25533 25533
25533 1847
25533 2954
2149 1557
25654 14830
16518 8430
16518 25646
11100 8341
6206 10194
12705 7743
12705 2672
12705 2926
12705 2000
12705 25544
12705 25648
12705 1176
12705 9514
12705 6794
12705 17876
12705 19864
12705 10194
12705 25855
12705 23338
12705 12705
12705 1149
12705 9833
24953 3210
24953 5656
24953 24953
24953 22236
24953 25248
24953 17822
6183 6183
25659 10194
25659 25659
26009 26030
26009 8430
26009 26009
15837 6094
15837 2926
15837 2954
15837 24792
2083 25602
2083 17901
2083 9271
2083 10076
2083 10194
15620 25510
25609 25609
25609 21265
11846 2349
5775 17901
18048 18048
8381 8381
8381 6976
24440 24440
24440 21907
18974 6976
18974 7591
18974 18974
431 431
431 3977
431 143
431 25376
431 5744
431 1345
431 18263
431 317
9317 9317
9317 25513
9317 763
9317 2926
9317 5513
9317 21596
5712 6094
5712 5712
25817 25817
25817 22971
25817 2954
17760 7206
7646 25510
14969 19949
14969 2672
17114 8049
17114 24543
15032 1446
1631 3995
1631 49
1631 1631
25451 8430
31339 3545
12410 3977
14830 25232
14830 3400
14830 2841
14830 14830
14830 25471
14830 25619
14830 5744
14830 23542
14830 25723
14830 13650
25897 1847
10454 9062
10368 38783
13559 13559
13559 13268
13559 35353
17907 25619
17907 2290
17907 9164
17907 26041
5656 1004
5656 22650
5656 5656
5656 20026
12069 25356
2926 6249
2926 38783
2926 11640
2926 49
2926 2926
2926 121
2926 14447
2926 17836
2926 763
2926 22247
2926 15819
2926 26083
2926 3005
2926 785
10518 5701
25602 6794
25602 10076
25602 25602
25602 9025
25602 10194
25602 8008
18000 18000
18000 2290
18000 10610
18000 4790
17047 11260
25556 1441
7717 18263
25471 6094
18086 6094
18086 19029
18086 18263
18086 18086
18086 7333
18086 22971
23846 2097
1131 17773
1131 24272
1131 1131
1131 23542
1131 17822
1131 25743
1131 8430
1131 8049
1131 13650
1528 4231
1528 1528
1528 24965
15139 6986
15139 15139
15139 6545
26077 5566
25983 5831
25615 9025
25615 2954
25797 25797
25797 21907
9652 1441
9652 2954
14681 78
14681 14681
25918 3485
25918 22479
25918 25918
3503 1985
3503 4245
955 1441
955 23193
955 26076
955 17581
955 955
11640 17083
11640 19864
11640 11640
23758 15606
23758 19683
23758 23758
6862 763
4036 4036
4036 21339
25646 25646
25646 25510
9062 25510
25593 4351
12106 2901
14672 1648
15819 15819
15819 25510
3193 25157
8032 17083
8032 35353
8032 25904
8032 1190
8032 19949
1826 4231
1826 22479
9672 744
121 17164
121 8842
121 25544
121 4361
121 25491
121 25674
13268 2938
26094 4428
7666 3485
7666 299
2024 22733
3901 24965
3901 14447
3901 23122
24078 6794
1197 15629
1197 25510
25641 23141
25641 25641
25641 8430
25641 9025
25641 763
25641 1993
25312 25312
25474 1384
25474 25474
25474 763
4961 6094
4961 8646
4961 4961
4961 26066
25550 10400
25576 4231
25576 25576
25576 22479
25813 6094
25813 6794
25813 25813
25248 6794
25248 25248
25248 25510
25248 763
802 8106
20026 25497
9833 3902
9833 6794
9833 2000
9833 9833
25769 2954
11716 6094
11716 36814
25855 5442
25855 1176
12310 20302
12310 360
12310 19949
12310 9300
12310 12156
12310 14447
12310 22029
12310 12310
12310 3995
12310 21857
2954 22202
2954 8430
2954 7458
2954 6094
2954 24543
2954 5734
2954 9025
2954 6015
2954 2954
2954 13650
2954 25810
2954 25951
2954 20550
2954 25539
2954 1557
2954 25532
2954 1345
2954 6205
2954 25507
2954 18263
2954 317
2954 9850
2954 25749
2954 1190
4854 4854
19727 25705
22189 22189
22189 11926
22189 8726
22189 22479
22189 4144
22189 1384
22189 2290
12585 13650
8382 18263
8508 10779
8508 763
8508 402
8508 6545
8508 8508
4925 6094
12770 12770
36466 1446
36466 36466
36466 6976
9275 1059
4872 4872
4872 25232
4872 12337
2530 1474
2530 1306
2530 7743
766 7031
766 6794
766 13650
25834 4231
9891 9891
5701 26058
3634 6646
3634 24637
25975 2290
25303 35357
25852 17164
25852 13650
25852 21907
25852 25852
4158 4158
451 1345
451 1441
451 6205
20302 6269
20302 22727
20302 8430
20302 4572
20302 25466
20302 10194
20302 20302
20302 25619
20302 36814
20302 22029
20302 1450
20302 8338
20302 13650
20302 2000
25513 1979
25513 18238
2106 2106
24340 24340
3983 1450
1106 6094
1106 23534
1106 38783
3945 3945
3945 986
6569 25309
11504 4231
11504 22
11504 4428
11504 11504
12156 7333
12156 23534
12156 12617
23954 8338
23954 23954
14447 24965
14447 3995
14447 17121
14447 25828
14447 14447
4144 8726
4144 22247
4144 4144
4144 18942
4144 370
25838 15629
25838 25838
24543 24543
24543 13650
10076 9271
10076 21491
10076 9300
10076 2290
10076 10076
21123 25355
25795 18263
25795 5583
25811 7743
25811 6794
25811 17836
25811 13653
17913 20516
2807 25619
2807 18756
17836 23306
17836 22393
17836 15540
7934 8799
8049 8049
26021 9025
4361 25510
16858 3384
1249 9093
4426 25619
3291 689
12390 12390
12390 4790
25356 20550
25356 25356
25356 2669
19142 12647
19142 7458
25218 10400
6986 25528
24637 6794
24637 1441
24637 24637
24637 39082
3574 5734
2841 12547
2841 360
16785 1190
23827 8341
22479 4231
22479 1985
22479 7031
22479 25674
22479 22479
4042 3995
25696 25696
25696 2349
25665 763
25665 25665
391 25355
391 391
13119 21857
3995 10265
3995 10779
2290 25951
2290 25619
2290 2290
2290 4096
2290 5744
5831 24713
5831 5831
25809 1446
2938 16671
2938 25309
2938 25510
2938 10035
20031 2672
1345 12601
1345 1441
1345 7333
1345 1345
1345 6205
1345 35353
1345 1190
1345 6094
1345 23141
1345 21857
763 6269
763 2000
763 17822
763 703
763 36814
763 23297
763 9091
763 25992
763 25883
763 26097
763 25674
763 2622
763 25080
763 18263
763 26023
763 13890
763 17173
24891 18263
24891 10194
25682 25682
25522 22971
370 13302
370 25309
20186 1847
20186 18263
20186 22971
20186 25491
20186 25802
20186 6094
20186 20186
6503 1446
6503 6503
6503 6976
20516 6871
24590 13650
17876 9025
17876 17876
1149 1441
1149 22804
1149 1149
1149 4245
17173 18263
17173 2622
17173 17173
8008 18263
8008 2672
8008 8430
8008 8008
8008 15915
8008 7458
20804 6094
1179 5259
1179 21965
25648 6794
25648 25648
689 12337
6871 4890
6871 6871
5744 5744
8799 17581
8799 8799
15629 15629
15629 4398
15629 4245
15629 5730
15629 11260
15629 22971
15231 9924
9164 9164
9164 4428
22029 36814
22029 22029
22029 21779
3396 3396
10095 6094
10095 21907
10095 24192
10095 10095
10095 17969
6094 6269
6094 4054
6094 25487
6094 8430
6094 11500
6094 6094
6094 12301
6094 9924
6094 19029
6094 21005
6094 18263
6094 2056
7460 16943
22379 22379
22379 25373
18755 17083
360 11546
360 49
360 2039
360 360
360 12547
3502 18263
26041 1306
26041 532
25355 18263
25355 12617
25355 25355
20207 8430
12336 11682
25571 25571
25571 4428
25571 703
13753 13753
8153 25510
78 7031
78 18263
78 6794
78 78
78 25949
78 25619
78 3400
78 703
78 23571
12484 25510
20300 6794
20300 23141
11527 9271
19664 1441
12418 3609
935 17164
935 25951
935 4580
935 25557
9694 12858
9694 10266
3160 1004
3160 3160
299 299
23297 13650
23297 23297
7743 7743
7743 25551
7743 7206
13762 17083
13762 13762
1441 6646
1441 1441
1441 19949
1441 17083
8419 8419
25638 25638
21575 21575
20550 8430
20550 20550
2481 21596
143 25943
6159 25468
20475 20475
6545 24965
6545 16671
6545 6545
25494 6794
25494 25494
25494 25080
66 4231
66 19864
66 24965
66 25802
66 25619
44797 12082
1306 24965
1306 1306
1306 13650
1306 10481
1306 703
24897 13650
25670 25670
25670 22971
24272 17164
24272 24272
24272 18263
184 184
3902 3902
3902 1176
23657 23657
9025 22236
9025 6976
9025 25532
9025 18756
9025 16054
9025 9025
9025 25770
9025 13650
9091 22052
5730 5730
5730 6753
18238 1979
18238 18238
18238 7935
19029 19029
21339 21339
17506 17506
25080 25080
25080 25510
25080 10194
25904 23534
25904 1993
25491 16054
25491 25491
7673 3400
21265 1190
21265 21857
19864 4231
19864 19864
10779 10265
23141 26080
23141 6794
23141 6269
23141 23141
6269 25619
6269 10265
6269 6269
25505 25505
1688 3824
2000 17164
2000 38783
2000 24713
2000 7206
2000 2000
2000 1176
2000 22971
2000 14915
2000 2664
19475 4231
19475 19475
16054 16054
25038 25038
25949 11682
25949 25949
30395 24611
17822 3210
17822 17822
1737 1737
14024 25510
25810 13650
25951 25951
25951 11919
38783 38783
38783 22247
38783 49
38783 5442
10400 24713
10400 4245
2362 2362
25452 25452
7311 2622
7311 12617
7311 7311
7410 703
16046 17901
317 4231
317 35353
317 317
1446 1446
1446 943
17121 17121
6666 17083
6666 6666
605 605
605 35353
3054 13650
6254 6254
15006 15006
22277 17164
22277 25551
8430 6133
8430 23338
8430 6976
8430 8430
8430 1450
8430 25265
8430 22026
8430 26023
8430 913
8430 26030
8430 11260
22971 12858
22971 15915
22971 22971
23365 21907
17581 17581
36814 25510
36814 36814
11056 25309
17901 17901
25530 13650
10266 2672
10266 12858
10266 10266
19433 25510
13650 26035
13650 25265
13650 25619
13650 23542
13650 13650
13650 18571
13650 17164
13650 21907
25507 4580
25674 25674
23860 2622
22247 22247
2622 35357
2622 2622
22026 22026
1474 1474
4333 23935
25557 25557
11260 11260
11260 25510
11260 22393
2627 25232
12858 8338
12858 12858
9271 4428
25266 25266
25772 25770
25373 25373
17083 3075
17083 10194
39723 3154
39723 5442
21907 21907
21907 10035
25921 17164
13456 13456
828 25510
828 2874
25532 25532
12547 12547
12547 49
25510 17164
25510 11576
25510 361
25510 15100
25510 7458
25510 6794
25510 4621
25510 9924
25510 3210
25510 5810
25510 5534
25510 9152
25510 25510
25510 18263
25510 5175
25510 35353
25510 21556
25510 26083
25510 21857
6205 6205
6953 6953
18512 18512
1231 4096
1231 1231
21779 21779
21596 11919
35357 18263
35357 35357
10481 10481
2196 2196
13776 25619
10035 10035
10035 10194
2672 2672
6427 12617
4428 4428
4428 4096
4572 12617
4572 35353
4572 4572
11768 11768
10194 10194
10194 6794
377 18263
377 20356
10903 10903
703 703
703 50973
7458 17164
4231 4231
4231 24965
4231 23935
4231 12301
25619 11286
25619 18263
25619 25619
25619 25770
25497 4600
11332 11332
1985 1985
1044 22236
1044 25861
12617 12617
24713 3384
24713 24713
24713 956
24713 4245
25883 6794
25883 25883
25539 25539
11546 11546
11546 20356
23122 23122
22202 15915
22202 22202
22733 22733
35353 35353
35353 19949
25749 25749
25749 5810
23534 23534
23534 1993
5259 25719
22338 22338
1847 17164
1847 18263
1847 20473
1847 25929
1847 2510
20473 20473
25683 25683
9300 9300
25603 25603
13302 13302
25265 25265
10670 25400
21965 21965
16671 18263
25823 11919
22393 22393
22393 5810
5442 1176
5442 5442
17969 17969
17969 7333
17969 1557
17969 25995
17164 11919
17164 17164
81 11926
22236 22236
22236 1557
1450 1450
3 22
1557 1557
24965 7031
24965 24965
8135 8135
8135 25861
18571 18571
2097 2097
7869 25867
36108 36108
25952 25952
50973 50973
25232 25232
6976 6976
18756 18756
26082 3384
26083 6794
25999 25999
23338 23338
3545 3545
9417 9417
3210 3210
1096 1176
26097 26097
25309 25309
25309 4096
25309 2349
25309 2874
4054 4054
17086 17086
7206 7206
7206 6794
7206 1176
7206 6085
11919 26023
11919 11919
11919 4245
22 22
2349 7031
2349 2349
733 733
21255 21255
15503 25723
3485 3485
8418 6794
10265 10265
2664 49
17596 17596
25802 6794
49 49
14037 14037
6794 6085
6794 6794
6794 15540
20443 20443
20443 4096
25544 25544
1190 1190
25929 25929
18263 18263
19949 19949
26017 26017
1176 1176
3977 3977
25099 25099
25723 25723
