5903 29349
22049 22049
22049 29634
22049 14450
22049 27962
26925 14094
26925 78
26925 26925
26925 23291
26925 30364
11670 20346
30860 19027
30860 23291
30860 6269
30860 469
30860 24706
30860 2051
30860 1047
30860 3475
30860 13923
30860 30860
18117 1042
27770 10707
27770 30971
30923 29902
382 8008
382 6494
25510 26176
25510 12518
25510 30734
25510 30379
25510 30776
25510 10696
25510 20787
25510 4961
25510 4874
25510 20159
25510 23358
25510 6316
25510 13265
25510 4144
25510 25510
25510 763
25510 30412
25510 7458
25510 1898
25510 1982
25510 14830
25510 5740
25510 30345
25510 11376
25510 13168
25510 12983
25510 4463
25510 13923
25510 30277
25510 30558
25510 12178
25510 30601
25510 30376
25510 30390
25510 4118
25510 30259
25510 19368
30728 30210
30728 6101
30728 2926
54780 454
54780 12898
54780 763
26460 30180
26460 26460
26460 4790
26460 11540
26460 1
26460 1310
30539 29992
30539 13552
30539 6481
30539 30539
26674 20300
26674 26674
26674 19729
26674 3041
26674 21816
26674 2807
26674 25028
26674 143
26674 17836
5498 27807
10366 21278
2554 848
2554 30508
2554 30433
2554 30624
2554 29433
2554 26039
2554 2554
29273 30035
29273 11919
3072 29854
3072 30081
30776 6094
30776 4961
30776 13972
30776 15819
30776 30776
30776 10696
30776 20787
30776 29992
6430 1939
6430 2868
136 30721
30209 22253
30209 8857
30209 30209
30457 586
30457 2926
30457 3040
30457 30457
11142 35357
11142 2384
11142 31059
11142 2290
11142 30935
11142 29733
11142 27962
11142 11142
11142 23358
11142 1450
11142 30418
11142 17846
11142 30500
14454 613
14454 6101
14454 14454
14454 24152
14454 1573
30058 7206
30058 2000
30058 30304
30058 49
30058 3711
30058 15819
30058 586
30058 5442
30471 11260
30471 11768
30356 30379
30356 6794
30356 2841
30356 11025
30356 9072
30356 22989
30356 12166
4814 7717
4814 11100
4814 6976
9449 13441
9449 18000
9449 1441
9449 9164
9449 25309
9449 3847
9449 8508
9449 30966
380 12617
1539 1737
345 345
345 1409
12489 317
12489 7402
12489 12176
12489 12489
3301 28209
11856 11856
11856 6756
806 13566
15242 3384
15242 75
15242 1345
15242 4231
15242 18739
15242 6506
15242 20787
15242 21684
15242 12301
15242 13444
15242 35840
22180 2807
22180 730
22180 25028
17846 17846
17846 30935
16888 3684
16888 11919
12481 17064
12481 12705
12481 14830
12481 17581
12481 1464
12481 1056
12481 30816
12481 2042
12481 297
12481 26659
12481 18739
12481 11926
12481 6756
12481 18086
12481 4140
12481 12481
30618 6666
30618 13762
30618 30808
30618 26935
30618 23291
30618 12166
6316 6666
6316 3404
6316 6316
6316 11417
6316 613
6316 6101
6316 2926
6316 3460
6316 20787
8916 13650
8916 9025
8916 30674
8916 5963
30379 5274
30379 3384
30379 6818
30379 2191
30379 30144
30379 30379
30379 3945
30379 2008
30379 17988
30379 30420
30379 30455
30379 18060
30379 1050
30379 4144
30379 88
30379 25854
30379 18512
30379 4231
30379 17308
30379 2841
30379 3544
30379 15235
30379 1355
30379 30328
30379 23291
30379 2481
30379 30418
30379 30415
20598 14094
13967 14094
424 26935
424 30595
424 29480
353 7631
18128 13694
12205 23078
12205 13904
12205 12205
1532 15293
1532 23141
1532 21482
1532 582
1532 801
1532 10446
1532 2672
1532 1532
21929 8588
30893 17118
30893 26815
30207 30207
30207 4118
30207 5963
2536 49
5281 5281
5281 30363
10446 1483
10446 19276
10446 21349
10446 13972
10446 20215
10446 78
10446 15503
10446 4874
10446 7206
10446 12482
10446 17047
10446 121
10446 30956
10446 2841
10446 9072
10446 3503
10446 27829
10446 15934
10446 10446
10446 15293
10446 30081
10446 9317
10446 4362
10446 2290
10446 23860
10446 2384
10446 23874
10446 23291
10446 30364
10446 14167
10446 2622
10446 81883
10446 25184
10446 763
10446 21268
10446 7031
10446 12898
10446 8737
10446 8430
10446 22051
10446 12349
10446 75
10446 30707
10446 30304
10446 80744
10446 29333
10446 30269
10446 1409
7031 7031
7031 13552
25490 613
25490 20302
25490 25490
30924 25337
30924 17896
30924 13650
18131 8133
3473 6950
29334 15629
29334 23291
29334 30035
29334 6753
29334 29334
29334 10400
29334 6794
4362 35357
4362 23358
4362 25235
4362 23141
4362 12983
23129 13972
30611 5340
30611 23373
30611 30610
30611 30035
30611 1256
30611 22051
30611 11260
30611 30621
30611 2954
30611 30611
30611 14246
30598 78
30598 7311
30598 30480
3970 28104
30707 14497
30791 8385
14167 25791
14167 13475
14167 15120
14167 310
4213 24152
4213 21090
12192 2312
30343 4649
30343 1463
30343 14094
30343 19949
30343 1345
30343 21684
30343 30343
9124 31036
10707 11540
30906 17085
30470 9118
16678 1483
16678 16972
17588 18060
17588 30062
17588 4721
17588 763
17588 17588
21014 30311
7402 29783
7402 5420
582 1328
582 22
582 22741
582 582
582 6950
582 8726
582 344
582 2503
14515 8446
14515 6794
14515 21349
3521 30492
8099 1816
30869 6094
30869 24309
30869 6794
30869 30869
24541 2841
12482 12482
12482 78
30623 8430
30623 3711
30931 20302
30767 20787
81883 81883
81883 1266
81883 3684
4040 30921
30638 18060
30638 30662
2627 683
30347 3621
12976 3711
6084 8846
30975 11260
30975 1266
5659 5659
5659 9871
5659 25812
7302 24330
28011 4231
28011 14246
28011 27923
28011 30507
28011 14830
28011 30862
28011 30764
28011 1044
3502 19949
4428 13441
4428 30627
4428 30455
4428 9164
4428 25812
4428 18060
4428 22823
4428 21574
4428 27125
4428 30479
9502 9502
9502 27736
9502 29536
9502 23194
9502 9164
8472 14214
30682 30682
30682 11768
10701 25792
30919 30919
30919 15780
30919 11260
30729 6794
30668 2083
30668 2807
30668 801
30668 10898
2284 22051
1878 2191
4832 13566
13356 26935
683 683
683 431
683 6269
683 6756
683 11919
683 25791
683 18060
683 2481
683 3272
30380 10646
30842 2954
30842 30842
30842 78
3993 15819
29789 8008
6043 35357
6043 8799
6043 6043
6043 30498
919 1328
20597 1587
20597 2000
20597 6794
20597 20597
20597 17064
30537 21051
30537 17993
30610 28104
30610 23291
30610 18739
30610 14450
30610 970
30610 801
30610 30610
1328 4246
1328 1328
1328 23907
1328 66
1328 2841
6950 10986
6950 32
6950 1441
6950 4790
6950 24381
6950 1050
6950 3847
6950 344
6950 23388
6950 7607
6950 13910
6950 4177
6950 5690
6950 6950
6950 11786
6950 22823
6950 22971
6950 30144
6950 1409
3859 3859
3859 3711
21564 80744
238 8588
238 121
238 11054
238 2841
238 15934
238 4177
29973 613
29973 21375
29973 1441
29973 6670
29973 2622
30403 2954
30403 30403
30403 15837
250 3106
250 12166
250 27663
20919 20919
20919 10076
18181 19088
10903 21684
10903 13650
10903 17118
7758 297
7758 20995
2106 30971
30264 8430
30264 30974
30912 1345
30912 6976
2568 4580
5100 4246
9317 15629
9317 21349
9317 30430
9317 9317
9317 613
9317 78
9317 5756
9317 30364
9317 23874
9317 5309
9317 17047
9317 80744
9317 7845
9317 28172
4366 1355
1044 11054
1044 8799
1044 14830
1044 2807
1044 25028
1044 27736
1044 25145
1044 2042
1044 30062
1044 290
1044 30731
1044 27732
1044 12082
1044 3106
1044 29333
1044 3324
1044 30376
1044 1044
1044 30363
20595 6094
7868 25854
7868 27858
7868 11765
16325 12898
16325 15293
16325 8824
391 30035
391 1056
391 30627
391 13972
391 30779
391 22381
391 25028
391 23860
391 15980
391 10076
391 27398
391 30364
391 1528
391 29928
391 30704
391 25854
391 22823
391 26148
391 21574
391 16046
391 1481
20346 703
20346 30996
20346 13972
21375 30480
21375 11211
19045 17901
19045 2841
19045 11025
19045 19045
19045 370
19045 28172
8846 405
2689 26766
27398 4231
27398 4149
3992 4231
3992 19113
3992 3077
3992 22
3992 13972
3992 1050
3992 22381
3992 3992
3992 30996
3992 11504
3992 4177
3992 23291
3992 1450
3992 29333
3992 26148
3992 27287
3992 21574
23388 28104
23388 23388
23388 1737
23388 8008
17016 4354
8176 15054
8176 5732
8176 14094
15293 9652
15293 431
15293 29935
15293 22991
15293 25791
15293 25028
15293 12898
15293 11640
15293 4177
15293 8430
15293 8008
15293 3106
15293 15293
15293 7410
15293 15517
15293 30304
15293 2503
15293 9072
15293 801
15293 2841
15293 6094
15293 11546
15293 27829
15293 3493
15293 30269
15293 10839
16134 49
30505 3627
27592 6094
27592 27592
12898 14309
12898 28115
12898 4971
12898 21864
12898 12349
12898 30565
12898 12898
12898 5690
12898 20302
12898 30525
12898 13626
12898 13694
12898 26039
12898 10779
14390 17708
30689 1266
30689 27663
7709 30582
20716 30939
20716 21349
20716 20716
20716 26766
20716 7521
20716 14915
20716 7206
20716 2000
20716 75
20716 1176
20716 12705
20716 5442
20716 11
12518 454
12518 12518
12518 21349
30252 801
27991 18739
7721 7721
7721 49
7721 344
8199 19729
21710 25792
1353 8508
43085 2954
29733 12120
29733 15120
29733 4177
30602 25997
11437 11540
30525 20302
14497 11765
14497 30703
14497 2926
14497 23860
14497 9401
14497 27013
14497 30410
14497 23141
14497 658
14497 14497
14497 9858
14497 763
8671 11178
11173 2039
30878 3272
3759 386
30431 13762
30431 30420
30431 27829
30431 30431
30431 9072
30431 23860
30431 5495
30431 12357
17734 6666
17734 14094
17734 17734
17734 2841
17734 10194
22795 30593
30628 22073
30062 15235
30062 2841
30062 2039
30062 3493
30062 18060
30062 29349
30062 4118
30062 1047
30808 121
30808 13762
30978 1355
5801 5801
5801 21684
5801 1573
47274 9858
6827 10696
27816 4463
27816 4231
27816 27960
27816 30768
27816 30427
27816 30971
27816 30703
27816 27816
27816 7607
27816 8032
27816 30328
4994 586
4994 22
4994 6262
4994 4994
4994 703
4994 2926
1622 1355
7530 75
7530 27783
7530 25355
7530 402
7530 20302
7530 27140
7530 13061
7530 8032
7530 7530
7530 8103
7530 21123
29992 11376
29992 13972
29992 6668
29992 2290
29992 29992
29992 10547
29992 13265
29992 33841
29992 18060
29992 30412
29992 31039
29992 30339
29992 4463
29992 8726
29992 29480
29992 30660
29992 27272
29992 1528
29992 30737
29992 370
29992 1481
30453 613
30453 824
30453 12120
30453 20302
30453 30453
4528 22131
4528 19576
4528 4528
4528 22002
4528 2874
4528 11540
4528 49
4528 25355
4528 5206
4528 4177
4915 30676
29295 4720
29295 6756
30717 6986
30717 23917
6481 6481
6481 13488
7206 20995
7206 10774
7206 5810
7206 10696
7206 6085
7206 8133
7206 4177
7206 7206
7206 2000
7206 11640
7206 1176
7206 14913
7206 3106
7206 15814
7206 1437
7206 30304
7206 11145
7206 15819
7206 5761
7206 30784
7206 30395
7206 15129
7206 3711
7206 23648
7206 1946
7206 10708
7206 14915
7206 5442
7206 10503
7206 6794
8446 6666
8446 8446
8446 21349
8446 30364
8446 613
8446 20026
30703 30703
30703 10779
30703 2841
30575 7759
4953 27984
5690 4639
5690 29333
5690 30956
5690 344
5690 5690
16751 7460
16751 17907
16751 23758
16751 16751
16751 25812
31034 13168
31034 21779
31034 30176
1626 6818
290 10986
290 2290
290 9068
290 25028
290 13475
290 8508
290 11640
290 8719
290 3711
290 290
290 22878
290 14024
14913 454
14913 1946
14913 2926
26672 30643
26672 824
26672 17965
26672 5371
11 6085
11 9269
11 3106
11 4177
11 5442
11 5917
11 11
477 27140
477 2356
11025 370
11025 28172
11025 11025
30732 30732
30732 454
30732 25028
30732 9422
30732 3684
19874 2622
19874 8855
30997 9072
30997 18739
30997 31020
16702 4054
16702 20302
16702 80744
16702 11260
16702 22073
16702 29349
16702 16702
4177 13762
4177 381
4177 19576
4177 10696
4177 3603
4177 11640
4177 4177
4177 2000
4177 49
4177 1176
4177 30709
4177 23078
4177 9068
4177 10547
4177 6794
4177 2893
4177 2841
4177 5206
4177 3711
4177 29935
4177 1946
4177 27287
4177 1409
4241 14915
4241 4241
21029 468
13694 15517
13694 13566
13694 8430
13694 30608
13694 8103
13694 13694
13694 26039
30239 30239
30239 16046
13488 1916
13488 13488
13488 23907
13488 2051
13488 12166
39742 49
1291 15934
12617 4971
12617 1898
12617 13972
12617 6032
12617 2356
12617 2821
12617 733
12617 2039
12617 3602
12617 8799
12617 26039
15120 28090
15120 1463
15120 1049
15120 3711
15120 2926
15120 8508
15120 15120
29353 20302
3556 18060
3556 30267
3556 30672
29911 31010
19822 19822
13215 29333
13215 2841
4672 15629
24491 30269
6668 12914
6668 9164
6668 30779
6668 6668
6668 8032
6668 11376
6668 21095
6668 12166
6668 75
6668 21271
6668 20883
6668 733
6668 360
6668 4118
6668 8103
25791 2841
25791 6756
25791 1233
25791 25791
935 935
8133 30939
8133 6085
8133 6206
8133 5761
8133 14915
8133 11640
8133 2000
8133 49
8133 8133
8133 23648
8133 14340
8133 1946
8133 12705
8133 9269
8133 6794
30666 9652
30666 29720
30666 23860
30666 30328
4649 75
4649 4649
4649 1310
27932 30210
27932 4231
27932 35416
5761 11640
3840 2622
3931 11786
3931 2841
348 9672
27960 1310
30256 613
30256 30256
3602 10400
3602 3602
3602 19229
31035 12082
31035 12705
31035 1176
12705 21349
12705 1593
12705 17581
12705 18939
12705 20787
12705 1162
12705 2000
12705 30364
12705 3
12705 9269
12705 1176
12705 1946
12705 26766
12705 10980
12705 17064
12705 6794
12705 30259
12705 24309
12705 4140
12705 30764
12705 10671
12705 29231
12705 14915
12705 5147
12705 28104
12705 24786
12705 23141
12705 24306
12705 9072
12705 21059
12705 29349
12705 12705
12705 10503
1409 19576
1409 1441
1409 398
1409 13972
1409 10503
1409 78
1409 2672
1409 13707
1409 27013
1409 24133
1409 5309
1409 30364
1409 10194
1409 13910
1409 703
1409 75
1409 19729
1409 4118
1409 2841
1409 30779
1409 4149
1409 1056
1409 450
1409 1355
1409 10076
1409 30765
1409 6666
1409 613
1409 15934
1409 10328
1409 13061
1409 30418
1409 19186
1409 2612
1409 1409
19471 22789
914 801
25028 2841
25028 22051
25028 9025
25028 19885
25028 10696
25028 4356
15780 26815
1826 25442
1826 16046
23835 23648
2051 9072
36285 32
30500 2384
30500 30500
30500 26801
5740 4246
5740 763
5740 9858
83 5340
83 30679
4281 613
25485 35357
25485 30721
25485 2672
25485 25485
25485 8008
25485 18060
25485 1079
15684 9025
4345 30830
29783 6415
29783 6214
29783 14830
29783 29783
29783 3684
25792 5274
25792 32
25792 27736
25792 13139
25792 30144
25792 1355
25792 16409
25792 14094
25792 13265
25792 386
25792 25792
25792 4790
340 30733
14171 613
14114 1492
14114 3684
19133 30889
13566 26218
13566 1894
13566 27732
13566 9072
13566 5506
13566 6698
13566 13566
13566 3493
13566 66
13566 22277
4517 19186
30492 25854
30492 297
30492 5279
10980 10980
28178 824
2215 16046
1114 49
16321 2530
16321 16321
27272 7460
27272 9871
27272 27272
27272 10076
9947 4333
9947 10076
9947 4790
26600 22051
15155 15155
15155 22381
15155 24152
15155 4118
15155 1095
15155 30983
11145 3711
11145 11145
11145 1946
11145 10696
11145 8702
30911 1266
30911 20186
3847 1992
3847 30626
3847 25812
3847 30180
3847 9164
3847 30144
3847 3847
3847 7460
3847 6278
3847 4096
3847 10076
3847 30579
3847 13441
18503 10775
15970 30334
2234 30412
1463 28016
1463 30993
1463 21095
1463 19949
1463 4111
1463 30881
1463 30735
1463 14094
1463 3711
1463 30455
1463 29775
1463 11178
1463 1345
3132 13828
3132 24330
30816 14915
1358 1358
1437 1946
1437 1437
28115 9652
15482 21684
13168 22073
13168 398
13168 9164
13168 5101
13168 7460
13168 13168
13168 943
13168 30176
13168 4874
13168 10547
13168 5259
13168 10839
2312 7521
29968 30926
14094 31071
14094 26756
14094 763
14094 4149
14094 6849
14094 30644
14094 8419
14094 1345
14094 7311
14094 30262
14094 4231
14094 1446
14094 29720
14094 11765
14094 386
14094 28104
14094 14094
14094 30363
14094 7644
14094 7313
14094 29775
26659 9025
26659 11054
26659 3493
6756 30035
6756 6269
6756 6756
6756 35575
6756 32
6756 955
3603 2000
3603 3603
6101 28016
6101 30974
6101 6206
6101 8769
6101 78
6101 818
6101 30364
6101 13904
6101 9652
6101 30512
6101 30376
6101 6205
6101 30824
6101 4696
6101 27287
6101 454
6101 24152
6101 27381
6101 30573
6101 22051
6101 19544
6101 5952
6101 27896
6101 20302
6101 31022
6101 6101
6101 16548
6101 22002
6101 12301
6101 14024
7392 4118
12603 586
12603 11081
1481 8430
1481 22002
1481 2841
1481 1056
1481 14901
1481 1481
23648 6085
23648 15424
23648 14340
3402 13923
20052 23291
26705 1946
26705 6085
26705 10671
25905 3493
8761 13441
8761 29333
8761 9164
5697 10708
30410 22277
362 23291
13824 30081
27962 4231
27962 28104
27962 27962
27962 14450
27962 801
27962 27831
27962 3214
2893 7631
2893 6085
2893 2841
2893 3106
2893 9025
2893 2926
2893 8508
12120 23064
12120 6794
12120 30463
12120 14309
12120 12983
1050 6506
1050 1050
2363 13625
2363 2384
30784 75
30784 2926
30706 7673
30706 3193
30706 16537
102 30558
27164 19684
27164 30800
28104 8419
28104 1375
28104 1593
28104 30375
28104 14207
28104 19885
28104 6976
28104 121
28104 28104
28104 25494
28104 7845
28104 13923
28104 35840
28104 3106
28104 2841
19113 15887
6262 2926
6262 2841
6262 6262
6262 6250
22112 13762
22112 15032
22112 22112
30731 28090
30731 613
30390 27829
30390 2039
30390 7410
6936 2622
6936 30709
30587 2042
1465 21271
1465 1446
1465 6545
1465 1465
1465 5497
1465 21095
1465 30935
18129 23291
3926 20948
3803 10400
297 30259
297 22051
297 10696
297 454
297 297
297 5091
297 11926
297 22882
297 13251
9617 1992
9617 13139
9617 9617
13707 13707
13707 2530
5371 30643
5371 23064
5371 5484
1573 7631
1573 12156
1573 31010
1573 3969
1573 4961
1573 20557
22131 22131
2821 2821
2821 20295
2821 6269
2821 24381
2821 30035
2821 4111
2821 30267
2821 30868
2821 26039
5091 5091
5091 398
5091 3684
5091 26045
21051 30508
21051 30800
21051 9068
21051 30862
21051 29555
21051 30879
21051 30643
21051 25950
21051 5952
21051 19544
21051 9652
21051 19770
12981 26935
12981 20302
12981 30516
3493 30650
3493 10986
3493 27736
3493 30733
3493 11919
3493 30530
3493 10847
3493 10503
3493 20787
3493 3684
3493 24133
3493 26045
3493 7368
3493 20748
3493 398
3493 30933
3493 7717
3493 1737
3493 31062
3493 24963
3493 4354
3493 6094
3493 22051
3493 8719
3493 8008
3493 25997
3493 30392
3493 11260
3493 29333
3493 3493
9275 943
349 27829
1094 19186
10909 7507
27 21349
27 15819
1233 30520
30463 5340
30463 454
30463 11054
30463 6506
30463 13650
30463 5229
30904 23874
13480 2811
13480 13480
30376 586
30376 1266
30376 14450
30376 454
30376 30595
30376 613
30376 30364
30376 30376
30376 4118
30376 2530
437 7717
437 344
17353 1946
17353 955
9316 27970
9316 9316
7845 13947
7845 9072
7845 7845
7845 26756
7845 5279
7845 30676
11778 11598
2042 14830
2042 22878
2042 2841
2042 2042
30412 13441
30412 11417
30412 4333
30412 30180
30412 13265
30412 29536
30412 29634
30412 30412
13139 4790
29720 30363
29720 30504
29720 30685
29720 25854
29720 24114
29720 6794
29720 22170
29720 13972
29956 2000
29956 6085
29956 29956
29956 14915
19186 30829
19186 19186
19186 8103
19186 360
14551 30302
7313 21684
7313 6976
7313 7313
35840 11100
35840 1593
35840 30530
35840 801
35840 35840
35840 30735
35840 30491
35840 19075
35840 10194
35840 25494
35840 1345
35840 1446
10671 2000
10671 6794
10671 9269
10671 1946
10671 10671
10671 6085
20748 405
20748 11919
4661 21816
4661 11768
24114 4231
24114 10400
24114 24114
6818 3545
6818 23291
6818 6753
6818 1095
6818 6818
13856 8824
6506 6085
6506 6506
6506 20787
6506 30855
318 9928
318 8103
318 12310
29536 29536
21337 21337
21337 30445
30065 30269
7772 813
519 25812
30445 11054
30445 2290
30445 2024
30445 2926
30445 30445
30445 26327
30445 6153
30445 8008
30445 25386
30445 15915
30445 4140
824 7671
29813 9471
450 13923
10696 9924
10696 1708
10696 27736
10696 2191
10696 10774
10696 22381
10696 2734
10696 19949
10696 8508
10696 11640
10696 4149
10696 2926
10696 1107
10696 1176
10696 1946
10696 1310
10696 17308
10696 2841
10696 9928
10696 797
10696 10381
10696 10696
10696 40722
10696 4790
10696 8702
11211 30480
17581 9924
17581 30927
17581 30392
17581 13650
17581 5678
23064 18263
23064 13650
10475 80744
10475 874
10475 30364
10475 22741
10475 7631
9269 6085
9269 6794
9269 14915
9269 3711
9269 9269
9269 11919
9269 1946
9269 22277
18465 6794
18465 22277
18465 17836
24786 121
24786 10503
24786 24786
24786 11640
30475 9118
30475 30475
30524 766
10194 30958
10194 42661
10194 10194
10194 27986
30364 30060
30364 30081
30364 4111
30364 29228
30364 30830
30364 2926
30364 15819
30364 8430
30364 30364
30364 21349
30364 11002
30364 763
30364 18943
30364 1898
30364 7780
30364 30607
30364 14672
30364 9072
30364 454
30364 1095
30364 6901
30364 4231
30364 12310
30364 2044
30364 29333
30364 4118
30364 406
20413 22002
644 2841
22714 11417
22714 14493
19276 23291
19276 19276
30966 18060
30966 30966
30829 78
30829 2530
5274 5274
5274 121
5274 17988
5274 30180
5274 13265
5274 4790
30877 6666
5917 6794
5917 25684
5917 5917
24330 24330
24330 14830
13265 13441
13265 431
13265 6214
13265 5101
13265 7460
13265 4054
13265 23758
13265 4333
13265 4149
13265 25854
13265 13265
13265 25347
13265 25812
13265 18060
13265 1310
13265 1939
13265 6074
13265 943
13265 10076
13265 31021
13265 30660
13265 30737
13265 30418
13265 33841
26766 18263
26766 1310
26766 21349
26766 2000
26766 26766
26766 75
26766 5442
26766 4692
1310 7717
1310 23194
1310 4111
1310 23291
1310 19368
1310 25854
1310 1310
1310 30737
1310 4790
5340 2039
5340 22051
5340 1079
5340 30010
5340 4354
6647 1176
21800 756
1587 6085
1587 21349
4100 30363
31009 27140
4971 20302
4971 13972
4971 4971
5627 5583
5627 16046
1946 13753
1946 2000
1946 11919
1946 29570
1946 6085
1946 15819
1946 29231
1946 14915
1946 30341
1946 6094
1946 30484
1946 26579
1946 1946
30896 25326
2191 2191
2191 20233
2191 30144
2191 360
2191 25854
2191 4639
2191 344
2191 4790
31003 7460
31003 31003
13647 31070
13647 11540
8887 10400
8887 12156
8887 13972
8887 613
8887 21779
8887 8887
8887 9068
28037 9652
28037 11919
28037 6999
28037 454
28037 11260
28037 28037
15054 5495
447 35833
447 2926
23078 80744
23078 23078
25953 20302
25953 12310
26039 28090
26039 14309
26039 1266
26039 17261
26039 9072
26039 30985
26039 23053
26039 31007
26039 18420
26039 26039
4333 4333
4333 17308
4333 18060
4333 10076
2384 2672
2384 30993
2384 2807
2384 30753
2384 5229
1266 11100
1266 29228
1266 30830
1266 19885
1266 30655
1266 23980
1266 10986
1266 24021
1266 1266
1266 14726
1266 22051
1266 30702
1266 9025
1266 30846
1266 19075
1266 30636
1266 29349
1266 1355
21574 4231
21574 6451
21574 13972
21574 26935
21574 21574
21574 121
4391 26066
4391 21684
8843 586
8843 22277
1508 1508
1508 17085
75 10758
75 21349
75 8419
75 2926
75 13061
75 18756
75 12547
75 11540
75 75
75 2841
75 1355
75 14915
75 12166
75 6666
75 15934
75 30862
75 2578
75 30419
31026 2290
31026 9072
22363 15934
19294 8588
19294 11054
19294 19294
408 11768
408 408
408 955
13410 17308
7368 7368
7368 955
7368 8008
30685 703
30685 78
30685 763
30685 30685
21864 30081
21864 6794
21864 23141
21864 21864
21864 29555
27530 4874
39082 20302
405 10265
405 8008
405 5873
405 27663
405 1375
31020 9072
31020 31020
8103 7717
8103 3041
8103 20302
8103 9928
8103 4721
8103 2926
8103 8103
8103 30696
8103 6666
8103 30768
8103 12310
8103 15934
8103 42661
8103 3901
8103 27895
30479 26935
30479 13762
30479 2841
30479 586
29480 6871
29480 26935
29480 2356
29480 29480
11317 18263
11317 19949
11317 3711
11317 29555
11317 11317
18420 18420
3996 1992
3996 1528
11081 30269
11081 763
11081 3711
11081 15327
14340 14340
1816 2290
1816 4800
10774 586
10774 10774
10774 2926
10774 8508
3324 24963
3324 8008
3324 3324
30104 11919
30489 8588
20782 24309
20782 6794
20782 20782
6074 26756
6074 6074
6074 4790
1056 1847
1056 29928
1056 25265
12357 30375
12357 30558
12357 13626
12357 29333
12357 4111
12357 30696
30985 28090
30985 21907
1450 121
1450 431
1450 2318
1450 10503
1450 2290
1450 35357
1450 613
1450 1450
1450 22002
1450 3711
1450 9072
1450 8457
1450 30993
1450 78
4910 11540
30765 4231
30765 30035
3684 6085
3684 31022
3684 31059
3684 6206
3684 40722
3684 801
3684 30727
3684 22051
3684 13625
3684 30753
3684 30259
970 25494
24070 21907
23689 23689
23689 12301
30750 10046
373 2841
29433 23141
29433 30558
29433 27220
29433 22277
29433 802
29433 9305
6522 2349
12914 12166
30506 1847
2991 2991
2991 30419
3554 5497
25812 9871
25812 25812
25812 4790
11750 5015
30933 22051
30933 30943
30933 27663
1947 4054
5952 19544
25184 25184
2503 7717
2503 2841
2503 1345
2503 2503
30976 17988
30976 4096
30976 10076
30976 14672
30976 30976
30862 2841
30862 1176
30862 11640
29349 30180
29349 15819
29349 15517
29349 613
29349 2926
29349 14901
29349 23141
29349 9072
29349 27220
29349 23317
29349 30269
29349 22277
29349 29349
7399 818
10811 10400
10811 30637
10811 10811
8588 8419
8588 21339
8588 8769
8588 8131
8588 9652
8588 11716
8588 30600
8588 8588
8588 11178
8588 30615
5309 17064
5309 5309
5309 2841
15934 8419
15934 24381
15934 16537
15934 2926
15934 6976
15934 27013
15934 8430
15934 66
15934 13739
15934 4231
15934 14450
15934 1306
15934 763
15934 9025
15934 30881
15934 15934
15934 16971
30701 4231
30701 2530
30701 13972
12176 26045
22002 35357
22002 22002
22002 2926
22002 2622
22002 9072
22002 6751
6628 30322
26045 26045
2481 20295
2481 30035
2481 12107
2481 9072
2481 2481
2481 3945
2481 18238
2481 30855
2481 11765
21663 30342
21663 4144
21663 21663
27287 17164
27287 10503
27287 763
27287 11640
27287 13832
27287 3711
27287 14969
27287 1079
27287 27287
27287 6205
4720 4720
4720 21684
30935 30935
30935 21684
30935 6205
17988 12040
17988 17988
5206 49
5206 2841
5206 5206
18571 18060
1797 1797
1797 13650
29228 8799
29228 29228
13739 27013
13739 2841
1464 17901
1464 5513
25326 274
3106 2926
3106 955
3106 22019
3106 15837
3106 1176
3106 3106
3106 30269
3106 17064
3106 961
3106 6794
3106 14830
3106 454
3106 763
3106 22051
3106 3711
3106 27829
3106 11260
1061 11768
1061 30853
3448 22650
3448 11768
16931 398
321 4096
321 4643
14493 2525
14493 15517
14493 3711
14493 1459
14493 1095
14493 30983
11877 6976
18739 4231
18739 27831
18739 30730
18739 18739
18739 40722
18739 22878
3040 454
30821 6153
10368 2841
27736 3384
27736 586
27736 17308
27736 28172
27736 88
27736 27736
27807 30180
27807 27807
1540 6094
1540 4463
1540 1540
1540 15743
1540 613
1540 21779
30846 9025
30846 30846
30026 404
30026 2926
30026 20527
3969 3969
27013 11054
27013 23141
27013 21779
27013 27013
2356 12310
2356 2356
30837 20233
30837 12166
6985 16023
6985 23141
4312 30800
13625 18060
13625 13625
13625 10503
13625 30747
11540 2841
11540 23317
11540 2926
11540 15887
11540 6250
11540 12310
11540 11540
16801 6206
16801 30415
11054 1847
11054 6206
11054 18698
11054 8769
11054 30642
11054 24309
11054 31022
11054 11768
11054 766
11054 10986
11054 11054
11054 1375
11054 454
11054 6094
11054 8719
11054 23141
11054 30600
11054 30684
27970 27970
22051 17164
22051 27829
22051 4580
22051 10847
22051 2290
22051 8430
22051 8008
22051 19885
22051 30672
22051 22377
22051 1898
22051 22051
22051 763
22051 9833
22051 1737
22051 484
22051 2954
22051 15453
22051 27663
30660 18060
4763 4790
29902 30176
26449 26449
26449 4580
5784 30721
5784 2954
21349 30958
21349 30830
21349 21349
21349 16046
21349 17064
21349 30284
21349 21779
21349 2039
21349 80744
21349 1441
21349 4692
12664 4246
12664 4111
12664 12664
12664 27947
8131 11332
8131 30747
30601 18060
30601 30601
30601 9025
30601 703
29555 6085
29555 27896
29555 30433
29555 30954
473 30626
473 473
8008 2672
8008 6206
8008 30747
8008 16537
8008 3503
8008 30319
8008 955
8008 18060
8008 8008
8008 19885
8008 3401
8008 9044
8008 30497
8008 4354
8008 24021
8008 24963
8008 1459
8008 2954
8008 12301
8008 29905
30916 26756
30916 30180
30916 12107
30916 4790
18060 17164
18060 2672
18060 78
18060 18060
18060 25854
18060 22823
18060 8799
18060 22878
18060 1345
18060 2841
18060 3544
18060 454
18060 943
18060 30574
18060 12310
18060 30650
18060 24296
18060 2290
18060 23373
18060 4149
18060 25347
18060 1079
18060 20674
18060 19278
18060 18263
18060 9164
18060 4096
18060 14915
18060 11682
730 3621
1898 1898
1898 9652
45 45
45 2926
45 17047
13552 27923
18717 943
18717 18717
454 17164
454 30081
454 27220
454 20948
454 30035
454 11919
454 15327
454 13923
454 11260
454 12301
454 2525
454 24152
454 3343
454 6094
454 454
454 11332
454 26648
454 1441
454 1982
454 7165
454 30375
454 30415
4643 4096
6751 6751
1982 24309
1982 6085
1982 763
30983 28090
30983 1049
30983 21907
30983 763
30983 1162
29935 4721
29935 14969
29935 19949
29935 78
29935 29935
29935 10007
3711 27220
3711 26756
3711 10503
3711 6794
3711 30516
3711 1176
3711 2841
3711 6085
3711 8430
3711 1840
3711 35357
3711 3711
3711 14915
6214 32
6214 344
30771 6794
30771 30771
30342 10610
23053 613
23053 23053
30425 6986
7759 14830
12107 15629
12107 32
915 4231
915 21857
3948 7671
307 4096
1389 5497
1355 431
1355 2874
1355 1407
1355 2926
1355 955
1355 6153
1355 763
1355 7410
1355 16046
1355 4790
1355 4721
1355 1355
1355 12166
1355 416
27831 29787
27831 11100
27831 14450
30881 1345
6301 5259
21271 1345
21271 431
21271 21095
22606 121
22606 22606
22606 21684
21059 21059
22073 13972
22073 20302
22073 22073
23950 17901
23950 12474
16178 14915
30557 14214
30432 14830
4874 23917
31062 1847
26327 22878
26327 2954
26327 2039
26327 9072
14689 14689
14689 14976
7 2083
7333 19949
3874 22741
8857 17822
29936 9025
4790 4231
4790 763
4790 29333
4790 5259
4790 22823
4790 16046
4790 4790
9072 29333
9072 30730
9072 27829
9072 2807
9072 955
9072 6849
9072 11919
9072 13626
9072 4111
9072 9072
9072 24963
9072 4096
9072 30375
9072 29570
9072 3959
9072 20527
9072 15837
9072 12301
9072 20295
26935 28090
26935 30454
26935 17047
26935 4231
21684 10072
21684 1441
21684 8699
21684 6206
21684 30484
21684 21684
21684 20787
21684 23358
21684 12156
21684 398
21684 1345
21684 4696
21684 4231
21684 19075
21684 30259
21684 15819
21684 25609
21684 1106
21684 5732
21684 22338
21684 4463
21684 4096
21684 17492
21684 30427
21684 25355
21684 14830
21684 3651
30176 1441
30176 24152
30176 30176
4246 4231
4246 4246
4246 9672
4246 6753
4246 10941
22381 121
22381 9928
19075 19075
19075 1446
19075 14450
19075 25494
827 30555
5583 17064
5583 22882
5583 9068
6494 1708
6494 8212
6494 30696
24296 1939
24296 2290
20787 4231
20787 398
20787 30259
20787 15819
20787 25609
20787 20787
20787 6976
20787 15980
20787 9858
20787 6205
29928 1176
13921 7460
3475 30957
3475 6545
344 32
344 344
344 360
344 12166
344 6666
344 11546
344 14447
344 4639
344 30180
31049 11765
30322 30322
30322 5420
1650 955
29493 27896
30755 30747
3343 35357
13441 13441
13441 22294
13441 2290
13441 10076
13441 25854
13441 7460
13441 13061
13441 2874
11100 3214
11100 8430
11100 11100
11100 30530
11100 27832
11100 5420
11100 9044
6206 17164
6206 6206
6206 15819
6206 14915
6206 121
6206 28172
20674 25854
10290 14915
15837 398
15837 17993
15837 30730
15837 2525
4769 30704
2083 2083
2083 7460
25609 25609
25609 24309
9970 2039
11376 10839
30516 121
30516 30516
30516 15327
8394 6094
8394 1441
27896 22277
30721 9025
431 431
431 27829
431 29333
431 18238
30144 3485
30144 30144
30144 10076
29374 9652
29374 28090
29374 766
1119 23629
14969 19949
14432 17118
26815 30836
26815 23141
26815 12310
26815 26815
26815 24152
26815 30884
26815 17836
14830 30504
14830 32
14830 14830
14830 12349
14830 30993
14830 2290
14830 30277
14830 27732
14830 4872
14830 22878
818 23141
818 818
10381 27760
4423 6794
4423 1441
4423 30269
4423 22277
4423 17836
4423 4423
1703 23194
3538 3538
3538 13972
30520 12178
30520 6999
2578 2578
2578 3901
30662 30662
51 22873
51 1441
18744 1123
18744 12166
18744 18744
27446 27446
2926 2926
2926 184
2926 2000
2926 49
2926 30419
2926 4721
2926 30259
2926 12349
2926 22277
2926 30676
2926 19368
2926 30650
2926 27923
2926 10503
2926 30267
2926 2841
2926 15819
2926 4096
2926 29333
20159 13923
17118 25950
18000 18000
18000 30035
17064 17064
17064 30884
17064 25684
27249 2039
7717 317
7717 78
7717 10400
7717 15887
7717 766
7717 2841
17308 32
17308 2841
17308 2290
17308 3945
17308 17308
17308 30855
17308 11926
9068 2841
18086 18086
1131 30375
1131 4690
1131 19885
13828 13828
13828 2290
1528 4231
1528 4463
1528 25854
1528 10076
5142 6794
5142 1149
10646 4096
27663 6666
27663 27663
30730 30730
30730 11919
30730 2290
31059 2622
31059 31059
19325 21123
19325 6999
19325 13972
19325 19325
19325 20302
19325 21907
19325 17969
3503 10547
3503 4856
10503 10547
10503 10503
10503 13910
10503 30180
10503 30203
955 30650
955 9924
955 26505
955 11919
955 955
955 1079
955 4354
11640 586
11640 2841
11640 15819
11640 11640
11640 1176
23758 22878
23758 10610
23758 23758
23373 8719
30420 30149
30420 30418
30420 30420
4036 17546
19885 10986
19885 19885
19885 22878
19885 19929
10400 10400
10400 6269
10400 13972
10400 1162
10400 23860
10400 23291
10400 30637
10400 763
10400 19770
21816 18279
21816 1441
21816 35353
30746 26459
15819 7743
15819 78
15819 1345
15819 22277
15819 766
15819 30180
15819 4696
15819 15819
15819 13923
15819 14915
15819 1916
8914 23194
8032 30427
8032 12310
8032 9928
8032 360
8032 8032
30954 22277
30954 763
121 20295
121 30327
121 30504
121 23874
121 16971
121 25854
30654 1887
10708 10708
10708 26002
801 9924
801 31048
801 10146
801 14450
801 30530
801 801
801 30203
801 25494
801 24152
801 766
24078 23141
10146 10146
4961 30259
4961 30927
4961 4354
4961 4961
26013 9652
26013 26013
26013 27220
30672 30672
10828 8702
4639 4639
4639 360
3544 4231
9833 9833
9833 4096
9833 4621
27829 4354
27829 27829
27829 29333
27829 30269
27829 13650
12310 30191
12310 9928
12310 6666
12310 12310
12310 30830
12310 6574
2954 13762
2954 31014
2954 31013
2954 303
2954 24133
2954 2954
1593 2841
30691 30615
8508 7743
8508 11885
8508 14915
8508 445
8508 2664
10946 1345
10946 6205
42661 9928
13961 6085
26522 26522
26522 11926
26522 16046
2530 30582
2530 12349
2530 2530
766 1847
766 1441
766 766
766 16046
2807 10986
2807 874
2807 2807
5701 11178
17907 30955
25309 1095
9118 8353
9118 30800
9118 9118
12400 8430
30277 30277
451 451
20302 78
20302 6999
20302 30597
20302 19493
20302 11768
20302 29333
20302 13972
20302 28090
20302 30779
20302 17965
20302 21907
20302 4463
20302 25355
20302 20302
20302 1441
29333 6999
29333 6794
29333 22
29333 763
29333 14915
29333 6094
29333 30847
29333 11260
1040 10718
30363 30259
30363 1345
7631 7631
7631 2622
4149 6666
4149 4149
4149 4231
4149 13972
4149 26148
398 4231
398 398
398 13972
398 3659
398 25235
398 2841
14207 9025
14207 14207
30727 30727
30496 2841
30496 18512
30496 13972
12156 4354
12156 12156
14447 6666
14447 14447
4144 25854
4144 23291
4144 30418
4144 4096
4144 4144
4144 12166
30259 4231
30259 6085
30259 1345
30259 2841
30259 22277
30259 30259
10076 9164
10076 10076
10076 9871
10076 33841
10076 22294
10076 25854
10076 5482
21123 21123
21123 30555
21123 30597
21123 1441
21123 908
21123 24381
21123 13972
4463 4463
4463 35353
9676 23291
9858 25494
5495 6794
370 13832
370 16046
24152 1441
24152 8799
24152 24152
24152 14915
24152 13650
24152 4354
24152 24637
11233 30643
30836 6666
30836 30836
23907 4231
23907 18756
23907 23907
11598 6094
7460 7460
7460 25854
17836 6085
23291 23291
23291 8419
23291 19278
23291 15235
23291 11056
23291 30580
1079 30650
1079 1079
402 6999
3593 25854
19368 13972
19368 763
19368 13923
651 8799
6794 6085
6794 1441
6794 13475
6794 30267
6794 3
6794 13626
6794 22277
6794 38783
6794 24021
6794 6794
6794 43894
6794 25950
6794 12983
6794 30375
6794 317
6794 25997
17492 4096
23506 8385
27704 30530
6986 1992
6986 30328
6986 30704
30853 9025
30853 30853
8699 6976
8699 1345
8699 8699
9658 2290
24637 1345
24637 1441
24637 24637
24637 4696
1992 1992
1992 5101
2841 1407
2841 22991
2841 468
2841 49
2841 30627
2841 733
2841 27465
2841 4315
2841 14024
2841 15292
2841 30483
2841 12547
2841 2841
2841 586
22989 24306
4042 428
30427 2622
27923 49
27923 27923
6032 30555
2290 32
2290 13626
2290 22878
2290 5015
2290 30418
12978 25997
2008 27858
15743 21779
25347 25347
22882 2672
11178 11178
11178 11260
11178 3651
11178 30077
1345 3545
1345 15980
1345 6269
1345 1345
1345 5732
763 17164
763 30081
763 31022
763 16537
763 3995
763 23860
763 30304
763 30702
763 30643
763 30267
763 66
763 763
763 25950
763 29974
763 30433
763 23141
763 30558
763 20527
763 19770
24891 30786
30626 30626
7780 4231
42371 13650
14309 23141
18939 6085
24309 1441
24309 317
24309 30684
24309 6094
24309 24309
24309 18238
24309 3651
30419 30419
30419 2349
469 469
30430 15629
30430 30430
30430 11919
8799 13972
8799 9025
8799 8430
8799 10265
8799 8799
8799 13923
13923 2672
13923 30375
13923 13923
20300 23141
9164 5101
9164 9164
9164 4696
8385 8385
6094 1441
6094 4354
6094 2672
6094 6094
6094 30800
6094 10839
602 5497
19770 15629
3651 27140
3651 22338
3651 4096
3651 3651
3005 3621
18755 30800
18755 13650
30545 30554
5734 2039
1 1
21095 6666
21095 21095
26459 9652
25355 25355
25355 30704
31022 31022
25442 613
25442 11546
25442 18512
6999 2622
35416 4356
15327 22277
15327 15327
1049 1049
1049 21907
26543 13650
23980 23980
4721 33841
4721 1176
4721 13650
2525 9652
2525 29323
14450 19729
14450 30594
14450 14450
14450 25950
14450 30203
14450 25494
30491 4231
30491 66
30491 30491
10839 10839
27732 10547
30597 30597
30676 14915
13762 13762
1441 1441
1441 317
1441 8106
1441 613
1441 22873
8419 24381
30544 13972
25494 4231
25494 25494
66 7311
30595 30595
30508 23141
1306 5714
5072 7699
5072 5072
1095 4231
1095 6666
13061 5010
13061 13061
13061 6666
13061 30328
13061 12166
19801 19801
22727 6468
30484 4354
30484 30484
2811 49
33841 6666
33841 9871
33841 33841
19544 19544
2044 30269
4140 4140
30263 613
30263 30263
30263 29444
19729 19729
19729 27986
1243 24586
30607 8430
30607 30607
18483 8769
27832 8430
9025 2672
9025 6976
9025 15980
9025 30800
9025 2264
9025 9025
9025 1737
9025 30950
12166 10758
12166 12166
12166 20883
12166 25854
19029 2672
30507 30507
30745 13972
14246 14246
30642 30642
1939 1939
1939 9871
460 16409
10779 30081
10779 10779
23141 30081
23141 13475
23141 3995
23141 30643
23141 23860
23141 30879
23141 17965
23141 30488
23141 23141
80744 80744
80744 2622
2612 2669
10758 10758
6269 6153
6269 11919
6269 6269
30644 317
30644 30644
10547 10547
10547 24381
10547 2874
2000 30304
2000 25997
2000 30939
2000 3365
2000 14915
2000 2000
2000 49
30868 30855
3041 21857
6153 32
6153 24381
6153 26756
19475 11926
29974 13650
1737 1737
2874 30081
2874 25854
2874 22971
26148 4231
26148 13972
14024 6976
14024 14024
8991 25997
38783 26865
5101 5101
5101 4096
15980 30684
15980 15980
22758 1176
17022 11768
30582 30582
7311 7311
7410 30830
16046 17901
16046 16046
28090 28090
317 317
1446 30081
1840 9652
8702 5497
6666 30454
6666 6666
6666 9928
30600 8769
30763 11260
30763 22277
26002 26002
28016 11260
28016 28016
30684 30684
22277 26734
22277 11919
22277 22277
8430 8430
29634 29634
29634 30203
22971 32
30702 586
29570 1847
29570 11332
29570 29570
31021 31021
17901 17901
8719 35357
8719 8719
8719 30696
13650 30927
13650 24306
13650 30824
13650 13650
27494 11919
30282 30282
30939 5442
30939 14915
23860 3995
23860 23860
23860 5732
23860 2622
10328 703
10328 10328
5513 5513
21090 8435
2622 30744
2622 29945
2622 2622
11765 30180
24586 24586
11260 12983
11260 29945
11260 11260
11260 30581
20995 20995
20995 14915
20995 1176
22741 36108
3365 10072
3365 15424
3365 3365
468 468
468 29921
29231 29231
30180 30180
30180 26756
30180 386
30180 30267
30180 13910
30180 16981
7699 7699
30737 30737
24963 24963
21907 21907
20883 18756
30650 30650
30650 12301
4580 4580
31048 9924
30643 30643
12547 49
30497 30497
18512 50973
18512 30579
18512 18512
30704 30704
30889 23874
30889 30889
21779 613
21779 21779
35357 11768
35357 35357
35357 613
2672 2672
2672 24681
2672 4354
2672 30269
6427 4231
874 874
22170 4231
22170 22170
30786 30786
11768 11768
12082 30267
9652 9652
9652 30747
703 30504
703 26756
703 703
7458 1176
4231 4231
4231 30781
4231 30203
4231 21857
30921 4707
30210 30504
30764 30764
24021 24021
11332 11332
3995 3995
3995 13381
9924 9924
9924 11919
30800 1459
30800 30800
30800 8883
8003 5259
26505 6085
26505 26505
11546 11546
11546 381
11546 2004
35353 30504
9928 1162
9928 9928
14915 27986
14915 14915
14915 5442
13832 13832
13832 943
26648 12301
5259 30792
5259 5259
5259 943
4118 613
4118 4118
30950 18263
25950 25950
18850 22804
30824 30824
25265 25265
15129 30081
30993 5147
30993 30993
15424 6085
15424 15424
5442 5442
5442 49
16537 16537
8769 8769
24306 24306
30267 30267
3 23874
15887 15887
13626 13626
30149 25854
30149 23194
30304 30304
27986 27986
2039 24133
2039 8435
613 4054
613 23874
613 613
10941 10941
6976 6976
6976 5732
18756 18756
8435 26458
30879 30879
12349 2349
386 386
31039 31039
30327 3621
23194 23194
13475 13475
22878 30418
22878 22878
5229 30418
30655 30655
1162 1162
5497 8547
5497 5497
30753 12301
30753 30753
5732 5732
30269 4354
30269 30375
30269 30269
30311 23917
30311 13972
30311 30311
14414 14414
13972 13972
30530 30530
4054 943
13910 13910
11919 11919
18943 18943
30747 30747
22 30375
22 22
381 49
381 381
586 12301
4354 4354
943 943
733 733
30081 30081
30830 2641
30735 30735
3485 25854
5175 5175
10265 10265
25997 25997
30504 30504
26756 26756
49 19949
49 49
25854 25854
30558 30558
12301 12301
15629 15629
15629 19949
18263 23874
18263 18263
18263 19949
19949 19949
19949 1176
9871 9871
30781 30781
26865 26865
1176 23874
1176 1176
3384 3384
23874 23874
6085 6085
4096 4096
30415 30415
