21884 31744
21884 9072
21884 21884
21884 2554
22049 4535
26925 31549
26925 15155
9581 75
9581 6666
9581 12547
9581 9581
9581 644
9581 1703
17787 6936
17787 1993
17787 12166
17787 17787
17787 1345
17787 8103
17787 5690
17787 4790
30860 2393
24381 1409
24381 24381
24381 12310
24381 35840
24415 6348
1450 6506
1450 1450
1450 9161
1450 8385
1450 3106
1450 10503
1450 13923
1450 5091
31715 24620
18117 31040
4047 8855
6206 26013
25510 30081
25510 2672
25510 13904
25510 24541
25510 21265
25510 31537
25510 20381
25510 24309
25510 23291
25510 26543
25510 26522
25510 25510
25510 31121
25510 31049
25510 39082
25510 11054
25510 31201
25510 1056
25510 20729
25510 19189
25510 31753
25510 29783
25510 31325
25510 14319
25510 31591
25510 31522
54780 454
54780 21907
54780 402
54780 20302
26460 26460
26460 32
26460 23122
26460 25442
26460 4659
21193 8385
21193 7709
21193 21193
21193 7410
26674 35357
26674 26674
26674 2893
26674 23141
26674 31306
31197 31197
31197 13265
31197 2698
5498 5498
5498 25792
5498 19475
10366 21369
2623 31154
2623 439
2623 18512
2623 582
2623 4428
2623 4177
2623 4096
2623 2623
5274 7460
5274 11682
5274 3485
31179 29783
31179 31179
31179 3528
31179 1266
31482 4177
31193 21090
30776 20787
6430 13441
6430 6430
136 23388
136 2926
136 31014
11142 10696
11142 20595
11142 31522
11142 24494
11142 3651
30356 1176
30356 9072
30356 454
30356 1946
30356 20787
30356 8385
9449 13441
9449 25309
9449 31466
9449 8914
9449 18060
9449 370
9449 9449
9449 10626
9449 1310
757 10503
757 9025
1539 1737
19593 26013
345 3847
345 345
345 24442
345 4069
345 18974
12489 3572
12489 8008
12489 3684
12489 21090
8955 22051
26437 9672
31419 2290
31419 18739
31419 2698
806 31797
806 30816
29611 35357
29611 13650
17846 31752
17846 17846
17846 11926
9663 9924
9663 27767
9663 763
9663 12120
9663 9663
19545 31636
6316 2384
6316 21349
6316 4366
6316 13650
6316 31102
6316 121
6316 6316
6316 20302
6316 10744
6316 3077
6316 1044
6316 766
30379 24757
30379 31172
30379 2841
30379 9317
30379 4149
30379 30850
30379 25701
30379 23758
30379 6348
30379 31112
30379 31461
30379 15566
30379 11395
19205 7076
19205 19205
21302 25355
21302 20302
21302 613
21302 21302
21302 13762
21302 21123
29475 1407
41060 6794
41060 17836
31146 26935
31146 1355
31146 1310
31146 2106
31146 2841
353 6094
353 2672
353 13268
1335 1463
1335 36108
1335 31434
1335 1573
1335 31252
1335 24152
1335 1335
1532 5340
1532 2672
1532 21482
1532 8385
1532 26522
1532 10035
1532 1532
4622 19926
4622 333
30207 9022
30207 30207
30207 11828
24538 454
24538 11768
24538 7813
24538 2968
23228 2672
3106 23388
3106 10235
3106 9317
3106 7410
31085 31085
31085 5091
2536 2536
2536 35353
9463 13762
31727 6094
31727 1946
31727 31727
10446 30081
10446 11100
10446 30800
10446 31076
10446 31264
10446 31751
10446 21349
10446 31261
10446 29333
10446 26522
10446 11540
10446 4556
10446 31518
10446 1898
10446 20215
10446 6856
10446 9072
10446 31231
10446 30603
10446 121
10446 27465
10446 31225
10446 970
10446 10446
10446 10909
10446 15120
30924 13650
6818 4231
6818 20812
6818 6818
6818 21095
3473 17988
3473 10696
42531 16464
29334 4428
29334 29992
29334 6950
4362 26935
4362 80744
4362 10909
4362 30081
10696 31600
10696 32
10696 11025
10696 1465
10696 1353
10696 10696
10696 20787
10696 1688
10696 17988
10696 22002
10696 13265
10696 6101
10696 18060
10696 13139
10696 26522
10696 6205
10696 6794
10696 4658
10696 1573
10696 13923
10696 1355
10696 9672
10696 1737
10696 31376
10696 7666
10696 22873
10696 5259
10696 17907
21522 5495
21522 8914
26361 2530
26361 10076
26361 26361
3970 31252
3970 3970
3970 16931
3970 6753
14167 644
31544 13972
2467 9072
17513 26039
20729 1847
20729 8857
20729 10811
17588 17988
17588 7410
24132 3847
25609 14515
25609 13972
25609 1465
25609 22758
25609 26935
25609 11638
25609 21684
25609 4177
582 238
582 6827
582 381
582 2837
582 4528
582 582
582 6950
582 66
582 447
582 7762
582 31553
12357 7206
12357 31714
12357 31687
3521 13441
3521 6348
3521 17308
3521 11025
3521 8070
3521 460
3521 3521
3521 5998
31742 1916
31742 9417
31742 18814
31742 763
31742 31742
30869 8430
27968 121
27968 31518
27968 1898
27968 3528
27968 27968
27968 8385
27968 4721
27968 10626
31417 18238
31417 23388
4753 30363
24541 613
24541 22781
24541 3711
24541 1465
16002 29783
16002 26522
16002 1345
16002 31441
16002 16002
31459 17308
31459 31459
17988 28104
17988 17988
17988 3485
17988 40
17988 9317
17988 9072
17988 12082
17988 2290
31807 1946
31807 21255
12653 13762
12653 20302
12653 6950
12653 8103
12653 21095
12653 21779
12653 16702
12653 25054
31102 2384
31102 297
31102 13832
31102 9025
31102 2926
31102 4111
31102 3684
31102 14915
31102 1463
31102 22971
31102 9072
31102 31130
31102 29333
31102 26522
31102 12705
31102 763
31102 31102
31102 6101
31102 1409
4040 1441
4040 1044
2530 10335
2530 25256
2530 7108
2530 15551
2530 613
2530 9928
2530 22051
2530 29738
2530 297
2530 1040
2530 11500
2530 2530
2530 6481
2530 13923
31215 4707
31215 20302
31163 362
31647 7206
31647 20692
31647 6085
31647 454
4763 4790
21369 14447
21369 21369
21369 8176
6698 5340
26039 31596
26039 11540
26039 8008
26039 19885
26039 703
26039 763
26039 26039
26039 28090
26039 12898
26039 1266
26039 9072
26039 26935
26039 24060
26039 6129
26039 13650
26039 23141
26039 6360
26039 20302
26039 30376
26039 26672
26039 9025
3896 26935
3896 13268
3896 13972
3896 3896
4428 13351
4428 2191
4428 3847
4428 4428
4428 31262
4428 29992
4428 10076
4428 13803
4428 25854
4428 31532
4428 31802
4428 9502
4428 18060
4428 31598
4428 31553
4428 31524
9502 13441
9502 31532
9502 9164
9502 31221
9502 31261
4760 8385
21505 11540
31641 297
5998 29992
2306 31752
2284 18238
2284 30035
2284 2081
2284 9317
2284 9025
2284 2284
2284 36285
2284 31410
7460 13441
7460 31752
7460 7666
7460 22882
7460 7460
7460 31091
7460 25330
4790 25358
4790 2841
4790 19045
4790 75
4790 1737
4790 1648
4790 18060
4790 25792
4790 19475
4790 4790
13356 26013
3993 19949
3993 4528
3993 2926
31214 40
919 2191
613 238
613 29973
613 9253
613 943
613 23388
613 8460
613 4721
613 2669
613 7206
613 1310
613 1176
613 6101
613 31294
613 3992
613 674
613 8446
613 586
613 30304
613 2841
613 15743
613 613
613 9072
613 21684
613 12166
613 14493
613 9563
613 290
613 1946
613 7035
613 21574
613 10503
30610 18739
31532 29992
6950 13441
6950 238
6950 5661
6950 31068
6950 30432
6950 26650
6950 21095
6950 13762
6950 683
6950 2837
6950 6360
6950 6950
6950 18060
6950 5937
3859 1682
2554 30508
2554 24201
2554 31113
2554 31718
2554 18698
2554 1131
2554 20300
2554 31721
2554 15388
2554 1044
2554 31622
2554 30081
24979 26013
31814 15629
31814 683
31814 10400
31814 1050
31814 9072
31814 2290
31814 31814
85 8385
238 1847
238 238
238 18384
238 381
238 1465
238 2926
238 30364
238 2000
238 6986
238 39082
238 6794
238 22650
238 2841
238 6936
238 9072
238 454
238 26935
238 25355
238 21123
238 15934
238 29349
238 11233
238 19949
238 8133
238 13070
238 4149
238 4528
238 1176
238 5937
238 7410
238 10400
238 18814
238 15819
238 5690
238 2968
238 35357
238 11632
238 445
238 17506
238 1409
238 31396
26013 30081
26013 26013
26013 4177
26013 6094
26013 21051
26013 23141
26013 12981
26013 16107
14854 29992
14854 943
10280 25442
10280 9317
31696 4144
31696 31696
31696 1409
10903 24309
10903 8008
10903 20302
10903 3493
10903 12705
10903 13972
21566 1345
21566 19075
21566 21566
21566 35840
22237 6094
22237 1441
22237 22237
2106 31491
2106 2106
2106 12166
8906 15551
8410 2720
26052 28104
26052 763
4366 66
4366 4231
4366 425
4366 4366
35833 2841
7868 4707
7868 370
7868 11765
7868 7868
440 29764
8212 31239
391 4231
391 25358
391 47757
391 11025
391 297
391 2807
391 23388
391 78
391 4096
391 31589
391 27840
391 31162
391 31127
391 30808
391 31261
391 391
391 18060
391 1648
391 19949
391 30081
20346 7108
20346 20346
960 960
960 1345
31738 3996
31738 5031
31738 5101
5628 18238
31207 22989
31207 5801
31207 4177
29763 24133
29763 3528
29763 8508
29763 9072
2348 21014
2348 9658
2348 29992
2348 2348
2348 4659
8846 6084
8846 405
27398 4231
27398 4149
27398 10400
27398 30180
27398 7666
27398 5101
27398 27398
27398 28172
602 5497
2666 18060
2666 15629
2666 4231
2666 763
2666 5740
5018 21885
9101 31371
9101 5091
9101 1131
9101 11768
9101 9101
8176 31760
8176 13139
8176 8176
8176 22051
8176 2631
8176 31241
8176 28172
31583 31583
31583 31475
31583 2356
12898 24060
12898 50650
12898 15334
12898 31551
12898 27772
12705 17993
12705 8385
12705 50650
12705 31236
12705 8133
12705 13782
12705 20105
12705 31261
12705 11026
12705 31356
12705 26522
12705 31074
12705 31217
12705 18465
12705 5849
12705 15819
12705 15713
12705 1056
12705 26766
12705 4423
12705 1358
12705 5147
12705 31744
12705 1946
12705 10035
3465 3465
3465 4639
3465 21684
3465 1573
3465 21123
7709 10335
7709 7410
23434 5091
23434 3528
23434 23434
23434 18060
23434 29992
23434 30412
2720 9072
2720 430
2720 1050
31307 2234
27453 2051
22315 7076
22315 9924
22315 3528
22315 3684
22315 22315
3041 31633
3041 11059
3041 3041
3041 3959
3041 10194
3041 23022
1353 8508
1353 1176
43085 763
43085 18739
30525 8855
14497 31424
14497 26116
14497 1648
14497 31071
14497 30081
14497 29536
14497 8385
14497 9401
14497 22170
14497 15980
31429 31429
3759 31491
7060 18739
30850 4528
30850 5516
30850 25442
30850 30850
30850 1310
3891 17308
3891 7399
25577 30081
25577 31386
30808 29555
30808 1465
30808 21095
30808 2669
5152 5152
5152 24611
5152 20343
5152 15934
2698 31152
2698 4800
2698 31714
2698 2698
2698 29972
2698 78
2698 4643
2698 6094
2698 31782
2698 21349
2698 20483
2698 10626
2698 1946
2698 13559
2698 25485
2698 22781
2698 26522
2698 4556
2698 20186
15517 31752
8473 15743
6133 1233
6133 1096
27465 4994
27465 450
27465 2841
27465 18571
27465 26935
27465 23388
27465 1784
27465 3396
27465 7410
27465 454
27465 1176
27465 27465
27465 3161
29992 13441
29992 31632
29992 3525
29992 20787
29992 29992
29992 1939
29992 25576
29992 4144
29992 2868
29992 4231
29992 10400
29992 18013
29992 13139
29992 31710
29992 22051
29992 14319
29992 21684
29992 9391
29992 13803
29992 29326
29992 1648
29992 5495
29992 31579
29992 24152
29992 31598
29992 7313
4528 4528
4528 25442
4528 396
4528 19949
4528 4177
17913 19949
17913 8385
17913 36108
17913 1465
31538 3384
31538 121
8070 11640
8070 11926
8070 3485
8070 2841
8070 14672
8070 8070
8070 18060
8070 7666
8070 11025
8070 4351
5937 4177
6481 7410
8446 3948
8446 20302
8446 15155
8446 26935
8446 1355
8446 6278
8446 31722
8446 1465
8446 802
1737 11100
1737 30800
1737 11025
1737 31276
1737 6794
1737 8733
1737 2926
1737 8008
1737 18060
1737 20997
1737 766
1737 18263
1737 317
1737 4580
1737 454
1737 9025
1737 5690
1737 6666
1737 1737
1737 15934
1737 3493
31275 17118
31275 2968
31275 31275
31275 31607
7878 4707
7878 19475
31233 2841
4953 29783
4953 13441
4953 8008
5690 13972
5690 402
5690 2926
5690 5690
5690 15054
5690 29956
5690 31348
5690 14447
5690 26522
5690 6094
5690 6205
5690 31677
26650 370
31458 1946
16751 4096
290 4721
290 30800
290 31627
290 2586
290 20343
290 2841
290 18060
290 5963
290 35357
290 2837
290 31466
290 31677
290 15934
290 290
290 24611
290 4177
290 1409
8927 14493
8927 23388
8927 2051
8927 3684
26672 29973
26672 31181
25713 1463
25713 11638
381 2926
381 402
381 381
381 9072
381 29293
381 1096
381 21123
381 19956
381 8320
381 1176
30997 6094
30997 30997
30997 13650
30997 9072
4053 24576
4053 15980
4177 30081
4177 2926
4177 19313
4177 20343
4177 32
4177 31251
4177 11640
4177 4177
4177 20381
4177 2000
4177 1176
4177 31629
4177 8733
4177 31624
4177 31596
4177 7206
4177 4721
4177 4625
4177 35353
4177 23122
4177 121
4177 31597
4177 31684
4177 3711
4177 184
4177 10328
4177 24711
4177 396
4177 11115
310 6348
310 2039
10454 2657
31491 75
31491 2273
31491 11025
31491 2926
31172 1355
12617 9161
6348 6348
6348 11395
31466 763
31466 6506
31466 31466
31466 18739
31466 5740
31466 9072
31466 30035
31466 6976
31466 3684
3753 29657
3753 31234
332 297
332 1040
332 14447
332 4194
332 2926
332 454
22873 7206
22873 22873
22873 5091
22873 9072
2082 31081
21706 9072
25791 14830
4721 6936
4721 3005
4721 9317
4721 9564
4721 19949
4721 11640
4721 20105
4721 49
4721 6101
4721 9652
4721 2051
4721 13923
4721 36720
4721 4721
4721 2841
4721 15819
4721 20783
4721 9072
4721 75
4721 23141
4721 15934
4721 80744
4721 1946
4721 1409
8133 32178
8133 6794
8133 3528
8133 20343
8133 11145
8133 9072
8133 5810
8133 6976
8133 4423
8133 8133
8133 7206
8133 1682
8133 1946
8133 31629
8133 14340
8133 27974
8133 5697
8133 10909
30196 25442
30196 14672
30196 2841
30761 30761
27311 30364
4649 21697
4649 19186
22094 31711
31111 29333
31111 4707
31710 121
31710 31710
31710 25309
7626 50973
7626 346
3840 2622
3931 1355
3931 4639
3931 3931
3931 19313
27960 1463
27960 9417
27960 4961
17845 7410
5963 24611
5963 31444
5963 297
5963 8430
5963 10095
5963 5963
5963 31735
5963 8719
5963 15934
5963 9850
5963 10909
5963 11825
10330 27564
10330 10330
10330 8385
10330 1056
10330 15551
31489 2807
31489 1131
31489 25485
3602 26522
3602 766
31461 6666
31461 3485
31461 7666
31461 11025
31461 23950
31461 31461
31461 19045
31461 1149
31461 2841
284 13923
1409 31632
1409 78
1409 24114
1409 1688
1409 49
1409 2510
1409 21090
1409 1310
1409 7108
1409 31201
1409 2841
1409 9025
1409 12166
1409 30608
1409 10857
1409 31396
1409 30661
1409 12310
1409 21574
1409 31084
1409 30081
1409 8385
1409 6976
1409 13070
1409 31561
1409 31454
1409 25494
1409 26522
1409 2669
1409 18465
1409 22191
1409 13139
1409 1593
1409 21779
1409 10194
1409 13268
1409 31092
1409 6360
1409 15934
1409 27974
1409 19186
1409 30363
1409 1409
26255 9317
26255 15934
2903 24133
25028 11100
25028 25028
25028 9025
25028 3528
3206 22051
3206 31376
3206 15837
31261 4231
31261 2841
31261 2807
31261 19045
23835 8309
23835 2000
23835 23835
2051 1345
2051 47757
2051 9317
2051 23388
2051 2926
2051 27786
2051 5587
2051 31512
2051 11919
2051 30679
2051 2051
2051 362
1291 22989
1291 22052
1291 2039
1291 12166
31344 1079
4690 31424
4690 763
4690 9391
4690 14171
4690 4690
21570 2938
21570 454
5740 21684
5740 7762
5740 18871
4281 703
25485 31016
25485 31441
25485 18968
15684 31040
29783 935
29783 29783
29783 297
29783 8008
29783 3684
29783 16518
29783 11054
29783 23935
25792 31771
25792 943
14171 4231
14171 31424
14171 30364
14171 7591
14171 430
14171 29536
14171 3787
14171 11206
31621 15934
3528 15765
3528 30081
3528 6976
3528 31236
3528 31276
3528 3402
3528 3528
3528 17022
3528 31596
3528 31518
3528 1898
3528 3948
3528 22051
3528 18739
3528 31744
3528 10035
31484 31484
31484 10503
31484 1131
31484 3324
31484 7759
11206 4183
12481 31105
12481 31228
12481 31684
12481 12481
12481 7076
12481 27013
12481 30800
14114 1492
24492 24492
24492 8799
12044 10609
12044 9118
1682 1946
1682 1682
11638 11638
11392 11392
10980 5091
10980 11919
10980 27984
10980 9072
10980 10980
10980 5267
10980 766
10980 3684
28178 20302
8112 51
8112 3493
31736 4231
31736 23291
31736 14094
31736 15743
1114 31711
16321 16321
16321 9072
3040 10251
3040 21684
31358 23141
31358 8385
9947 7108
15155 31610
15155 1441
15155 15155
15155 1106
15155 31348
31434 1345
31434 21684
31434 1465
11145 7206
11145 11145
11145 1946
11145 10708
11145 5697
3847 12087
3847 14143
3847 25442
3847 25812
3847 3847
3847 4096
3847 17495
3847 1310
1095 1143
1095 25854
1095 4144
1095 943
2234 31339
14915 21123
1463 31415
1463 23388
1463 1463
1463 29536
1463 10251
1463 19964
1463 1573
1463 2000
1463 31371
1463 8103
1463 30603
1463 28104
1463 14094
1463 31412
1463 19075
1463 6761
1463 15934
1463 18974
1463 21574
1463 31512
1463 29775
10273 3837
3132 19075
30816 1946
1358 22051
1358 1358
1437 31271
1437 2926
13168 26522
13168 943
13168 30176
9481 24152
14094 31071
14094 5810
14094 15980
14094 11025
14094 10857
14094 23291
14094 1688
14094 24891
14094 4231
14094 1345
14094 27895
14094 1573
14094 943
14094 26935
14094 21684
14094 31348
14094 28104
14094 14094
14094 22112
14094 7644
26659 8430
26659 26659
26659 14830
26659 17581
26659 23950
26659 8008
6756 11260
6756 10400
6756 10811
3603 20343
3603 3603
6101 7206
6101 6794
6101 9072
6101 9025
6101 15743
6101 31493
6101 6666
6101 24306
6101 20302
6101 31180
6101 5142
6101 6101
6101 31145
6101 23388
31579 297
31579 26815
1481 4144
1481 31278
19045 7717
19045 31271
19045 17901
19045 31803
19045 19045
19045 16046
394 17260
3460 184
3460 21402
31324 2000
31324 30035
31324 1176
31324 18060
31324 3711
31324 2926
26705 26705
26705 10671
31731 8103
31731 31731
31731 20302
31471 1916
31471 11920
2837 4231
2837 18060
2837 1648
2837 1465
8761 19075
8761 2669
45 1992
45 10265
45 3787
45 31567
45 766
1041 31561
12120 9253
12120 31718
12120 31185
12120 31181
1050 31582
1050 2039
1050 2938
3546 31304
9391 17308
9391 9391
27164 27164
13121 2039
28104 31574
28104 31415
28104 6976
28104 12176
28104 4614
28104 3803
28104 18060
28104 1345
28104 19964
28104 1306
28104 28104
28104 801
28104 8103
28104 31135
28104 5091
28104 15934
28104 31382
28104 31356
28104 6506
28104 22976
6262 24611
6262 12166
6262 8385
38345 27564
14517 454
14848 3525
6936 6936
6936 25358
6936 2841
6936 35353
6936 5513
6936 13647
6936 12166
6936 19783
6936 14447
6936 6506
6936 24611
6936 8103
6936 16046
6936 16767
703 4231
703 30364
703 22052
703 402
703 703
703 21684
703 18974
31530 31475
31530 17644
1465 30081
1465 9417
1465 21349
1465 22052
1465 13972
1465 1465
1465 10707
1465 2926
1465 184
1465 2672
1465 1310
1465 1992
1465 35353
1465 31521
1465 8103
1465 31808
1465 15551
1465 1434
4181 29591
4181 17308
4181 4181
15023 31413
297 15765
297 31186
297 13441
297 23388
297 78
297 297
297 15837
297 4556
297 586
297 31386
297 30259
297 9072
297 27832
297 9025
297 255
297 18238
297 15934
297 10035
31522 13972
31522 31522
31017 6094
31017 26935
31017 31017
6776 22294
6776 4144
6776 6776
9617 4707
9617 4096
15570 1840
15570 15570
15570 18698
5371 28090
1573 1650
1573 1573
1573 31371
1573 6976
1573 21684
1573 17836
1573 31679
1573 23291
1573 1345
1573 6205
31521 31521
31521 26935
31521 1441
31521 13972
2821 3503
2821 29333
2821 26522
2821 11016
5091 31574
5091 9317
5091 23388
5091 8725
5091 3684
5091 3803
5091 11919
5091 31217
5091 6794
5091 22051
5091 29972
5091 31285
5091 13559
5091 31356
5091 27494
21051 763
21051 30081
21051 6794
21051 31306
21051 26935
21051 14319
21051 21051
31467 17308
3493 18263
3493 1266
3493 31106
3493 31062
3493 23388
3493 24133
3493 13898
3493 3493
3493 31074
19964 4231
19964 23291
1094 11540
1094 2039
10909 30081
10909 25256
10909 5810
10909 23388
10909 9072
10909 4961
10909 7206
10909 2000
10909 1946
10909 10909
4558 6094
4558 31511
13480 24611
31415 31415
31415 15934
31128 1847
31128 7076
31128 20997
31128 10744
31128 7759
396 27923
396 49
30376 7410
30376 31036
437 9684
437 184
437 437
437 19399
437 2841
437 299
36067 1306
7845 12221
9658 14143
9658 27736
9658 9658
25696 18116
25696 12166
13139 4231
13139 13139
13139 4144
13139 10368
30971 30971
30971 28172
30971 25442
29720 31771
29720 2900
29720 4933
31563 8103
31563 31563
31563 763
4653 23758
31735 17114
31735 26591
422 26522
31412 10400
29956 29333
29956 31378
29956 29956
29956 8008
5387 14187
31687 6094
31687 21349
27767 28090
27767 1049
14551 31185
7313 3384
7313 23291
7313 6506
7313 21684
7313 7313
35840 13070
35840 26700
35840 22112
35840 21684
35840 6761
6357 31345
7507 5810
31221 4333
22846 4231
22846 9672
22846 22846
22846 27895
31818 943
10206 31198
31371 18263
31371 1061
31371 31371
31371 934
31371 21684
31371 18974
31540 9025
30138 22051
30263 29444
21337 26522
7772 38434
17644 31476
519 4707
519 2191
519 7666
824 21907
824 31376
824 6953
824 31181
17036 9187
10997 14447
31254 763
22758 12586
22758 15334
22758 22758
21402 3992
21402 26522
24559 17907
24984 8855
31084 27513
31084 31084
31310 11100
31310 30800
31310 8008
31310 31310
31310 8385
31310 24634
31310 20787
19399 8430
19399 21265
19399 19399
19399 13972
10475 874
10475 31677
23015 23015
23015 18086
23015 9025
9269 1587
9269 1946
9269 38783
9269 14111
9269 11115
21146 12668
8733 23388
8733 766
31624 10503
31624 7762
18465 11647
18465 8385
18465 454
18465 22277
18465 29555
18465 8103
18465 17836
18465 13653
18465 2060
18465 18128
18465 1176
18465 1946
18465 763
18465 18465
24786 10503
10194 8891
10194 2841
10194 18571
10194 50650
10194 12166
10194 31234
10194 6666
10194 14447
10194 7932
10194 10194
10194 2081
10194 31803
10194 31507
10194 15566
10194 11540
10194 22781
10194 36285
10194 1446
31359 35357
31359 31359
31359 17836
13360 30081
31325 31325
31325 1131
31325 14830
644 30081
644 2841
644 1261
644 30395
644 19949
644 2926
644 2349
644 22002
644 15934
644 8032
644 31670
644 8103
644 644
644 19313
31745 4140
22388 460
19276 25358
19276 30081
2811 2926
2811 21095
889 17836
15334 763
15334 15334
30877 2578
65 13265
31823 2575
13265 13441
13265 1648
13265 30827
13265 26522
7813 18279
7813 24494
7813 17022
619 1355
26766 1946
26766 26766
26766 9317
26766 20716
1310 31633
1310 30661
1310 40
1310 25330
1310 8103
1310 3403
1310 23950
1310 121
1310 31109
1310 25442
1310 1310
1310 18060
1310 31553
1310 2841
5340 10035
2870 2191
2870 2870
2870 18116
21800 8047
21800 11260
21800 4961
31782 23388
1587 7206
1587 6085
1587 1946
1587 1587
1587 14340
19926 19926
8725 2954
8725 30412
1946 13441
1946 21349
1946 20343
1946 13782
1946 7206
1946 2000
1946 18060
1946 31793
1946 11026
1946 2689
1946 6094
1946 9564
1946 1946
1946 14302
1946 5442
1946 8003
1946 9317
1946 5810
1946 23388
1946 6794
1946 23716
1946 31454
1946 1176
1946 5697
1946 31339
1946 14830
1946 15819
1946 10671
1946 4423
1946 10481
1946 15934
1946 10708
1946 27974
1946 31026
1946 30363
1946 11115
1098 2383
31598 121
31598 9871
31598 26815
31598 31598
8891 8891
8891 8103
8891 27895
2191 30149
2191 2191
2191 9317
2191 16504
2191 9970
2191 31112
2191 12166
2191 30035
2191 18060
2191 2481
2191 4144
2191 5031
2191 25442
31425 31425
31425 4556
31003 10076
16537 1516
16537 9072
16537 15819
16537 16537
16537 29555
16537 24611
16537 763
16537 18814
13647 4351
13647 13647
13647 4069
13647 25442
10400 31410
10400 30081
10400 1384
10400 22170
10400 683
10400 23291
10400 13625
10400 36285
10400 10400
10400 31335
10400 20431
10400 31559
10400 29326
10400 24637
10400 15566
10400 31753
8887 31518
8887 24637
15054 6094
15054 15054
31112 4231
31112 24773
31112 7932
31112 31112
31112 1345
31112 25701
9471 2900
447 11768
15815 11011
31551 630
31551 21907
31551 763
31551 31551
184 75
184 27923
184 11540
184 36108
184 184
184 49
184 13923
184 7762
23014 26935
1266 1266
1266 30432
1266 9187
1266 22052
1266 9025
1266 8008
1508 29536
1508 10898
31567 454
75 18263
75 75
75 2841
75 2900
75 12166
75 30363
75 8430
75 30035
75 21857
75 25854
75 26522
75 18060
75 31670
75 7206
840 8008
31026 14340
31026 6085
31026 31026
29404 26116
29404 1441
29404 4961
29404 29404
29404 3365
19313 6666
19313 14447
19313 21095
19313 19313
31186 31186
31186 2290
31186 6043
31632 6094
2081 35416
2081 28024
2081 2081
2081 9317
13856 8824
31180 20302
31180 31180
13960 14493
13960 317
10857 10857
10857 1345
10857 943
10857 23758
5301 19075
4067 6094
4067 16518
4067 4067
405 31789
21014 20483
2631 29555
2631 31217
2575 121
2575 2575
2575 6043
8103 30081
8103 10546
8103 31391
8103 8103
8103 19176
8103 49
8103 42661
8103 317
8103 18013
8103 35353
8103 1306
8103 11546
8103 3634
8103 21095
8103 12310
8103 450
30790 31149
31821 31821
31821 11854
18380 121
18380 18380
18380 28172
31475 6986
31475 13972
31475 12310
11317 15934
3996 31593
3996 3996
3996 943
3996 20483
11081 674
50650 8385
50650 454
50650 50650
50650 29555
50650 17836
50650 6666
50650 31512
50650 11540
50650 1149
5810 121
5810 31472
5810 5810
5810 6666
5810 8385
5810 29510
5810 7206
31153 27832
31672 4842
13070 13070
13070 23291
13070 22485
13070 14450
13070 11500
13070 7399
20174 9072
4069 3396
4069 4069
4069 28172
22191 10503
22191 22191
22191 12166
20754 2481
20754 20754
1056 10712
1056 11828
1056 1056
1056 9970
1056 3684
1056 7410
1056 1281
1056 24494
1056 26935
1056 31130
1056 31145
1056 30672
1056 31239
1056 13650
31771 16046
255 18739
255 255
255 30412
4910 12166
31306 26935
31306 763
362 15833
2095 4231
2095 66
3711 1176
3711 23388
3711 7410
31756 31765
31756 18814
2042 10035
31323 11054
31323 1061
25812 6666
25812 9871
25812 25812
2503 25442
23112 31217
29451 29451
31236 31236
31236 18739
31236 9072
29349 27840
27041 5583
27041 18739
27041 27041
7399 10626
7399 17308
7399 7399
10811 14901
8588 9652
8588 31217
5782 28090
5782 5782
2868 11059
2868 2868
2868 4874
4961 4961
4961 30672
4961 11260
4961 27120
31382 8338
31361 4643
22002 22002
22002 18739
22002 2841
22002 9072
22002 18060
22002 21278
22002 11640
6485 11540
31573 13972
8135 6794
8135 8135
31596 31596
31596 9072
31596 3324
14601 26935
14601 13972
31773 21907
4720 31677
3272 29333
6360 8430
6360 18814
6360 8008
6360 6360
6360 9025
7174 1528
31700 25326
31700 21339
10712 30800
10712 3324
10712 10712
1256 35357
8899 1407
8899 6545
27134 454
25256 25256
25256 1044
25256 1306
3448 3448
31505 5701
321 2900
321 321
10235 23388
2384 8541
2384 30304
2384 35353
2384 3077
2384 2807
2384 10481
2384 2384
674 26522
14493 11011
14493 23388
14493 30603
29326 17630
29326 29326
29326 11919
18739 4800
18739 2290
18739 26700
18739 23291
18739 6506
18739 31664
18739 4556
18739 2841
18739 9072
18739 30412
18739 18739
18739 10626
18739 10610
18739 7076
36285 30149
36285 23291
36285 30035
36285 17308
36285 36285
36285 31421
5268 17118
26815 31535
26815 31454
31695 2954
31695 763
31695 955
31695 30800
31695 31695
4783 9563
27736 18060
27736 30035
27736 35353
2039 25358
2039 13552
2039 2841
2039 1106
2039 4111
2039 7952
2039 12310
2039 15934
1540 30081
1540 21574
1540 13972
20483 20483
20483 10076
3969 31811
27013 15934
2356 30081
2356 26522
2356 4144
2356 2356
31721 454
31721 31721
31721 31718
31561 31561
13625 13625
13625 9072
31074 23373
31074 9072
31074 31074
31074 8008
31074 3324
31074 15837
11540 18744
11540 31535
11540 12352
11540 30641
11540 377
11540 12547
11540 24611
11540 11540
11540 26522
11540 7031
11540 15819
11540 31781
11540 6856
11540 21095
11540 10201
11540 20302
26635 21574
11054 1121
11054 20381
11054 11054
11054 42371
11054 1061
11054 31217
11054 1840
11054 30994
10946 1650
31520 450
31520 460
31520 10076
2318 766
22051 10744
22051 1593
22051 30684
22051 24165
22051 8460
22051 8430
22051 15887
22051 19885
22051 18060
22051 2622
22051 763
22051 9072
22051 22051
22051 26935
22051 21684
22051 19684
22051 1044
22051 13650
23346 1916
23346 23346
31346 31346
31346 20787
31346 21684
31346 13972
11504 18086
11504 8008
11504 14830
11504 11504
31543 1916
31543 1898
1121 9924
1121 1121
1121 15980
31829 2807
14199 2900
17896 18060
17896 21907
31553 31553
31531 31531
31531 24309
31531 1131
31531 3651
21349 6094
21349 10503
21349 2954
21349 2620
12664 1355
2149 1648
8131 23542
8131 8131
5200 5200
5200 12487
5200 18814
29555 11716
29555 8385
29555 454
29555 20300
31276 8008
31276 14830
31276 3684
20812 9970
31317 6094
31317 31317
31317 1441
31317 7759
1148 31803
8008 2926
8008 3324
8008 3684
8008 21090
8008 31444
8008 31217
8008 20595
8008 18263
8008 20997
8008 30098
8008 31228
8008 19684
8008 31300
8008 19885
8008 8008
30916 4231
30916 2841
30916 11640
18060 13441
18060 398
18060 21278
18060 18060
18060 25576
18060 25854
18060 28172
18060 2841
18060 18283
18060 31135
18060 10626
18060 12310
18060 2481
18060 9991
18060 1021
18060 30800
18060 8460
18060 5513
18060 23758
18060 4149
18060 30035
18060 1176
18060 66
18060 26522
18060 30412
18060 30149
18060 317
18060 4707
18060 31356
18060 16858
18060 3485
18060 17907
730 1306
31217 20186
31217 1840
31217 955
31217 24309
31217 11178
31217 31217
31217 5701
13351 25442
31291 121
31291 31291
31291 78
31291 30035
1898 30081
1898 1898
1898 9093
1898 26935
1898 31589
1898 22019
1898 31677
1898 3343
5697 7206
5697 5697
13552 13441
13552 14681
13552 78
9455 1441
454 9317
454 30081
454 17836
454 27840
454 26543
454 31493
454 9025
454 8385
454 2508
454 31079
454 31677
27855 2290
4643 20186
31610 1441
31610 13972
9564 31040
9564 26327
9564 1176
9564 9564
9564 26522
9564 11332
4700 31250
31118 31118
31118 26522
31118 4096
31118 8914
31591 21907
10201 14447
10201 19186
10201 10201
10201 12166
32 32
32 40
32 4096
12310 21095
12310 21684
12310 49
12310 31331
12310 12310
12310 15566
12310 3901
11825 11260
11825 11825
2 40
5756 30304
23053 23053
23053 21907
23053 24152
7759 20186
31507 31507
31507 1446
31507 3959
31507 9072
31239 317
31239 6153
31239 2841
31239 9072
31239 18086
31239 2926
31239 3324
27348 2954
27348 27348
27348 2968
31283 11716
4235 4235
4235 20233
4235 9072
4235 25918
3948 13762
3948 1441
3948 31527
3948 30176
14111 1916
14111 14111
14111 8508
15743 30081
15743 1441
15743 17047
15743 15743
1355 9317
1355 31711
1355 19783
1355 2481
1355 25854
1355 26522
1355 1355
27831 27831
26116 26116
26116 763
26116 1688
2865 30081
11632 11632
31694 2481
15934 13441
15934 15934
15934 20105
15934 16971
15934 20803
15934 23716
15934 9352
15934 30081
15934 2841
15934 32178
15934 4231
15934 26081
15934 27895
15934 3544
15934 9970
15934 24576
15934 2381
15934 31589
15934 13898
15934 31127
15934 19949
15934 31396
22073 22073
22073 13972
22073 9072
23950 2841
23950 14830
16178 31145
2627 31372
12858 4231
12858 12858
12858 23291
12858 7108
12858 18238
3396 3396
3396 31767
404 17495
404 17673
404 404
6140 8385
4874 4874
2689 30363
7 10626
31775 13650
8857 1044
8857 23141
8857 3365
31542 31542
31542 26459
3755 9072
9072 30994
9072 2672
9072 22052
9072 1176
9072 6976
9072 31378
9072 31677
9072 31732
9072 13923
9072 35353
9072 9164
9072 9072
9072 29879
9072 20595
9072 2349
9072 30608
9072 31079
9072 5495
9072 31367
9072 2290
9072 9317
9072 31744
9072 23388
9072 31500
9072 30035
9072 16504
9072 26522
9072 763
9072 31518
9072 15819
9072 8430
9072 31356
9072 31589
9072 23141
9072 31285
9072 29333
9072 19186
9072 17022
9072 10035
26935 13972
26935 5229
26935 30081
26935 3684
26935 17047
26935 20300
26935 21265
26935 7035
26935 31518
26935 19956
26935 14830
26935 26935
26935 8385
26935 21684
26935 30176
26935 31348
26935 21123
26935 31376
26935 317
26935 31248
21684 10072
21684 1441
21684 20343
21684 31071
21684 10707
21684 5572
21684 4336
21684 31679
21684 23291
21684 2672
21684 31252
21684 29536
21684 31811
21684 10626
21684 35353
21684 31518
21684 1446
21684 21684
21684 21523
21684 6094
21684 23141
21684 24891
21684 6761
30176 1441
30176 6205
30176 30176
30176 21574
2383 5372
2383 2383
2383 6415
2383 402
2383 1106
2383 7410
23141 30081
23141 15819
23141 763
23141 26809
23141 31512
23141 23141
23141 11011
23141 22277
31633 20233
10072 3959
22112 7644
22112 22112
20787 6646
20787 1441
20787 3403
20787 31781
20787 20787
20787 15980
20787 30800
20787 1688
20787 2672
20787 766
20787 26522
20787 24152
16504 1176
16504 4144
16504 8385
16504 16504
8508 1176
8508 9317
8508 23388
8508 8508
8508 14302
24757 30149
24757 2290
24757 24757
8923 2000
30827 4096
30827 30827
33841 1939
21985 3995
4111 317
2349 31340
2349 2349
12668 6563
12668 431
12668 12668
12668 6506
12668 26522
12668 17907
12668 30412
12668 23501
29510 26809
29510 24494
29510 2954
29510 1044
29510 29510
31152 4231
29493 2968
31285 31285
31285 19783
7692 31161
30608 23388
30608 30608
30608 763
3343 8430
3343 3343
3343 15837
3343 9025
13441 13441
13441 6976
13441 23758
13441 6506
13441 1345
13441 16046
13441 1887
13441 25309
13441 4659
13441 4707
13441 4096
13441 10076
13441 7410
13441 10610
11100 6094
11100 11100
11100 2900
11100 31145
11100 30800
31105 26522
31105 31105
31105 3684
14181 12221
31292 121
31292 1176
5572 6094
5572 943
5572 5572
5572 16659
20674 11395
19603 43134
29233 6043
15837 15837
15837 17022
15837 31130
15837 3324
15837 10035
15837 26701
31272 211
31272 121
2083 31162
2083 10076
31711 66
31711 9317
31711 31711
9970 4231
9970 27895
9970 9970
766 29973
766 1106
766 10503
766 12978
766 7206
766 2926
766 31348
766 31328
766 26522
766 20997
766 21816
766 1446
766 15819
766 31493
766 6666
766 9563
766 22064
766 30983
12420 25442
7076 18263
7076 431
7076 7076
7076 8460
18974 1061
18974 6999
18974 402
18974 20302
18974 801
18974 18974
20716 20716
31472 2968
9317 9317
9317 22170
9317 30364
9317 30035
9317 6753
9317 2481
9317 763
9317 4556
9317 4231
9317 14830
9317 35353
9317 8479
9317 23291
9317 9672
9317 12055
9317 11919
9317 25442
9317 23388
31178 4231
31178 31178
5712 4580
1119 24576
31454 31454
21162 8430
21162 18698
14830 30081
14830 20595
14830 8003
14830 29972
14830 21123
26081 2841
9187 6794
23122 25442
4423 7206
4423 4423
1703 23194
19096 31750
1384 2926
1384 1044
13559 763
2578 12301
31797 9025
31797 78
31797 31797
31797 3684
2926 20343
2926 3992
2926 19949
2926 2926
2926 11640
2926 26809
2926 31378
2926 11919
2926 1176
2926 26522
2926 22277
2926 2841
2926 4554
2926 16943
2926 25330
2926 402
2926 239
2926 21095
2926 15551
2926 6666
2926 17506
2926 29333
2926 31677
9417 9417
9417 31808
6043 23388
17118 43134
17118 29973
31793 17836
22781 30149
22781 30035
22781 80744
450 450
450 10076
10626 10626
10626 23291
10626 30035
10626 28172
7035 22029
7035 7035
7717 19075
7717 10839
1131 18698
1131 630
1131 1131
1131 24494
1131 31427
1131 19686
15551 4580
15551 8667
15551 14447
15551 13251
15551 15551
31297 6506
31297 4872
31297 31297
31297 30412
1528 1648
3959 3959
10646 4096
10646 10646
10646 5100
31059 1939
934 10335
3503 26522
3503 29333
10503 31724
10503 30395
10503 10503
10503 10328
10503 9025
10503 7206
10503 31629
10503 31575
10503 31677
10503 1149
10503 5442
955 6094
955 30800
955 955
23758 4231
23758 9991
23758 13972
23758 5101
23758 23758
23758 23291
30364 11233
30364 23388
30364 35357
30364 30364
30364 9858
30364 763
30364 9942
6862 4231
6862 6862
19885 31228
19885 19885
31752 11926
31752 6506
31752 1345
21816 2968
15819 2841
15819 15819
15819 6856
15819 402
15819 1162
15819 6666
15819 49
15819 30395
15819 7206
15819 38783
8914 5583
8032 350
8032 14447
8032 31670
8032 21095
9672 21090
9672 27514
9672 9672
9672 3199
121 11059
121 8385
121 78
121 18116
121 31500
121 21523
121 31629
121 3787
121 20595
121 2841
121 30395
121 31636
121 2657
121 31559
121 17260
121 29333
121 31338
13268 2672
13268 13972
13268 21574
7666 5259
7666 40
7666 943
7666 26522
7666 1044
7666 19475
7666 31524
31664 31664
14319 21907
2024 31356
2024 8080
3901 19186
10146 10146
31079 13832
31722 31722
31722 20302
25576 4333
25576 17308
25576 3485
25576 25576
25576 10076
31130 2000
31130 14901
31130 30363
10828 31597
20026 19988
5516 9035
5516 40
3544 19949
3544 2841
31493 31493
11716 11716
5372 5372
25442 11059
25442 3485
25442 25442
2954 6094
2954 31574
2954 2954
2954 24494
2954 2968
15765 2669
1593 9924
31518 15887
31518 8385
31518 4707
8855 20726
3684 431
3684 23388
3684 3684
3684 8799
3684 4556
3684 31748
3684 31474
3684 31589
3684 10035
798 6666
798 798
22064 22064
26522 2117
26522 5583
26522 7206
26522 11919
26522 6506
26522 22971
26522 28172
26522 492
26522 943
26522 5267
26522 5701
26522 30081
26522 2290
26522 30304
26522 11926
26522 30035
26522 26522
26522 22599
26522 4333
26522 21265
26522 11546
26522 30957
26522 5259
26522 17907
26522 17173
22277 26809
22277 31677
22277 31718
22277 31535
22277 22277
22277 17836
22277 27840
11846 13762
31748 6094
31587 9025
31587 31587
5701 17022
5701 19189
17907 14143
17907 17907
25309 4707
25309 943
9118 9025
9118 1044
9118 9118
31378 31378
451 23388
20302 30081
20302 30867
20302 47757
20302 8460
20302 2622
20302 19956
20302 27832
20302 31760
20302 20302
20302 31248
29333 6085
29333 30035
29333 763
630 14166
630 19078
630 31187
30363 6085
30363 30363
30363 1058
30363 7206
31396 31396
10335 10335
10335 13923
4149 31304
4149 3945
31076 24179
31076 2841
1106 31537
3945 3945
24199 8871
13481 13481
14447 25358
14447 8667
14447 35353
14447 21095
14447 4333
14447 11546
14447 14447
14447 19186
14447 36720
4144 31182
4144 35353
4144 943
4144 31470
4144 1176
4144 25854
4144 31091
4144 4144
29357 8775
10076 431
10076 460
10076 943
10076 29657
10076 10076
10076 31091
10076 30035
10076 25854
10076 31524
21123 25355
21123 31294
21123 21123
24773 22170
9858 8799
9858 9858
31135 2290
31135 30035
31135 31135
5495 5495
5495 17022
370 4231
370 25854
370 370
24152 1916
24152 8385
24152 24152
19176 19176
19176 19186
19176 6205
11059 11059
11059 2841
27460 3485
27460 28172
27460 27460
2807 31441
2807 13923
17836 11647
17836 17836
17836 31376
17836 21255
17836 1459
29801 8385
23291 31071
23291 30081
23291 22170
23291 1688
23291 23291
23291 21090
23291 4231
23291 1345
23291 31335
23291 31559
23291 1648
23291 20516
23291 211
23291 18238
24494 6094
24494 24494
24494 9025
24494 763
4351 3485
402 19956
402 402
402 27840
402 31512
402 763
13803 9871
31376 30081
31376 5229
16858 431
27229 27229
27229 13972
23571 6666
20595 20595
30948 8430
30948 30948
31248 11260
31248 31248
31535 31535
31535 7743
31767 31767
27840 30081
27840 8385
10744 31574
10744 20997
10744 10744
6986 31677
31348 13972
31348 763
31348 1688
24637 24637
13972 2672
13972 13972
13972 2900
13972 27120
13972 31386
13972 1841
13972 21574
1992 1992
1992 428
31092 1688
2841 12221
2841 24114
2841 20300
2841 49
2841 31164
2841 31162
2841 11395
2841 35357
2841 40
2841 2841
2841 6856
2841 1044
2841 12166
2841 13898
2841 78
2841 31470
2841 23388
2841 5513
2841 24611
2841 7410
2841 25784
2841 18013
2841 36720
2841 6666
2841 18571
2841 21095
2841 29738
19189 19189
19189 30684
19189 11260
19189 3651
31474 8430
31474 31474
31474 30800
31524 31524
31185 31185
31300 31301
30412 4800
30412 23388
30412 2290
30412 18238
30412 31356
28090 7206
28090 31500
27923 12166
4312 4312
4312 18698
2586 8430
2586 8799
3995 24711
3995 3995
3995 35353
2290 2290
2290 31589
2290 4800
2290 31356
2290 763
12978 1176
1345 30081
1345 12027
1345 1688
1345 30149
1345 1345
1345 6666
1345 4231
1345 20516
763 22052
763 35416
763 31444
763 22485
763 12166
763 31789
763 16107
763 18128
763 23388
763 30081
763 31500
763 763
763 19186
763 31512
763 31677
24891 31441
24891 20947
24891 6976
24891 24891
24221 25358
20186 6794
20186 31294
21179 30191
42371 1061
31228 31228
21075 31460
30994 1306
31071 31071
31192 20233
31052 31052
12156 1434
24309 24309
24309 31753
24309 31301
24309 13650
8799 8799
8799 1044
13923 6094
13923 31589
13923 1434
13923 13923
28172 31724
28172 8080
28172 31730
15629 1648
26046 13650
9164 4231
9164 30035
9164 9164
9164 4096
8385 30800
8385 8385
8385 15980
8385 1176
8385 2060
8385 18263
8385 35353
8385 2363
8385 10819
8385 30267
8385 31559
8385 10462
8385 6094
8385 26701
10898 14143
10898 10898
18871 7410
18871 18871
31091 4659
6094 19029
6094 30800
6094 2672
6094 18263
6094 18814
6094 31196
6094 9025
6094 27786
6094 6094
6094 3324
31789 31789
31789 8719
13898 18814
13898 13898
13898 12082
3992 31127
23388 1176
23388 935
23388 9025
23388 10839
23388 31020
23388 14246
23388 23388
23388 30035
23388 7410
23388 31014
23388 2000
23388 17261
23388 31151
23388 6794
3651 1176
3651 27140
3651 4096
3005 9025
3384 3384
5734 31187
31537 31537
27564 31751
8309 8309
31575 1061
31575 9025
20947 1446
15388 848
15388 15388
15388 31622
4556 30800
4556 6506
4556 4556
19186 19186
19186 12166
21095 13762
21095 35353
21095 10707
21095 21095
21095 49
21375 30081
4639 31679
4639 35353
4639 19475
4639 4639
78 24611
78 78
20300 20300
31164 31162
31164 31164
31164 16046
14450 14450
14450 21090
29293 8320
7932 4231
7932 7932
7932 27895
1021 2481
7743 30267
13762 30081
13762 13762
1441 1441
1441 15980
1441 2672
21574 13061
21574 21574
17495 17495
17495 2874
31301 31301
29657 3485
2481 1729
2481 18238
2481 2481
2481 21523
66 4231
66 31500
31145 31145
31145 11260
25330 25330
1306 317
1306 1306
1306 586
1306 29738
1306 7410
1841 30641
3121 11920
47757 47757
30983 21907
30983 30983
10046 10046
9093 21907
9093 20997
9093 13650
9093 17691
31677 30684
31677 6666
31677 31677
4140 10035
9991 9991
10384 30035
9025 29764
9025 1061
9025 18263
9025 9025
12166 22052
12166 24114
12166 30641
12166 24611
12166 30304
12166 35353
12166 12166
4020 30800
18238 4800
18238 7108
18238 18238
7762 7762
7762 31278
1648 4231
1648 3545
1648 1648
31356 31356
695 11546
695 11500
19368 19368
19029 19029
1061 30800
1061 31781
1061 1061
14246 31590
2900 2900
2900 16046
29444 29444
1939 1939
1434 1434
17506 17506
19686 19686
17581 10035
17581 17581
21265 492
18013 17308
460 4707
460 460
80744 30867
6506 21523
6506 31497
11115 18995
31724 31724
31182 31182
11647 7206
11647 11647
31338 31338
1688 1688
2000 32178
2000 31478
2000 31813
2000 7206
2000 2000
2000 1176
19475 19475
19475 30018
19475 4707
20997 6666
20997 4580
20997 20997
31781 30800
31781 31781
30395 7206
30395 30395
30395 28011
30395 11640
6328 30081
12107 25854
12107 3324
12107 12107
28011 31127
28011 30081
38783 6794
38783 38783
5101 943
31251 31251
15980 15980
3621 3621
30035 25701
30035 30180
30035 30035
30035 1176
30035 1044
30035 31497
30035 4231
30035 6794
30035 11025
30035 8479
30035 31127
17022 17022
7410 29738
7410 31589
16046 17901
16046 16046
317 30081
317 317
317 25854
317 17901
1446 31679
1840 1840
6666 6646
6666 50973
6666 49
6666 21090
6666 4231
6666 35353
6666 6856
6666 6666
31196 8430
31196 31196
31196 3324
605 15782
31352 25337
31225 31225
4535 4535
4535 6976
22052 22052
22052 13739
27698 13400
30684 30684
8430 586
8430 31589
8430 8430
11395 18403
11395 11395
22377 3572
431 431
27895 4231
27895 15566
1729 11765
30603 9652
17901 6066
17901 17901
26809 35357
26809 26809
13650 13904
13650 22485
13650 20803
13650 13650
4800 5743
17308 31051
21523 21523
21523 35575
7591 31424
7591 31512
21090 1483
21090 6976
21090 11794
21090 21090
2622 13904
2622 2622
2622 31372
2622 4707
936 11919
16943 19949
31424 6460
10819 31257
10819 18017
31808 428
31808 4707
11011 11011
11011 18814
11260 1847
11260 31257
11260 25145
3803 3803
31187 24179
3365 3365
30180 25854
2968 2968
7699 31757
3333 30081
31281 49
6856 49
492 30304
21907 25337
21907 30081
21907 21907
31589 1044
31589 31589
31757 31757
14143 943
14143 14143
25091 4231
4580 31574
4580 18606
4580 4580
4580 31242
828 1176
12547 12547
12547 49
6205 6205
6953 6953
19988 1847
18512 31278
21779 21779
29738 29738
35357 35357
35357 586
10481 10481
18606 18606
10035 10035
10035 26701
848 848
2672 2672
2273 20343
31278 31278
11768 22242
11768 11768
12082 1176
9652 36687
31252 31252
1044 31574
1044 8460
1044 1044
1044 36687
4231 31556
4231 25701
4231 30781
4231 4231
4231 25358
31714 31714
22485 22485
13119 31069
13653 13653
31304 18263
31242 31242
9924 9924
9924 22976
30800 31069
30800 30800
30800 1176
25701 30149
25701 25701
18814 18814
11546 11546
27974 27974
35353 35353
35353 19949
35353 49
31109 4096
10610 10610
5259 943
31584 31558
956 18116
22882 22882
2060 2060
29536 20233
29536 6976
29536 29536
1281 29973
7108 7108
3403 3403
1662 31751
8080 12055
8080 8080
19075 19075
9850 9850
31478 1176
18116 18116
29973 29973
30267 30267
30267 6976
30267 11025
31316 31177
36687 36687
22599 22599
30304 6085
30304 20343
18571 18571
4707 4707
16659 943
16659 16659
31234 31234
30641 30641
10659 4621
36108 36108
17691 17691
5583 5583
29972 11919
6976 6976
6976 31127
2669 2669
24114 24114
14515 14515
27220 27220
8435 8435
31597 31597
21697 10707
31574 31574
3545 30830
18384 18384
40 4096
1993 1993
31813 31813
21857 12610
20233 20233
31590 31590
7206 6085
7206 7206
7206 1176
7206 31629
7206 6794
7206 21255
24133 24133
31684 31684
11919 11919
8479 8479
17630 17630
31386 31386
11025 11025
586 586
943 943
943 25854
4336 4336
21255 21255
3324 3324
31367 31367
30081 31512
30081 49
30081 30081
3485 25854
3485 3485
24611 24611
10251 7644
10251 10251
31069 31069
31068 19949
31177 31177
11640 1176
18128 18128
15566 15566
3572 3572
49 19949
49 49
49 1176
25854 19949
25854 25854
1650 1650
1650 19949
6794 6794
6794 1176
25145 25145
25358 25358
31512 31512
18263 18263
18263 1176
19949 19949
9871 9871
1176 1176
4096 4096
20343 20343
20431 20431
7644 7644
31558 31558
