33286 7
21258 19520
37473 1980
29566 6999
29566 29566
29566 5690
37515 28104
37515 4361
37515 18756
37622 37652
37622 37808
37622 50973
37622 37622
37959 11142
37959 18739
37959 5963
2733 2926
20343 11260
382 20729
382 36517
16326 1004
16326 4661
16326 24965
16326 4832
16326 20302
16326 4149
16326 21564
16326 78
16326 16326
16326 5963
7144 5239
7144 10400
7144 10446
7144 8824
7144 6999
32467 1946
17457 1463
17457 15934
17457 21800
17457 8385
17457 3106
17457 2926
17457 763
17457 766
17457 8133
17457 1149
2906 2622
10366 18263
10366 36588
10366 32817
10366 36887
10366 36300
10366 4463
10366 2000
10366 36791
10366 36605
10366 1176
10366 26700
10366 344
2623 121
2623 4428
2623 10446
2623 2623
37415 2622
37415 21885
37415 37415
37415 8887
136 6094
136 17114
136 34050
136 22051
136 36639
136 763
136 136
136 4362
11142 13441
11142 1847
11142 10744
11142 37849
11142 914
11142 35626
11142 36554
11142 4054
11142 37308
11142 297
11142 34919
11142 31261
11142 447
11142 18060
11142 18496
11142 4040
11142 37971
11142 31107
11142 4721
11142 1345
11142 22989
11142 801
11142 1465
11142 5091
11142 27446
11142 29783
11142 1946
11142 35810
11142 36632
11142 14024
11142 37394
11142 37221
11142 15342
11142 32332
11142 36887
11142 36904
11142 2290
11142 36713
11142 37982
11142 36735
11142 25510
11142 33746
11142 19642
11142 32259
11142 1266
11142 2000
11142 28104
11142 35218
11142 9550
11142 9304
11142 15934
11142 6094
11142 10035
11142 35840
11142 6316
11142 36162
11142 19078
11142 6976
11142 37974
11142 37526
11142 36575
11142 32866
11142 38783
11142 12909
11142 6801
11142 9072
11142 12586
11142 1190
11142 21684
11142 21123
11142 4463
11142 3959
11142 12301
11142 21172
11142 31310
11142 4362
11142 3324
11142 13070
11142 24498
11142 12337
11142 9890
11142 2622
11142 26039
11142 18263
11142 11142
11142 11054
11142 36506
11142 36469
11142 37008
11142 1162
11142 22051
11142 9928
11142 36061
11142 17599
11142 13832
11142 24494
11142 37857
16215 36824
14454 26935
14454 14454
14454 1409
14454 13972
14454 17836
11230 36755
4814 2926
4814 11640
6355 37338
6355 12898
6355 8027
6355 24133
6355 37015
6355 6085
19642 34919
19642 10426
19642 19949
19642 19642
19642 1532
37677 22051
37677 35626
37677 37677
37677 25199
19593 2554
16301 31947
16301 32480
35520 6094
35520 22980
35520 35520
35520 36814
35520 25510
35520 4961
35520 16702
36862 37338
36862 16321
36862 36862
36862 35014
36862 3502
36862 8008
8955 23572
8955 37685
37319 13265
15242 15242
15242 6794
15242 4177
1811 11926
17846 8032
17846 7494
38448 11919
38448 9072
36967 36967
36967 2349
36967 1465
12481 935
12481 1050
12481 14830
12481 31356
12481 3324
12481 3659
12481 28104
12481 5091
12481 11919
12481 6756
12481 13625
12481 12481
2888 1119
6316 3621
6316 14830
6316 8385
6316 25510
6316 37646
6316 35405
30909 36605
35959 32660
35959 5556
35959 7402
35959 35959
35959 4661
17879 32389
17879 5091
17879 17879
17879 3684
9486 36526
35066 35066
37584 37602
37584 9617
37584 13265
37584 2039
21059 13070
21059 8385
21059 21059
21059 2926
21059 35626
21059 1946
21059 36177
1176 36922
1176 14447
1176 381
1176 5810
1176 19949
1176 10384
1176 37728
1176 12978
1176 644
1176 7206
1176 2000
1176 49
1176 1176
1176 290
1176 37580
1176 27231
1176 12547
947 35357
12205 37594
12205 12205
12205 37934
1532 5340
1532 1715
1532 37671
1532 9072
1532 2807
1532 630
1532 3621
1532 36707
1532 1532
37513 31310
36750 26935
2183 36950
2183 36799
2267 36585
36619 21574
36619 381
37934 21907
36868 801
36868 35977
36868 35840
2536 78
396 27933
37150 4778
37150 36469
37150 32332
22460 7837
22460 37656
22460 22460
10446 2954
10446 381
10446 2968
10446 36622
10446 36904
10446 21684
10446 37861
10446 391
10446 17047
10446 36913
10446 21123
10446 10446
10446 21574
10446 1358
10075 6262
37602 36938
4661 9836
4661 4661
4661 6483
4661 7402
4661 17118
4661 37537
4661 31102
4661 16702
4661 36244
6818 37338
3473 3473
3473 21574
3473 2841
26709 4042
26709 318
26709 3901
26709 12166
17644 2669
4362 1847
4362 25387
4362 6999
11897 37281
11897 21123
10696 6094
10696 1946
10696 19949
10696 2290
10696 1261
10696 36475
9022 9022
9022 21172
9022 31310
35731 35731
35731 2874
35731 2356
37112 1946
37112 6085
37112 22277
35968 7206
35968 1946
35968 6794
35968 11145
21437 11716
21437 12705
21437 36812
21437 21437
21437 11009
21437 1358
20729 3993
20729 39158
1400 2082
7402 32660
7402 7402
3897 36244
3897 25387
3897 15837
36389 22882
36389 3621
12357 3621
12357 29824
12357 37109
12357 33290
12357 36913
12357 14024
12357 349
3521 37096
3521 18013
3521 36938
3521 36931
3521 31771
3521 36563
3521 37142
3521 36801
3521 36661
3521 37122
3521 36937
3521 6950
3521 37698
3521 3521
3521 37996
36368 13265
36368 7666
27909 14835
27909 37264
36835 25145
22709 6517
12482 26935
12482 2926
12482 21574
17988 37723
17988 450
37685 1587
37685 23572
35500 17308
35500 20302
35500 35500
35500 26935
35500 4707
35500 4961
35500 5206
7685 16181
31102 763
31102 34859
4040 6094
4040 36506
24076 6094
24076 15650
37762 6262
37762 37762
36266 3948
3454 16181
5792 36588
3502 437
3502 3502
3896 26935
3896 24221
3896 21564
1102 21291
1102 1306
9502 9502
9502 13874
9502 2039
9502 22873
4760 1149
4760 16046
10661 10661
10661 25510
10661 4177
10661 14551
10661 19520
29730 26935
29730 13139
29730 36938
29730 13265
29730 4002
29730 7460
29730 17602
29730 23758
29730 29730
36582 36582
36582 16659
36582 14551
36582 12120
2284 6094
2284 5743
2284 36561
2284 2481
2284 2284
2284 5513
25740 36836
36296 3628
36383 18086
36383 3684
36383 8385
4832 7206
4832 2164
4832 290
4832 36997
4832 24637
15650 6094
15650 20186
15650 15650
3993 25563
3993 32389
3993 3993
3993 18739
13796 6094
919 2837
919 4231
20597 22002
20597 4423
20597 26062
6950 4649
6950 4042
6950 36461
6950 2841
6950 6950
6950 37214
6950 31356
6950 4367
6950 37431
6950 19071
3859 8250
21564 13762
21564 20302
21564 2000
21564 19276
21564 2356
21564 1220
21564 297
21564 9871
21564 29341
21564 4572
21564 3377
21564 36938
36450 8430
36450 1898
36450 24498
36450 36450
36450 37618
31814 10400
31814 1021
27486 13268
27486 3377
238 238
238 12898
238 2893
238 36304
238 37702
238 454
238 29555
238 6085
238 12978
238 7206
238 2000
238 21051
238 37237
238 290
238 763
238 12643
17029 21095
17029 1573
36992 26935
36992 36992
36992 1291
3681 36658
33333 297
16185 4231
16185 4614
13997 22878
13997 37885
8410 297
8410 9072
8410 3272
8410 4398
8410 8410
11841 11841
11841 2363
34671 13268
34671 5756
34671 35833
34671 32830
34671 25199
34671 34671
37786 32871
36371 2290
36371 35361
37728 14094
37728 36090
37728 8250
37728 22277
37728 37728
37728 5690
3710 6761
3710 35840
7868 4149
7868 29720
7868 37214
7868 4504
7868 5506
7868 7868
1378 1378
1378 2218
1378 290
1378 78
1378 12166
1378 1409
440 34461
391 18060
391 25358
391 4707
391 2530
5628 7399
5628 3377
8385 1409
8385 18384
8385 35356
8385 8385
8385 36904
8385 8996
8385 12978
8385 23758
8385 3621
8385 36882
8385 37109
8385 18060
8385 25510
8385 763
8385 1459
8385 18263
8385 22
8385 34050
8385 4720
8385 6094
8385 6262
8385 36047
8385 3324
8385 37477
8385 36244
9253 297
9253 37008
9253 35796
9253 9253
9253 25510
9253 24637
3992 2530
3992 5010
37015 6085
37822 1847
37822 1044
37822 955
36746 12898
7752 2481
8721 36950
12898 6794
12898 2926
12898 398
12898 2841
12898 33842
12898 37312
12898 29368
12898 25860
12898 12898
12898 29444
12898 412
12898 37320
12898 12643
12898 65
12898 36687
12898 37385
12898 16852
12898 37386
12705 36982
12705 6794
12705 36943
12705 36380
12705 2000
12705 23291
12705 6262
12705 1946
12705 12705
12705 1358
12705 37059
29259 778
37008 1143
36871 2954
27453 27453
27453 32332
27453 37616
27453 36858
27453 15770
36742 25510
7721 4649
7721 1291
7721 437
7721 344
7721 35468
30490 12083
30490 5756
1353 49
1353 2926
34919 34919
34919 11919
34919 630
34919 37640
34919 763
34919 35324
35089 381
35089 25812
36882 35626
36882 8008
36882 4003
6254 4961
6254 21684
6254 28128
37096 37096
37176 37176
37176 7507
37176 33842
2218 318
2218 2218
4367 14493
36749 4231
36749 801
36749 35840
9449 10206
30062 37338
30062 801
33828 33828
33828 19313
33828 7591
33828 6976
33828 21684
33828 763
33828 18974
14814 4398
34094 15342
14915 7206
14915 6085
14915 9072
14915 36627
14915 37237
14915 6794
14915 30363
14915 14915
37221 35626
37221 8008
2698 6094
2698 36710
2698 31261
2698 8621
2698 37738
2698 1358
36887 1847
36887 2926
36887 9068
36887 32332
36887 34951
36887 36972
32470 1409
32470 13360
32470 6999
32470 32470
32470 763
32470 35324
29992 4463
29992 36300
29992 29992
37385 1946
37385 37385
37385 2000
5738 1729
4528 18702
5937 6032
6481 2000
7206 38783
7206 6647
7206 8133
7206 36997
7206 7206
7206 2000
7206 4423
7206 3948
7206 22971
7206 6085
7206 36561
7206 37059
7206 22840
7206 18128
7206 1946
7206 18628
7206 23141
7206 1409
14869 14869
14869 2051
14869 1345
14869 1465
5690 37338
5690 34538
5690 8032
5690 3995
5690 17836
5690 34490
5690 184
5690 745
5690 81883
5690 351
5690 10400
5690 22
5690 33842
5690 9072
5690 5690
5690 75
5690 13767
5690 12310
5690 36913
5690 290
5690 21574
5690 36475
37537 37537
15125 1345
32804 1946
32804 2841
32804 15934
32804 32804
290 2926
290 33757
290 36938
290 6032
290 78
290 2000
290 3272
290 745
290 1345
290 22277
290 766
290 36246
290 18263
290 454
290 6094
290 4231
290 18943
290 4042
290 290
290 22064
290 24081
290 4642
9924 37118
9924 9924
9924 25485
9924 11919
9924 35626
9924 1044
9924 25199
9924 766
19534 6094
19534 8133
14653 17582
3441 22389
381 8818
381 381
381 13356
381 1358
381 6032
381 1
381 4177
381 22131
381 2000
381 36591
381 37366
381 45
381 21574
36961 75
36961 2926
34927 4961
31495 4231
31495 36938
32273 32389
4423 6794
4423 15342
4423 6085
4423 8133
4423 4423
4423 6094
4423 2000
4423 14340
4423 21123
4423 763
14835 3272
14835 3684
6451 1220
6451 351
6451 34538
6451 21123
6451 6451
6451 23058
6451 12793
6451 21684
6451 37713
37109 6085
37109 37109
37109 763
37109 10503
37109 2349
8197 1345
8197 8197
13694 6647
13694 18128
13694 6085
13694 13694
12909 19864
12909 14830
12909 12909
11916 1847
11916 14493
11916 11260
11916 3684
11916 11916
27850 37302
5239 2039
3753 19475
3753 3753
36913 25510
36913 29316
36913 20186
36913 9072
36913 6094
36913 15837
36913 22882
36913 3948
36913 2530
22873 22873
22873 460
22873 16046
13809 14094
13809 37782
4672 1358
2082 613
2082 26935
806 22971
37381 18756
25791 15629
37173 26935
37173 12643
37173 37173
37173 1281
8133 6794
8133 5849
8133 3931
8133 6085
8133 8133
8133 4177
8133 3106
8133 1946
8133 11260
8133 14024
8133 11115
1649 2926
1649 6262
1649 4262
9890 5091
9890 1345
9890 18739
9890 14830
9890 9890
9890 10503
9890 22971
9890 763
4649 4649
4649 36469
4649 318
4649 8032
4649 12166
351 34538
34063 36950
5740 12301
26012 35626
613 33849
613 35796
613 613
613 26935
613 21907
613 1162
613 16702
613 36890
613 19864
613 35613
613 36605
613 27249
613 349
3931 5340
348 18447
17845 1407
5963 3635
5963 22051
5963 36920
5963 27249
5963 5963
10330 1345
19545 21123
333 19864
284 13767
284 284
1409 27933
1409 34859
1409 32817
1409 3684
1409 35361
1409 36585
1409 36067
1409 36460
1409 24854
1409 703
1409 32741
1409 45
1409 1358
1409 18943
1409 20186
1409 3621
1409 2841
1409 36611
1409 22989
1409 31771
1409 17602
1409 36588
1409 21095
1409 31420
1409 6666
1409 778
1409 36374
1409 8875
1409 7494
1409 15934
1409 26935
1409 17708
1409 35615
1409 1409
1409 21574
1409 14024
1409 1556
2011 8430
2011 2011
36697 36554
11674 297
11674 8103
25028 1946
25028 2663
25028 37996
25028 28104
10605 81883
37452 27829
31261 6094
31261 28104
31261 31261
31261 297
31261 3684
13904 26935
7763 259
4129 9062
1291 4231
1291 31864
1291 29829
1291 1291
1291 35697
1291 4158
1291 26935
1291 78
1291 24563
1291 12166
1291 19860
1291 6262
1291 5110
1291 9534
1291 2622
1291 745
1291 10007
1291 18060
1291 12301
36304 19475
4778 2821
11152 11152
11152 35875
83 6427
4281 36904
2164 2164
2164 763
25485 37118
25485 25485
25485 4580
25485 37903
25485 10035
25485 36916
25485 7732
29783 22051
29783 36460
29783 14830
29783 29783
29783 31276
29783 12301
29783 454
36081 763
36081 7710
36081 25510
36081 3948
36244 78
36244 6976
36244 21123
36244 297
36244 3272
36244 15837
36244 1465
36244 11260
36244 763
36244 36244
37026 12310
13070 13070
13070 3969
21302 26935
21302 21302
21302 2530
21302 297
6494 36915
37867 24498
37203 1847
37203 143
37203 9025
461 2191
4517 6936
4517 360
4517 11540
4517 19949
4517 4517
4517 8032
4517 1094
4517 12166
18394 18394
18394 36061
18394 14830
37982 35626
37982 14830
37982 1306
37982 3684
349 36950
349 2110
349 33842
349 4720
349 25510
349 498
349 349
37782 11260
37782 37782
37782 9072
36844 6094
36844 16533
36844 14830
36844 1465
9947 37190
4291 30726
15155 19313
36475 17308
36475 11926
36475 35361
36475 763
36795 7460
36795 13265
36795 36795
3847 3847
3847 36605
3847 13265
3847 36282
3847 37214
37216 5743
36251 8776
1463 1463
1463 23572
1463 27570
1463 27933
1463 1587
1463 6976
1463 1345
1463 12793
1463 14094
36274 36061
3132 11100
1358 1407
1358 1465
1358 8153
1358 36554
1358 36812
1358 1358
1358 1916
1358 14830
1358 1573
1358 9072
1358 19864
1358 26935
1358 6094
1358 32600
1358 22989
1358 36777
1358 14493
8934 703
8934 8857
8934 33842
8934 14497
36799 297
36799 36791
36799 37366
36799 1573
36799 21095
36799 37308
32600 11359
37231 1587
37231 1465
13168 3377
4085 6856
14094 15629
14094 33508
14094 23860
14094 35840
14094 6976
14094 37781
14094 23291
14094 27933
14094 1345
14094 22277
14094 4231
14094 27570
14094 26935
14094 801
14094 21684
14094 10443
14094 14094
14094 37902
14094 18974
6756 7089
6756 36061
6756 6756
3603 5442
6101 6094
6101 11768
6101 15837
6101 23657
6101 6101
6101 4961
6101 37857
5094 4463
5094 36216
5094 1050
5094 4891
5094 36605
5094 5094
5094 519
32817 1483
32817 1573
32817 1465
32817 1056
32817 19949
32817 78
32817 4961
32817 3460
32817 6094
32817 13268
32817 732
32817 2051
32817 32817
32817 35697
17868 4054
394 1143
394 36541
394 36938
36328 18263
36328 4042
36328 19729
36328 36328
36328 15934
3460 21892
3460 37709
5849 5849
5849 29916
5849 2234
31731 12310
2837 2837
2837 32972
2837 1355
2837 23907
8761 4054
5697 1946
24081 3684
24081 36938
586 1946
586 7193
2893 6794
2893 2893
2893 2000
2893 37237
2893 29555
2893 2926
25700 35357
25700 11768
25700 25700
12120 3621
12120 33849
12120 12120
12120 37312
12120 37439
12120 37003
12120 29444
12120 37620
12120 17660
12120 1
12120 406
12120 8008
35673 32866
35673 30412
35673 35673
3519 36598
37167 36938
31205 6666
29422 11919
2968 11768
2968 23540
2968 37129
2968 16702
2968 2968
28104 15934
28104 33508
28104 28104
28104 4720
28104 5229
28104 10443
28104 14497
28104 18060
28104 1946
28104 1345
28104 37555
19113 4231
19113 21684
6262 13480
6262 2926
6262 1261
6262 37532
6262 11640
6262 7952
6262 11546
6262 8217
6262 1508
6262 37059
6262 30462
6262 10368
6262 6262
36458 9025
36458 36458
36458 14830
37503 15629
37503 2622
37503 3948
37503 37503
37503 8857
6936 6936
6936 78
6936 35353
6936 14447
6936 36950
6936 4262
6936 49
6936 12166
6936 644
37613 18128
31530 35227
1465 37971
1465 1345
1465 1179
1465 1672
1465 1573
1465 1465
1465 19864
1465 37781
1465 2000
1465 37660
1465 2051
1465 37477
1465 37698
2618 36272
4642 6666
37308 37320
37308 3959
37308 37308
37308 35840
3803 3684
3803 37555
297 36982
297 1143
297 37394
297 38783
297 19078
297 3324
297 297
297 605
297 11919
297 32926
297 37300
297 31107
297 1898
297 29873
297 14830
297 36362
297 9072
297 1056
297 6278
297 2000
297 4463
297 19864
297 3272
297 9550
297 766
297 36047
297 35615
297 10035
297 11926
1832 23291
1832 2095
1832 1832
1832 32332
1227 2264
1227 8008
29491 27933
9617 12390
23572 9471
23572 5743
23572 23572
23572 21800
23572 9970
23572 3995
23572 15129
23572 16702
23572 10475
23572 14807
23572 3684
23572 35977
23572 36069
23572 703
23572 745
23572 6094
23572 5045
1573 6666
1573 37366
1573 1573
1573 35946
1573 17047
37799 14110
37799 37799
22131 49
2821 6094
2821 2821
2821 24757
2821 6801
2821 36362
2821 450
2821 2147
5091 27117
5091 605
5091 36047
5091 12176
6483 37080
1094 3995
1094 360
1094 1094
10909 2051
1143 1143
1143 35615
1143 21907
1143 25953
36541 19276
27651 23758
4558 1044
36894 21095
36894 36894
36894 1310
13480 2672
34461 6094
34461 1650
34461 19029
34461 18263
34461 26935
34461 34461
437 2000
437 49
437 13767
437 11540
658 37101
658 1407
658 658
35800 37024
34518 890
37646 37996
30412 36408
30412 36469
30412 32332
30412 32866
30412 2290
30412 36061
37832 4961
37832 37832
37191 10400
37191 2191
37191 33724
37191 13356
259 259
36362 18238
36362 2290
36362 36362
29720 5506
29720 36938
37103 37103
37103 11919
35160 35160
14128 622
14128 17602
14128 14128
36408 5340
36408 36408
36408 3324
9550 34258
9304 37818
9304 9304
9304 32332
9304 4003
9304 35810
9304 8857
9304 3684
5301 2024
5301 2095
14551 36995
14551 14551
7313 9072
35840 4231
35840 36938
35840 33508
35840 6976
35840 34884
35840 26700
35840 6761
35840 15934
35840 35840
35067 9025
35067 30516
7507 34258
7507 31310
7507 36047
7507 7507
7507 36627
7507 5442
7507 36767
7507 22360
7507 3684
11009 454
11009 36812
22846 37876
24932 4433
24854 1223
25386 25386
318 37300
318 23204
318 35183
318 35353
318 36950
37394 37394
37394 3684
37394 37200
36664 32332
11359 11359
11359 14830
11359 30484
519 370
519 36710
519 14143
519 4707
519 519
519 37709
519 36583
31107 31107
824 824
824 8008
824 20186
22758 4463
450 13265
450 7460
450 37723
450 450
450 14379
10503 18263
10503 2868
10503 31310
10503 4002
10503 10503
10503 36154
10503 37142
10503 34490
10503 36526
10503 37122
10503 35869
10503 15934
10503 33290
10503 11260
10503 10035
31084 35626
31084 11260
31084 1044
31084 31084
7089 9072
7089 3272
7089 3684
7089 15934
35529 8103
37910 2290
37910 2
37910 1345
31310 15342
31310 31310
31310 32332
31310 11541
31310 35626
31310 22051
31310 11260
31310 6094
31310 13650
31310 9025
31310 13972
1947 3651
37142 23291
37142 2841
37142 37142
37142 4351
36890 1162
36890 22277
36890 36890
15770 801
15770 15770
6779 2384
9269 5583
29850 36950
29850 20516
29850 29850
29850 13268
3405 1345
3405 3405
19184 20787
21892 21892
13360 34538
36974 26935
36974 19276
36974 36974
36545 35468
36545 36545
19276 13441
19276 19276
19276 12793
19276 398
19276 18263
19276 25358
19276 29555
19276 9072
19276 19142
19276 4690
19276 2356
19276 35357
19276 37843
19276 20783
19276 15743
19276 29316
19276 15629
19276 37224
262 32389
5917 37548
34478 20233
7813 4106
7813 7813
10744 36181
10744 37134
1310 36276
1310 36710
1310 24392
1310 31771
1310 78
1310 8103
1310 37905
1310 344
1310 13265
1310 1985
1310 6214
1310 4144
1310 1310
1310 2530
6647 6085
6647 36916
6647 11145
11145 18128
11145 11145
11145 1946
11145 11768
11145 34538
11145 31439
11145 6085
21800 6094
21800 21800
21800 1898
21800 3684
1587 28128
21854 31883
36883 12337
1946 34258
1946 12664
1946 5017
1946 20716
1946 35626
1946 4745
1946 955
1946 11115
1946 1946
1946 22277
1946 36380
1946 18263
1946 8784
1946 6085
1946 2883
1946 34859
1946 37944
1946 18628
1946 31420
1946 18128
1946 15934
1946 36627
1946 1149
1946 6794
8901 37119
1590 1590
1590 37596
1590 24840
19860 19860
8887 6094
8887 35874
8887 12156
8887 17047
8887 13972
8887 26935
8887 21907
8887 21123
37395 36938
37395 4504
29341 10934
29341 3377
16049 29980
16049 35361
16049 16049
36452 34974
35200 9072
2264 6094
2264 818
23078 7333
2384 7717
2384 21885
2384 2384
1266 37011
1266 14497
33842 32178
33842 37338
33842 3621
33842 33842
33842 1050
33842 29555
33842 37087
33842 756
33842 23141
33842 45
33842 35946
33842 703
33842 15629
21574 1306
21574 17047
21574 2622
21574 21574
7106 5810
75 75
75 18263
75 8032
75 16981
75 18060
75 18943
840 36875
16852 7341
16852 15629
16852 22606
16852 7486
16852 24221
16852 4042
16852 26935
16852 16852
16852 11846
16852 2349
31548 26935
31548 2554
29404 3995
29404 33724
29404 12281
37996 18263
37996 14672
19313 37911
19313 36938
19313 19313
8032 18263
8032 21095
8032 8032
8032 15247
8032 121
8032 6574
8032 66
8032 2622
36302 8818
36302 11540
6461 3621
33757 4231
33757 13265
33757 9317
33757 32332
33757 33757
33757 9072
33757 1149
33757 1119
7494 4144
2868 3848
2868 4002
5743 1464
5743 32866
5743 2147
36461 36461
27570 27570
19744 36061
34050 34944
34050 398
34050 35869
34050 34050
34050 36047
34050 36094
37580 2000
2575 3106
8103 37300
8103 25358
8103 6976
8103 19864
8103 8103
8103 36950
8103 21684
8103 37905
8103 6666
8103 14447
30790 5442
30790 12978
37843 37843
37843 21684
11317 2926
11317 11317
3996 10898
21291 8784
21291 21291
21291 36460
21291 1306
36916 2233
36916 23796
36222 454
36222 36222
4805 11640
111 6085
37043 11178
3324 36896
3324 37338
3324 21095
3324 3324
3324 2784
3324 36735
3324 6094
3324 36767
37905 14447
35324 36154
35324 34538
35324 7591
35324 23141
35324 3995
35324 763
35324 36687
35324 35324
37118 21684
37118 37118
37660 17308
37660 20302
30104 3503
37698 37983
37698 605
37698 13972
37698 3377
18814 6976
18814 24165
18814 18814
18814 21684
18814 15934
2554 4463
2554 10779
2554 23141
2554 26935
2554 34538
2554 2554
37372 37338
37372 763
37372 16702
37372 37372
1056 1056
1056 36433
1056 10035
31771 31771
31420 26809
31420 10400
31420 22277
31420 31420
10443 10443
36133 10547
36133 36429
36133 10400
36133 36133
36133 17308
8648 18060
36605 7762
36605 13265
36605 4144
362 37555
36767 2000
36767 11926
36767 8008
36767 1233
36767 9072
36767 30684
2095 1985
2095 10400
2095 2095
36721 36721
36721 3948
35227 26935
35227 35227
35227 13972
35227 4572
34256 23291
7655 37729
36527 36527
36527 5513
2503 2503
2503 12166
2503 36469
37903 18263
37903 37903
7092 5045
7092 6085
4031 9072
22840 2000
22840 6794
22840 22840
35222 32036
35626 37338
35626 37200
35626 35626
35626 19078
35626 3684
35626 10426
35626 22360
35626 955
35626 32259
35626 2126
35626 8008
35626 4003
35626 36341
35626 29873
35626 37944
35626 6094
35626 37548
35626 15934
36502 13268
7399 4463
7399 7399
8588 5142
9332 2051
15934 78
15934 6545
15934 36533
15934 6976
15934 37187
15934 2000
15934 49
15934 8008
15934 37387
15934 1345
15934 22277
15934 18263
15934 37017
15934 21684
15934 15934
15934 36822
12176 4003
12176 766
12176 12176
2481 37264
2481 9317
2481 2481
2481 12664
2481 23207
29980 4707
29980 36373
745 49
745 13972
745 307
745 4745
745 745
745 18943
745 16702
7392 20787
7392 22277
31293 4534
4720 29316
4720 35796
4720 6797
4720 25199
1797 2000
3272 1050
3272 32332
3272 22882
3272 6094
3272 3272
3272 32210
3272 4384
3272 10035
3272 15516
20781 20781
20781 10095
36622 4096
36622 36622
36622 8003
4707 17308
4707 36585
4707 1179
4707 36469
4707 19864
4707 36563
4707 36561
4707 18060
4707 11926
4707 13265
4707 4707
4262 14447
4262 4262
37214 32
37214 36938
37214 4428
37214 37214
37214 4096
37214 35468
1171 1898
32396 2051
1464 25510
13972 13441
13972 6094
13972 3948
13972 26935
13972 78
13972 943
13972 21123
13972 4463
13972 4149
13972 35946
13972 1050
13972 13972
3106 6085
3106 2926
3106 3106
3106 25510
3106 34490
1061 3621
24757 23291
24757 431
25545 2672
36556 3948
37040 18238
37040 36938
37040 36469
37040 14672
37040 2290
37040 5513
37040 37040
37040 4351
14493 1050
37548 2000
37548 6794
37548 20233
37548 6085
37548 37548
2189 25510
18739 32389
18739 2290
18739 18739
18739 19078
18739 1149
3040 12166
36858 32332
36858 2669
2233 36895
14379 15629
14379 13265
14379 36469
14379 18060
14379 14379
36710 121
36710 17308
36710 13265
36710 35361
36710 21684
2039 13265
2039 2039
2039 2
2039 344
2039 12166
1540 36436
1540 15743
3969 13441
3969 3969
25281 11260
2356 2356
2356 4572
30837 19949
22998 4231
22998 22998
22998 23291
22998 13268
22998 3948
22998 4144
22998 2290
4312 37371
37238 21907
37238 1049
13625 13625
12793 15629
12793 121
12793 12793
12793 2874
11540 36108
11540 36938
11540 36372
11540 29555
11540 35570
11540 36997
11540 2000
11540 49
11540 21375
11540 36899
11540 451
11540 19864
11540 11540
11540 36625
11054 32036
11054 37338
11054 35810
11054 35974
16981 45
16981 8824
16981 12166
22051 1898
22051 33508
22051 32332
22051 22051
22051 37011
22051 36154
22051 32389
22051 20516
22051 36779
630 30081
630 37640
630 766
630 3621
37339 9068
36061 35361
36061 9072
36061 2290
36061 36061
36061 36707
36061 1
36061 36735
11504 11504
11504 14830
11504 32332
1220 4054
24498 1916
8621 14830
8621 8621
8621 36433
8621 2290
8621 1149
4180 5744
4180 21090
36148 416
36148 24656
21349 28128
17261 7311
17261 25387
29555 5732
29555 26039
31276 2530
23207 16858
34951 34951
34951 36154
34951 29873
8008 6094
8008 3621
8008 14830
8008 121
8008 18060
8008 36812
8008 37200
8008 10035
33854 3593
18060 32
18060 431
18060 4398
18060 13913
18060 1
18060 36791
18060 36360
18060 18060
18060 31883
18060 38783
18060 17064
18060 4463
18060 32259
18060 29873
18060 20186
18060 14830
18060 22989
18060 763
18060 121
18060 11926
18060 18263
18060 1044
18060 6094
18060 37857
18060 37547
37300 18263
37300 37300
37300 10400
37300 9928
37300 6666
37300 19949
37300 2926
37300 16702
1898 1898
1898 2530
1898 36561
1898 1261
1898 1119
1898 8430
1898 24196
1898 7076
1898 36779
45 45
45 35353
29873 18263
29873 29873
29873 15342
29873 36154
29873 3684
29873 27829
29873 2954
29873 37078
29873 766
454 3041
454 1050
454 8153
454 16702
454 4463
454 11768
454 36812
26698 9072
37237 10400
37237 11260
37237 346
7952 7952
7952 28011
7952 2926
7952 4177
8818 32741
6214 6094
6214 5513
6214 36611
15342 15342
15342 4961
15342 11028
5756 25510
5756 34823
10602 37876
32259 32259
32259 763
3948 6094
3948 33849
3948 37594
3948 3684
3948 15856
3948 37024
3948 3948
3948 5656
1050 3384
1050 29316
1050 14672
1050 1050
1050 13042
1050 1281
1050 2000
1050 23141
1050 20302
1050 763
1355 3503
1355 239
36950 29218
36950 36108
36950 18263
36950 9928
36950 463
36950 36950
36950 26801
36950 184
36950 30427
36950 23571
36950 2051
36950 20516
32972 4054
32972 23907
36777 13265
36777 766
36812 9068
36812 11716
36812 8153
36812 3651
23950 36203
23950 23950
23950 36661
21885 2622
21885 21885
35874 35874
35874 33849
36892 26935
36162 1345
36162 25510
36162 21684
36162 20186
2689 2689
8857 10400
4790 17901
4790 24781
37063 1450
36761 26935
26935 36154
26935 29316
26935 23860
26935 1119
26935 36878
26935 17047
26935 18943
26935 37658
26935 21684
26935 26935
26935 35946
21684 13441
21684 13054
21684 6206
21684 37911
21684 36904
21684 6976
21684 12310
21684 21684
21684 8176
21684 27933
21684 25494
21684 36438
21684 18496
21684 1345
21684 37709
21684 18263
21684 6085
21684 1190
21684 37658
21684 37253
21684 10265
21684 37477
21684 18974
21684 37302
21684 7591
27040 27040
35499 11919
19075 6761
11599 27398
11417 11546
11417 13265
11417 36469
17114 32660
17114 17114
17114 7311
36504 12166
20787 9928
20787 1703
20787 20787
37715 25358
2784 3545
644 18263
644 6666
644 49
644 19949
644 78
644 344
644 7762
644 644
14302 26809
14302 6495
14302 14830
14302 18974
8549 4231
344 360
3568 25510
9928 317
9928 12310
9928 35353
9928 9928
9928 6666
9928 20516
9928 27933
9928 36469
1650 18496
35468 35468
35468 6856
35468 36563
20692 763
26336 6094
13441 13441
11100 22989
11100 4231
11100 6976
11100 14450
6206 6206
34884 15629
34884 6976
34884 36938
15837 6094
15837 37386
15837 10035
15837 15837
4384 11919
30726 30726
30726 11919
17602 17602
36805 36805
36805 18756
36805 24891
30516 35613
30516 37024
766 37338
766 36938
766 13042
766 2290
766 6976
766 26809
766 13265
766 24840
766 766
766 18263
766 21724
766 22
766 35927
766 6574
766 37640
4923 2669
37200 37200
37200 2290
37200 25199
35400 3621
18974 18974
36982 2954
36982 2290
431 38783
9317 6094
9317 1450
9317 9317
36904 18263
36904 6094
36904 14830
36904 3375
36904 36904
36904 9072
36904 3684
36904 1
36904 34490
36904 2051
22360 6085
22360 35973
22360 22360
1119 23141
19072 19072
19072 11260
36735 36735
15728 3959
13356 25387
14830 36791
14830 34960
14830 34490
14830 36478
14830 32210
14830 11919
14830 32866
14830 21090
14830 14830
14830 2363
14830 22989
14830 801
14830 121
14830 2043
14830 32660
14830 37974
14830 6094
35014 385
35014 2290
35014 3684
35014 35014
1703 36554
10368 18263
10368 2841
37024 37024
37024 934
37024 9072
37024 15129
416 35977
4003 4003
4003 3684
2578 27663
37371 6085
5656 33849
5656 5656
5656 20302
37059 10400
37059 2926
12081 2841
27446 27446
27446 23873
27446 6094
27446 21123
2926 37338
2926 2926
2926 4745
2926 37532
2926 4086
2926 17047
2926 2051
2926 37100
2926 14447
2926 8382
2926 14024
2926 20516
2926 78
2926 27215
2926 36047
2926 17836
2926 11640
2926 8217
2926 18263
2926 3621
2926 1474
2926 402
2926 10007
2926 32660
2926 36035
2926 23141
2926 37477
2926 1149
17118 9858
17118 17118
23873 36938
17047 17047
17047 4961
17047 6871
5017 5017
24840 7845
14143 50973
22781 37338
22781 22781
27249 8430
7717 5045
7717 12301
17308 7460
17308 605
17308 35361
17308 4504
17308 37713
36585 36585
9068 22989
9068 11546
18086 18086
18086 3684
12586 12586
1131 2097
34691 34691
15551 2530
15551 14024
15551 1306
37320 6794
3959 26380
3959 3959
3959 25674
5015 10898
5015 1149
3848 3848
3848 35361
3848 7666
16447 10095
3503 33846
37813 3676
37813 24196
37695 21095
37695 37695
11640 49
11640 36922
11640 7762
11640 19949
11640 24563
23758 36938
23758 37078
23758 23758
19885 37338
19885 3
19885 34859
19885 19885
1017 36625
1017 12166
10400 398
10400 19142
10400 65
10400 23291
10400 1049
10400 37253
10400 763
10400 10400
10400 28128
10400 22064
10400 16389
36506 1345
36506 36865
15819 37809
24563 24563
24563 12166
121 19770
121 24392
121 36517
121 11546
121 27398
121 763
121 2841
121 10475
121 121
121 4149
121 451
121 37772
121 25392
121 38783
13268 13268
13268 1179
13268 21123
13268 4463
13268 605
13268 1049
13268 2622
13268 2051
13268 890
13268 18943
2024 31356
2024 16356
3901 2000
37849 37891
37849 2290
35697 37011
35697 25510
274 37526
36563 36563
4961 763
4961 402
4961 7252
4961 28128
4961 4961
4961 37045
4961 16702
4961 21123
4961 6094
4961 11768
4961 37857
4614 4231
4614 4614
4614 2290
4614 14450
32741 19949
32741 32741
32741 12166
802 37857
36937 6856
36937 36937
343 19949
11716 31356
37808 13265
12310 4463
12310 37573
12310 2051
12310 1345
2954 2954
2954 10035
3684 36421
3684 35170
3684 36779
3684 6794
3684 37944
3684 9025
3684 6094
3684 36047
3684 31356
3684 35810
3684 13650
3684 14024
3684 34258
3684 37316
3684 36997
3684 34027
3684 3
3684 3684
3684 25510
3684 33746
3684 26039
3684 6761
3684 37857
3684 10035
3684 12337
2530 2841
2530 1306
2530 37187
2530 2530
34007 9694
4086 4086
4659 2841
36154 36154
36154 36687
36154 37144
37104 37087
37104 763
37104 23141
451 36561
451 451
451 9072
451 22971
451 25510
20302 20302
37587 37573
398 848
398 1847
398 1044
398 763
37778 25563
37778 1492
8855 24637
35170 35170
25199 6094
25199 38002
25199 18263
25199 11919
25199 13650
25199 36110
18279 16702
18279 36110
36285 19475
14447 18263
14447 360
14447 14447
14447 12547
29316 29316
29316 2622
4144 37431
4144 36353
4144 370
4144 36524
24781 24781
34258 12722
175 828
35927 2841
21123 6094
21123 28128
21123 2349
21123 21123
21123 6871
4463 25510
4463 7460
4463 4463
9858 763
370 763
370 370
370 2874
33341 2051
32036 32036
32036 11260
2807 36181
1172 22971
17836 37684
32389 32389
32389 32332
32389 1345
23291 4231
23291 36938
23291 1345
23291 36683
23291 19142
23291 37253
23291 36713
23291 23291
23291 3824
23291 1149
23291 18943
36360 11926
8508 4600
8508 8508
1079 1079
1079 37854
4361 37854
2147 2147
2147 35361
37253 37253
35613 25510
35946 13762
35946 35946
37181 32332
12390 7460
12390 2290
12390 12390
19142 15629
19142 4231
19142 19142
2294 9025
2294 2294
605 605
605 9072
605 36752
6986 36438
31348 37911
36429 18943
24637 16702
24637 1179
24637 16659
24637 24637
4398 9072
4398 4398
17064 1
37017 6976
2841 36938
2841 184
2841 2126
2841 763
2841 36922
2841 2841
2841 6856
2841 22277
2841 15743
2841 1261
2841 6094
22989 22989
4042 18263
4042 4042
37502 18263
37502 37502
29697 36627
6032 2622
6032 703
2290 38783
2290 37316
2290 2290
2290 13265
2290 5744
2290 6094
2290 16356
2290 37264
2290 1459
2290 10035
12978 8991
12978 38783
12978 2000
12978 22277
12978 5810
12978 10384
12978 3365
12978 25122
12978 12978
12978 5442
35508 36938
22882 31356
11178 11178
11178 2029
1345 26380
1345 6976
1345 27933
1345 18496
1345 7311
1345 1345
1345 15743
1345 6094
1345 37434
1345 35810
1345 16959
763 35281
763 35482
763 33508
763 37338
763 6153
763 18943
763 25038
763 763
763 21907
763 6094
763 19071
763 36997
763 11546
763 2126
763 7591
763 32779
763 22277
763 36110
763 32660
763 10277
763 36561
763 21095
763 5732
763 1049
763 23141
763 34538
24891 24891
24221 3377
8784 8784
8784 34859
8784 6003
8784 35419
20186 6094
20186 18263
20186 1044
20186 20186
20186 37971
36611 36938
37431 4745
2562 24656
1149 6085
1149 36469
1149 32332
1149 955
1149 66
1149 1149
36272 6794
36272 37555
36272 36272
35482 35482
1407 732
34859 6794
34859 36530
1179 1179
1179 15743
1179 16702
37187 37187
26809 26809
26809 6794
26809 11768
24309 36752
24309 25510
32210 32210
32210 1688
36438 36438
36438 13061
15629 15629
15629 36938
15629 36554
15629 21907
15629 32866
15629 25387
37594 11768
36353 1916
36353 36353
35796 2622
35796 35796
10898 10898
10898 35416
10898 32332
6094 37338
6094 36823
6094 6999
6094 34490
6094 36784
6094 36575
6094 4354
6094 6094
6094 13650
6094 36047
6094 37269
6094 11546
6094 36110
6094 18263
6094 14672
6094 12301
6094 21724
27398 27398
27398 36938
27398 35361
37157 37157
13898 36047
7460 50973
7460 7460
7460 1190
7460 4054
7460 36931
7460 13265
7460 10610
36627 36627
37573 11919
32480 9072
5734 36561
5734 7311
1 9072
1 26571
2051 18263
2051 317
2051 8183
2051 19864
2051 36047
2051 2051
2051 18943
35869 35869
24196 24196
24196 9025
26039 26039
32921 78
23204 317
21095 18263
21095 37338
21095 36995
21095 34490
21095 37684
21095 35183
21095 27933
21095 36047
21095 66
21095 37477
25528 36931
25355 20233
6761 6761
6761 32332
6761 801
4515 29823
35336 36561
6999 25387
6999 28128
8153 18238
78 37020
78 78
78 34538
78 37122
78 35975
78 18263
78 3075
78 3621
78 1672
78 13767
78 1648
78 31338
37987 8430
37987 37987
35416 10591
35416 37940
35416 35416
35416 25674
20300 20300
1049 890
36526 35357
36526 11260
27933 6976
27933 27933
27933 11260
37100 2000
9694 31883
15541 15541
13762 703
1441 37353
1441 34490
2126 2126
66 5550
33290 33290
36922 36922
36922 36938
36922 35615
1306 36931
1306 1306
1306 14024
1306 36075
1306 703
1306 18943
1306 37645
6518 29886
1261 2672
1261 30462
1261 1261
2043 2043
36878 30684
36878 36878
15516 15516
1722 37338
30484 30484
7252 35545
19078 19078
22277 1162
22277 8684
22277 35706
22277 22277
23657 21907
23657 23141
23657 23657
36575 36575
30462 49
30462 4177
4696 37709
4696 4696
19729 18263
19729 19729
37803 37803
37803 32332
9025 22377
9025 34027
9025 801
9025 17599
9025 36460
9025 22878
9025 36341
9025 9025
9025 7576
33927 25510
12166 25510
12166 35353
12166 19864
12166 19949
12166 36561
12166 12166
1004 25510
1004 11768
38434 1492
1648 4054
2029 2029
36752 36752
36752 9072
31356 31356
31356 9072
35545 35545
19029 19029
19029 955
29829 12643
29444 2622
29444 37119
29444 29444
36997 35357
36997 6085
37028 37033
12337 12337
36246 36246
21265 18943
36943 7311
19864 18263
19864 36469
19864 30684
19864 23860
19864 34259
19864 19864
10779 37661
10779 10779
10779 34538
23141 6085
23141 34538
23141 21907
23141 37661
23141 10265
23141 23141
23141 37087
11115 6085
11115 11115
6269 1450
6269 34538
37338 30684
37338 4054
37338 36108
37338 16702
37338 11546
37338 7443
37338 317
37338 9072
37338 1445
1688 35706
2000 38783
2000 19949
2000 4745
2000 2000
2000 36938
2000 6085
2000 21907
2000 49
2000 5442
36791 36791
3041 4231
6153 32332
35615 13265
35615 35615
36099 36063
14672 37883
801 26380
801 33508
801 801
801 3
2363 955
22064 22064
22064 5513
6517 34538
14024 1483
14024 14024
26380 26380
26380 4231
26380 31883
8991 25122
38783 38783
38783 35353
38783 37997
38783 36469
38783 5513
38783 13265
38783 11919
38783 36938
5101 13265
5101 5101
32332 1847
32332 5810
32332 2234
32332 11546
32332 37078
32332 18263
32332 37716
32332 9072
32332 32332
24165 6794
24165 24165
24165 20995
37661 37661
37661 5732
37661 15129
35183 35183
7311 18263
7311 1044
37144 37144
16046 36931
37645 37645
317 18263
317 1672
317 35353
15743 15743
37532 4177
6666 6666
24703 24703
24703 6794
24703 4177
3377 9871
3377 4054
3377 3377
35281 9652
35281 8430
35281 23860
30684 36108
13874 13874
13874 17901
8430 8430
8430 17660
8430 16702
8430 36687
37974 37974
22971 6794
22971 22971
36255 20516
37944 955
4002 36938
4002 4002
37876 4231
36814 36814
36814 11768
36300 36300
36300 9072
17901 17901
37264 37264
19433 11260
13650 37618
13650 17708
13650 37658
13650 23796
1059 16702
37400 37410
37400 9072
37477 4354
25674 25674
5513 18263
5513 37215
5513 11919
23860 23860
7591 34538
7591 7591
7591 36688
7591 6976
2622 17164
2622 25510
2622 37259
2622 16702
2622 36436
2622 2622
2622 11260
2622 18943
10475 16183
10475 10475
36834 6976
37911 37911
2797 35975
36915 36915
36915 11768
11260 36561
11260 16183
11260 37719
11260 25510
11260 11260
35810 35810
29333 34538
33508 33508
8250 8250
35729 35729
21090 36469
13042 13042
9305 9305
9305 2669
36995 36995
36995 25510
35975 35975
6495 6495
18496 18496
3824 4231
3824 36938
21907 21907
21907 36035
3659 11919
36524 36524
36895 36895
5496 4096
36713 20516
4504 4504
4504 36938
12547 18263
12547 12547
12547 36625
25510 36554
25510 25510
25510 18263
25510 36561
25510 797
36469 36469
25358 4231
25358 25358
25358 13265
33849 33849
33849 37857
36035 36035
21372 21372
35357 11768
16419 24392
15856 15856
24133 3621
10035 10035
37302 37302
2672 2672
2672 19949
34538 30081
34538 34538
34538 703
34538 18263
34538 6085
34538 22
34538 5732
34538 6460
12976 6794
11768 18263
11768 3621
11768 11768
9652 9652
703 703
703 4096
703 37003
1044 3621
1044 29823
1044 1044
7458 9072
4231 36938
4231 4149
4231 36075
4231 4231
4231 36374
4231 37902
4231 26700
24392 24392
16356 16356
36530 36530
35807 35807
3995 12281
3995 3995
7341 18263
7341 7341
7341 1199
37316 37316
7576 22878
11546 11546
11546 36938
11546 2349
955 955
38002 38002
36110 36110
9072 36047
9072 3621
9072 9072
9072 8479
9072 37857
17708 17708
20995 20995
37857 37857
37857 18943
19520 23540
1847 18263
1847 1847
1847 37618
36938 36938
36938 4149
4745 4745
4600 4600
4653 4653
4653 8080
35361 35361
36282 36282
36591 4177
36931 36931
32666 32666
15129 15129
5442 5442
29916 29916
24381 20516
5810 5810
24306 6794
1450 1450
3 3621
4913 49
16659 16659
2097 2097
6460 6460
37434 37434
13265 27328
13265 2874
13265 4096
13265 37709
13265 13265
21724 21724
6976 18263
6976 6976
36766 1459
27215 11919
36047 36047
37902 37902
1459 18263
9417 9417
27328 27328
22878 22878
36625 36625
1162 1162
36561 6085
36561 36561
13767 13767
5732 5732
5732 22
37134 37134
20233 36372
20233 20233
17660 17660
4054 4054
37003 37003
26700 26700
37366 37366
11919 11919
18943 6794
18943 16702
18943 18943
37971 37971
37716 37716
22 22
4354 4354
4354 34490
943 943
37883 37883
36683 36683
16702 16702
16702 10265
37078 37078
3621 3621
3621 1281
28128 28128
12643 12643
18128 18128
37087 37087
34944 34944
34490 6085
34490 34490
5744 5744
49 49
36460 36460
36833 36833
37215 37215
6794 6085
6794 6794
37618 37618
19949 18263
19949 19949
37781 37781
4149 4149
9871 9871
890 890
18263 18263
6085 6085
32660 32660
4096 4096
10007 10007
