13441 13441
13441 32972
13441 1822
13441 1310
38015 613
38015 20302
10898 763
10898 3324
10898 18662
10898 3684
39079 38783
32944 1898
32944 32944
37622 121
37622 37808
37622 36938
37622 21119
37622 29992
37622 9449
37622 37622
38290 2024
38290 3659
38290 9072
18117 39026
4047 37216
38742 18811
38755 1590
38491 38491
38491 21095
38491 5301
38836 297
38836 763
38836 38836
38836 3684
5708 18263
5708 1465
16326 38852
16326 16326
16326 20302
16326 21564
7144 7144
7144 25510
7144 3324
7144 38783
26674 7717
36759 121
36759 6950
33530 1400
17457 23542
17457 6214
2906 391
2906 13972
10366 13265
10366 39332
3380 32332
21564 39066
21564 9871
21564 4054
21564 20302
5274 5274
5274 3684
5274 15934
5274 4794
30754 25510
30754 763
30754 30754
136 18263
30209 38379
38447 35626
38447 18943
11142 35959
11142 1465
11142 27446
11142 4336
11142 297
11142 26327
11142 15837
11142 35981
11142 18496
11142 13431
11142 38851
11142 38144
11142 38423
11142 21123
11142 31107
11142 18739
11142 31475
11142 36047
11142 29783
11142 22498
11142 36632
11142 37316
11142 8008
11142 38593
11142 23543
11142 31310
11142 32332
11142 37883
11142 38798
11142 38393
11142 39332
11142 38101
11142 11142
11142 32389
11142 38328
11142 38630
11142 38386
11142 10591
11142 30412
11142 38578
11142 11054
11142 34063
11142 1306
11142 35520
11142 10454
11142 8337
11142 28104
11142 4463
11142 3711
11142 38914
11142 38496
11142 11260
11142 6094
11142 7313
11142 38624
14454 1143
14454 14454
14454 3948
20757 6094
20757 9022
20757 11100
20757 20757
20757 32332
20757 1131
20757 5963
20757 3684
20757 3324
39203 2362
8801 20186
38433 23540
38433 1345
38433 3460
19642 28104
13059 37728
13059 17836
19593 19593
19593 35006
19593 15129
36862 398
36862 36862
36862 25905
12489 15629
12489 12481
12489 12489
12489 2669
1822 1822
38868 38868
38868 3928
38868 4961
6942 7206
6942 20597
6942 6942
6942 38814
6942 12631
6942 14340
6942 1946
6942 18628
6942 6085
6942 8133
6942 37385
39153 25510
806 1946
15242 18060
15242 1345
15242 15819
15242 30412
15242 38319
29611 1400
1811 5506
1811 14551
38448 297
38448 1898
38448 14830
38448 9652
38448 25510
38448 763
38448 13794
12481 21706
12481 32332
12481 25232
12481 2290
12481 2669
12481 32389
12481 6153
12481 18060
12481 11540
12481 38686
12481 14830
12481 24309
12481 38851
12481 1131
12481 25199
12481 8955
12481 18739
12481 6756
12481 12905
12481 1946
12481 11260
12481 15020
12481 14551
12481 12481
12481 38624
38019 5674
33600 33600
33600 12643
38610 1004
38610 6998
38610 39289
6316 38295
6316 39175
6316 1358
6316 6451
30909 38640
35959 37809
35959 35959
35959 14830
35959 20281
35959 10423
35959 25510
35959 36904
38982 2642
17879 32389
17879 17879
17879 29316
17879 3684
1682 3859
1682 1682
12693 1310
12693 37808
12693 2698
12693 4144
12693 2290
12693 3521
12693 9449
38003 38003
38003 21684
38423 25563
38423 14094
38423 21684
12205 238
12205 1162
12205 6101
1532 20281
1532 8430
39069 4961
2183 36799
2183 36950
32645 10076
32645 23758
396 36591
396 35706
10446 36148
38862 38827
10075 2000
10075 12705
10075 1149
10075 10075
4661 18198
4661 36561
4661 38275
6818 297
6818 4528
6818 3696
6818 22606
6818 4177
6818 20052
3473 238
24483 66
38505 4923
4362 39066
4362 14105
4362 26522
4362 23064
10696 22294
10696 26522
10696 37997
10696 2841
10696 38010
15891 38637
3775 3775
3775 18512
35731 17308
38330 38337
38330 297
38330 8991
38330 18060
38330 38330
37273 1004
37273 17118
37273 11100
37273 37273
37273 2954
37273 763
35665 2290
35665 519
35665 35665
2467 1441
2467 8385
20729 22718
20729 20729
38637 2356
38637 23758
1400 9097
1400 36640
1400 26501
1400 1465
21014 6107
21014 30684
21014 38308
21014 30792
7402 29961
582 18512
5753 11028
5753 2029
39307 39304
14515 1441
14515 13972
14515 2029
14515 11394
14515 14515
14515 21123
3521 30081
3521 18013
3521 2176
3521 519
3521 36801
3521 3521
3521 25854
3521 26737
3521 13265
3521 7666
3521 23950
3521 38525
3521 26003
14339 13139
16750 1441
16002 14340
16002 13265
12482 703
17988 38481
17988 38832
1849 38053
1849 703
35500 29330
35500 20302
39177 33544
38435 38435
38435 38445
38435 10812
38435 1946
38435 7521
38435 7504
38435 4137
24076 38324
24076 21277
38744 27453
38744 28104
38744 11100
38744 34018
38744 38744
38744 6761
38744 1463
38744 1946
38744 6976
38744 763
38744 35840
37762 586
37762 6262
37762 37762
35953 763
35953 4177
38594 35626
38594 37394
9502 4054
9502 21724
39348 353
39348 9547
39348 284
39348 440
39348 39348
38798 32389
38798 11926
38798 15837
38798 20302
38798 38798
38798 4854
38798 38624
38782 5869
29730 13139
29730 18289
29730 2698
29730 11540
39083 13265
9453 9890
1878 23758
38440 1114
4832 36904
4832 4423
4832 7410
4832 2554
15650 4177
3993 454
3993 2821
3993 8385
3993 1409
6043 38624
919 66
919 19113
38583 37040
6950 1465
6950 13265
6950 10095
6950 360
3859 3859
3859 18628
3859 8133
25889 1131
37640 38624
36450 38972
13641 38708
238 39235
26013 21123
17029 34538
17029 17029
20919 36466
20831 33022
9652 11768
9652 21277
9652 7200
37394 37394
37394 38783
37394 3106
37394 2290
37394 38393
33648 38799
33648 1131
35702 33018
35702 39062
30264 12044
30264 30264
30264 31310
38418 12547
38418 2841
38418 38418
38418 6262
4304 24060
35833 30081
7710 38556
12969 12969
12969 10076
7868 38100
7868 1310
440 1907
4878 4878
4878 37436
4878 8955
391 18263
391 297
391 391
391 10076
391 33895
391 7460
391 39178
391 39332
391 1409
33895 13265
33895 33895
7458 20186
7458 1149
36904 38468
36904 6094
36904 19276
36904 1441
36904 20186
36904 8385
36904 36162
36904 36904
36904 10095
36904 38322
36904 37809
36904 6101
36904 2554
6774 14493
37931 8133
8385 121
8385 2821
8385 8217
8385 37684
8385 8385
8385 36162
8385 6647
27398 18060
27398 32972
27398 4428
27398 27398
27398 14143
27398 9871
27398 1310
23388 23388
23388 1131
23388 23141
5018 4231
5018 317
39227 586
39227 11054
39227 39227
39227 35626
39227 39284
39227 10503
39227 763
39227 38624
38386 35357
38386 21123
38101 21095
38101 38101
38240 288
38257 38257
38257 12898
12898 12898
12898 6998
12898 28128
12898 38846
12898 24060
12898 30684
12898 32140
12898 38513
12898 39028
12898 35613
12898 38753
284 3121
29259 468
34570 818
34570 31310
38383 18263
38383 8430
38383 38383
38383 13832
27453 27453
27453 37434
1805 19949
6651 15629
7721 75
7721 7721
7721 7952
1353 1353
15980 7307
15980 22608
34919 34919
14497 5575
14497 39162
14497 14497
14497 4177
8802 1345
11394 824
37328 14024
18910 37436
7060 23758
9449 37910
9449 21095
9449 4054
9449 29992
9449 7313
9449 38209
9449 37808
9449 38887
9449 9449
9449 10626
9449 1310
30062 38827
30062 33509
30062 16323
33828 33828
33828 38954
33828 38713
33828 31310
4991 29316
34094 15342
6827 11540
2698 38282
2698 24766
2698 38058
2698 2874
29992 38468
29992 6451
29992 17308
29992 37808
29992 10610
29992 13265
29992 5101
29992 29992
29992 1409
37385 1946
37385 37385
37385 2000
39332 25510
39332 1409
37987 17114
37987 37987
37987 2627
4528 26935
4528 3995
4528 21684
4528 1409
5937 4177
38686 11926
38686 38686
38686 3132
12996 20787
12996 27850
12996 15934
38651 4231
38651 38651
38651 1345
38651 394
25807 34538
25807 25807
2554 38154
2554 39218
2554 35167
2554 29555
2554 2554
2554 763
2554 4423
31327 3684
38474 38203
290 4672
290 8991
290 34538
290 5301
290 39197
290 23860
290 18060
290 11555
290 290
290 13326
290 34546
290 344
290 2052
290 15629
290 37405
290 10400
290 2841
290 13356
290 22989
290 38851
290 19844
290 18238
290 15934
290 38334
290 14901
32107 22051
33549 39117
38129 8430
38129 38129
381 7341
381 21965
381 38535
381 381
381 1199
381 24563
381 37661
381 451
381 35706
381 38506
381 100
381 36591
381 1291
381 39308
16702 184
16702 12643
16702 8134
16702 32210
16702 13972
16702 26935
16702 3948
16702 18263
16702 35823
4177 7341
4177 36938
4177 38954
4177 2926
4177 4177
4177 13356
4177 49
4177 18060
4177 763
4177 35353
4177 15743
4177 38722
4177 8103
4177 1149
4177 6094
4177 25355
4177 1946
4177 7952
4177 38308
4177 11115
14835 13972
6451 38593
6451 4558
6451 38064
6451 20787
6451 34984
6451 32300
6451 6451
6451 26116
6451 31475
6451 25510
6451 21574
6451 1358
26737 18060
26737 75
26737 26737
26737 11025
13431 9102
13431 19276
13431 13431
13431 3377
13694 8133
13694 11145
39335 763
39335 3684
39335 1409
38216 36735
5674 5712
3753 25854
22873 21992
37816 1320
13809 26809
4672 4672
4672 10400
38650 12120
35167 15129
33759 2821
8133 38228
8133 8991
8133 34538
8133 5017
8133 38053
8133 6794
8133 8133
8133 26062
8133 7281
8133 26327
8133 1946
8133 18060
8133 18128
8133 38835
8133 33664
8133 38783
8133 7206
8133 6085
8133 2841
8133 2000
8133 1587
8133 763
8133 32300
8133 4137
8133 21059
8133 16503
8133 37548
8133 34787
8133 9550
8133 7507
8133 20781
8133 18628
8133 14024
11426 22277
9890 39082
9890 9890
9890 34538
9890 21123
38658 35626
38658 3684
38658 15934
38612 13265
4649 4649
4649 3901
4649 360
4649 318
4649 1094
4649 38269
38025 18263
38025 38025
17350 16409
17350 17350
613 1143
613 14105
613 38328
613 38064
613 3948
613 7519
613 11211
3931 360
32300 6794
32300 297
32300 9072
32300 32199
32300 7410
32300 10503
32300 2530
32300 32300
32300 11028
5963 1585
5963 38972
5963 38556
5963 1131
5963 11504
5963 5963
10330 24309
10330 30684
39122 15743
14169 38998
12705 27032
12705 4086
12705 5017
12705 28128
12705 38783
12705 14024
12705 30790
12705 38835
12705 2000
12705 7666
12705 12705
12705 39297
1409 18263
1409 29316
1409 38334
1409 4002
1409 2349
1409 7206
1409 17111
1409 33841
1409 38827
1409 38269
1409 1345
1409 38640
2011 39117
10271 13832
10271 13650
25028 25510
16951 27829
10605 2622
10605 25510
10605 27735
10605 1199
10605 1106
23835 32178
23835 23835
11555 18814
11555 25
910 2039
2051 2841
1291 2039
1291 360
1291 66
1291 21194
1291 11540
1291 12166
1291 38535
38190 6976
2052 297
2052 13268
2052 13972
2052 26935
2052 6032
2052 2052
4281 38912
38570 1441
38570 78
38570 11540
38570 644
38570 38570
29783 121
10427 18060
10427 36469
37026 37026
37026 32741
37026 3684
37026 6400
6998 6998
38870 6005
38870 38870
23543 8008
23543 38624
34515 36014
38532 14915
38532 1176
12044 16267
13326 13326
13326 1358
13326 1465
30617 25510
349 732
349 38644
9547 6094
8112 38630
38954 8588
38954 38954
15155 13559
37813 13093
31434 31475
31434 31434
11145 7206
11145 6085
11145 38814
11145 11115
3847 38432
3847 38525
38626 38626
38626 38624
38626 3684
38626 1306
38626 4003
37216 2329
37216 838
37216 5734
37216 38743
37216 37216
32209 36469
32209 32209
14915 33768
14915 29231
14915 27249
14915 9072
14915 1946
14915 38788
14915 33664
14915 14915
14915 18943
1463 1463
1463 2841
1463 11317
1463 8103
1463 29775
39218 763
39218 15129
17653 7460
17653 26522
17653 17653
3132 38767
3132 10454
8041 5001
39308 2000
39308 2290
39308 1131
39308 29316
39308 13268
39308 1441
39308 2926
39308 763
38998 12166
38998 38998
1358 14830
1358 20052
1358 25199
1358 6094
1358 3621
1358 18060
1358 25510
1358 1358
1358 38624
12968 25062
12968 1131
12968 38566
12968 766
12968 12968
36799 36799
36799 38040
36799 9025
36799 20787
36799 20416
38512 1946
38512 6794
38512 10384
38219 3324
38219 36938
9481 36950
38961 35626
38961 1131
38961 38961
38961 2363
4085 5229
14094 18814
14094 34538
14094 32332
14094 38062
14094 25494
14094 8103
14094 14094
14094 75
14094 2821
14094 26116
14094 2631
14094 39162
38379 630
38379 38379
15934 468
15934 398
15934 2841
15934 1587
15934 460
15934 19844
15934 763
15934 38236
15934 13070
15934 66
15934 36805
15934 24165
15934 15934
15934 13251
15934 9025
3603 5442
3603 28128
6101 12400
6101 13972
6101 38393
6101 6101
6101 24060
6101 16267
6101 38288
6101 31970
6101 7732
36145 39038
5094 26935
32817 13268
32817 32817
32817 8887
1481 19433
39187 32681
10610 25854
10610 38432
10610 37910
394 394
394 1688
15214 1441
21194 21194
21194 78
6670 1261
3460 1345
3460 22741
36824 38221
20052 4231
20052 37803
20052 1310
20052 20052
19442 23141
25905 38468
25905 39026
25905 6085
25905 25905
25905 2233
25905 24165
2837 121
2837 2837
2837 36469
8761 14830
45 29555
7519 7519
38578 31310
2893 38236
2893 3711
25700 1004
25700 14340
25700 6794
25700 22277
25700 1946
12120 32389
12120 8699
12120 38064
12120 38526
12120 26827
12120 17515
12120 22170
461 38334
461 1106
4960 12352
1047 38930
143 39212
2968 14230
28104 1441
28104 37555
28104 39195
28104 5229
28104 6094
28104 28104
28104 38729
28104 34575
28104 39162
28104 38534
28104 35840
19113 4231
19113 19113
19113 4614
8027 4692
6262 37405
6262 7093
6262 21655
6262 2841
6262 1261
6262 5301
6262 49
6262 733
6262 6262
6262 38506
6262 37646
16510 21706
16510 38851
16510 3684
16510 37555
6936 38334
6936 8590
6936 344
6936 16628
39105 801
8134 26935
617 1585
1302 9025
1302 1131
1302 1302
1302 35520
297 8991
297 431
297 34538
297 32332
297 37316
297 2290
297 3324
297 8430
297 1131
297 18060
297 38960
297 26522
297 38851
297 10591
297 4231
297 3621
297 14830
297 297
297 10423
297 10384
297 19078
297 10454
297 10035
297 36883
297 24389
297 21059
297 2502
297 38624
38283 4231
38283 38297
38283 4614
9970 4231
9970 29980
9970 2623
31045 18060
31045 36466
29491 39086
9617 13356
27773 38672
23572 25
1573 15629
1573 38749
1573 13356
1573 360
37073 31107
10106 32332
9712 5340
38712 1587
22975 7460
22975 23917
22975 38308
5091 39359
39331 38212
39331 39331
39331 3054
38064 13268
38064 20302
38064 21907
38064 38064
1094 1094
1094 2623
10909 38334
1233 38960
38968 385
38968 38968
38968 35520
38023 3983
38023 1840
38023 766
38023 11028
437 16356
17353 3106
35800 35800
35800 23141
35800 29555
35800 763
37646 3684
37646 3
37646 35575
37646 14830
37646 12166
37646 37646
37646 430
37646 3324
37646 4614
37646 2841
1234 18943
38203 37883
38203 78
38203 38203
13139 13265
13139 38209
13139 37214
13139 7437
13139 299
24221 38394
24221 3377
24221 16852
24221 2356
18447 21349
18447 7200
18474 1185
35160 36883
35160 35160
25437 4842
9550 6094
9550 1004
9550 5484
9550 9550
9550 34258
9550 1946
9550 33664
9550 3684
9550 25199
9304 18739
9304 12610
9304 3959
9304 9304
19186 1310
1186 15629
14551 32389
14551 14901
7313 19276
7313 25510
7313 14143
7313 2290
35840 32259
35840 39026
35840 38654
35840 38062
35840 20787
35840 3684
35840 23758
35840 13070
35840 35840
35840 38851
35840 17565
35840 38708
38319 35433
38319 674
38319 1162
22846 66
22846 32259
38295 38295
4086 38724
4086 4086
8157 75
318 5420
318 318
38534 31883
38534 21095
38534 763
38534 1446
9800 27972
494 6521
3462 7206
3462 1946
3462 17176
519 25854
519 17111
519 38481
31107 8430
31107 3711
31107 32332
31107 31107
824 39289
824 12163
824 30684
824 37439
824 17596
16503 1946
450 6794
450 6545
10503 6094
10503 39284
10503 36554
10503 7576
10503 38825
11211 37661
11211 19949
11211 23141
11211 19651
4486 1131
38085 21095
31310 29697
31310 18263
31310 20186
31310 31310
31310 11541
31310 39197
31310 3684
31310 34490
31310 121
31310 38697
31310 36155
31310 6094
31310 14901
15551 27923
15551 38374
37695 121
37695 37695
34726 38032
34726 7206
38220 11100
6779 6779
21965 78
38297 4231
38297 1528
38297 23291
38297 4614
38644 6205
33891 14807
6278 32921
8590 586
8590 8590
39322 7206
13360 30081
13360 37661
38914 29697
38914 11054
38914 13650
30679 37434
29961 38434
644 586
644 20233
644 2841
644 3634
644 3684
644 644
22388 25854
22388 38683
22388 36801
19276 6094
19276 75
19276 19276
19276 22606
19276 18943
19276 11540
19276 19142
19276 38956
262 262
10810 14105
19651 29316
19651 3684
19651 9072
15129 7591
15129 6856
15129 763
15129 15129
15129 38926
7281 6794
13265 38244
13265 38832
13265 38683
13265 2290
13265 184
13265 38209
13265 13265
13265 33841
13265 38195
13265 25854
13265 10266
13265 38525
13265 39201
13265 2841
13265 6986
13265 6107
13265 39281
13265 38308
10744 11260
10744 2530
1310 4231
1310 34538
1310 5301
1310 9317
1310 1310
1310 14447
1310 27328
1310 19475
1310 8857
1310 32741
1310 2874
1310 1017
1310 17064
1310 17308
1310 36469
1310 1306
1310 11546
1310 9928
1310 12166
1310 75
1310 37883
1310 38334
1310 38631
5340 39197
5340 38518
5340 32650
6647 6085
6647 4312
6647 2926
6647 1149
6647 11115
17176 7206
17176 1946
17176 17176
17176 2000
5304 38137
1587 18263
1587 6094
1587 1441
1587 20302
1587 30684
1587 1587
1587 21095
1587 1131
1587 8103
1587 3324
1587 38334
1587 1171
1587 2039
1587 3106
1587 25510
1587 763
1587 7200
1587 2530
38965 2954
35453 16267
34575 34575
34575 3684
38419 121
38419 9072
38419 2926
38419 21095
38419 3324
38419 3684
1946 38228
1946 21349
1946 6269
1946 34859
1946 35626
1946 7206
1946 29231
1946 18060
1946 38882
1946 38783
1946 6794
1946 33664
1946 5810
1946 38700
1946 15735
1946 38814
1946 38572
1946 1946
1946 2954
1946 5017
1946 955
1946 14340
1946 38066
1946 763
1946 16107
1946 22277
1946 33842
1946 28128
1946 35357
1946 11115
38469 2481
2191 13756
13647 38664
13647 39091
8887 4463
8887 38302
8887 1465
36005 24768
447 38334
36339 6094
36339 21095
36339 10828
622 21655
2384 24165
2384 39213
2384 9025
1266 1121
1266 25
1266 1266
1266 12911
1266 39162
1266 39197
33842 7206
33842 6794
33842 29316
33842 33842
33842 3324
11541 34427
75 18263
75 13972
75 23542
75 75
75 38434
75 2841
75 1149
75 38701
38729 38729
38729 1131
38729 2642
840 36875
38506 49
38258 7952
38258 36899
23964 32332
37996 37808
38083 20302
38526 23141
38846 38846
38846 17261
34953 38380
38269 3324
38882 10708
13794 39042
5301 38434
5301 22989
5301 19949
5301 3969
5301 8103
5301 2841
7653 6986
5743 66
5743 5743
5743 39091
5743 38010
34050 38825
2631 18263
2631 6976
2631 20516
2631 8047
2631 2631
2631 24165
2631 21684
39149 1840
39149 39149
39149 8857
8103 13070
8103 20787
8103 16981
8103 8103
30790 38334
30790 15735
30790 6085
30790 30790
31475 14105
31475 317
31475 31475
39012 11016
4696 1483
4696 3396
10774 763
3324 430
3324 2000
3324 21095
3324 3324
3324 8430
3324 26327
3324 21978
3324 38624
3324 21271
3324 10035
35324 38054
13070 18814
13070 13898
13070 6761
13070 21684
37660 22606
38192 35626
38192 11100
38192 385
4069 38767
4069 37997
10714 20787
10714 8699
10714 10714
18814 18814
18814 13898
18814 9025
18814 25510
18814 21684
18814 24165
1056 6094
12357 15629
12357 29316
12357 38053
12357 2264
12357 22733
12357 27430
38974 13650
38974 38974
8337 8430
8337 8337
39380 34951
39380 11260
39380 19077
6872 6872
6872 34217
3684 39046
3684 35626
3684 25232
3684 2926
3684 6976
3684 38851
3684 385
3684 23542
3684 6094
3684 36047
3684 10423
3684 38783
3684 2502
3684 24165
3684 2290
3684 10035
3684 38393
3684 3684
3684 32389
3684 11926
3684 20062
3684 13625
3684 38324
3684 10365
3684 38146
3684 18756
3684 38624
3684 39155
9878 4639
29775 21684
1261 2672
1261 38334
1261 1261
1261 20995
25812 38468
37849 3272
7687 38236
23064 23064
23064 6794
23064 1131
23064 38783
23064 11260
23064 25510
23064 15837
2503 14447
2503 11540
2503 2503
2503 12166
7092 7206
7092 8991
22840 10052
35626 30994
35626 21349
35626 2954
35626 35626
35626 39117
35626 2000
35626 39146
35626 3621
35626 37944
35626 2363
35626 1131
35626 38672
35626 7732
35626 6094
35626 1737
35626 39284
35626 38054
35626 37857
35626 10365
35626 21706
38887 7460
36502 14166
36502 18260
38267 39026
38267 38267
38267 39197
38267 2000
7399 38244
8588 8588
8588 39235
31268 1993
39313 11260
39313 39313
2868 18013
2868 38525
39197 16545
14464 8435
38564 11100
38564 38564
12176 17114
12176 7294
12176 8430
12176 33766
12176 1131
12176 12176
34483 37659
34483 35520
2481 11417
2481 10400
2481 3272
2481 11919
2481 30999
29980 4231
745 22606
745 13972
745 3634
38302 3948
38302 13268
38302 38302
38535 21095
38535 38535
4720 38106
4720 29316
38146 18403
38146 38146
3272 18060
6360 7736
6360 6360
38832 36469
38832 38832
38631 22294
38631 38631
38640 36931
39246 39246
39246 25510
39246 13650
39246 22606
37214 30081
38441 18263
38441 38441
38441 1465
38622 38622
38622 23542
3106 6085
3106 6269
3106 3106
3106 763
19077 2530
19077 19077
25256 2530
19844 19844
19844 9068
38807 38807
38807 12166
37040 2821
37040 9317
14493 14493
14493 35936
14493 25510
14493 23758
14493 7732
37548 37548
37548 12978
4923 4231
18739 30491
18739 34951
18739 18739
18739 12610
18739 10454
10368 37661
6460 9305
6460 6460
1540 13268
3969 3995
3969 1441
3969 34538
2356 8320
2356 2356
21978 32332
13625 10400
13625 34490
13625 13625
13625 2926
13625 12301
11540 39005
11540 1199
11540 38391
11540 20995
11540 22804
11540 38572
11540 32741
11540 25510
11540 11540
11540 17515
20781 22277
9924 1044
11054 20302
11054 38275
11054 36687
11054 39359
10946 10946
21655 586
21655 2841
34622 38566
22051 8430
22051 1898
22051 22051
22051 78
22051 6794
630 6637
630 385
630 3757
630 38624
11504 25510
11504 22
38825 29697
38825 38825
1121 18060
1121 39117
38040 12565
39281 6107
39281 39281
36148 36554
36665 36735
21349 21349
21349 2954
8699 10265
8699 8699
38161 35353
17261 23141
17261 38654
29555 17118
29555 29555
34951 30491
34951 5583
34951 34951
473 18060
8008 6094
8008 29316
18060 24165
18060 2290
18060 34538
18060 38783
18060 18698
18060 35981
18060 4054
18060 6976
18060 955
18060 2926
18060 20062
18060 18060
18060 38493
18060 30412
18060 3621
18060 31883
18060 6856
18060 38722
18060 1162
18060 10454
18060 39117
18060 37808
18060 29873
18060 37857
18060 10035
38596 2290
1898 6794
1898 6269
1898 38730
5697 11115
13552 6269
13552 13552
5659 39058
454 25510
454 12978
454 454
454 21059
454 24060
454 37728
454 38926
12905 14830
12905 12905
12905 38058
10001 2821
10001 10001
10001 11919
38525 5100
30999 11417
30999 2290
38528 38528
38528 34435
38528 32042
6214 6214
22131 39047
32022 38783
32022 4002
22019 38783
18013 18013
18013 10076
7736 7736
36804 4463
38835 7206
38835 6794
38835 9072
38835 763
38835 38835
6339 6339
6339 38062
6339 6976
6339 1306
14105 1847
14105 14105
14105 13268
14105 3948
14105 586
14105 30684
14105 30081
3948 1441
3948 3948
3948 13972
3948 4463
3948 3711
3948 17708
3948 27249
35575 18238
35575 19949
35575 35575
15743 16183
7442 39018
22238 17111
1355 4144
2363 6094
22606 22606
22606 13972
22606 6545
22606 26935
22606 21123
13506 49
13506 13506
24563 121
24563 38316
24563 35697
24563 1176
24563 24563
24563 5587
1465 6094
1465 1465
1465 7311
1465 38749
21059 763
21059 21059
9317 24165
9317 38624
9317 2874
39046 2000
39046 10365
2648 66
2648 4231
23532 23532
38926 22277
38926 17836
26327 6094
26327 26327
7 36938
8435 39163
8857 39174
4790 38432
4790 2841
6761 31883
6761 24165
6761 32332
9072 38682
9072 9072
9072 2841
26935 38347
26935 14166
26935 12643
26935 13559
26935 26935
38672 9430
38672 29697
38672 1441
38672 38672
21684 1441
21684 34538
21684 35353
21684 39005
21684 19949
21684 20787
21684 21684
21684 21123
21684 13268
21684 37808
21684 25494
21684 4745
38322 1131
38322 13972
38322 14830
34873 34873
34873 5450
34640 37661
34640 763
34640 34640
34063 1306
38572 7206
38572 2000
23141 37661
23141 10718
23141 1131
23141 23141
5583 30491
5583 26522
5583 1131
14230 23540
6494 1459
36504 36504
36504 12166
20787 34538
20787 9305
16504 38328
5229 5229
5229 38624
4690 38422
12928 22498
344 732
344 2039
344 360
344 344
39115 8991
39115 5701
38325 15819
2612 703
38722 20281
38722 38722
38722 1131
38722 9091
39088 39088
39088 21095
36466 18263
28041 28041
28041 20281
11100 4231
11100 11100
11100 38119
11100 250
11100 6094
11100 24498
11100 10266
11100 38654
6206 34538
38275 38275
38275 38566
15503 38148
9232 38624
15837 1441
15837 15837
14340 14340
38209 25854
38209 7460
38851 763
38851 38851
38521 2622
38521 38971
38521 38521
30726 30726
30726 11919
15735 15735
38664 38664
38664 11640
8099 451
39158 6794
36805 36805
36805 18756
766 2841
766 5587
17111 17111
38100 17308
11825 27249
250 317
250 431
250 35416
431 2821
431 431
431 2290
431 30081
38476 6094
38476 14830
38476 38476
38476 10095
38683 38683
38779 121
38779 36814
5712 35336
22360 6794
22360 2926
1119 9025
38075 32332
38075 18756
38075 38075
36735 10475
586 2841
586 11115
586 24165
586 2926
586 32741
6107 6107
13356 38979
13356 2497
13356 12310
13356 13356
13356 360
13356 14447
13356 38468
14830 35336
14830 25232
14830 2290
14830 2784
14830 10475
14830 26522
14830 38682
14830 15915
14830 6094
14830 14830
14830 763
14830 10423
14830 25199
14830 2502
14830 13559
818 29873
10381 15887
4423 12643
10454 5101
10454 10423
10454 10454
10454 34490
35433 38402
425 468
38058 10475
13559 18263
13559 13268
13559 13559
2578 66
51 2883
2926 6085
2926 3621
2926 29316
2926 2841
2926 35697
2926 36162
2926 11576
2926 2926
2926 24611
2926 6269
2926 38912
36801 2083
36801 5495
16545 39026
17118 763
17118 38288
17118 17118
23873 23873
23873 38254
14143 121
14143 26522
14143 14143
22781 22781
22781 1131
38236 317
38236 13898
38236 38236
38236 37728
38236 20793
38236 38690
38236 14901
27249 7333
27249 19949
27249 1131
27249 27249
27249 18943
5575 9025
6637 2290
6637 9025
12586 20026
12586 12586
12586 30684
1131 1441
1131 39062
1131 39359
1131 36162
1131 955
1131 39163
1131 10903
1131 25510
1131 763
1131 5869
1131 1131
1131 7732
1131 6094
1131 36047
1131 37490
1131 27603
36890 121
38062 38062
38062 6976
38062 121
3959 38845
10881 32741
404 13268
20302 6801
20302 1162
20302 38852
20302 38393
20302 22170
20302 6094
20302 21697
20302 38288
20302 20302
20302 38296
20302 398
20302 1459
934 36883
3503 1306
3503 35416
15246 38750
11640 29853
11640 38783
11640 1176
11640 38334
11640 39047
11640 11640
11640 7952
23758 11966
23758 23758
23758 1149
23758 37808
23758 6986
23758 25510
5420 38468
8894 39117
19885 8217
37436 8955
37436 37436
38730 38730
38730 9091
3822 2039
10400 1483
10400 10400
10400 31356
10400 1162
10400 4745
10400 36554
10400 9305
14672 17495
15819 38334
10423 5101
10423 10423
8032 18263
8032 14447
8032 8032
8032 19949
8032 1345
8032 21095
39146 39146
9672 22989
121 29697
121 38468
121 38244
121 34538
121 38783
121 184
121 38328
121 36591
121 38708
121 4231
121 6856
121 121
121 34414
121 38422
121 10035
13268 1847
13268 30081
13268 1441
13268 22294
13268 23860
13268 6032
13268 16183
13268 1688
13268 39270
13268 21123
13268 25510
13268 39058
13268 39379
13268 24060
13268 3479
13268 4463
13268 13268
13268 39066
13268 18260
14726 1688
7666 26522
7666 38783
38032 38032
38032 6085
38032 6794
38374 18263
38374 6976
38374 38374
35697 2000
274 39028
26827 26827
26827 38566
4961 32961
4961 34538
4961 39026
4961 21123
38106 38106
38106 78
32741 11546
32741 1306
32741 10231
32741 6794
38144 6094
38144 38144
39047 39047
3544 15629
3544 66
3544 1985
3544 3544
2821 38783
2821 38481
2821 2290
2821 18238
2821 2821
2821 14901
2821 32332
2821 2147
2821 30412
2821 2841
39026 6094
39026 39026
39026 2264
39026 24165
37808 15629
37808 4054
37808 37808
37808 25715
37808 30412
27829 2294
27829 38960
27829 27829
12310 39066
12310 19949
2954 38960
2954 2954
14901 14901
14901 10095
2181 2181
2181 49
37338 38468
10083 17495
2784 2290
2784 2784
2784 2669
2985 38212
38148 38148
2264 2264
26522 39201
26522 8430
26522 3891
26522 38767
26522 26522
26522 30412
2530 38334
2530 38623
2530 35313
2530 2807
2530 3032
2530 33509
2530 5263
2530 38053
2530 1985
2530 2530
2530 18943
38749 39082
38749 1345
37405 37405
5701 38558
3634 1306
3634 21095
3634 24060
3634 38701
35520 24494
35520 11768
35520 35520
9118 763
451 6563
38701 21095
38943 1176
38943 38943
27603 25494
25199 6094
25199 38002
25199 25199
14447 6801
14447 360
14447 14447
14447 33699
14447 2623
29316 15629
29316 7206
29316 21265
29316 29316
29316 38783
29316 32332
29316 38053
29316 78
29316 30491
29316 2874
38962 2807
10076 39201
10076 4428
10076 4096
10076 10076
21123 1441
21123 20186
21123 28128
21123 16183
21123 2029
21123 21123
21123 7538
21123 7311
21123 19545
21123 13972
4463 39082
4463 29444
4463 353
4463 25510
4463 4463
4463 16659
5495 25854
5495 5495
39086 18128
39086 22277
39086 39086
39086 17836
11233 7206
35313 35313
35313 2807
35313 21095
17836 37684
17836 39038
17836 11115
17836 17836
17565 6976
17565 17565
32389 32389
32389 29813
32389 38402
32389 8430
32389 12178
32389 39066
32389 2622
32389 32332
24494 9025
15342 15342
39155 6794
5869 10839
5869 34859
5869 10095
38496 18263
38496 1345
38496 38496
38334 20186
38334 49
38334 38334
38334 12547
38334 2841
38624 21706
38624 12337
38624 37215
38624 11016
38624 763
38624 9025
38624 6094
38624 1459
38624 38624
2083 2083
2083 4
2083 18238
2294 15629
39082 39082
37532 2841
605 7844
6986 11025
6986 39250
6986 38308
27972 9417
24637 1441
24637 24637
2841 32332
2841 4428
2841 7206
2841 22804
2841 12547
2841 2841
2841 2797
2841 12166
2841 22989
2841 1149
2841 1446
22989 38359
22989 22989
20186 6094
20186 1441
20186 20186
4042 18263
4042 360
36106 1847
30412 22
30412 32332
30412 37316
30412 2290
30412 30412
30412 10591
30412 35981
30412 10035
36554 15629
36554 32332
36554 17969
38308 9871
38308 346
38308 36931
38308 4428
38308 4054
38308 38308
29697 29697
29697 11768
955 24165
955 955
955 10426
3995 3995
3995 34538
3995 20356
2290 38783
2290 5101
2290 5810
2290 2290
2290 21119
2290 39140
2290 38282
2290 21095
2290 11765
317 4231
317 23204
317 9025
317 317
12978 12978
38925 11260
38925 38925
38925 1176
1345 1345
1345 6269
1345 30684
1345 37434
1345 11214
1345 34490
1345 32210
1345 25510
763 34538
763 36938
763 38845
763 36162
763 26116
763 6269
763 18943
763 38708
763 38324
763 37728
763 30081
763 23860
763 24498
763 39195
763 763
763 3621
763 28128
763 22030
763 5732
763 38697
763 39062
39028 39028
39028 25510
39028 13972
1149 6085
1149 38783
1149 23860
1149 2000
1149 31979
1149 1149
26809 26809
26809 11768
26809 6976
32210 1441
32210 32210
32210 28128
15629 15629
15629 25791
15629 36035
15629 2669
15629 38827
15629 1450
15629 22
15629 25510
15629 37215
15073 24965
15073 36035
3396 32332
3396 49
10095 6094
10095 10095
31603 12166
6094 1847
6094 23542
6094 39117
6094 468
6094 2000
6094 6649
6094 3401
6094 38468
6094 38324
6094 1004
6094 6415
6094 30684
6094 12301
6094 1441
6094 6771
6094 25510
6094 21265
6094 6085
6094 38119
6094 35353
6094 21095
6094 1650
6094 6094
13898 13898
7460 19252
7460 4054
7460 23917
7460 7460
35338 3
35338 35338
35338 17969
360 38979
360 360
360 12166
360 6574
360 2039
9097 33022
38324 38324
2623 4231
2623 18756
2623 66
2623 2623
21095 35336
21095 23860
21095 18496
21095 36591
21095 38697
21095 39131
21095 12643
25355 25355
21375 38394
24389 4231
24389 24389
24389 1688
35336 35336
38743 8955
78 36162
78 78
78 39131
78 29231
78 24498
12484 24165
35416 6801
35416 38783
35416 35416
1049 890
16628 16628
39250 39250
9694 31883
38471 4428
11214 11214
30491 30491
30491 1441
30491 24165
34427 1492
34427 20281
24386 38861
13762 1190
1441 1441
1441 34538
1441 20281
1441 24165
1441 34490
1441 18496
1441 28128
1441 37857
1441 39162
1441 38858
17495 17495
17495 23917
38328 38328
33290 37661
1306 6400
1306 1306
1306 32332
32650 9025
32650 1737
32650 32650
38375 37803
2043 37316
37419 37419
37419 2039
38827 32332
16959 16959
38254 13972
7252 39117
184 184
184 36938
7193 7410
7193 30684
5263 1985
5263 11546
5263 5263
13904 13650
13904 13904
37803 4231
37803 37803
9025 1737
9025 36162
9025 19949
9025 33509
9025 39162
9025 12547
9025 7576
12166 27923
12166 9305
12166 12166
9091 9091
1004 11768
38434 38654
2029 2029
2029 11028
31356 31356
31356 11926
38054 6976
1061 38960
1061 7576
38893 38889
29444 37119
24498 24498
24498 36047
16019 6794
21265 13972
38972 38972
10365 10365
10365 3199
10365 11016
460 21724
3928 3928
80744 1450
32830 30684
38200 7206
38200 2000
38200 38200
11115 7206
11115 2000
11115 6085
11115 11115
6269 1847
6269 30684
6269 8430
6269 34538
6269 25510
6269 6269
16267 16267
1688 19433
1688 1688
2000 6794
2000 38783
2000 2000
2000 35706
38288 38288
10718 37661
19475 38010
38708 38708
5015 11765
39220 38783
38558 38558
1737 1737
1737 39117
1737 10035
14024 14024
8991 8991
8991 38783
38783 38783
38783 7206
38783 6085
38783 4002
38783 8430
38783 11260
38783 6794
32332 10035
32332 32332
32332 10591
32332 31883
32332 36883
32332 8430
24165 31883
24165 24165
37661 37661
37661 5732
37661 703
17022 38198
7311 18263
7311 7311
7410 4231
7410 7410
16046 2349
39201 36938
1446 9305
37555 37555
1840 1840
34984 13972
38337 6085
36640 36640
24192 30155
22052 34538
30684 30684
30684 38053
38053 35353
38053 703
38053 2874
38053 2669
22277 16107
22277 6794
22277 38889
22277 22277
22277 37728
8430 18263
8430 36883
8430 6976
8430 3628
8430 39163
8430 8430
8430 2508
22971 6085
6801 6801
38282 38282
4002 4002
4002 3711
19433 19433
19433 21907
19433 38566
38697 1847
38697 38697
13650 13832
13650 10035
37400 37410
37400 37400
20281 10903
23860 23860
39263 39263
7591 34538
2622 38002
2622 2622
2622 27090
2622 25510
39235 39235
36469 38481
3676 3676
11260 11260
11260 25510
11260 38654
20995 15782
20995 20995
22741 22741
38845 38845
9305 9305
468 18263
468 66
29231 6794
29231 29231
8187 25510
18496 1650
18496 18496
385 385
385 36047
385 39117
36162 1847
36162 36162
38566 38566
38566 36687
23917 23917
22294 22294
25510 3621
25510 25510
25510 39062
19988 19988
18512 36931
18512 18512
24060 12643
24060 38700
24060 24060
1199 1199
36035 36035
36035 2874
37433 37433
3711 3711
38473 38473
18628 18628
18628 6794
10035 1847
10035 2874
10035 3
10035 10035
2672 18263
2672 2672
34538 703
34538 38944
34538 9928
34538 34538
34538 406
34538 956
6427 350
4428 9871
4428 38432
4428 4428
27923 27923
37215 37215
11768 11768
38753 38753
38753 6756
1044 1044
34435 38960
34435 20062
4231 66
4231 4231
4231 4149
4231 38562
16356 16356
38814 7206
38814 38814
38814 6794
1985 11546
1985 1985
1985 4707
6032 6032
7341 36931
37316 37316
21706 21706
11546 36938
8217 8217
8217 6976
21119 36938
35353 38750
35353 35353
35353 2669
7732 11926
13832 13832
1851 66
39062 39062
37857 37857
37857 18943
38481 38481
1847 18263
1847 1847
38960 38960
36883 36883
39131 39131
15915 6085
18850 11919
38654 38654
12664 30855
36591 36591
38788 38788
39058 39058
5442 4137
14166 12643
37809 37809
39359 39359
16183 16183
16183 13972
2039 2039
39163 1281
39163 39163
37333 37333
37333 6756
36687 39323
37434 37434
39162 39162
39162 19949
21724 21724
38858 38858
50973 5124
25232 25232
6976 3621
6976 31883
6976 6976
6976 38393
6976 34490
26116 26116
18756 18263
18756 39052
18756 66
18756 18756
7538 38391
33768 7206
17114 39080
38852 38852
4137 6085
38347 2874
38221 38221
36047 36047
1459 39117
38104 11919
2642 2642
1162 11966
1162 1162
31970 31970
5732 5732
13251 66
13251 38623
38228 6085
13972 2349
13972 13972
38445 6085
4054 9871
4054 4054
7206 5017
7206 7206
7206 6794
7206 38700
22030 22030
11919 11919
18943 18943
22 22
11025 11025
6400 6400
8047 18263
25791 25791
11926 11926
11926 3621
30081 30081
5017 6794
5017 5017
5017 6085
37883 37883
6756 6756
20062 20062
10591 10591
2874 2874
38944 38944
3621 6085
3621 3621
31883 31883
28128 28128
38979 6574
12643 12643
18128 18128
39117 39117
39117 6085
34490 34490
49 49
49 1176
25854 25854
6794 6794
6794 18263
12610 12610
23542 23542
66 18263
66 66
38432 38432
38623 38623
19949 19949
4149 4149
9871 9871
18263 18263
6085 6085
6085 18995
38700 38700
38562 38562
