58567 26522
56097 29697
56097 1847
56097 56097
56097 58784
56097 6494
56097 2926
56097 16183
56097 8133
56097 47071
56097 6101
56097 57297
56097 5690
56097 6545
56097 33039
56097 763
56097 57398
56097 4832
56097 8800
56097 14450
56097 13923
56097 5810
56097 10454
56097 18238
56097 22606
56097 13360
56097 25485
56097 1946
56097 12705
56097 38448
57280 21095
57280 12166
57280 57280
2733 38966
2733 2000
2733 12705
2733 38866
2733 1946
2733 2926
2733 2733
2733 4814
45954 20507
20343 49208
20343 25477
58306 979
382 11500
9124 2383
58536 1840
58536 21095
39521 4040
7144 1015
49793 31286
26674 57255
32467 32467
32467 5993
32467 6999
42101 20507
42101 42101
5498 52824
57915 8103
57915 43088
57915 3502
10366 7206
10366 16785
10366 37354
10366 2841
10366 18943
2554 11142
2554 2689
2554 18698
2554 15129
2554 37850
2554 24872
29273 11056
29273 9317
31179 9025
31179 31179
31179 19885
25358 25358
25358 7666
25358 5101
25358 20052
58247 25510
58247 48839
58247 45305
19045 58324
19045 19045
19045 50846
19045 7666
37822 54577
11142 58188
11142 11100
11142 23542
11142 398
11142 13972
11142 56571
11142 51733
11142 40780
11142 4181
11142 2234
11142 1162
11142 3803
11142 1463
11142 57988
11142 49247
11142 35702
11142 8857
11142 30264
11142 6094
11142 58753
11142 39495
11142 57941
11142 21684
11142 58508
11142 21123
11142 36060
11142 18739
11142 38624
11142 58307
11142 57752
11142 934
11142 58459
11142 58671
11142 5810
11142 48839
11142 3324
11142 7410
11142 11142
11142 23291
11142 4312
11142 56391
11142 36735
11142 25510
11142 763
11142 57892
11142 58039
11142 11054
11142 8252
11142 12120
11142 26700
11142 40793
11142 908
11142 10481
11142 21815
11142 17835
11142 20302
11142 11260
11142 58457
11142 56727
49822 6094
49822 359
14454 14454
14454 13972
14454 1573
2678 56920
2823 2823
2823 29319
2823 8385
3075 402
58745 15629
58745 4231
58745 4767
9449 46071
5034 14094
5034 5034
19593 13381
12604 58171
48985 297
48985 18739
48985 8008
48985 5239
48985 7710
48985 48985
48985 12481
41145 44104
41145 41145
12489 43108
12489 12489
27400 27111
27400 25011
27400 1345
27400 27400
7048 7048
11856 45057
806 58415
38448 29697
38448 27188
38448 12120
38448 9317
38448 50427
38448 763
38448 7742
38448 11781
38448 6094
38448 14493
38448 828
38448 10134
38448 20302
38448 57973
38448 290
38448 20507
38448 2954
38448 38448
38448 13650
12481 935
12481 5091
12481 57752
12481 1306
12481 41032
12481 1056
12481 10898
12481 3684
12481 27453
12481 58744
12481 3400
12481 11100
12481 19874
12481 4872
12481 26522
12481 7710
12481 30264
12481 12481
12481 23827
45119 3948
58559 9924
58559 297
58559 935
58559 58559
58559 22389
58559 3106
58559 48859
58559 29783
41035 22989
20598 22253
21302 43088
424 5259
424 12310
41060 8588
41060 7631
41060 48839
41060 34538
41060 32332
41060 5734
41060 16183
41060 17836
41060 3684
41060 25511
41060 50846
41060 4312
41060 18756
41060 3948
41060 3545
41060 2042
41060 763
41060 766
41060 26039
41060 18263
41060 26349
41060 4832
41060 8737
41060 30062
41060 4613
41060 24669
41060 44931
41060 30375
41060 23193
41060 38566
41060 55893
41060 14493
41060 12705
41060 58235
41060 56727
41139 290
41139 4721
41139 2384
41139 8385
41139 29783
41139 11260
41139 25510
41139 41139
58784 55893
58784 36688
353 6094
353 6948
353 29783
353 2
353 57888
353 34490
51663 50249
51663 51663
12205 7333
1532 10235
1532 1532
2183 13767
3461 955
54631 4428
54631 46690
54631 14385
54631 9317
57979 55893
57979 13972
57979 57979
52833 52833
58446 12643
58446 12898
58446 48839
58446 763
58446 58446
21815 42021
21815 21815
21815 9317
21815 25854
21815 6101
21815 1310
58396 2233
4661 40793
6818 15629
6818 57843
6818 13268
6818 13972
6818 58201
6818 20052
41541 40297
41541 39015
41541 6950
4362 24078
4362 7089
4362 14497
4362 57965
4362 22051
4362 36554
4362 37354
10696 10696
10696 47862
10696 38889
10696 56577
57020 57020
57020 2660
12192 34461
56384 5784
21014 6094
58206 58206
58206 36466
58206 8385
7402 48826
582 24965
582 582
582 20391
25516 25516
25516 56885
25516 4177
12357 57448
12357 45664
12357 30264
3521 3847
3521 58072
3521 41650
57473 17907
57473 5101
57473 57473
12518 55875
40484 8103
45668 11260
45668 8103
45668 45668
34106 10724
51733 12643
51733 8385
51733 51733
43108 43108
43108 2284
43108 37555
16002 290
16002 58562
16002 2042
2570 57596
46071 46071
46071 38468
46071 14514
46071 13265
46071 7460
17988 36938
17988 11025
7378 35593
31807 15735
31807 31807
57743 9836
24076 29783
24076 58415
25692 58439
19158 1540
51508 4231
51508 23291
51508 56639
51508 51508
51508 12705
51508 58582
57879 25510
57879 13972
57879 1573
57879 57879
8621 8621
8621 57958
21369 2503
7302 4872
7302 11926
7302 23827
15884 15884
15884 13268
9944 57771
26039 57022
26039 4987
9502 17901
9502 57569
2868 58604
4760 1463
4760 32210
4760 21684
44143 1946
51413 1898
51413 1266
58395 290
58752 11054
6342 8628
6342 39115
2906 47147
2284 2481
2284 27188
7409 763
7409 7409
7409 402
1878 37238
4832 58552
4832 54267
4832 56932
4832 8737
4832 36563
4832 51526
4832 11009
13356 13356
55875 36090
55875 55875
55875 14024
3993 19874
6043 58262
919 58106
20597 11233
20597 1946
20597 57583
20597 17836
20597 20597
30537 30537
30537 11260
6950 48137
6950 51286
6950 54369
6950 6950
6950 66
6950 43198
6950 2290
6950 58372
58229 4600
4794 58324
4794 57752
58327 9025
58327 3041
58327 8133
9836 9836
9836 440
9836 11100
9836 3106
9836 9025
9836 12705
238 11260
1708 11926
6496 6496
6496 12120
6496 3684
6496 3651
25458 32332
47071 47071
47071 2273
47071 58778
47071 58592
40297 24078
40297 57309
40297 5101
40297 27398
40297 2290
40297 58044
40297 297
40297 40297
40297 2191
40297 13265
40297 19475
40297 46690
40297 9617
40297 58623
40297 56505
40297 54369
40297 36688
40297 4096
40297 58018
40297 58346
40297 48137
40297 58072
40297 58203
40297 17630
10134 3272
2106 36223
30264 57514
30264 27829
30264 3106
30264 2954
30264 30264
30264 4177
4366 58345
58541 58541
58541 14551
20595 1056
20595 9652
20595 20595
20595 8857
20595 8385
7710 8008
7710 48826
7710 7710
7710 3324
3710 2039
440 6094
440 58637
440 2233
391 121
391 12884
391 391
391 22721
391 41650
57736 57736
8385 4054
8385 27626
8385 2501
8385 8008
8385 47144
8385 7732
8385 4231
8385 39082
8385 6794
8385 9144
8385 4600
8385 48797
8385 6094
8385 30375
8385 36014
8385 1946
8385 54367
8385 58793
8385 18205
8385 8385
8385 57464
8385 3324
8385 50846
8385 38075
8385 4639
8385 18263
8385 3635
8385 8628
8385 20186
8385 1389
8385 1840
8385 5407
8385 58001
8385 121
8385 1056
8385 47958
8385 4497
8385 4312
8385 34461
8385 12705
8385 23141
8385 37850
8385 23571
39602 3106
39602 121
39602 5279
11920 11919
11920 48142
50551 22051
50551 58552
50551 40206
8721 17835
54386 3206
37099 454
58675 5690
58074 121
58074 58074
12898 58011
12898 57697
284 13767
284 284
7709 297
7709 58345
7709 18739
7709 3272
7709 32968
16215 39495
16215 16215
16215 11100
42278 36060
42278 290
42278 2841
42278 22051
42278 42278
42278 58508
42278 7666
6345 6345
6345 20391
27453 27453
27453 29491
27453 17835
39015 57425
58648 54415
58648 58648
45740 29697
7721 402
3041 3635
3041 3041
3041 38085
3041 66
3041 48866
3041 8799
3041 2234
3041 4690
12170 934
58718 2497
40780 58777
2011 1898
2011 13650
58346 7460
58346 6107
58346 47305
34919 11054
34919 34919
34919 44220
34919 8008
34919 38624
14497 58671
14497 23291
14497 21907
14497 22781
5337 297
49045 18263
49045 49045
49045 42047
49045 20302
4814 38966
4814 2578
4814 47958
3891 15629
57842 57804
5801 5301
45664 45664
45664 2954
45664 27829
45664 38624
13917 39066
13917 45600
13917 25953
25477 2841
58042 9317
6133 22051
6133 6133
6133 29873
17294 55893
17294 15629
17294 17294
17294 21684
17294 48839
39332 40291
5937 26935
10707 10707
10707 11546
56639 121
56639 56639
56639 12705
8737 17114
8737 8737
8737 1056
8737 48839
8737 2641
8737 121
8737 14493
8737 26591
8737 18060
8737 46331
8737 634
8737 6094
10893 33018
10893 58171
10893 46144
10893 40719
14869 11500
31233 473
43850 3502
5690 6936
5690 7089
5690 56594
5690 2926
5690 2669
5690 50846
5690 36067
5690 34538
5690 4639
5690 5081
5690 57278
5690 3634
5690 58669
5690 4002
5690 5690
5690 121
5690 4231
5690 12310
5690 32985
5690 6101
5690 58777
37537 13650
4767 4231
4767 11056
4767 4767
20391 12178
20391 20391
20391 2807
20391 13514
38104 18950
38104 38104
38104 40983
38104 2926
33018 33018
33018 21907
8927 8508
9924 9924
9924 29783
9924 3106
9924 2290
20282 50846
11025 10503
11025 7666
19874 38468
19874 404
19874 1056
19874 57617
19874 11100
19874 1409
27870 27870
27870 36625
27870 12166
27870 644
48444 1464
48444 1
4053 14094
4053 15482
16702 26935
16702 58532
16702 57697
4177 7206
4177 1310
4177 48866
4177 39495
4177 49247
4177 58669
4177 37354
4177 58457
6451 24224
6451 26349
58356 5015
58356 3272
58356 17503
58356 57975
58356 19475
58356 2954
58356 763
58356 38624
1703 5259
56827 40983
58420 51546
46104 48137
46104 46104
47305 25510
5239 5239
5239 56403
3753 58109
3753 58630
54367 54367
54367 3324
44722 17581
2082 2082
2082 3948
2082 20302
930 7743
930 4721
8133 57514
8133 6794
8133 4497
8133 12844
8133 43354
8133 17836
8133 8133
8133 57662
8133 57583
8133 57297
8133 14024
8133 31446
8133 14340
8133 11115
8133 12705
8133 8176
51420 30375
50427 50427
50427 13268
39129 39129
39129 58180
39129 4987
58618 38523
351 351
351 34538
14450 3635
14450 57804
14450 14450
14450 11124
14450 801
14450 57278
14450 57836
14450 18739
14450 12610
14450 1492
14450 15302
14450 13650
14450 35840
11546 11546
11546 13265
11546 12166
11546 40779
613 58825
613 57891
613 40746
613 17047
613 10834
613 613
613 2622
613 18850
613 8887
16888 3545
24224 13832
44931 13070
44931 1464
44931 15934
44931 36950
44931 44931
10330 20787
10330 1021
45600 11260
40206 21907
56880 121
56880 52824
57804 4231
57804 12858
57804 14653
57804 32332
57804 4614
57804 35416
57804 26178
57804 15934
57804 290
57804 20764
57804 57804
1409 38966
1409 32389
1409 10481
42511 50560
42511 9091
299 450
49056 49056
49056 12705
49056 3684
49056 1306
48609 17581
48609 27637
31261 38468
31261 7410
26207 55932
2051 27111
2051 2497
2051 7089
2051 30375
38190 1650
38190 14094
38190 1441
38190 32210
38190 58051
38190 1345
38190 38190
44050 12383
57639 57648
57639 824
57639 11054
57639 3948
57639 57639
47135 955
47189 56972
47189 47189
29783 2384
29783 48859
29783 29783
29783 6094
29783 3106
29783 58087
29783 37144
29783 43528
20764 20764
20764 8799
20764 17581
434 4613
46987 2290
46987 46987
34515 37159
12605 25511
12605 12605
1682 9377
1682 7206
31045 14094
31045 15934
31045 35840
58779 1946
58779 12705
58779 13650
58779 7743
58779 58779
8112 48839
8112 8112
8112 58508
22389 22389
22389 31317
22389 3928
22389 57680
58807 6545
46629 4600
21402 21402
21402 38267
48067 13244
48067 56287
48067 39725
3623 3684
57991 57991
57991 49268
949 57425
11145 10290
11145 17968
11145 1946
58793 5709
58793 13650
52954 7089
2234 38966
2234 763
2234 12705
48859 18279
48859 32866
48859 48859
1463 57278
1463 1463
1463 58488
1463 22606
1463 892
1463 38889
1463 398
1463 15770
17263 3106
17263 55893
17263 17263
38109 37354
43423 43423
43423 40640
43423 4428
43423 57635
43423 580
43423 23758
43423 22880
43423 13268
43423 13514
43423 5259
43423 4500
43423 21574
15482 23291
15482 14094
15482 15482
39495 57514
39495 18263
39495 58068
39495 54239
39495 39495
39495 35626
39495 121
39495 21123
39495 58387
39495 1227
39495 6094
39495 40053
54577 6101
54577 15129
14094 5301
14094 32332
14094 36554
14094 48084
14094 38889
14094 4639
14094 18943
14094 4231
14094 1345
14094 801
14094 58125
14094 41291
14094 57278
14094 14094
14094 47958
14094 58307
14094 57428
56434 56434
56434 35840
2481 18238
2481 3272
2481 58392
2481 9317
2481 57657
2481 58057
2481 2481
2481 58510
2481 48142
2481 10898
7392 45494
7392 1106
58582 58582
17835 27111
17835 1465
17835 2669
17835 17835
40804 8103
394 24078
394 934
394 394
394 290
394 57428
394 57532
58630 11100
58630 10941
3460 41734
3460 37354
3460 3460
3460 12310
20052 4231
20052 20052
14120 41291
58593 121
57973 6094
57973 29697
57973 47484
57973 57973
57973 13650
57973 955
58781 58781
58781 13268
58781 20302
58660 58673
58660 58660
8628 8628
8628 3948
8628 14830
8628 35626
8628 3627
8628 57255
8628 17836
8628 58082
8628 47958
8628 8008
8628 3684
8628 2233
8628 57975
8628 1474
8628 2954
8628 1946
8628 46317
12120 58499
12120 57514
12120 3948
12120 12120
12120 57856
12120 56501
12120 37439
12120 21907
12120 2039
12120 54557
12120 21870
12120 58532
12120 57532
12120 57938
12120 49672
24676 11178
58001 6085
58001 25510
58001 451
28104 57278
28104 25563
28104 58028
28104 58415
28104 11124
28104 3635
28104 34461
6262 16109
6262 1261
16510 25329
14848 41650
6936 18238
57309 5100
57309 5101
58753 327
58753 58753
1465 18263
1465 33322
1465 13119
1465 58459
1465 25511
1465 45673
1465 44691
1465 22763
1465 58590
1465 37354
1465 30363
48826 297
48826 11919
48826 48826
14555 14555
14555 763
4181 2290
4181 4181
4181 2039
4181 11919
57255 23193
57255 13480
57255 733
57255 57255
15023 56391
297 30081
297 58769
297 52824
297 4542
297 4428
297 21278
297 2290
297 3324
297 50249
297 297
297 23291
297 11919
297 18060
297 15629
297 2530
297 57888
297 38468
297 14830
297 26935
297 3272
297 38203
297 5100
297 290
297 1946
297 13650
297 10839
1015 44897
57155 55893
57155 57155
29491 58089
29491 29491
9617 19088
9617 23193
9617 37354
9617 7460
9617 9617
39537 1898
23572 454
23572 1233
23572 6015
23572 1020
5789 11260
1573 30375
1573 1441
1573 58459
19943 62675
22131 57992
5091 13650
5091 10898
5091 40023
21051 21051
21051 42047
21051 50752
21051 11211
21051 2622
21051 37850
21051 4696
41777 55893
41777 41777
10980 37555
10980 6756
10909 57878
10909 11009
1233 13650
13480 10007
34461 29697
34461 26935
34461 34461
57965 15629
57965 763
57965 57965
57965 9928
437 47658
36067 6094
36067 2807
36067 2622
36067 16183
36067 48084
58415 6094
58415 20186
58415 35626
58415 2954
58415 4961
9658 57859
1234 11500
58291 17581
3635 43395
3635 3106
3635 3635
3635 50658
3635 4639
259 24541
58385 18263
10941 53197
37103 11919
13542 12337
9550 2290
41862 36625
14551 14551
14551 58196
4497 1898
4497 4497
4497 15819
4497 25510
2660 2660
58055 42864
11009 36814
55881 55893
55881 55881
55881 3948
58412 1898
58412 22253
24854 16486
318 57989
318 11765
3627 3627
46690 46690
46690 33322
46690 2503
46690 58141
46690 7952
46690 50846
46690 13265
46690 38075
46690 58240
46690 6107
46690 37354
46690 2841
57655 11260
57655 30684
8800 2273
8800 8800
5150 3143
42864 42864
519 51251
519 6772
40023 121
40023 50610
40023 11926
40023 8008
40023 3324
40023 12705
40023 26522
40023 2290
40023 40023
40023 38624
57782 49066
57782 21291
57782 5712
57782 3684
57782 57782
54415 6794
22758 22758
22758 44602
22758 58201
22758 5734
22758 15570
10503 13625
11211 2622
11211 11211
43354 1946
7089 7089
7089 20716
7089 21349
7089 763
7089 5712
7089 8430
7089 3272
7089 58835
7089 55893
7089 5519
7089 58777
7089 13650
35529 35529
35529 22763
35529 8032
35529 43326
31310 121
31310 57514
31310 11100
31310 3928
31310 31310
31310 57706
31310 32660
31310 35626
31310 6094
31310 4600
41953 1946
41953 41953
41953 58706
15124 3847
15124 32332
26576 50846
15770 15770
21965 43088
40779 40779
40779 2926
40779 39004
40779 10368
40779 12166
9022 9022
51526 2622
51526 3948
8345 2841
57278 57278
57278 9694
57278 35575
57278 52997
57278 12166
57278 35840
9144 1840
9144 9144
9144 8857
9144 38624
21870 46298
21870 48839
21870 21870
58228 18263
58228 20302
58777 8588
58777 1168
58777 14493
58777 58777
58777 2926
58777 25510
644 3502
19276 21349
19276 39261
19276 9072
19276 36814
19276 57428
19276 16183
14895 50249
5274 11500
889 57568
21278 23291
65 11500
7952 4428
7952 7952
13265 24965
13265 57958
13265 21574
13265 4707
13265 58596
56312 14514
56312 11926
37354 7460
37354 19949
37354 56885
37354 41103
37354 32389
37354 50846
37354 14447
37354 49247
37354 4002
37354 24706
37354 23193
37354 37354
37354 290
37354 62675
17968 1946
17968 17968
1310 13767
1310 12178
1310 33322
1310 58769
1310 9317
1310 290
1310 4428
1310 49247
1310 1310
6647 10290
6647 40983
38965 57321
29661 38566
29661 2968
58508 11054
21108 4800
3847 41650
3847 58372
3847 3847
3847 40793
3847 4096
3847 58623
5627 30186
58590 58590
58590 26935
58590 35840
1946 8991
1946 2672
1946 57467
1946 2926
1946 17836
1946 3873
1946 2000
1946 4312
1946 1176
1946 33039
1946 3106
1946 18263
1946 8809
1946 12705
1946 57427
1946 58089
1946 38200
1946 2689
1946 4600
1946 57583
1946 1946
1946 11115
1946 33768
1946 58706
6634 37850
2191 5181
2191 31724
2191 50846
2191 40883
2191 66
2191 24706
2191 58141
7437 4961
7437 4096
8809 8809
2384 39066
2384 57448
2384 14024
2384 2669
1266 58320
21574 57966
21574 26935
21574 58125
21574 21574
75 6101
75 48797
75 58014
38729 15192
47958 763
47958 34538
47958 35626
47958 17836
47958 47958
47958 15934
47958 12705
47958 766
30186 2000
30186 48839
30186 30186
56169 20507
54802 55893
54802 54802
31026 31026
31026 53091
51484 1441
51484 58328
51484 51484
51484 3324
57222 17261
24563 2273
57704 20781
57704 2926
41654 41654
41654 13650
41654 766
41654 13972
50485 23008
57988 1898
57988 57988
9534 56920
9534 43088
5301 5301
6948 58719
12844 8008
12844 12844
11317 14447
11317 43326
11317 2149
15597 50846
15597 4639
21291 58087
23008 23008
23240 17901
23240 23240
16183 4231
16183 3377
16183 7333
16183 56819
16183 10035
16183 4696
48839 57514
48839 48839
48839 27013
48839 58137
48839 29444
48839 57765
48839 3948
48839 56727
48839 36814
48839 57993
48839 21684
48839 16659
48839 41285
48839 44691
48839 51278
48839 58014
48839 21907
48839 12705
48839 37850
3324 11417
3324 3545
3324 25329
3324 57861
3324 56501
3324 2290
3324 3324
3324 50610
3324 48142
3324 12705
3324 58328
3324 31603
3324 50965
13070 12705
13070 49009
40700 40700
47889 47889
47889 8008
47889 3684
58112 58271
58804 745
58804 1441
58804 13268
25329 3684
25329 32332
51275 51275
1056 18263
1056 57980
1056 58563
1056 1056
1056 58345
1056 3032
1056 43528
1056 39754
1056 13825
1056 29697
1056 41522
1056 22277
1056 37144
14515 41626
14515 14515
14515 57961
14515 43941
57872 57871
57872 21095
32151 20674
39421 57925
39421 15129
57532 121
57532 57532
57532 3948
47499 29697
58551 13650
58551 4600
58305 58305
58305 35508
35227 13972
35227 35227
27816 50846
50965 50965
2042 12858
2042 9652
2042 50846
41593 37555
57510 10059
58068 9652
58068 12705
58068 58068
2503 121
2503 41650
2503 58240
2503 2503
2503 381
2503 23122
2503 58623
2503 3901
2503 47658
50610 21095
10084 47484
7092 19844
43528 3106
43528 3684
18850 21349
18850 13972
8588 121
8588 32210
8588 9317
58005 3318
31286 31286
6756 6756
58372 121
58372 52824
58372 58372
48506 1540
46626 37687
58488 38889
6101 57514
6101 6094
6101 2586
6101 454
6101 2926
6101 8508
6101 57697
6101 41537
6101 8252
6101 37373
6101 6101
6101 49
6101 37850
745 51685
745 46119
27188 27188
34180 2233
57870 9062
57518 57858
50752 50752
58089 58089
19243 9091
5407 14493
41285 49208
41285 41285
1797 13514
58014 58017
20781 20781
20781 1176
20781 41291
36625 24078
36625 32022
36625 763
36625 36625
58628 22989
58628 57975
58628 17836
58628 15934
58628 58628
58823 1441
41263 58457
3106 12705
3106 454
3106 57983
3106 57583
3106 4312
3106 3106
3106 763
3106 11115
57752 1898
57752 57752
57752 12705
321 66
22253 22253
22253 763
58790 13268
53091 32389
14493 38783
14493 9317
14493 25510
57856 55893
57856 57856
58171 57992
58171 934
19444 5899
19444 13650
51247 13360
2233 22377
2233 1389
2233 2233
2233 58637
57428 121
57428 58669
57428 57428
57428 13650
57428 23291
51604 4961
51604 13972
10059 10059
10059 3272
10059 733
10059 454
10059 12705
10059 38393
2039 5181
2039 2083
2039 23571
1540 58457
56865 50846
3873 4600
57858 57858
4312 2689
4312 4312
4312 9072
4312 35626
57635 57635
57635 30967
57635 50846
57635 13268
38200 10671
38200 4600
13625 23291
13625 37555
13625 11919
13625 13625
13625 8857
11540 402
11540 12166
5081 4002
11054 3621
11054 54267
48009 2290
22051 36060
22051 54458
22051 29873
22051 8008
22051 22051
22051 32470
58073 121
58073 58073
58125 42059
58125 290
58125 58125
58125 23291
58125 2669
25199 54239
34436 57680
33039 33039
33039 8008
33039 11115
17896 48672
5784 41666
5784 5784
21349 1650
21349 1847
21349 3272
21349 2926
21349 763
17261 17261
57992 763
44169 37850
8008 13650
8008 58262
8008 35626
8008 4600
8008 3032
8008 58218
8008 8008
8008 57871
8008 15302
8008 36272
18060 56505
18060 18739
18060 18060
18060 57958
18060 56910
18060 4639
18060 41291
18060 23758
56318 29879
1898 8430
1898 22157
1898 3487
1898 58730
29873 13650
29873 29873
48507 3143
454 6094
454 14024
454 454
454 13650
454 37850
51278 51278
56494 10265
7294 3948
7294 17047
58786 55893
58786 58786
58786 13360
57648 15570
57648 8369
57648 41071
57648 1061
8818 5181
58240 4333
58240 58364
58240 58240
12310 24221
12310 12310
12310 57966
12310 58455
12310 36688
50249 50249
2 71
5756 349
38629 57022
38835 7460
57448 57448
57448 14901
32259 40983
3948 54557
3948 13972
3948 57697
3948 32389
3948 39754
3948 2622
3948 3948
3948 56892
3948 34072
3948 55893
3948 58028
11124 11124
11124 22377
11124 36554
11124 1345
11124 58706
11124 35840
51043 1243
41291 7743
41291 34538
41291 2841
41291 3634
41291 41291
41291 184
41291 41650
41291 12705
41291 39004
22606 13268
15934 18263
15934 57980
15934 48273
15934 15934
15934 48797
15934 57975
15934 38889
15934 58432
15934 11178
15934 66
15934 57022
15934 15302
15934 763
15934 35840
15008 30967
57514 57514
57514 2926
57514 8430
57514 39754
57514 38624
12858 58262
49003 49003
49003 40983
49003 18739
49003 38889
49003 38624
58124 52824
29887 27249
57843 57843
35840 57975
35840 34538
35840 58492
35840 35840
2689 2689
2689 57583
2689 12705
2689 17836
2689 20787
38866 7206
38866 12705
38866 38866
35706 6666
4572 49247
10668 58387
8857 43697
8857 36814
8857 8857
8857 26522
8857 37850
43701 9025
9072 1245
9072 11926
9072 40145
9072 58096
9072 13650
58046 58046
58046 40145
21684 12325
21684 21684
21684 3377
21684 38889
58340 11260
34640 40640
38784 4231
38784 23291
38784 2530
40983 32332
40983 48142
11417 11765
5583 766
57432 11919
20787 8252
20787 38889
20787 11178
20787 21985
20787 1149
20787 4600
57862 55893
57862 57862
3684 54245
3684 57983
3684 37144
3684 36554
3684 31356
3684 935
3684 27626
3684 795
3684 6214
3684 43683
3684 19844
40883 56594
40883 50846
14514 58604
14514 58018
14514 57764
14514 58562
14514 14514
14514 3822
344 5181
344 4118
57610 4872
48273 48273
39115 58262
58665 58665
58665 5101
58314 290
58314 4231
58314 58314
58314 6986
58248 3143
9430 47484
9430 56932
4987 121
4987 11100
4987 763
4987 4987
19844 5015
19844 47795
19844 37436
19844 11919
19844 3503
19844 19844
37850 37850
37850 13119
37850 4600
37850 55893
37850 38889
37850 38566
37850 57975
11100 36060
11100 11100
11100 32660
12705 8991
12705 1106
12705 15735
12705 38447
12705 57697
12705 25510
12705 7206
12705 22019
12705 12705
12705 17836
12705 9025
12705 37159
12705 4600
12705 57583
12705 45594
12705 58032
12705 33768
58364 5015
58364 50846
58364 11919
58364 9317
58785 55893
9232 9232
9232 5101
9232 38624
10290 7206
10290 2000
10290 57583
10290 43266
10290 20033
57297 57297
57975 57975
57975 19475
57975 38851
58096 12643
58096 14830
22277 37661
22277 31446
50560 50560
58106 4231
58106 58106
14211 15629
58387 11260
8381 4600
57600 3291
18739 35626
18739 18739
18739 38889
18739 66
18739 1492
18739 38624
26778 13650
26778 26778
58366 13360
1245 1245
1245 55932
1245 11926
1245 3272
9317 29697
9317 9317
9317 58329
9317 38966
9317 38889
9317 57657
58730 8430
58730 58730
5712 5373
57697 13972
57697 26935
57697 57697
57483 57483
57483 3621
57483 56932
30967 35353
38075 38075
38075 360
38075 4428
38075 12166
36735 36735
36735 11919
586 55893
586 2841
14830 3621
14830 6214
14830 1306
14830 14830
14830 41032
14830 8252
14830 26700
23122 381
10454 47795
57714 55893
57714 57714
57714 763
57714 58368
57714 1162
41650 4002
41650 4707
425 425
57338 8430
2578 38966
2578 18263
44499 57398
44499 50846
37371 4600
58639 23291
2418 11500
56571 1345
2926 1106
2926 2926
2926 310
2926 38085
2926 58368
2926 57888
2926 46317
2926 57398
2926 54245
2926 3634
2926 763
2926 40793
2926 20803
2926 11115
17118 48539
17118 17118
25511 13972
25511 47973
25511 1345
22781 22781
22781 13739
27249 38468
27249 27249
57888 21095
57888 57888
16371 16371
33322 56920
18086 35626
18086 54245
1131 763
55932 55932
934 934
3503 49117
3503 3272
288 732
955 40439
11640 14447
11640 20233
11640 1017
11640 402
11640 4709
58137 763
19885 9025
19885 19885
58605 121
58605 52824
58605 58605
10400 10400
10400 50846
19008 41978
45057 35626
45057 11919
45057 45057
8032 8032
27328 290
27328 121
27328 4231
121 53197
121 34538
121 36554
121 2900
121 58797
121 40491
121 5263
121 43198
121 58623
121 4707
121 4002
121 121
121 13767
121 3272
121 13388
121 36223
121 12610
121 57910
13268 24078
13268 13268
58532 55893
58532 16659
51391 39754
24078 24078
24078 58435
24078 13972
24078 8799
24078 14901
52824 53197
52824 5101
52824 290
52824 4002
52824 5743
52824 23291
52824 11926
52824 24309
35626 35626
35626 9025
35626 47484
35626 27626
35626 6094
35626 58262
35626 1492
36563 23141
367 367
4961 2497
4961 317
4961 14653
4961 58619
4961 24525
4961 23860
4961 47484
4961 9485
4614 48866
43559 21985
51041 14447
27829 38624
27829 27829
5100 58562
2954 18279
2954 2641
2954 6094
2954 2497
2954 31092
2954 27933
2954 14024
1593 6094
30691 30691
30691 32210
8508 763
8508 6545
57657 3272
57657 11919
57657 57657
4872 26700
4872 41032
4872 4872
4872 57398
14340 32178
14340 14340
14340 47312
26522 3272
26522 11919
26522 11926
26522 26522
2530 2586
2530 66
2530 3992
2530 36223
2530 30375
2530 40491
766 766
766 10035
2807 58087
2807 57980
2807 9025
3634 7206
3634 23571
3634 3634
3634 11115
11885 47796
17907 58142
17907 13650
53157 20507
47147 47147
4158 10718
4701 4701
4701 11919
4701 38624
12156 12156
451 56594
14024 6094
14024 14024
14024 25510
14024 13650
14024 2290
14024 13972
20302 42047
20302 20302
20302 11260
29333 763
29333 34538
57675 6094
7631 13650
7631 54239
398 398
1106 57891
40588 763
40588 40588
40588 20186
27626 27626
18279 18279
18279 38624
14447 5181
14447 290
14447 43326
14447 402
14447 14447
4144 13767
4144 30081
17503 17581
10076 17901
21123 1441
57583 33768
57583 57583
57583 12976
55893 40746
55893 18698
55893 57464
55893 56501
55893 55893
55893 51031
55893 54245
55893 57976
55893 57765
55893 57859
55893 36814
55893 5810
55893 21907
55893 49672
58032 9025
39086 7206
39086 39086
45947 2290
45947 23542
45947 11919
45947 38624
11233 11233
11059 3400
799 10718
2362 9652
2362 23291
17836 11115
17836 17836
17836 2000
17836 23193
17836 6794
7934 49208
54311 54311
54311 58349
23291 4231
23291 23291
23291 38889
23291 7
41537 8176
51031 26935
51031 11260
48265 57617
40220 40220
54267 17114
54267 54267
402 37661
402 23193
402 402
58596 58596
58220 23193
38966 38966
38966 57712
38966 11115
45594 17581
3291 11260
38624 3621
38624 3272
38624 11919
38624 38624
38624 1149
38624 38889
37159 5442
58320 13650
27840 2841
58018 7666
42047 42047
42047 40746
42047 23571
49247 30375
49247 381
49247 9253
49247 49247
45609 6784
45609 2290
17064 6214
19189 47862
23827 37090
23827 23827
23827 37555
7410 15629
4042 4721
38807 763
3859 45494
58132 10035
2273 763
27923 27923
43088 21028
43088 3992
43088 1
2586 39754
2586 17581
2586 2586
57751 1492
2290 24580
2290 58109
2290 2290
2290 51286
2290 2622
2290 54369
2290 57859
2290 4707
2290 23542
2290 6094
317 317
1073 1345
58345 58345
11178 11178
11178 46918
1345 30375
1345 22971
1345 15302
1345 1345
763 9652
763 7333
763 18943
763 21907
763 30375
763 13381
763 52997
763 13360
763 40640
763 56501
763 43697
763 763
763 44293
763 44691
763 56932
763 50457
37555 1847
37555 47795
37555 37555
37555 18286
37555 801
37555 13650
54369 5101
36223 78
36223 36223
22157 8430
4 58534
58349 50846
31055 31055
795 795
795 1816
1149 3272
1149 1149
36272 22377
36272 36272
35482 34538
40145 40145
40145 1306
40145 32332
58797 4600
58797 58797
57698 6094
57698 11260
24309 58262
24309 44691
24309 24309
689 13767
15629 15629
15629 21907
15629 11056
15629 11926
15629 733
15629 6545
15629 44691
15629 18943
10898 11926
10898 10898
19899 20507
6094 31317
6094 52997
6094 22971
6094 54239
6094 57983
6094 58087
6094 4600
6094 6094
6094 18238
6094 58307
6094 11926
6094 13650
6094 12178
6094 56391
6094 57398
6094 47973
6094 57425
6094 48094
6094 50846
6094 57706
6094 13388
51778 17581
7460 48137
7460 38889
7460 5810
7460 57859
7460 7460
58072 58072
58203 48866
3651 25510
3651 3651
3651 58368
3651 1162
40746 40746
360 40835
360 56577
58664 58664
5734 5734
48137 48137
16109 78
33135 57558
3502 2841
3502 3502
41619 23141
41619 41619
58011 14166
8938 20186
32389 32389
40793 11260
40793 9025
40793 40793
40793 4600
21095 38085
21095 58563
21095 21095
50846 30081
50846 5101
50846 56594
50846 1107
50846 38889
50846 23571
50846 18263
50846 58656
50846 15782
50846 15289
50846 50846
50846 58142
50846 57910
56819 26935
56819 13972
3487 23141
57938 57938
4354 34538
8176 34538
8176 8176
5181 5181
9253 9253
29444 16659
29444 29444
78 3545
78 78
78 22
78 13767
78 54268
19821 5519
48084 4231
48084 25510
48084 32332
58022 13972
58022 58022
41734 381
935 11260
3206 8252
3206 3206
3206 3032
47795 47795
22880 10839
26608 41486
26608 943
1021 3272
1021 11919
9485 1650
54557 54557
1441 58459
1441 57464
1441 1441
1441 23571
8419 801
57464 57464
3032 3032
16557 26591
6545 58778
6545 6545
66 3272
66 66
66 48866
66 18943
1306 1306
48866 29423
13388 29697
13388 54239
13388 13388
13388 13650
14566 37072
5519 5519
58455 46433
58455 58455
37353 23193
37353 37353
6214 6214
58623 58623
56505 56505
56505 26700
3992 13767
9025 36554
9025 37144
9025 9025
9025 1492
9025 57373
12166 57703
12166 57910
12166 47658
9091 9091
1004 21907
57983 57983
18238 4231
18238 18238
18238 2841
18238 11765
18238 13972
31356 31356
48499 56932
48499 48499
25311 3928
22377 36554
22377 4336
2900 2900
12337 49208
17506 49208
17506 35959
17506 17506
20507 47459
20507 34984
22019 6794
22019 8991
22019 12976
22019 22019
3928 31317
3928 3928
23141 23141
23141 38085
23141 36814
57706 57706
36814 21907
36814 9652
36814 36814
36814 13650
11115 6794
11115 2000
11115 7206
11115 29231
11115 52997
11115 11115
31724 19475
57891 26935
57891 57891
40835 40835
11056 4231
2000 11260
2000 20033
10718 34538
10718 58281
15302 15302
57980 57980
1657 3272
801 3545
801 57836
801 801
801 21985
801 18943
801 4336
44405 53122
8991 8991
8991 5442
32036 8252
5101 5101
5101 58109
5101 4002
5101 1107
5101 38889
5101 58702
5101 18286
5101 57398
5101 48142
5101 57994
32332 54245
32332 32332
32332 15540
56910 10605
47862 25510
47862 47862
17812 58307
37661 37661
57022 47322
57022 57022
41666 29697
41666 41666
41666 4600
57958 57958
37144 5513
37144 37144
58281 22
58281 58281
37336 37336
15780 5373
58669 4231
1840 58619
47459 47459
57961 13972
57961 57961
36640 58588
58141 58141
3377 24525
47484 47484
22052 57709
30684 13650
58702 58702
5373 5373
8430 3545
8430 8430
8430 32470
8430 11260
47144 18263
47144 47144
47144 13093
47144 13650
22971 30375
17581 8369
17581 51331
17581 17581
4002 4002
4721 18263
4721 290
4721 19949
40120 56892
3154 3154
10834 26935
10834 10834
13650 31317
13650 47855
13650 2641
13650 54245
13650 57976
13650 57373
13650 58262
13650 13650
13650 21907
13650 58367
5513 5513
56594 56594
2622 58028
2622 4707
2622 2622
2622 46119
2622 23571
43198 43198
2841 2841
2841 11500
39754 39754
39754 58563
57425 290
57425 57425
11765 11765
11260 32470
11260 58059
11260 54239
11260 58563
11260 32660
11260 57859
11260 4600
11260 58685
11260 34072
11260 290
11260 13938
11260 11260
11260 30375
39004 39004
9305 4639
58218 25510
58218 58218
29231 7206
29231 29231
29231 18128
29231 14915
57373 2502
36060 36060
36688 13972
36688 290
36688 4428
36688 36688
21907 21907
21907 58117
21907 25510
21907 51382
21907 7458
23193 58459
23193 58729
38566 56932
38566 38566
47855 49208
47855 47855
58262 58262
58262 48142
25510 44691
25510 25510
10481 10481
31092 31092
29697 29697
29697 1847
34538 22
34538 34538
4336 4336
9652 58563
9652 9652
11500 22
4231 4231
4231 45300
4231 13767
13119 13767
13119 58769
13119 13119
24525 24525
3272 3272
3272 58201
13360 13360
57910 290
57910 57910
7341 7341
32470 290
58729 13972
58059 58059
12325 12325
58117 26935
908 908
26935 26935
26935 56892
26935 13972
1492 1492
5259 5259
1847 3545
4600 14414
4600 7206
4600 6085
4600 4600
3400 3400
57709 15129
51251 51251
47658 290
47658 47658
57401 57401
57401 11926
43326 43326
40640 40640
5810 12643
5810 5810
56501 56501
5743 53197
32968 32968
20186 3621
20186 39066
20186 45673
24965 24965
4707 17630
4707 13972
4707 4707
16659 16659
12301 12301
12301 58563
56932 56932
53197 53197
31317 31317
2669 2669
54239 54239
7333 18943
33768 7206
58201 58201
52935 52935
43941 13972
43941 43941
3545 3545
9417 18263
9417 9417
290 38889
290 58109
290 290
7666 7666
4639 12610
4639 4639
57398 26383
57398 58146
8252 8252
13767 13767
23571 58459
23571 23571
14414 14414
13972 13972
36554 36554
7206 20033
7206 7206
26700 26700
38889 38889
38889 7644
11919 57861
11919 11919
11919 43683
11919 48142
46119 46119
18943 18943
17630 17630
22 22
381 381
58563 58563
58685 58685
58459 58459
30375 4975
11926 11926
2641 2641
58028 58028
3621 3621
20033 20033
12643 12643
39066 39066
48142 15540
48142 48142
52860 52860
49208 49208
49208 35959
49208 57892
1650 1650
6794 6794
23542 23542
56892 56892
58503 17073
58109 58109
58142 58142
38468 38468
13381 13381
1176 1176
18263 18263
50457 50457
15540 15540
7644 7644
