56097 2000
56097 766
51424 42636
21258 454
21258 21258
21258 12705
21258 13650
21258 12166
54623 13265
54623 54623
54623 3377
30860 47823
56593 14094
56593 56597
56593 763
56593 15934
50384 3005
56191 56191
56191 55976
56191 9072
56180 30081
56180 40297
56180 16323
56180 56180
56180 1162
56180 9652
56180 41626
56180 450
56180 4362
56180 12643
49058 54458
49058 52964
53155 10366
53155 53122
53155 21907
53155 763
2733 50355
2733 6794
2733 10366
2733 1017
2733 1176
2733 2733
2733 2926
2733 2530
2733 4423
2733 41291
12547 49
12547 54695
12547 12547
12547 11540
12547 50409
12547 11640
24935 22971
24935 11115
50203 763
50203 11919
50203 2622
50203 49247
50203 8385
50203 35626
50203 1946
54780 13972
5708 1369
39521 56144
39521 54405
39521 54668
39521 28104
39521 290
39521 1946
39521 10366
39521 3206
39521 39521
7144 6094
55963 48839
55963 29887
55963 16702
32467 23571
32467 1465
5498 10300
5498 5498
5498 53009
5498 26522
5498 11765
5498 20674
2906 46348
10366 6818
10366 381
10366 586
10366 56060
10366 46852
10366 56415
10366 18702
10366 54756
10366 42804
10366 25358
10366 47796
10366 2841
10366 54551
10366 50562
10366 24706
10366 16785
10366 10929
10366 53122
10366 20302
10366 26935
10366 54487
10366 10366
23272 50265
2623 26635
29273 56320
31179 35626
31179 9025
31179 31179
31179 24076
24478 6094
24478 5091
24478 10744
24478 50426
24478 9072
24478 13625
24478 24478
24478 9025
24478 22277
24478 4600
24478 13650
37822 8385
37822 37822
37822 2554
56133 290
56133 4639
54684 1946
54684 12705
54684 54684
11142 20341
11142 31310
11142 8131
11142 54729
11142 11236
11142 56525
11142 3684
11142 40911
11142 51431
11142 11926
11142 39129
11142 1345
11142 763
11142 11142
11142 11054
11142 43723
11142 51778
11142 28104
11142 454
11142 12357
11142 36688
11142 56382
11142 6094
11142 4362
11142 56611
11142 6101
11142 13650
11142 34884
11142 2502
49822 49822
49822 2415
49822 56379
49822 1946
54370 50846
2678 56336
1266 47823
4814 39004
4814 2926
4814 4814
4814 11640
9449 16082
9449 10898
9449 40883
9449 27816
46866 56229
39389 31310
39389 28104
39389 26218
39389 39389
39389 14830
39389 3106
39389 9025
39389 12705
19593 19593
19593 763
19593 36862
19593 7591
19593 51135
345 297
20228 6794
36862 14414
36862 36862
12489 12481
12489 12489
56340 55889
121 56005
121 34538
121 53009
121 25549
121 40911
121 49117
121 54661
121 5690
121 41383
121 4619
121 7932
121 41627
121 4707
121 18447
121 24706
121 36688
121 55931
121 56615
121 54731
121 8080
121 32972
121 56217
121 451
121 47958
121 10446
121 50409
121 53059
6942 31807
56334 28104
56334 41139
56334 11919
50356 33018
50356 18850
22180 297
22180 52824
22180 391
22180 4794
17846 50693
38448 6094
38448 37808
38448 55865
38448 3503
38448 47796
38448 36688
38448 4961
12481 49208
12481 1737
12481 12481
12481 2233
12481 12705
12481 10898
12481 35419
6316 1650
6316 6316
6316 20341
6316 54690
6316 613
6316 35626
6316 16888
6316 3684
6316 37646
20598 4312
20598 31310
20598 12610
20598 2233
20598 35626
20598 398
20598 55931
20598 50068
20598 16530
1682 7206
1682 31026
1682 31807
1682 4600
41060 10217
41060 3475
49280 24078
49280 49280
49280 763
41139 38783
56264 18086
56264 10744
56264 13650
56264 56264
25980 16321
25980 31604
353 6094
353 56005
353 11926
353 18447
353 1837
353 55853
51663 11260
22768 26080
12205 16758
1532 6094
1532 7206
1532 1532
1532 17637
75 56137
75 23141
75 54695
75 54680
75 55976
75 10503
75 22277
75 36688
56421 52842
56421 763
4129 36690
46855 12705
6579 33290
396 17064
396 6094
10446 26208
10446 9833
10446 6794
10446 3041
10446 391
10446 290
10446 2807
10446 10446
10446 36575
10446 4231
4661 4661
4661 32325
6818 6818
6818 47796
6818 13972
6818 41654
6818 36688
6818 28104
6818 24309
6818 37808
6818 15155
6818 290
6818 56266
3696 6856
42531 8430
42531 40595
42531 42531
3462 7206
3462 3183
4362 18263
4362 30081
4362 14447
4362 20341
4362 29818
4362 10898
4362 3684
4362 4362
4362 50499
4362 15934
4362 290
12170 5519
12170 12170
12170 14514
12170 50754
50824 13265
50824 50824
3970 44949
3970 3970
3970 42001
3970 14450
3970 7119
3970 35714
3970 55892
3970 4991
3970 14094
3970 12976
3970 43559
56379 10881
56379 9025
56379 56379
56379 2237
50068 9924
50068 43383
50068 48839
50068 49268
50068 2290
50068 3684
50068 50068
50068 28104
50068 5091
50068 11919
50068 2807
50068 5263
50068 35593
50068 12705
50068 13650
50068 16510
50068 30412
50068 38624
55991 55892
54690 17114
54690 20341
54690 54690
51420 51632
56106 9716
16678 22277
16678 4053
16678 14830
16678 15934
16678 56556
7402 7402
7402 10980
582 290
2237 2237
12357 20341
12357 1358
50409 18060
50409 56050
50409 2039
50409 290
50409 50409
54509 4231
40484 36688
40484 40484
22748 22051
34106 34106
34106 18756
25642 25642
25642 78
25642 34538
17988 39082
17988 17988
17988 12610
17988 14830
17988 53208
31807 7743
31807 29916
31807 31807
31807 1946
31807 5697
31807 6085
54529 18060
54529 54529
54529 31495
54529 4504
5442 1946
5442 8833
4040 29783
56076 297
51508 21815
51508 51508
51508 13119
51508 290
51508 26522
51508 12705
51469 51469
51469 49208
51469 32436
51469 934
51469 13904
21369 6666
21369 49
21369 38075
21369 381
21369 290
21369 402
21369 3995
21369 19186
3304 14024
53122 238
53122 53122
53122 56266
53122 23141
53122 55893
53122 2954
14111 12705
14111 14111
16082 6348
33646 33646
33646 8008
33646 14830
33646 35626
33646 3684
33646 3623
33646 38624
55992 391
51207 2622
51207 10423
51207 51207
51207 1409
29730 42636
54804 1291
2284 2481
2284 2284
2284 54750
4832 16530
4832 50650
4832 8922
4832 34919
4832 12713
4832 56606
4832 54524
4832 3627
4832 41071
4832 48356
4832 4832
4832 55980
4832 33128
4832 40793
4832 55892
4832 4600
4832 54609
4832 35357
4832 21870
4832 56254
4832 43839
4832 13650
4832 40120
54551 39747
54551 12166
54551 54551
54551 8639
6043 11540
48652 28104
48652 48652
48652 15934
48652 9072
48652 3521
48652 23444
6950 18060
6950 10898
6950 54369
6950 6950
1698 290
1698 14447
1698 49
1698 35480
2554 3041
2554 1044
2554 41619
2554 2554
4794 52824
4794 7932
4794 4794
54715 25510
54715 31310
54715 54715
56003 48839
21095 26522
21095 50880
56337 50846
40297 13441
40297 54649
40297 2868
40297 56591
40297 7460
40297 54616
40297 16183
40297 44201
40297 18060
40297 56372
40297 11555
40297 40297
40297 2191
40297 13265
40297 8176
40297 46578
40297 4619
40297 26522
40297 4639
40297 56348
40297 42804
40297 56505
40297 5094
40297 56225
40297 37893
40297 54369
40297 21815
40297 9833
40297 41734
40297 39777
40297 39764
40297 5239
40297 55912
40297 49927
40297 5831
40297 37214
40297 54269
40297 52824
40297 53126
40297 13917
40297 56057
36826 36162
2106 2191
2106 2106
2106 49009
54611 1161
11500 6131
56518 48839
56518 4961
4366 5082
20595 1345
7710 398
7868 4504
54711 54711
54711 1131
54711 16702
391 13441
391 7780
391 934
391 29818
391 48866
391 6032
391 44201
391 9300
391 4923
391 8381
391 26935
391 39915
391 450
391 18060
1369 55915
53126 7460
53126 53126
6761 26380
458 1040
458 13650
8846 1770
8385 25510
8385 35353
8385 6545
8385 56140
8385 40983
8385 7311
39602 54650
39602 49208
39602 17671
39602 55892
39602 39602
39602 6094
11920 1245
11920 54536
11920 34538
11920 21271
43143 26935
48585 321
5018 7294
50846 2191
50846 46987
50846 5101
50846 18744
50846 24114
50846 34884
50846 4181
50846 39725
50846 8430
50846 50846
50846 55956
50846 4144
50846 1345
50846 1310
50846 56505
50846 39082
50846 4639
50846 7780
50846 381
50846 51353
50846 42001
50846 35431
50846 55912
50846 9304
50846 27816
50846 5496
50846 51251
50846 45838
43445 32389
43445 43445
43445 13972
8176 398
8176 8176
8176 14450
8176 32332
8176 48084
52812 2926
52812 52812
54386 6094
54386 54386
54386 1946
54386 12705
54386 4053
54386 3684
44291 934
41071 1131
41071 38566
12898 47510
12898 12898
12898 763
12898 28128
12705 56218
12705 52824
12705 41383
12705 38783
12705 56525
12705 56198
12705 7206
12705 2000
12705 54610
12705 8133
12705 54600
12705 56606
12705 34180
12705 26875
12705 8784
12705 12705
12705 44797
12705 5761
12705 56099
12705 10350
12705 53091
12705 44949
12705 2865
12705 16107
12705 32851
12705 34217
12705 1946
12705 6094
56225 27816
56225 6153
56225 3684
35428 10898
36871 6094
36871 35626
36871 49639
42278 56349
42278 10898
42278 11765
42278 32851
27453 6094
27453 33064
27453 6515
2631 6094
2631 9024
45740 30582
14969 48413
37338 13070
5002 2807
3041 44949
3041 39115
3041 41619
14974 1590
2747 5340
10700 40520
1353 43266
40780 32178
40780 6094
40780 52964
40780 934
40780 3106
40780 35626
40780 40780
40780 27013
3537 49567
54600 8008
54600 54600
54600 3684
55971 52843
54702 1648
37328 440
6460 56316
3206 26080
3206 52843
3206 39115
3206 23860
3206 10898
3206 4600
3206 40911
3206 6094
3206 4312
3206 34180
3206 29783
3206 2233
3206 13650
3206 8922
3206 5043
18910 49208
54750 7845
54750 2481
54750 35330
54667 27816
54609 52860
54609 15780
54609 1265
54609 54609
54609 41619
38711 40078
56470 1650
5801 33064
13917 6527
13917 36067
13917 37893
13917 3092
56357 13650
56357 56357
2698 11926
17294 290
17294 41734
17294 13972
17294 55916
7576 13650
7576 14830
4528 6936
4528 18263
4528 52824
4528 1017
4528 381
4528 11640
4528 49
4528 12166
4528 184
4528 4528
4528 55956
4528 41291
4528 56531
4528 50880
4528 3502
4528 2503
48084 32332
48084 1345
48084 48084
15780 31310
56096 78
5690 18263
5690 184
5690 41862
5690 18017
5690 36931
5690 613
5690 300
5690 21684
5690 4423
5690 5690
5690 25510
5690 7726
5690 763
5690 29491
56418 1047
39387 2191
39387 53135
39387 26576
39387 39387
48362 48362
48362 4351
55851 12166
290 293
290 55915
290 2926
290 9417
290 9300
290 49
290 8435
290 1358
290 1310
290 26080
290 381
290 7952
290 6101
290 2273
290 78
290 13480
290 56591
290 2807
290 4351
290 290
290 437
290 38075
290 40637
290 1017
290 586
290 48444
290 3634
290 3593
290 41626
290 36625
290 54479
290 284
290 39004
33018 7206
33018 33018
33018 763
20282 49003
20282 11682
20282 5100
381 15629
381 381
381 11546
381 493
381 2290
381 1114
381 66
381 9300
381 36067
381 709
381 9935
381 447
381 18060
12930 56354
12930 38566
12930 43737
48444 48444
48444 763
48444 9317
31495 18060
31495 4231
16702 19276
16702 21870
16702 16702
16702 55921
16702 56353
16702 26935
16702 14551
16702 29444
4177 5015
4177 26935
4177 56594
4177 78
4177 10898
4177 4177
4177 11926
4177 21815
4177 33854
4177 2530
4177 447
4177 4639
4177 39004
4177 8922
14835 1587
14835 14835
14835 19276
14835 1345
310 22989
310 54695
54721 2664
13694 7521
16716 40911
34942 4961
39874 42292
46104 56505
46104 51004
46104 22069
46104 21778
47330 9317
56336 17913
56336 2391
56336 8653
56336 25542
56336 62675
56336 56498
56336 56336
56336 10095
56336 83
8955 56095
33672 13650
33672 56289
5239 5239
45838 3593
56296 10265
11266 56162
2082 2082
2082 13650
806 31356
56591 22989
56591 9068
56591 11640
56261 56261
56261 14830
8133 7206
8133 26080
8133 2126
8133 51323
8133 1946
8133 22277
8133 4423
8133 8133
8133 11115
56534 55893
56534 1946
17671 468
17671 15735
17671 17671
17671 13265
17671 5585
17671 49208
17671 454
39129 11054
39129 39129
39129 51780
39129 36272
39129 42511
39129 8887
39129 27249
43681 48839
43681 51776
56238 8430
53208 13265
53208 10696
4649 4649
4649 49
4649 50880
4649 17047
4649 360
44050 17883
613 2926
613 3324
613 20787
613 13070
613 1441
613 22002
613 22971
613 52997
613 21349
613 20793
613 2530
613 25510
613 55980
613 9072
613 613
613 7952
613 50534
613 40120
613 6094
613 7294
613 6101
613 20781
16888 16888
3931 14447
4685 15629
4685 8080
5963 50191
37726 955
31035 26080
31035 4721
31035 35626
31035 4600
31035 41291
31035 2000
31035 1176
31035 1946
31035 31035
31035 56606
31035 14901
31035 6794
7727 2926
1409 6094
1409 36886
1409 56127
1409 4158
1409 25028
1409 4600
1409 3324
1409 53100
1409 49
1409 32985
1409 1946
1409 32741
1409 1409
29938 15640
42511 50560
20460 20460
20460 19276
20460 763
25028 2384
25028 3272
25028 20341
25028 3106
25028 763
25028 25028
25028 10898
187 56144
187 12565
54718 54668
10605 1149
31261 44201
13904 55893
13904 10503
11555 44949
2051 492
2051 6205
2051 2051
7726 41291
1291 24078
56403 48142
5740 30081
5740 36688
5740 733
56383 30516
56383 56383
83 3272
83 56127
52871 6094
25485 7076
25485 34538
25485 54628
25485 25485
25485 56018
29783 56140
29783 454
29783 9025
29783 3684
29783 48142
29783 2233
29783 29783
29783 1492
29783 22971
29783 13650
29783 1358
20764 35840
54752 8080
54752 1310
14440 42804
46852 934
46852 2954
46852 23141
46852 23772
46852 11919
46852 56099
46852 46852
25762 25762
25762 28104
25762 1050
25762 14450
25762 23758
21054 11115
4517 33064
31045 14450
31045 35840
10980 9694
10980 10980
56050 2900
56050 52918
56050 56050
56050 2926
22389 54458
22389 27249
22389 18017
55844 55844
55844 4614
55844 35840
10431 450
10431 10431
9947 4002
15155 26635
15155 4231
15155 15155
15155 9833
15155 17064
47797 2042
3623 2926
3623 3684
12281 6794
949 11765
55868 2233
26470 11640
26470 26470
3847 21724
54616 54616
54616 36672
56060 3106
56060 586
56060 3684
56060 34050
1162 25510
1162 13972
1463 1463
1463 42001
1463 54759
1463 15934
55956 55956
55956 11640
55927 11765
25947 52835
25947 25947
25947 19475
25947 48839
25947 52944
8041 8041
43693 52997
43693 20516
1358 14807
1358 40078
1358 56396
1358 297
1358 56349
1358 1358
1358 7410
1358 40439
52944 3684
52944 52944
1437 11546
36799 27816
36799 25358
54577 15129
56187 2233
56187 2384
56187 2363
14094 14094
14094 38889
14094 54264
14094 54759
14094 4053
14094 32332
14094 40911
14094 43559
56434 36466
56434 18739
56434 56434
56434 14450
56434 4053
56434 5043
6101 54650
6101 51484
6101 47796
6101 20341
6101 18447
6101 33128
6101 20994
6101 55976
6101 9672
6101 6094
6101 29818
6101 54263
6101 4312
6101 6101
6101 13625
36145 19949
55896 24757
2258 763
17868 30081
33479 13462
394 23291
394 36067
394 394
394 55893
394 41734
394 23873
394 11504
26705 11233
26705 26705
26705 6647
26705 41953
26705 11145
16881 16881
16881 40120
43839 48356
43839 13972
27962 14450
2893 3902
12120 54823
12120 55999
28145 28145
28145 318
28145 22
28145 11640
39719 35593
49887 8430
49887 2926
2968 7420
2968 56101
2968 30419
2968 14830
2968 44539
2968 2968
41782 1044
17492 428
17492 17492
22112 398
16510 54486
16510 297
16510 18238
16510 23772
16510 13625
16510 10898
16510 16510
49907 49907
23444 532
6936 6936
6936 1094
56005 56005
56005 30516
1131 54809
1131 45494
1131 54458
1131 40023
1131 1131
1131 54634
1131 37987
1131 54660
1131 1119
56127 17353
56127 50973
1465 52926
1465 43645
1465 36931
1465 6206
4181 15629
4181 24525
4181 6074
5292 2841
55931 18060
55931 9924
297 13441
297 431
297 54585
297 27816
297 1837
297 2
297 44201
297 43313
297 39725
297 184
297 297
297 13972
297 54756
297 56112
297 55982
297 56505
297 3272
297 5101
297 9025
297 44191
297 15934
297 50249
297 19885
51323 51323
51323 37613
42504 1096
9617 2807
9617 9672
5371 42047
1573 42804
52936 32972
19943 54269
38712 3272
38712 20341
5091 5091
5091 11919
5091 18060
5091 766
5091 32608
2884 41291
54683 25510
10909 1946
10909 955
1233 6094
4558 34180
13480 55915
9915 54557
9915 19158
437 6666
437 19276
437 437
437 24706
437 8103
437 49
437 10194
658 934
7845 54680
30412 29873
30412 3684
30412 9304
56222 38566
56222 56222
3635 23291
3635 52824
3635 11926
56123 17630
56123 3377
41314 7460
41314 13265
41314 41314
56141 56141
56141 13650
56137 36688
5387 23141
9304 13265
48866 5100
48866 13265
48866 18512
48866 5101
48866 48866
48866 4428
48866 56372
54736 20341
19186 39082
19186 24706
19186 16785
19186 19186
19186 344
14551 56430
14551 14551
7313 55895
35840 44949
35840 55910
35840 18739
35840 38889
35840 14450
35840 801
35840 40520
35840 35840
56218 56218
56218 2954
55921 55921
55921 16530
11009 49268
11009 40793
22846 4231
22846 26635
22846 22846
1114 21815
1114 1114
318 13119
318 27816
318 36688
318 54756
318 48506
318 1310
3627 4600
21337 4872
5082 3521
5082 5082
50534 50534
22758 53215
16503 20341
450 4639
450 36690
450 450
50880 11260
31084 3684
31084 48142
31084 31084
25964 3106
25964 25964
35529 49
31310 31310
31310 317
31310 18017
31310 2363
31310 48839
31310 6094
31310 18060
31310 25510
31310 1044
41953 1946
41953 41953
41953 11115
41953 48586
26576 21146
955 40078
955 31356
955 2954
955 955
955 40439
9269 2000
40637 24815
40637 40637
54479 17440
23758 56505
23758 3684
55876 19276
8345 44953
8345 55865
5984 48586
54440 12482
54440 13972
54440 54440
21870 21870
21870 56624
21870 38566
21870 4600
30679 54622
4117 10547
4117 53009
4117 30999
29961 55893
29961 7206
29961 38523
644 53100
53163 34916
22388 23950
22388 23240
36090 2502
7839 28104
7839 54264
7839 33128
2811 184
56445 28104
56445 2954
56445 14450
46578 52824
46578 5101
46578 46578
7952 22989
7952 2926
7952 763
7952 7952
7952 12166
56120 23860
56120 33290
56120 763
56120 23141
56120 36886
15488 15488
15488 15129
13265 13441
13265 56505
13265 4428
13265 16183
13265 20674
13265 13265
13265 56026
13265 19475
13265 42804
13265 4144
13265 50666
13265 54369
13265 55998
13265 56306
13265 4622
13265 56312
13265 2841
54573 54573
54573 406
54573 7591
37981 1
5340 312
5340 3
5340 737
5340 1249
13834 47270
17176 7206
17176 6794
17176 17176
11145 7206
11145 2689
11145 20033
11145 11145
11145 55892
11145 48586
11145 4423
11145 11115
1587 1587
1587 19276
1587 29316
1587 40911
53152 53152
52954 6094
52954 55892
52954 20341
15424 14340
4971 13972
1946 26080
1946 2672
1946 32851
1946 11115
1946 48586
1946 40911
1946 7206
1946 11768
1946 1176
1946 14340
1946 54610
1946 1946
1946 16107
1946 17064
1946 6794
1946 18447
1946 454
1946 53091
1946 44191
1946 15934
1946 30186
1946 33039
1946 49491
15046 54622
2191 21815
2191 5101
2191 48554
2191 18060
2191 2191
2191 1310
6005 54731
1590 48356
1590 1590
56353 49247
56353 13650
32273 56459
8887 48506
2234 4069
15054 8008
14450 27456
14450 43383
14450 398
14450 54661
14450 1450
14450 16107
14450 19729
14450 12610
14450 14450
14450 18086
14450 801
14450 12961
14450 44949
14450 28104
14450 38889
14450 5043
14450 55893
14450 8008
56158 15934
184 22
184 56432
184 4158
184 12352
184 799
56465 49247
56465 56465
56465 52824
56465 19276
53065 956
15242 18060
15242 15242
15242 52824
15242 1310
15234 24815
44191 4231
44191 41654
44191 44191
44191 54264
44191 32851
44191 3684
47958 47958
47958 11100
47958 4183
47958 763
16852 21123
30186 7206
30186 6794
30186 11115
56563 40883
51484 51484
10300 4333
10300 21146
47823 3475
36965 12643
36965 17047
36965 36965
41654 41654
41654 1898
41654 11260
41654 48839
16645 48586
12713 9652
12713 12713
9672 12178
9672 9672
2868 44201
39082 11546
39082 17047
39082 36931
39082 56570
39082 32972
39082 20787
45255 801
34050 586
55841 11011
30462 30462
8103 10072
8103 27330
8103 47796
8103 31391
8103 54756
8103 25549
8103 8103
54495 54495
54495 14166
54495 8250
56444 56444
56444 30684
49655 2622
49655 49655
49655 56365
21291 2384
21291 4923
23240 23240
50650 18060
50650 22277
48839 56494
48839 10898
48839 54694
48839 56525
48839 4423
48839 12482
48839 18060
48839 56547
48839 54524
48839 934
48839 55980
48839 9025
48839 2000
48839 4600
48839 14581
48839 40120
48839 6094
48839 7294
48839 37808
48839 2954
48839 56399
48839 29316
48839 5810
48839 35593
48839 48839
48839 54679
48839 33128
48839 56091
48839 22277
48839 20838
48839 18263
48839 7780
48839 39115
48839 35520
48839 16758
48839 1121
48839 49603
48839 48151
48839 11260
48839 54530
48839 54547
56179 22339
3324 14024
3324 32608
45 9417
13070 7294
13070 20341
13070 35936
4069 4069
44662 40883
23772 11919
23772 3684
1056 14024
31771 4183
27433 50693
4910 10368
3521 25854
3521 42636
3521 37855
970 38889
41279 56212
2622 49247
2622 36067
2622 37893
2622 2622
2622 30081
2622 9072
2622 49404
2622 27249
50658 6094
50658 4183
27816 7780
27816 5101
27816 7460
27816 21684
27816 6666
27816 27816
27816 1310
54694 25510
7655 56198
2042 3272
2042 52824
2042 38889
2042 10898
2042 2042
46690 4619
46690 3593
46690 36690
46690 56234
56570 2954
56570 56570
56570 20787
56306 16183
1947 3377
2503 20883
2503 49009
6521 49753
6521 55892
7092 4554
7092 14024
7092 40911
52825 23917
38267 31356
7399 26080
14865 11926
14865 13650
8588 8588
8588 29697
8588 44293
8588 49603
8588 54678
8588 41666
8588 44539
8588 8857
8588 40911
56095 21349
56095 32185
6756 10350
6756 38624
56188 53071
2029 36688
48506 55893
48506 38523
18785 18060
18785 55893
18785 763
18785 18785
18785 23860
50754 4312
50754 54756
21620 6666
21620 21620
21620 52824
21620 18512
34180 1464
34180 14830
34180 7076
34180 13650
34180 34180
55958 44293
5094 52824
5094 5094
12482 12482
12482 36067
12482 36688
12482 54805
12482 6032
56017 4600
47391 40220
15833 3377
47071 10095
13244 13244
13244 6986
13244 35353
17883 17118
17883 11054
17883 17883
54622 54622
54622 21684
36625 49
36625 16183
4262 48413
37214 18060
37214 37214
37214 1310
37214 7460
48586 7206
48586 2000
48586 6794
48586 48586
16659 9652
16659 39678
51431 19276
1464 44293
1464 11054
3106 586
3106 49639
3106 10898
3106 7206
3106 6153
3106 3106
3106 44458
56012 55892
54524 15629
54524 32389
54524 54524
54524 25199
40551 763
56162 2926
54681 4312
26640 56207
26640 54562
26640 54430
53091 53091
53091 2000
14493 6094
14493 1847
14493 39115
4923 7076
4923 2807
4923 22379
18739 55910
18739 5043
2233 31873
2233 6094
2233 11919
2233 35626
2233 2233
2233 55889
2233 36972
53215 53215
44006 19475
10368 22989
10368 39004
10368 10368
10368 41291
10368 9068
20026 1245
20026 1840
2039 6094
2039 49
2039 1199
56431 10400
4312 38468
4312 4312
4312 9025
4312 22277
4312 43326
47510 28128
47510 3272
47510 1106
13625 11919
13625 5101
13625 13650
13625 3684
11540 49
11540 11540
30285 10744
55999 35593
55999 3684
55999 55999
11054 11054
11054 43723
11054 56099
11054 32470
11054 40120
11054 6094
11054 27456
11054 41666
11054 54487
11054 49603
11054 14024
54841 18756
39684 1715
4158 799
4158 4158
630 40983
630 8857
11504 11504
49009 3272
49009 49009
17599 7076
17599 38624
17599 4600
17599 17599
1121 13650
1121 1840
33039 11768
33039 16107
26486 16183
5784 49603
10744 38468
10744 10881
10744 10744
10744 20302
10744 2807
10744 56304
8699 398
39713 52824
39713 39713
25549 25549
25549 13119
31276 30521
56345 13119
56254 32325
56254 56254
56254 39754
14514 13441
14514 47305
14514 49117
14514 42804
14514 10076
8008 5751
8008 35626
8008 3684
8008 5043
33854 4231
33854 36886
33854 33854
18060 18950
18060 2290
18060 34538
18060 5101
18060 10503
18060 8733
18060 27456
18060 11919
18060 52997
18060 18060
18060 4639
18060 26522
18060 4144
18060 38468
18060 586
18060 14830
18060 2363
18060 9833
18060 5712
18060 1074
18060 11765
18060 5743
18060 21815
18060 6094
8504 56165
1898 54613
1898 1898
1898 50562
1898 54729
1898 13650
1898 53059
29873 6094
29873 3272
29873 3684
29873 56217
454 6094
454 54675
454 14024
56494 8435
56494 43737
48531 49247
16302 6153
7294 440
7294 35626
7294 7294
7294 21123
7183 4500
32022 9928
39725 50666
56415 14447
56415 16785
56415 4183
11072 17386
33128 33128
41626 48356
41626 13268
41626 13972
2363 18086
2363 3684
41291 22131
41291 11926
41291 763
41291 10503
41291 49
41291 41291
41291 7206
41291 28104
41291 54610
41291 56228
41291 8435
41291 4639
21271 56349
22606 54311
22606 56067
22606 54805
22606 13972
22606 55885
56018 29697
56018 56018
56018 934
56018 35520
56018 35626
56018 2954
56018 13650
56018 4600
56018 11828
15934 26080
15934 18263
15934 6794
15934 15887
15934 42001
15934 20787
15934 10898
15934 40911
15934 38889
15934 15934
15934 1176
15934 43559
21059 17581
9317 27456
9317 3272
9317 20341
9317 9317
16178 47796
52842 52842
52842 3684
49003 10898
56372 32389
56372 52824
56372 451
55907 13650
55907 55907
55907 934
2689 2689
54610 54610
54610 38783
35706 2926
35706 50265
56547 1184
8857 26522
8857 56349
54655 10072
54655 12156
43701 9025
43701 43701
28104 34538
28104 38523
28104 6716
28104 27456
28104 763
28104 47796
28104 14830
28104 56140
28104 801
28104 28104
28104 24815
28104 54269
26935 49
26935 50774
26935 43723
26935 54756
26935 32741
26935 36688
21684 53000
21684 7631
21684 54264
21684 21035
21684 36688
21684 25510
21684 18850
21684 53059
48413 48413
2383 38889
2383 402
2383 32985
43326 35480
43326 56443
43326 16107
43326 1310
55885 9928
55885 21375
40983 35626
40983 3684
40983 9025
11417 17064
11417 56217
5583 18939
2415 2415
50498 1310
109 13251
20787 18263
20787 7631
20787 20787
20787 16107
56556 2273
56556 23141
56556 586
56556 2926
56556 56556
135 30081
8508 56606
36886 36886
36886 1459
36886 763
36886 56057
22277 26080
22277 18447
22277 12503
22277 55929
22277 54530
22277 44374
22277 43559
22277 35626
22277 54548
22277 22277
39115 39115
39115 1840
39115 13650
54309 54309
54309 37302
12349 2530
1223 48356
54530 7206
54530 2926
54530 54530
54530 43559
1650 1650
1650 36931
1650 35745
1650 6205
1650 56396
1650 9485
13441 13441
13441 25358
13441 22971
37436 52983
49404 55892
49404 54634
49404 21163
49404 49404
49404 40120
15503 54708
20674 5101
56299 41666
30726 30726
30726 5743
30726 23291
30726 4351
2530 48356
2530 37893
2530 1666
2530 2926
2530 23860
2530 23829
2530 2530
2530 4144
11846 5259
11846 56287
5775 6794
5775 2926
5775 763
5775 50773
56273 55893
56273 56273
56273 763
7076 1737
7076 56140
7076 7076
56399 11236
56399 52964
56399 56399
56399 9025
1837 1837
1837 4183
1837 13972
5712 18950
1119 1443
30967 5259
38075 23860
38075 38075
36735 36735
33064 33064
586 29697
586 586
586 19276
586 2954
586 9652
586 13650
14830 18950
14830 14830
14830 56140
14830 18086
14830 7460
14830 55853
14830 11765
14830 38889
14830 27871
14830 24815
14830 36272
3376 56052
4423 2000
4423 4423
8966 44590
8966 8966
47305 49117
47305 47305
47305 26522
24815 17308
24815 5101
24815 2290
24815 10898
24815 17169
24815 11926
24815 24815
24815 54794
24815 26522
24815 7410
48151 48151
2578 47796
35603 4053
35603 801
35603 2290
35603 35603
49491 27974
49491 49491
6563 2672
20341 20341
20341 32332
20341 40835
20341 3684
20341 10518
20341 27933
20341 9652
20341 1345
20341 763
20341 54732
20341 6794
20341 25510
20341 9072
20341 48356
20341 15129
20341 23141
20341 54654
20341 11260
20341 40911
20341 54665
56397 21965
18744 4042
18744 4183
18744 8032
39284 49208
2926 55915
2926 19276
2926 52824
2926 1176
2926 30081
2926 3503
2926 19949
2926 2926
2926 55853
2926 12178
2926 17047
2926 54650
2926 1610
2926 6794
2926 49639
2926 55892
2926 56037
2926 56142
2926 54487
2926 78
17047 4042
17047 17047
17047 12643
27249 11236
27249 13650
27249 27249
18086 48142
11318 43266
1832 4767
10881 38468
10881 52997
934 934
934 35520
934 10898
934 11260
10503 26080
10503 3272
10503 1017
10503 56228
10503 10503
48356 37893
48356 32332
11640 18263
11640 26080
11640 49639
11640 4002
11640 11640
11640 1176
11640 56142
11640 54269
11640 49
11640 41627
51778 6094
51778 51778
19885 11926
40439 46191
40439 56198
56010 4149
55865 22989
55865 43266
55865 55865
15819 532
50562 11236
50562 9093
50562 50562
24706 11546
24706 16785
24706 344
10423 55853
44642 6094
56198 56207
56198 40564
56198 48807
56198 4600
56198 56198
5743 17064
5743 23291
5743 23141
7666 54680
3901 16785
24078 24078
24078 703
24078 9928
24078 763
52824 53197
52824 52824
52824 5101
52824 30081
52824 34217
52824 16183
52824 52843
52824 4149
52824 38889
52824 49247
52824 5015
52824 54680
52824 35431
52824 54269
54729 8430
54729 54729
54729 9091
35626 54264
35626 56304
35626 35626
35626 54650
35626 18447
35626 56140
35626 6094
35626 54668
35626 26080
35626 43266
35626 13650
4961 38523
4961 26522
4961 4961
43559 1474
54809 54809
32741 32741
32741 23860
32741 6986
26282 55892
1859 26080
22131 54756
18283 32917
18283 6794
9833 4231
9833 9833
9833 7460
50628 20281
37808 42047
37808 37808
5081 11260
5100 10898
56086 13650
2954 56182
2954 55892
2954 6094
2954 53059
2954 11828
2954 2954
2954 56266
2954 56099
2954 22878
2954 14024
2954 37302
5751 32470
5751 24482
29818 6094
29818 9924
29818 29818
3684 1847
3684 34538
3684 8250
3684 23827
3684 55853
3684 6153
3684 11919
3684 55889
3684 935
3684 12878
3684 56140
3684 10898
3684 6094
3684 7420
3684 5043
3684 31356
3684 13650
3684 14024
3684 3684
3684 56099
3684 3272
3684 36688
36466 19729
14340 32178
14340 7743
14340 14340
14340 16107
14340 43354
26522 15629
26522 13119
26522 7460
26522 4333
26522 26522
26522 38468
26522 4696
26522 56505
26522 54673
26522 4639
26522 54680
26522 56615
26522 14024
766 9652
766 766
766 14024
766 49672
3634 4144
3634 10898
3634 3634
17907 5101
35520 32325
35520 35520
35520 11828
55930 26080
3681 54555
50191 11236
50191 9091
50191 13650
50191 50191
16023 16023
16023 34538
7631 16183
7631 49603
7631 18447
4149 4149
4149 56217
398 17064
398 8991
398 398
398 43383
16436 13650
1106 8824
27125 7460
25199 6094
11919 18950
11919 34538
11919 48408
11919 4351
11919 11919
11919 56234
11919 46762
11919 55889
11919 11395
11919 15629
11919 47796
11919 45057
11919 32608
11919 48142
11919 55893
11919 14024
12156 19520
12156 54756
14447 6666
14447 49
14447 14447
14447 19949
14447 4183
29316 6153
29316 19276
29316 29316
4144 26080
4144 3272
4144 7780
4144 54369
4144 22989
4144 7460
4144 26208
4144 21815
4144 4144
32332 32332
21123 6094
21123 55892
7420 7420
55893 8430
55893 10898
55893 40793
55893 23291
55893 32389
55893 55893
55893 56478
55893 55976
39086 11647
45947 38624
55915 49
32036 27456
2807 38468
2807 12419
2807 4707
2807 11765
2807 3272
17836 31446
32389 38468
32389 37893
32389 7460
32389 55892
32389 32389
32389 39066
32389 23141
32389 15540
32389 48142
32389 11115
51031 49208
56396 56396
5887 13650
11828 54668
40220 40883
54708 54708
54708 38783
402 6666
402 402
3593 9300
39754 41666
45594 13650
38624 34538
38624 56099
38624 55853
1345 6094
1345 21179
1345 36688
1345 12961
1345 1345
1345 9485
52963 13113
52963 52963
52963 1176
51780 53059
51780 51780
39678 39678
21349 26080
21349 21349
21349 9072
21349 55892
21349 10095
6986 56057
49247 49247
49247 42804
4398 4231
4398 25358
4398 801
4398 4398
17064 17064
17064 29697
17064 13650
17064 4600
54458 54458
54458 8430
54458 16107
2841 2349
2841 2841
2841 22
2841 39004
22989 6794
22989 22989
22989 43266
22989 54815
16785 4639
16785 16785
14581 14581
54547 763
54547 7591
29697 6094
29697 10898
2273 12565
13119 13061
13119 47547
13119 54756
13119 13119
13119 56287
13119 36688
3995 360
3995 3995
3995 12166
3995 54731
2290 53197
2290 17169
2290 34538
2290 10898
2290 7410
2290 56615
44201 44201
12978 11115
960 960
763 19276
763 24528
763 16530
763 54650
763 52843
763 36688
763 10898
763 8080
763 23141
763 54732
763 8922
763 54557
763 56091
763 763
763 41619
763 56099
763 54654
763 406
25104 25104
8784 8784
8784 48859
8784 6518
7780 4428
7780 36958
18447 1847
18447 18447
18447 56565
54369 54369
56099 56099
56099 4600
48554 2666
48554 48554
1149 16183
1149 45494
1149 1149
55916 3377
56228 5263
56228 56228
56228 18571
56228 4707
34859 54830
41032 11926
26809 26809
24309 24309
24309 36688
24309 13650
24309 25477
50388 12337
47547 47547
47547 55904
38468 38468
38468 36688
38468 32470
38468 6094
38468 11926
38468 7460
38468 22878
38468 13650
10898 13972
10898 16183
10898 9652
10898 25510
10898 27465
10898 5101
10898 10898
10898 3272
53000 21035
4622 41734
4622 4622
4622 40911
7460 7460
7460 40883
7460 1310
49672 54557
49672 12643
49672 55922
49672 49672
49672 40120
3651 532
3005 3005
360 344
360 360
53009 53009
44551 5015
3502 53100
3502 12166
41619 2000
41619 41619
41862 49639
54759 54759
40793 40793
40793 11768
26459 9652
25355 15735
52964 54487
52964 52964
4639 4707
4639 11546
4639 4639
5181 50249
54264 54264
54264 4053
6999 46348
78 6094
78 13767
78 78
78 22
78 8922
37987 37987
35416 5101
20300 27199
54555 54555
54756 13061
54756 54756
41734 13972
41734 41734
50249 50249
47796 14653
47796 25510
56468 52997
56468 56468
56468 48142
9694 44949
9694 22878
9694 38889
9694 12610
14266 54612
54557 54557
54557 33741
7743 43354
56034 55892
46348 1847
46348 46348
2481 19475
2126 15713
6545 54269
42804 13972
42804 24525
42804 5496
42804 11260
42804 42804
42804 1310
41627 41627
20838 18263
20838 35593
20838 13650
20838 20838
18950 9924
18950 18950
44797 41383
44797 14024
44797 44797
8430 11236
8430 8430
8430 8719
8430 9652
8430 54487
8430 53059
2391 19520
9093 41666
7252 43266
4333 4333
4333 5101
56169 56169
56169 30684
54794 54794
4696 35353
56505 56625
56505 6094
56505 52997
56505 8824
56505 3377
19729 19729
9025 8369
9025 1044
9025 56516
12166 53100
38434 54824
38434 6976
17260 17260
31356 31356
1061 55892
46762 6794
26635 4231
26635 10072
26635 56565
27456 27456
27456 22878
56516 56516
12878 48142
55998 605
55998 55998
4002 1176
4002 4002
23141 55976
23141 4600
23141 23141
23141 7591
23141 733
23141 406
23141 53059
54487 13650
62675 52843
62675 21574
11115 7206
11115 11115
55887 33741
55887 55887
55887 16530
11647 11647
6269 6269
49383 52843
2000 38783
2000 9072
2000 4745
2000 2000
2000 43266
6153 49639
6153 19520
6153 6153
19475 11926
19475 19475
40120 21907
40120 40120
5015 5015
5015 53197
5015 25854
54675 11260
24482 32470
54612 18756
801 9072
801 4053
801 43266
801 801
54613 53059
1737 1737
56459 56459
8922 1310
8922 6085
8922 8991
8922 8922
14024 25510
14024 13650
14024 14024
8991 4231
38783 38783
5101 5101
5101 47136
5101 431
5101 38889
5101 56217
40883 40883
4351 56365
4351 4351
4351 11395
41666 41666
7932 7932
7932 39004
7410 16183
7410 7410
22751 35357
22751 11260
22751 22751
37555 532
1840 6094
1840 1840
6666 6666
6666 9300
3377 9871
3377 3377
30684 18017
30684 16107
56304 13650
55853 55853
6716 6716
22971 532
55889 55889
11395 15629
11395 11395
50666 50666
431 48142
48111 56144
38493 25510
38493 38493
52997 53197
52997 49639
52997 6094
52997 56144
52997 11765
13650 35593
13650 9652
13650 56140
13650 6094
13650 13650
13650 8369
13650 56349
56624 56622
23860 52843
23860 4053
23860 25510
23860 23860
35431 35431
7591 406
7591 13739
6348 6348
8824 8824
16107 16107
11765 11765
11260 17380
11260 49208
11260 32660
11260 11260
39004 18263
39004 18702
53059 18263
53059 56478
53059 53059
36690 36690
13739 13739
52843 52843
52843 3272
52843 4053
52843 25510
55922 55922
36688 13972
36688 6794
36688 36688
56037 55892
56037 34538
56037 56037
51251 51251
17380 17380
54679 54679
56091 56091
4504 31051
4504 21815
4504 4504
54441 54441
54441 4096
25510 19985
25510 43723
25510 3272
25510 25510
6205 6205
6205 36931
50997 54269
35357 11768
21815 21815
6094 1847
6094 4600
6094 50265
6094 23542
6094 6094
6094 12565
6094 56144
6094 35353
37302 37302
34538 34538
34538 9072
34538 55892
12976 55892
4428 56057
4428 4428
4428 22069
4428 16183
40520 35793
40520 40520
40520 48163
49117 49117
49117 49639
49117 56234
11768 11768
54634 54634
9652 14166
9652 1074
43737 11236
1044 38547
1044 1044
4231 4231
4231 21491
4231 32985
4231 8338
55892 19949
55892 7206
55892 12178
55892 50265
55892 44293
55892 9072
55892 55892
3272 56217
6032 6032
9924 18698
32470 32470
18698 48142
56287 56287
6794 49413
6794 4053
6794 15129
6794 6794
12610 12610
12610 22878
35353 35353
9072 9072
9072 54732
44949 44949
56217 56217
56217 2381
10610 1310
56142 56142
1492 1492
5259 5259
19520 19520
1847 1847
38960 4600
21035 48142
21035 21035
19276 26080
19276 19276
25477 25477
9300 9300
2060 51004
18850 18850
26080 26080
26080 1176
26080 2874
36931 36931
55976 55976
53100 19949
8080 8080
8080 25854
8080 56320
3546 30081
3546 20948
8338 8338
14166 12643
14166 14166
4183 4183
4183 18017
4183 41840
5810 5810
16183 22930
16183 15782
16183 16183
4709 4709
55910 55910
18571 18571
532 532
49208 49208
5831 5831
49927 49927
53197 53197
16530 16530
40911 40911
31051 31051
23829 23829
8435 11236
56140 56140
39997 13972
1310 1310
10482 38889
10482 10482
42001 42001
12178 12178
41383 41383
4619 4619
4619 38889
49639 49639
49639 733
22878 22878
50265 44293
50265 50265
50265 38518
54731 54731
14414 14414
13972 13972
7206 20033
7206 7206
7206 43266
14653 14653
38889 38889
54548 54548
22069 22069
344 344
2349 2349
733 733
11926 44293
11926 11926
54661 54661
30081 30081
55859 55859
55859 36672
5017 5017
5017 1176
38523 38523
54269 54269
56349 56349
43266 43266
18017 18017
18017 1281
21491 21491
20033 20033
48142 48142
36067 36067
41840 41840
49 6574
49 49
4500 4500
36672 36672
54680 54680
4600 49413
4600 4600
15629 15629
35593 35593
1176 1176
18263 18263
16758 16758
49603 49603
32985 32985
15540 15540
