56097 58847
56097 59047
56097 8508
56097 1409
51424 2290
58818 4231
58818 2807
17787 44953
17787 1465
50384 47071
50384 58893
50384 59168
50384 34461
50384 3106
50384 59031
50384 2051
50384 1840
50384 1946
50384 2294
61028 55893
61028 17114
61028 8430
61028 61028
61028 35626
59294 56449
51596 55893
51596 24076
2733 586
2733 8066
2733 15242
2733 36688
2733 58226
2733 4362
2733 7952
2733 26039
2733 10368
60537 60511
9124 12930
16143 11142
16143 4231
16143 60476
16143 23291
54780 8430
54780 16702
54780 54780
16326 36688
43309 1648
32467 32467
32467 3948
57656 32660
57656 21762
59115 60602
59115 60863
5498 5498
5498 425
5498 52824
5498 370
2906 55893
2906 1345
10366 75
10366 21697
10366 2189
10366 2841
10366 10366
10366 36950
10366 58860
60929 55893
60929 22051
60929 60929
60929 35626
2554 3816
2554 24953
2554 35167
2554 16722
2554 59219
2554 57583
2554 4312
2554 39129
2554 17506
2554 2554
2554 763
2554 5210
59031 2051
38989 3106
38989 38989
38989 17773
38989 2954
38989 15503
26936 59303
26936 35626
26936 26936
26936 17581
622 622
622 5101
622 30081
622 5496
622 60675
622 9449
58247 58980
11142 20804
11142 8699
11142 51579
11142 7252
11142 35419
11142 21349
11142 38889
11142 8435
11142 51632
11142 54239
11142 56913
11142 36688
11142 59166
11142 39762
11142 33672
11142 59353
11142 15934
11142 41932
11142 13650
11142 10696
11142 40117
11142 56449
11142 58456
11142 57571
11142 10503
11142 3969
11142 3324
11142 3684
11142 11142
11142 49208
11142 23291
11142 1176
11142 58585
11142 60476
11142 25510
11142 22277
11142 11054
11142 1573
11142 14830
11142 1056
11142 60866
11142 41291
11142 5963
11142 60990
11142 35977
11142 7666
11142 59355
11142 9025
11142 12481
11142 8008
2823 61093
23571 60638
23571 61101
23571 798
23571 12166
59032 55893
4814 4600
4814 45570
6355 2384
6355 17581
6355 934
6355 6355
56674 9091
39552 6094
39552 41075
39552 39332
39552 60866
38490 8430
48505 47305
48505 29730
12489 29783
12489 12481
12489 12489
12489 10980
60893 22989
60893 3075
60893 58125
60893 12166
6942 2000
26437 55893
26437 6101
26437 10744
26437 26437
29322 6936
29322 56577
806 3075
806 19844
806 57804
806 60861
806 10035
50356 33804
17846 61101
38448 1245
38448 44143
38448 11054
38448 60435
38448 5740
38448 8385
38448 763
38448 2841
38448 55893
38448 13480
38448 391
38448 5627
38448 9652
38448 38448
38448 1593
12481 44143
12481 2290
12481 10744
12481 60855
12481 6094
12481 45057
12481 56913
12481 60808
12481 3272
12481 57108
12481 57474
12481 52997
12481 15604
12481 12705
12481 13650
12481 17243
12481 12481
6316 8508
6316 1106
35959 60880
35959 26522
35959 40120
35959 35959
35959 3684
59341 10035
1682 7206
1682 11145
1682 1682
41060 6936
41060 7402
41060 22989
41060 42849
41060 13650
41060 38703
41139 55893
41139 25510
58784 1463
58784 14094
58784 58784
58784 13514
58784 17294
58784 3651
25980 4558
353 58931
353 353
353 2622
353 58883
353 2530
353 37840
353 1532
947 22277
1532 36972
25643 59043
41364 39495
41364 8430
41364 6101
57255 4642
46855 35357
61134 14094
57021 35593
9463 2841
41932 13650
10446 48503
10446 321
10446 59204
10446 26935
10446 57635
10446 78
10446 4600
10446 75
10446 454
10446 50846
10446 2622
10446 10446
6818 6818
6818 3948
6818 9072
6818 60548
6818 5263
6818 36688
6818 41734
6818 2926
6818 13650
6818 12930
6818 2627
24483 16183
42531 18279
42531 21051
4362 59120
4362 7631
4362 1199
4362 43054
4362 8385
4362 4362
4362 4428
4362 20787
4362 24078
4362 13093
4362 437
4362 6269
4362 2051
4362 1345
4362 763
4362 7410
4362 3634
4362 60716
4362 35520
4362 360
4362 3272
4362 1465
4362 20302
4362 15242
4362 290
4362 39004
10696 586
10696 6085
10696 44022
10696 60676
10696 10898
10696 17836
10696 8133
10696 43737
10696 7206
10696 14493
10696 10368
10696 58841
10696 5627
10696 1946
10696 8799
10696 8857
10696 10696
10696 30412
50551 60515
50551 454
50551 58029
57020 50746
57020 13650
60841 29697
60841 13650
60841 60841
60841 31310
60841 8385
44539 44539
44539 48839
59074 5869
43195 35873
43195 43195
43195 4720
19969 60435
60990 9025
3409 10035
7402 38620
60603 1056
60603 60708
60603 38468
60603 7410
582 4231
582 344
3897 4720
59292 59292
59292 8050
12357 49443
12357 21380
12357 24586
12357 31310
3521 41650
3521 8628
261 2312
12482 16702
12482 42736
17988 10322
17988 2841
60872 801
37257 11260
37257 37257
37257 11236
44254 34951
2757 2757
2757 17980
4040 1345
24076 7368
24076 4558
24076 955
24076 405
57957 5690
58980 454
58980 25510
58980 13650
58980 58980
4763 290
3304 13268
60960 60960
60960 14094
60960 26355
26039 22051
26039 1898
26039 26039
1102 1703
12643 12643
12643 50614
12643 11211
44143 44143
44143 21051
44143 37385
23204 59029
41156 9652
41156 41156
49443 1345
49443 11552
49443 20186
29730 47305
29730 19369
2284 60665
57153 56624
4894 36013
4832 8457
4832 50614
4832 31310
4832 5810
4832 58343
4832 40793
4832 2294
4832 35419
4832 7206
4832 2000
4832 30186
4832 55893
4832 4832
4832 43266
4832 22277
4832 58845
39139 3816
39139 39139
18261 4231
18261 48503
18261 18261
60716 1465
3993 32389
3993 26522
6043 6043
6043 3684
6043 40023
919 34766
20597 20597
20597 1946
20597 11115
30537 49208
6950 53197
6950 27398
6950 10941
6950 47136
6950 3847
6950 4333
6950 47305
6950 13265
6950 6950
6950 290
6950 11682
6950 46690
6950 1149
3859 7206
42567 9025
42567 42567
60815 1056
60815 11919
60717 4231
60717 3272
60717 1593
60717 3684
58327 3816
238 5789
47071 26080
47071 2082
47071 60675
40297 24078
40297 53197
40297 2191
40297 59338
40297 36611
40297 4428
40297 1355
40297 60722
40297 4177
40297 40297
40297 15242
40297 2051
40297 58842
35702 35702
30264 1223
47713 32332
40847 9924
21778 17218
4366 60431
4366 48503
4366 934
4366 4366
4366 1056
4366 35840
4366 1409
4304 13767
4304 4304
20595 1098
20595 50746
20595 36575
20595 59249
7710 35683
7710 8719
7710 7710
7710 11260
2294 3684
7868 25854
7868 3106
440 58637
440 34591
440 10035
391 4231
391 3891
391 7780
391 2841
391 5740
391 60691
391 22
391 391
391 18116
391 18756
60730 934
60730 60730
4789 4789
4789 24221
4789 1465
8385 6129
8385 60732
8385 45340
8385 60676
8385 2926
8385 3206
8385 7206
8385 34919
8385 8008
8385 2051
8385 38136
8385 57070
8385 3075
8385 36688
8385 8385
8385 4600
8385 29319
8385 6094
8385 57583
8385 58899
8385 6101
8385 60517
8385 450
8385 13650
8385 39332
8385 45947
8385 5583
8385 35529
8385 13119
8385 59021
8385 60766
8385 3684
8385 59043
8385 37385
8385 60665
8385 1176
8385 59279
8385 50614
8385 44953
8385 50746
8385 763
8385 43266
8385 4556
8385 586
8385 3948
8385 1355
8385 4953
8385 4423
8385 121
8385 60830
8385 25684
8385 34461
8385 12705
8385 58885
8385 38624
27398 27398
27398 13402
17218 56318
17218 14094
17218 28143
17218 1946
58854 18238
61055 44590
61055 37850
50846 24078
50846 53197
50846 2191
50846 43054
50846 3995
50846 3969
50846 40883
50846 27028
50846 58951
50846 10605
50846 59088
50846 24474
50846 42100
50846 50846
50846 37354
50846 1310
50846 6094
50846 7780
50846 5690
50846 22131
50846 41562
50846 20302
50846 58203
8176 39532
8176 47958
8176 13641
40078 58944
12898 58917
12898 58029
12898 13099
57804 57804
57804 18739
57804 14653
7709 58345
7709 14450
35428 31310
51582 11054
51582 2954
51582 14901
51582 48142
51582 3684
36871 12705
61106 61107
24864 11025
27453 60995
27453 2051
27453 5010
60995 13650
39015 1729
12674 8628
3108 4085
7721 11546
7721 53197
7721 425
7721 52824
7721 7721
3041 58029
3041 25684
3041 58623
3041 55893
3041 26510
3041 11211
3041 5690
14974 20902
40921 1946
40921 41953
40921 40921
1353 18238
1353 1096
60676 11054
40780 3816
40780 5810
40780 1266
40780 9025
40780 40780
40780 6094
40780 8430
40780 55893
40780 20507
40780 58777
40780 13650
40780 11260
40780 3106
54475 4231
57241 51632
57241 12120
57241 26801
60728 45482
34919 47795
34919 34919
34919 5712
34919 3684
11791 38807
11791 36370
61018 2481
61018 23291
61018 61018
58585 58585
58585 56158
58585 37555
59203 20507
49919 49919
49919 3948
4367 10744
13402 13402
13402 60618
13402 14094
58745 59056
54667 54667
54667 48481
54667 12166
30062 4149
30062 78
3891 4231
3891 3891
57842 801
57842 60820
45664 45664
45664 15503
13917 8430
825 6094
43037 43954
60428 8430
2698 47305
2698 47136
18662 26080
18662 454
18662 763
18662 1481
17294 50517
17294 25510
37385 2000
37385 12705
37385 37385
37385 8133
37385 37336
39332 35529
39332 50754
39332 4639
39332 39332
59018 1162
60476 35353
7206 7089
7206 5312
7206 40883
7206 6794
7206 8133
7206 7206
7206 11919
7206 22332
7206 1176
7206 58938
7206 2051
7206 61136
7206 56364
7206 3948
7206 32657
7206 9269
7206 41953
7206 29500
7206 41274
7206 57583
7206 30186
7206 55893
7206 1946
7206 20781
7206 5442
7206 1355
7206 11115
31952 31952
31952 11765
31952 2627
50614 11054
50614 8134
50614 50614
50614 48481
50614 35626
50614 32332
50614 9417
50614 1
50614 955
50614 35357
50614 6101
50614 55893
50614 60461
61015 6094
61015 8430
61015 29887
8737 13650
8737 58271
10605 53100
10605 11546
10605 2841
10605 3634
10605 4144
10605 10605
10605 121
10605 5690
10605 51107
31233 3676
5690 24078
5690 2384
5690 2841
5690 35353
5690 29747
5690 17980
5690 36950
5690 5690
5690 2669
5690 14493
5690 381
5690 290
5690 8799
5690 14901
5690 1310
41274 41953
41274 11115
41274 5984
41274 41274
34776 34858
4767 53197
4767 43326
4767 3544
4767 4767
4767 60848
4767 1409
290 11417
290 52824
290 12310
290 1465
290 2807
290 78
290 3684
290 13061
290 37354
290 2349
290 2051
290 4500
290 18850
290 100
290 1310
290 34766
290 39082
290 28104
290 36688
290 1199
290 41291
290 1358
290 4463
290 51107
290 3272
290 401
290 20302
290 9928
290 290
290 1946
290 5259
290 6094
290 15242
33018 40120
59256 48857
381 184
381 381
381 51107
61043 1898
61043 61043
61043 6634
61043 9025
12930 48444
4053 8008
4053 38889
12873 34951
12873 13972
4177 59227
4177 297
4177 30186
4177 40883
4177 1703
4177 4177
14835 4336
6451 49117
6451 61101
6451 5259
26737 60618
26737 26737
10454 47795
10454 19844
21029 297
21029 26510
56827 56827
56827 14450
56827 11919
56827 9672
58940 18263
58940 11054
58940 13650
58940 25485
58940 20186
58940 1056
58940 35626
58940 59289
58940 58940
58940 39187
59232 12705
43129 55893
43129 20302
43129 43129
24993 58835
44022 44022
44022 2290
12310 24078
12310 1650
12310 35529
12310 1465
12310 4639
12310 4991
12310 41291
46104 59377
47330 49117
41650 297
41650 40
41650 2868
41650 2841
1291 8134
59353 28104
59053 11054
59033 23141
59033 59033
59033 24448
4672 2841
2082 75
2082 55893
2082 44953
2082 58125
2082 1310
961 60777
42364 39129
60807 32332
60853 2290
60853 18739
60853 16510
60853 11919
39129 8430
39129 39129
9890 27513
47796 8938
21690 2807
21690 11260
21690 3272
351 58361
5740 5740
422 2083
613 58825
613 3948
613 47973
613 613
613 58885
613 11576
613 59176
613 9161
613 6872
613 60576
613 763
613 19545
17845 4231
17845 12858
17845 30971
17845 14450
17845 17845
44931 44931
44931 58938
59308 4231
59308 59308
19545 9471
19545 13972
19545 17980
31035 6794
31035 41291
284 2051
284 51107
1409 2874
1409 19276
1409 8112
1409 1306
1409 60651
1409 19603
1409 32332
1409 16183
1409 75
1409 15780
1409 9947
1409 42100
1409 11317
1409 9652
1409 1946
1409 4144
1409 1409
42511 13650
42511 763
42511 58340
19471 14555
19471 402
60991 1176
25028 15604
13693 4923
13693 57973
2051 38878
2051 59042
2051 2039
2051 57432
2051 58861
2051 3206
2051 58871
2051 21349
2051 3106
2051 2051
2051 26510
2051 1015
2051 45482
2051 22
2051 8719
2051 34050
2051 2497
2051 58954
2051 1463
2051 766
2051 12008
2051 57583
2051 17835
2051 20302
2051 1946
2051 20781
2051 22721
2051 5010
2051 13268
30500 4961
30500 30500
60575 7655
28143 460
28143 14094
28143 7666
4281 13388
4281 1176
52871 60766
25485 17243
29783 3075
29783 9652
29783 39602
29783 2807
29783 2290
29783 6094
29783 8430
29783 24494
29783 41291
29783 5312
29783 29783
29783 8799
29783 58860
29783 13650
40117 40117
40117 49208
40117 6101
40117 35626
40117 48839
40117 13650
46987 59348
60682 2926
60682 60651
23355 60437
59092 1176
59092 41291
31045 22377
31045 14450
100 25309
100 100
100 46690
100 24965
10980 297
10980 20782
10980 4312
10980 37555
10980 38624
5583 2926
8112 1840
6618 8430
6618 42278
6618 6618
8084 9232
40023 43383
49122 11054
49122 49122
9947 59303
9947 28104
9947 9947
48067 10072
48067 41734
60684 801
60684 60684
60684 14450
60684 1465
60457 7076
60457 2926
60457 60457
60457 9672
3623 1056
3623 1898
59235 3948
59235 59235
52913 2926
60873 60873
60873 1441
11145 24942
11145 11145
11145 30186
58793 5784
3847 4181
3847 7780
3847 36886
3847 58842
1223 4231
1223 58777
1223 60651
24798 44152
1463 1463
1463 38889
1463 27433
1463 43559
10273 1306
10273 321
51525 57129
58744 58744
1358 8430
1358 42278
1358 1358
1437 36067
43423 5323
43423 6986
43423 43423
15482 15629
15482 14094
15482 32332
15482 6101
15482 2926
15482 5034
39495 297
39495 2954
39495 3206
39495 3040
59387 6794
13168 21574
2312 39229
4085 60881
14094 8699
14094 59046
14094 50563
14094 59283
14094 60610
14094 54311
14094 14510
14094 38889
14094 39717
14094 36720
14094 15629
14094 2192
14094 5034
14094 3065
14094 14094
6756 8435
6756 58456
60548 11919
61017 4231
61017 14450
2481 53197
2481 15566
2481 2481
60517 763
60517 15129
394 15629
394 49247
26705 26705
26705 41953
26705 2689
58879 297
57973 22389
57973 57973
41094 41094
41094 4572
58660 58660
8628 8628
8628 2841
8628 1306
8628 17836
8628 28104
8628 2060
8628 38889
8628 58899
8628 1459
8628 58226
21562 21562
21562 14551
59313 8441
59313 1384
59313 48142
24676 15129
60830 60830
60830 4961
39719 8131
6129 7631
6129 6085
6129 48481
6129 6872
6129 6101
6129 4600
1047 25123
29422 15629
29422 29422
29422 1310
2968 36688
28104 55893
28104 2841
28104 14450
28104 28104
28104 59303
28104 801
28104 2290
28104 6085
28104 4336
28104 60846
28104 60987
28104 60718
28104 7521
59023 121
59023 9072
21652 23034
9896 3032
8751 59227
16510 35626
16510 40983
4987 1306
6936 24078
6936 3272
6936 47136
6936 46406
6936 60903
6936 644
6936 7952
1465 16507
1465 1465
1465 36098
1465 50933
1465 58307
1465 60505
1465 41734
1465 5259
1465 26536
1465 58952
1465 402
1465 36688
1465 27433
1465 59205
1465 1650
1465 9161
1465 59221
1465 60638
1465 29961
1465 5010
1465 43941
48826 48826
4181 2039
3803 43737
3803 766
3803 1688
297 13441
297 59189
297 12705
297 21095
297 1
297 297
297 41666
297 32631
297 60934
297 10941
297 1306
297 60691
297 36688
297 3193
297 60490
297 59205
297 43737
1015 18060
1015 4477
59044 12487
9617 9617
9617 30827
2192 2192
2192 908
23572 58781
23572 34050
5371 37800
1573 30375
1573 51632
35683 35683
35683 3684
58996 6094
58996 1345
22131 22131
22131 59376
22131 437
22131 59178
22131 402
22131 11771
22131 60515
22131 36688
22131 12547
22131 1841
5091 48866
5091 11054
5091 31814
14549 15629
14549 9928
14549 14549
31814 31814
41777 41777
41777 8799
41777 59245
59120 8430
59120 11260
59120 48839
59120 4600
1233 11500
4558 30375
4558 12487
13480 437
13480 13480
60790 934
60877 38468
7655 20186
60665 60745
60665 934
60665 39602
60665 1355
60665 763
60665 60665
437 49
437 45570
437 12547
437 2926
437 41291
36067 32389
36067 11260
36067 2622
658 38136
10862 2362
7845 59199
58883 13650
259 52824
259 259
61125 61125
61125 5101
24221 58804
24221 36688
24221 42100
18474 13650
3400 2349
22389 3186
22389 36563
22389 6360
22389 935
61075 11054
4622 40220
57108 4600
59355 11054
59355 3684
59355 59355
59289 46253
59289 9025
59289 24494
59289 59289
41862 14493
14551 22815
35840 12858
35840 47958
35840 38889
35840 60660
35840 47249
35840 60642
35840 35840
4710 19475
5984 5984
5984 11115
11262 4800
38295 38295
38295 5100
24854 21349
318 184
318 798
41593 41593
8800 58778
8800 48517
8800 8800
42864 20507
519 4333
519 46464
519 1310
46629 55893
46629 46629
46629 8719
29736 29697
824 13972
60424 4231
60424 60424
12138 18060
12138 23252
12138 12138
12138 4312
12138 766
450 13625
450 48137
450 1106
450 2841
10503 60470
10503 8008
10503 1176
10503 1106
10503 10503
10503 58203
10503 65
11211 11211
11211 21051
43354 1946
43354 15424
43354 8133
43354 43354
7089 121
7089 24133
7089 7089
7089 934
35529 56624
35529 41291
35529 35529
35529 36688
35529 4639
35529 13650
31310 6249
31310 31310
31310 32332
31310 2926
31310 3684
31310 8887
31310 3324
31310 9652
31310 4572
31310 3106
31310 2622
31310 36744
31310 2530
31310 43266
31310 17581
31310 20186
31310 54401
31310 763
31310 37840
31310 6094
31310 425
31310 13650
31310 55893
31310 24942
31310 11260
31310 14830
41953 11115
58951 12547
58951 43054
58951 58951
58951 402
10475 1826
9269 56364
9269 57583
9269 9269
9269 45570
9269 1946
9269 49491
40779 2841
40779 644
21146 17907
21146 23501
36150 3040
6278 50517
6278 21574
5736 4600
43737 121
43737 22714
43737 4433
43737 1056
43737 8857
43737 43737
38600 9102
38600 14515
13360 8435
13360 13360
13360 60968
58777 1847
58777 13268
58777 3568
58777 58777
58777 5712
29961 43266
29961 29961
29961 41291
29961 8133
644 7952
644 2841
644 10368
644 644
59376 121
59376 11640
59376 59376
19276 4231
19276 21349
19276 1306
19276 60651
19276 18850
19276 36688
19276 763
3816 3816
3816 56140
3816 4312
3816 27249
3816 50785
949 47729
7952 2181
7952 20883
7952 39004
7952 586
7952 24706
7952 11640
7952 12166
7952 7952
61080 4231
13265 3545
13265 5101
13265 17907
13265 2290
13265 1703
13265 4333
13265 39380
13265 13265
13265 18286
13265 44953
13265 4639
10744 1737
10744 10744
10744 2926
10744 17599
10744 143
10744 12178
10744 59208
10744 58905
10744 1310
37354 14447
37354 43054
37354 360
1310 9068
1310 12166
1310 56594
1310 60675
1310 16183
1310 18116
1310 41291
1310 60650
1310 39764
1310 60982
1310 4639
1310 1310
5340 6094
5340 5340
45524 49208
40 2868
58508 11054
58508 24586
58508 58508
58508 8131
51107 360
51107 51107
60910 4782
60910 2926
5627 57583
5627 8508
1946 22332
1946 38200
1946 12705
1946 2926
1946 58869
1946 8133
1946 36014
1946 55893
1946 59282
1946 1946
1946 9652
1946 59302
1946 60985
1946 5810
1946 3873
1946 2689
1946 30186
1946 8719
1946 45570
1946 2000
1946 15242
1946 49491
1946 56140
1946 41291
1946 57583
1946 20302
1946 9072
1946 33039
1946 43266
1946 14024
1946 11115
6634 9025
2191 4333
2191 57398
2191 2191
2191 40883
2191 58623
13647 13647
13647 4069
4048 3948
8887 4572
8887 38835
8887 59238
8887 13119
3977 22721
60791 60791
60791 7460
447 39004
48481 58551
48481 6094
48481 24494
48481 48481
48481 17581
48481 14024
48481 3651
4333 4333
4333 18286
4333 52824
4333 11682
4333 26522
4333 11765
2384 47709
2384 2384
2384 18739
2384 21291
1266 36934
1266 60435
15242 75
15242 121
15242 52824
15242 5263
15242 2926
38267 10035
75 42455
75 24942
75 36688
75 58343
75 44953
47958 2578
47958 47958
47958 17836
30186 8991
30186 1106
30186 8133
30186 1176
30186 30186
30186 6101
30186 12705
58885 4961
42278 42278
42278 2841
59153 2807
59153 59153
59153 13650
59153 3324
59153 8008
8032 24078
8032 58952
3106 29697
3106 5784
3106 8457
3106 1106
3106 3684
3106 59205
3106 2000
3106 22332
3106 60511
3106 3106
3106 18403
3106 50746
3106 2530
3106 26522
3106 20186
3106 60934
3106 934
3106 763
3106 4600
3106 60507
3106 57474
3106 7092
3106 55893
3106 13650
3106 14024
3132 29500
60401 1176
25565 25565
41654 8799
57988 1898
57988 57988
2868 37026
2868 18238
2868 2868
2689 60492
2689 6085
2689 2689
2689 17836
2689 8133
2689 4600
56956 2841
59151 7460
59151 2290
59151 59151
405 40564
405 60703
34050 9317
34050 484
34050 34050
60438 60438
19980 3948
19980 4600
11317 4231
11317 32332
11317 11317
11317 1306
15597 54311
21291 21291
21291 3032
5034 5034
60686 8799
60686 55922
26538 58233
58456 58456
58456 934
48839 60441
48839 51508
48839 22051
48839 35626
48839 36688
48839 48839
48839 59219
48839 41123
48839 39339
48839 56553
48839 51247
48839 6101
48839 58993
48839 8799
48839 57635
48839 18943
48839 60724
3324 3621
3324 454
3324 2926
3324 1840
3324 3324
3324 9672
3324 8430
3324 11926
3324 21228
3324 1176
3324 50746
3324 38624
13070 14024
56916 12218
30104 8857
30104 11919
58804 58804
58804 1441
56843 4600
56843 56843
15132 49247
1056 22714
1056 60559
1056 34461
1056 51150
1056 35419
1056 32389
1056 60732
1056 66
1056 22277
1056 7410
1056 59234
1056 50746
1056 56140
1056 1056
1056 7092
1056 3193
1056 59166
1056 4600
1056 121
1056 36356
1056 60766
1056 3186
14515 24078
14515 58825
14515 51632
14515 47973
14515 4118
14515 14515
7591 39717
27433 27433
27433 13119
27433 45976
27433 1345
32151 4144
32151 32151
39331 58719
16914 60435
6872 6094
9878 24706
9878 9878
47499 29697
47499 2954
47499 47499
6628 32389
6628 4600
58551 4961
8799 60904
8799 36517
8799 24953
8799 49404
8799 8430
8799 49821
8799 1176
8799 8435
8799 38629
8799 8799
8799 36688
8799 908
8799 21095
8799 6094
8799 3272
8799 12705
8799 58860
8799 57635
41110 4639
59216 55893
59216 59216
58975 58975
45976 36934
45976 16507
34766 66
34766 4231
34766 34766
23064 29887
58952 24078
58952 58952
58952 20302
2503 61069
60866 60866
60609 7460
57122 2841
59205 22377
59205 18739
59205 59205
59205 3684
12008 55893
12008 8719
36356 18739
36356 36356
36356 41291
59221 6094
59221 11054
35626 587
35626 9924
35626 40983
35626 35626
35626 60659
35626 6094
35626 61094
35626 60732
35626 38624
35626 13650
35626 57070
16852 6094
8588 41666
8588 8588
3329 2841
15934 44949
15934 47249
15934 38889
15934 57297
15934 11260
15934 43559
34483 20507
34483 36814
34483 34483
36146 15887
36146 12166
36146 36146
27513 26700
27513 12911
6101 17506
6101 36517
6101 13119
6101 2926
6101 5712
6101 20408
6101 8008
6101 1176
6101 38629
6101 22277
6101 1168
6101 60515
6101 59234
6101 6094
6101 454
6101 10035
6101 6101
6101 12705
6101 36688
6101 37850
15148 2622
745 22606
745 4572
34180 39492
59107 2000
59107 2841
59107 1176
59107 55893
59107 59107
59107 11781
4720 60987
4720 20186
4720 1073
4720 60435
3272 36886
3272 1050
3272 2530
3272 48408
3272 47709
3272 10591
20781 20781
2480 3684
31807 31807
1 1
29500 1898
29500 14830
29500 17581
29500 7460
29500 2290
29500 3684
29500 52997
29500 8430
29500 17506
29500 20507
29500 12705
29500 766
1464 6269
1464 58938
58931 12858
42100 21265
42100 42100
60959 38799
58718 2497
60439 4042
60439 60439
60439 43326
19844 47795
19844 8008
19844 19844
19844 40983
59166 21349
59166 14830
59166 13650
59166 59166
14493 14493
14493 13268
14493 13514
11877 51303
18739 26522
18739 38624
51247 55893
51247 51247
58361 34538
58361 3
2233 6094
2233 8250
2233 1898
2233 2807
2233 39492
2233 2233
60510 2836
49365 4600
10368 586
10368 39004
10368 10368
10368 11640
57472 53197
59259 13650
60832 20302
1540 59176
1540 46495
1540 44152
3969 6094
27013 11260
27013 21035
3873 43266
32389 58011
32389 60559
32389 3948
32389 60435
32389 9317
32389 32389
32389 49208
32389 47249
32389 48142
32389 13972
4312 47253
4312 13119
13625 11919
13625 766
13625 37555
11540 3186
60602 60602
60602 40640
11054 8457
11054 13972
11054 35419
11054 3684
11054 47144
11054 8008
11054 25947
11054 8435
11054 26522
11054 13904
11054 59369
11054 11054
11054 454
11054 36814
11054 21123
11054 25684
51508 11236
51508 58860
51508 51508
22051 121
22051 60984
22051 25510
22051 40323
22051 14830
22051 22051
22051 8008
60426 1898
60426 13972
630 8435
630 38379
58125 24494
58125 17581
58125 26935
58125 58125
58125 1688
11504 13767
11504 22
11504 11504
17599 7076
17599 3032
9161 9161
9161 13972
9161 20302
13514 10839
33039 55893
33039 59282
58842 18060
58842 58842
58080 11546
41452 55893
41452 41452
8699 1345
8699 8699
60610 60610
44169 58682
60542 9062
8008 121
8008 23252
8008 58233
8008 40564
8008 8008
8008 1176
8008 48866
8008 34461
8008 6094
18060 31724
18060 58939
18060 41291
18060 18060
18060 370
18060 8857
18060 16107
31603 2039
60850 4600
1898 1898
1898 9025
1898 4600
1898 56859
1898 61078
1898 60430
1898 44953
1898 58860
1898 43266
454 3948
454 1050
454 454
454 2926
454 6794
454 2000
454 25947
454 52997
454 12120
60490 60490
60745 934
61078 9652
9564 46900
23523 52997
58884 12705
58884 955
58884 58884
60878 40220
60878 21574
60596 6269
50249 14098
22019 17581
29689 29689
29689 934
60430 8430
19425 58944
41551 55893
41551 12705
41551 41551
15092 52918
15092 5101
15092 15092
38629 38629
38629 33135
38629 763
2669 1650
2669 1345
12120 37254
12120 60692
12120 58226
2954 6094
2954 60635
2954 2954
3948 59237
3948 3948
3948 13972
3948 61093
3948 60840
3948 2622
3948 36575
3948 59178
12669 16702
35575 52997
1355 29697
1355 8508
36950 36950
36950 11765
13564 7460
13564 44953
13564 13564
13564 17836
41291 13119
41291 2926
41291 9652
41291 1176
41291 60435
41291 55893
41291 2841
41291 45057
41291 36688
41291 41291
41291 12178
41291 58226
27959 763
2627 2344
2627 36735
2627 38624
2627 11765
2627 2627
12858 27456
12858 3684
49003 40983
29887 29887
60840 15129
41123 15629
41123 41123
41123 40231
41123 55893
41123 9652
41123 763
4572 30081
4572 50517
4572 4572
4572 43941
5098 3684
8857 8369
8857 43697
8857 8857
57280 350
36720 22989
36720 22377
36720 36720
49739 60984
48296 60727
9072 14980
9072 9072
9072 807
9072 59279
9072 11260
9072 59047
9072 763
9072 59312
9072 17980
59303 59303
59303 11260
59303 35416
59303 4336
26935 59176
26935 33804
26935 55893
26935 26935
26935 36688
26935 41734
60766 29697
60766 60766
60766 9025
60766 955
21684 60638
60861 13650
60861 60861
43326 41075
43326 22721
19272 36688
40983 14830
40983 37555
59225 38468
59225 59225
59225 4600
59225 14830
36601 21907
3075 121
3075 3075
3075 37002
3075 34461
3075 60751
51150 9091
57432 121
57432 57432
57432 1131
57432 45947
57432 38624
20787 58880
20787 20787
20787 9485
47640 11100
8508 6545
8508 12705
39880 7079
16323 21265
16323 16323
58271 57483
344 121
344 4639
344 78
344 344
344 17980
36886 36886
36886 48866
36886 14143
36886 2562
36886 763
36886 14514
56364 6085
56364 56364
56364 1703
7368 6094
7368 7368
5279 5279
5279 763
62675 19943
1650 1847
1650 2039
1650 402
1650 58880
1650 1650
1650 25511
1650 55893
1650 25510
1650 58226
47772 47772
47772 14830
47772 38624
798 18263
798 44953
798 798
10265 763
10265 17506
37850 57975
37850 37850
11100 6094
11100 11100
11100 12178
11100 56553
11100 12911
11100 41258
11100 58860
11100 38835
58938 763
24953 848
24953 17506
24953 24953
24953 15129
57297 57297
25684 25684
25684 12705
25684 13650
25684 3684
38851 26522
38851 12705
56995 4042
46193 49208
2530 2841
2530 13268
2530 60984
2530 57615
2530 8430
2530 35977
2530 1306
2530 33518
2530 58905
2530 2530
2530 43266
2530 17980
29319 59283
29319 4600
29319 13119
766 60437
766 22277
766 46253
766 59219
766 56766
2189 48084
2189 2189
2189 20186
7076 11108
7076 7076
58860 58860
47709 35416
59271 38468
9317 26208
9317 8719
9317 31410
9317 1176
9317 9317
61052 7460
61052 44953
58730 60984
58730 58730
5712 121
5712 21349
5712 5712
5712 3684
36735 11765
37600 25510
586 586
586 1176
1631 3684
60934 57398
60934 1688
14830 58802
14830 14830
14830 10423
14830 56913
14830 26700
14830 11926
14830 15667
14830 17114
14830 6094
14830 22277
14830 40323
4423 55893
4423 29491
4423 4423
1703 121
1703 16183
1703 1703
47305 47305
47305 42636
425 53197
425 3544
3186 6015
2578 36688
37371 4600
43332 828
58639 26635
58639 4231
56571 56571
33024 2926
6369 1536
2926 2926
2926 52963
2926 2273
2926 56910
2926 78
2926 58871
2926 59178
2926 22277
2926 16107
2926 2841
2926 57398
2926 6794
2926 7120
2926 42455
2926 22989
2926 20302
2926 24942
2926 11260
54632 29697
54632 8430
54632 12705
54632 13650
17047 21051
59178 47264
14143 14143
14143 2841
14143 10941
38379 38379
29491 55893
60783 934
41782 59369
1131 24494
58899 4600
59142 135
59279 41666
10646 5100
934 934
934 7410
934 1162
934 12178
934 60718
934 11260
934 13650
60820 25510
60820 1688
3503 16089
59010 1176
59010 6545
955 24494
955 2273
955 955
11640 15887
11640 402
11640 22989
11640 39004
11640 2362
19877 39754
5789 11260
5789 5789
60985 59302
60985 61138
60985 60985
60985 8133
58057 37555
45570 45570
45570 12705
45570 24563
45570 4600
45570 11115
45057 2290
45057 11919
45057 45057
24706 46406
10423 10423
10423 2290
1826 11260
1826 1826
1826 7410
9672 9672
121 2841
121 25854
121 50746
121 18850
13268 58307
13268 47973
13268 21574
13268 36688
10708 57583
5031 29697
5031 17114
5031 5031
801 4231
801 61058
801 14450
801 801
42736 703
60505 60505
24078 24078
24078 21265
24078 9928
24078 15129
24078 5263
24078 44953
24078 4118
52824 15629
52824 53197
52824 52824
52824 42455
52824 48408
52824 14510
52824 23291
52824 58841
52824 48499
23252 23252
23252 48142
45340 763
36563 36563
4961 6094
4961 1441
4961 47336
43559 5259
43559 59298
19943 60675
60511 18403
61136 11919
20084 23291
51632 51632
51632 25311
11716 13093
11716 11716
21051 36688
21051 4600
21051 20408
21051 21051
21051 39339
21051 58917
21051 25510
21051 763
21051 14566
21051 58845
58781 60435
5100 30081
5100 60982
5100 58562
5100 47729
56086 55893
56086 3684
56086 56086
36419 1106
1593 3621
1593 1593
1593 1176
1593 4276
1593 13650
37254 2622
37254 37254
3493 43266
3684 587
3684 21349
3684 60589
3684 2807
3684 2290
3684 3684
3684 60987
3684 59026
3684 32779
3684 60703
3684 26080
3684 32332
3684 44797
3684 58861
3684 6094
3684 56094
3684 43266
3684 12705
48157 40564
48157 48157
36934 1345
4872 6094
32831 44949
26522 13650
26522 26522
26522 12705
26522 3651
36744 43266
36744 36744
22277 25510
22277 36688
22277 57583
22277 1176
22277 2622
22277 43266
22277 22277
22277 11115
17243 17243
17243 38624
61107 61107
61107 26591
47336 1688
3634 4639
3634 12166
3634 3634
17907 53197
17907 17907
17907 2290
17907 10898
47147 9652
47147 9025
47147 25510
59312 7252
58947 59021
58947 55893
58947 58947
58947 25510
20302 57571
20302 48866
20302 36688
20302 24494
20302 20302
20302 9928
20302 18850
20302 41734
26700 26700
7631 2672
36517 36517
1106 29697
1106 1106
1106 42804
40588 40588
45212 30684
18279 5263
18279 18279
18279 56525
18279 13650
20408 55893
20408 10101
20408 20408
59189 12705
59189 59189
46298 26608
4144 4463
4144 18116
34461 6094
34461 13093
34461 39602
34461 55893
34461 34461
34461 60612
19369 19369
10076 39179
4463 55893
4463 16702
43017 15629
43017 55893
43017 25510
43017 38624
43017 43017
57583 6085
57583 43266
57583 15129
57583 8133
57583 57583
57583 1459
55893 59046
55893 44194
55893 58930
55893 60692
55893 35416
55893 60987
55893 59196
55893 12976
55893 56913
55893 36688
55893 61094
55893 55893
55893 47144
55893 25311
55893 13904
55893 17581
55893 56525
55893 58917
55893 25510
55893 58011
55893 47973
55893 56553
55893 14566
370 370
56910 2841
45947 15629
45947 2000
45947 45947
45947 38624
58825 40883
58825 58825
23907 37026
2807 6094
2807 32866
2807 2807
2807 59208
17836 32657
17836 60675
54311 4231
54311 54311
54311 1450
54311 6015
54311 60651
54311 41734
23291 53197
23291 23291
23291 4231
24494 38468
24494 17581
24494 24494
24494 38566
24494 43266
59026 44797
44953 60984
44953 36688
44953 58562
44953 51778
44953 58307
44953 33804
44953 44953
44953 61123
402 49
402 402
48127 36640
48127 48127
6015 6015
58226 8430
58226 4556
58226 58226
59050 5258
38624 9924
38624 56913
38624 60880
38624 38104
38624 2666
38624 38624
60559 60559
5784 60703
58930 58930
6986 18116
2841 16183
2841 4639
2841 6666
2841 2841
2841 59227
2841 18238
2841 33377
22989 184
22989 59302
22989 22989
22989 24891
22989 12166
38566 38566
29697 29697
29697 1176
29697 24942
29697 60392
2273 36014
43088 9093
2586 13650
2290 9924
2290 2290
2290 5101
2290 59377
2290 35419
2290 18286
2290 60982
2290 60757
2290 56577
2290 58562
2290 11765
2290 14024
2290 10035
2290 48499
36014 6794
36014 36014
36014 12705
36014 8133
36014 58913
22332 22332
22332 11115
1345 50933
1345 10707
1345 1345
1345 5010
1345 10482
763 13904
763 17506
763 763
763 42804
763 51514
8784 8784
8784 17581
39086 18128
7780 4428
20186 6094
20186 20186
59209 5810
795 795
795 911
20516 58307
1149 2000
1149 47136
1149 4600
1149 1149
40145 40145
41032 11926
24309 24309
15629 4231
15629 36688
40231 40231
60848 53197
6094 1847
6094 13972
6094 3491
6094 35419
6094 17581
6094 9025
6094 6094
6094 51778
6094 58880
6094 13650
6094 3545
6094 1176
6094 3621
6094 1306
6094 13388
6094 5010
39602 9924
39602 58623
61094 61094
61094 12705
51778 13650
57474 13650
6514 9417
58203 58203
58203 12166
2666 38104
3651 7120
3651 25947
3651 3651
4433 4433
360 4194
5301 4231
41301 4231
41301 41301
48137 7460
39082 9928
58011 58011
8938 44797
8938 8938
58871 58871
40793 40793
40793 35520
21095 22721
43054 43054
59046 59046
59046 59043
41258 41258
41258 8430
41258 48859
41258 37555
78 1306
78 78
48408 40883
48408 48408
48408 733
35416 35416
2497 2497
59282 4600
41734 57398
41734 41734
57070 43266
34858 47795
14450 14450
14450 22377
48855 13650
10839 58719
59134 16089
7743 30084
7743 7743
1441 1441
1441 52847
1441 25590
1441 35593
60589 60589
60589 4580
24114 58623
3032 58905
6545 53100
6545 1176
51323 47312
4194 4194
4194 4639
42804 61091
42804 42804
1306 1306
1306 60651
1306 32332
1306 7460
1306 35977
1306 50746
48866 48866
48866 60982
48866 13650
58861 18403
1841 2362
60880 60880
3382 7580
42636 16046
22721 22721
22721 2349
14566 25510
61101 61101
61101 12166
9093 11260
184 184
184 15887
5263 5263
5263 36688
5263 56525
36575 4231
36575 36575
58623 58623
56505 19088
19729 58087
60470 60470
56021 20507
32631 4231
9025 56140
9025 9025
9025 15393
9025 60659
9025 1737
9025 39492
60675 12705
60675 60675
12166 53197
12166 36688
12166 12166
12166 20883
12166 16046
18238 18238
18238 51251
48499 5015
48499 48142
48499 11926
19029 40120
25311 25311
60757 5101
17506 8430
17506 32660
17506 17506
17506 8435
20507 8369
20507 20507
20507 49821
58845 58845
7120 10322
56766 56766
34341 6209
24942 24942
24942 11260
24942 13650
11115 60492
11115 6085
11115 32657
11115 11115
11647 11647
11647 15129
2594 3889
1688 4231
2000 32657
2000 40883
2000 4600
2000 2000
2000 1176
2000 12705
807 807
10718 34538
10718 22
10718 10718
19475 25947
19475 19475
19475 60901
19475 5015
15302 15302
10591 18571
10591 10591
60901 4231
1737 13650
61058 4231
61058 61058
14024 52997
14024 4600
14024 14024
26380 38889
5101 5101
5101 4428
32332 4231
32332 38889
32332 18850
37002 37002
24165 44949
40883 6794
40883 40883
40883 1176
40883 12705
40883 5442
40883 43941
59176 13972
34866 34866
30582 8430
41666 11919
32779 60435
7410 60431
7410 7410
16046 16046
37555 37555
59234 59234
59234 4600
57635 57635
57635 13650
60650 16183
3377 59043
61093 61093
5373 5373
8430 58917
8430 11236
8430 8430
8430 38620
8430 1050
8430 8369
8430 60984
47144 47144
39939 8133
39939 58913
22971 9924
22971 1176
22377 22377
59196 59200
17581 17581
17581 38889
17581 60732
17581 10035
4002 37026
2028 13972
2028 2028
8719 8719
52997 52997
13650 56525
13650 9652
13650 8435
13650 6794
13650 15667
13650 13650
13650 60855
15604 60976
15604 15604
15604 12705
15770 10194
39754 44194
46464 4231
46464 59377
1474 1474
47973 46918
47973 13972
47973 47973
47973 38835
11765 11919
11765 59003
11765 11765
24586 24586
11260 38835
11260 12178
11260 60435
11260 1162
11260 11260
39004 11863
39004 36625
7443 7443
50563 59298
35419 35419
57615 33518
57615 57615
2622 60431
2622 13972
36688 13972
36688 59043
36688 36688
20883 20883
43266 43266
58343 58343
19088 19088
19088 4707
47729 47729
10707 10482
40564 40564
12547 12547
12547 19949
25510 25510
25510 60554
25358 4231
25358 39764
35977 35977
58917 58917
60961 60961
60961 6494
10035 10035
60492 6085
60492 4600
2672 2672
4428 60460
4428 4428
4428 18116
4336 60435
4336 4336
14510 14510
60987 60987
60987 11919
9652 9652
9652 52847
9652 49208
9652 60984
9652 1176
4231 60727
4231 4231
4231 60651
13119 4600
13119 5010
58307 58307
9924 9924
17773 406
49208 49208
49208 40120
59302 59302
37026 15235
37026 57823
60984 60984
60984 8133
9928 9928
908 59182
1162 1162
44949 44949
5259 5259
4118 4118
22714 60435
57823 57823
18850 11926
18850 18850
26080 2039
8133 16507
8133 32657
8133 8133
59298 59298
60691 6107
53100 36625
21574 37370
21574 21574
21574 13972
16183 57398
16183 16183
18116 18116
15887 15887
50746 50746
50746 11919
15782 37656
32657 32657
59219 59219
2039 2039
5010 5010
53197 53197
53197 57398
16507 46903
56525 56525
38835 38835
18756 12178
18756 18756
8435 8435
60435 60435
60435 11926
56140 56140
21697 21697
41562 7460
41562 13972
35593 35593
37370 13972
10482 38889
10482 10482
9417 9417
9417 1050
1096 10059
7460 17630
7460 59377
7460 47136
7460 7460
7460 12705
60659 60659
12178 12178
46495 46495
4639 4639
9456 42047
57398 11926
35520 35520
58562 58562
13767 13767
52847 52847
60751 60751
5442 5442
13972 13972
13972 1050
60846 60846
38889 38889
11919 39339
11919 11919
39492 39492
18943 18943
56913 56913
25590 25590
11926 1176
30081 30081
13904 13904
60976 12705
2362 2362
16702 16702
51251 51251
39115 12705
39115 39115
1050 1050
1050 4600
25947 25947
39339 39339
39066 39066
60431 60431
49821 49821
25854 25854
50891 40120
59047 59047
6794 6794
6794 50457
6794 6085
4600 4600
4600 12705
13694 13694
47249 47249
38468 38468
38468 17980
59283 59283
12705 12705
12565 1176
4149 4149
1176 1176
39717 39717
18286 18286
6085 6085
32660 32660
37840 37840
40120 40120
60692 60692
56553 56553
17980 17980
