33286 46793
33286 46332
33286 33286
33286 25358
47383 8430
47383 3684
40396 46958
17787 25642
17787 11540
17787 290
17787 17787
17787 21684
17787 5690
41901 41901
2733 290
2733 46317
2733 21349
2733 45669
2733 9072
6206 44953
6206 1573
382 1231
382 5887
23572 28128
54780 15743
54780 22277
54780 54780
11427 24076
5316 238
5498 46987
5498 5101
2906 25563
10366 3075
10366 12911
10366 35353
10366 28128
10366 19864
10366 9928
10366 36688
10366 30827
10366 5690
10366 7402
10366 1176
10366 21124
10366 10366
10366 2530
10366 47184
2554 24119
2554 5584
2554 24916
2554 10265
2554 3536
2554 47469
2554 1044
2554 2554
38989 38989
38989 4600
38989 8133
38989 2000
46907 46907
46907 2642
25358 4231
25358 37338
25358 40352
25358 40998
25358 25358
25358 40297
25358 9947
25358 31261
25358 66
25358 391
25358 21574
25358 43107
24478 24478
24478 1345
19045 9502
19045 66
19045 19045
19045 11025
19045 18060
46127 40145
11142 26380
11142 2627
11142 33757
11142 14450
11142 32332
11142 9025
11142 1557
11142 44967
11142 11142
11142 47120
11142 6325
11142 6059
11142 1492
11142 18060
11142 1266
11142 24451
11142 25510
11142 39331
11142 35840
14454 290
14454 14454
14454 5937
14454 38825
14454 394
2678 46735
39203 42571
4814 6985
4814 28104
4814 4814
4814 27933
46599 22079
19593 22758
19593 24916
19593 46866
19593 15129
20228 297
26811 7591
32135 3142
12489 12489
12489 22590
8955 8955
46879 5100
29322 290
29322 29322
29322 11640
23753 15629
23753 8430
23753 21051
23753 18060
23753 23753
23753 5963
1811 4961
36564 17009
12481 8784
12481 47118
12481 14830
12481 40834
12481 9833
12481 35626
12481 17907
12481 42501
12481 31045
12481 5963
12481 121
12481 32389
12481 47437
12481 4556
12481 440
12481 29783
12481 8193
12481 4140
12481 22758
12481 46514
12481 12481
5144 454
6316 38468
6316 44143
6316 35482
6316 44949
6316 9025
6316 2578
32499 9015
46836 36090
46836 15517
46836 25510
1682 3859
1682 1682
27153 10941
25980 42387
353 6094
353 35357
353 22930
353 46254
353 46952
353 7631
353 353
353 955
353 21795
353 9062
23850 8725
23850 42387
47094 39754
47094 2954
47094 47094
47094 14830
46708 40297
25040 33672
2183 15155
2183 13268
2183 43326
2183 2183
37242 25854
25643 2234
46855 778
46855 45990
46855 348
46855 43915
46855 6545
46855 972
46855 22277
46855 46855
46855 9672
46855 11632
46855 33223
46855 27933
46855 6985
46855 38085
46855 20781
46855 763
46855 19770
7265 7265
5281 32389
10446 21349
10446 394
40154 38468
40154 40352
40154 40154
40154 3684
25490 4231
25490 1465
25490 25490
25490 32332
47354 32389
47354 13917
6818 20281
6818 44953
6818 21574
6818 40352
3473 2039
44610 29730
10696 1441
10696 33757
10696 5101
10696 4002
10696 40352
10696 4177
10696 32972
10696 3272
10696 13265
10696 30827
10696 44953
10696 16046
46292 46291
46292 37555
9022 47459
3970 1345
3970 3465
35478 1463
35478 21684
35478 35478
21124 47533
3356 8784
12192 2669
47121 40297
47121 44953
42768 3995
2467 46714
2467 2467
47347 47328
45116 5259
47317 47317
47317 41291
33996 47184
7227 7227
7227 21684
7227 3948
7227 13972
21014 44692
21014 20186
45974 45974
45974 21095
7402 8430
7402 10400
7402 7402
7402 18286
7402 9603
7402 36904
7402 29961
582 29738
582 47468
5753 7894
5753 11028
5753 42388
5753 5753
46810 12482
46810 21907
13223 187
12357 4111
3521 4800
3521 13265
3521 17653
3521 15155
3521 43198
3521 3521
3521 40038
46910 14378
46910 44953
46910 46910
16750 1797
16002 297
16002 2530
16002 47270
25642 22
25642 5690
7378 37239
46321 28011
46321 25510
46321 46321
4040 1946
4040 1557
4040 4040
47434 47434
47434 44953
47434 21907
47434 1898
24076 66
24076 2177
24076 24076
6427 613
5659 47209
47109 290
47109 17029
47109 36119
26039 45764
26039 47563
26039 1266
26039 37238
26039 43946
26039 46326
26039 26039
47485 391
47485 23758
9502 13441
41619 3536
2868 47518
4503 16702
4503 1481
44143 38468
44143 44143
44143 28128
44143 42676
44143 18939
44143 2672
44143 4600
44143 8133
44143 6618
44143 27304
44143 39495
44143 36155
44143 46845
10903 37555
25630 14514
42871 4580
45070 6094
45070 5259
45070 45070
29730 47267
29730 5101
29730 7460
29730 22878
29730 46690
29730 12166
40109 45915
46510 45393
43107 38276
43107 45704
43107 4002
43107 37352
43107 2720
43107 4504
43107 2234
43107 26223
43107 43107
43107 121
43107 41650
43107 23291
43107 13265
43107 40998
43107 47328
43107 46578
43107 47120
43107 31814
43107 16046
4832 238
4832 4721
4832 4832
4832 16507
4832 46736
4832 43946
4832 47295
4832 46686
4832 27013
4832 36677
4832 11081
4832 32274
15650 9896
3993 41285
6043 441
6043 46536
41826 7206
41826 1946
41826 22277
7043 41577
46522 45681
46522 10400
12710 16702
6950 10059
6950 1657
6950 20793
6950 11395
1698 1874
1698 2039
3859 1946
3859 5984
46569 121
46569 35626
46569 3684
46569 47293
46569 46569
4794 17169
4794 47120
4794 44953
4794 35840
4794 4794
4794 14094
238 7206
238 238
238 19276
238 6101
238 17029
238 47295
238 46634
17029 1176
20919 5259
41635 11054
41635 8938
40432 40432
40432 27933
3903 3710
40297 13441
40297 37338
40297 3041
40297 38276
40297 50973
40297 46464
40297 3847
40297 40090
40297 2926
40297 2234
40297 40297
40297 13265
40297 36075
40297 25510
40297 46690
40297 22878
40297 36370
40297 46433
40297 36575
40297 31310
40297 36931
40297 39495
40297 22277
40297 36688
40297 21684
40297 40998
40297 23501
40297 13268
40297 391
40297 7460
40297 21815
40297 21574
40297 40968
40297 30827
40297 42721
40297 17653
40297 5101
40297 40352
40297 46472
40297 47209
40297 8725
40297 23860
40297 16591
40297 1939
40297 11926
40297 47489
40297 4504
40297 6545
40297 31045
40297 44953
40297 46511
40297 38302
40297 47302
40297 1988
40297 11765
40297 75
40297 46897
40297 14514
40297 6059
40297 40038
40297 46531
40297 45766
40297 43198
40297 42656
40297 36974
40297 46578
431 431
16185 4231
35702 37843
35702 35702
35702 46298
35702 4720
35702 5690
35702 40120
8410 5091
30264 6094
30264 10881
30264 11054
30264 7710
30264 30264
46775 2000
46775 44555
46775 12976
46775 23835
46775 12705
46775 33039
46775 10384
46775 46775
46332 13268
46332 19325
46332 46344
46332 394
35833 2841
7710 29783
7710 46551
7710 46835
3710 3710
3710 4614
3710 14830
7868 2720
7868 47328
7868 4002
43796 43796
43796 44565
391 13441
391 19729
391 47270
391 46234
391 40352
391 7878
391 4002
391 10076
391 4177
391 31261
391 30827
391 23758
391 39936
391 5081
391 21574
93 37919
93 2926
8193 8193
4789 23193
4789 21095
4789 1573
4789 4910
36904 6094
36904 40352
36904 8385
36904 20281
36904 36904
36904 12844
36904 46471
36904 2234
36904 4463
36904 23193
36904 43296
36904 47144
36904 25510
36904 46634
47464 13972
47464 47464
47464 9928
47464 1345
47464 21684
47464 4177
8385 5373
8385 30410
8385 25510
8385 23193
8385 1573
8385 8385
8385 25757
8385 4953
8385 4600
39602 6094
3992 38434
2666 10400
429 47191
5018 3635
5018 7878
47402 45681
47402 23141
47402 18969
47402 47402
47402 44953
47402 13042
47402 3206
8176 22758
12485 18756
15293 3193
15293 1176
15293 15002
15293 35626
15293 44953
15293 15293
15293 2530
15293 5963
22079 40087
22079 46719
22079 36687
40078 8430
40078 26538
40078 14830
40078 41123
40078 35626
40078 42278
40078 3684
12898 30081
12898 38002
12898 38566
12898 45764
12898 37352
12898 33804
12898 47005
12898 41837
12705 7743
12705 45664
12705 38200
12705 41345
12705 35419
12705 8133
12705 4177
12705 47368
12705 1946
12705 44953
12705 12705
12705 26766
12705 47544
12705 11115
7709 45354
12844 35626
36871 2035
42278 1056
42278 290
42278 42278
42278 40640
46094 10368
27453 27453
27453 47148
27453 47016
27453 34538
27453 3121
27453 31475
27453 703
27453 19938
47253 47253
47253 10518
47253 25199
47253 8131
22930 22930
22930 1345
22930 4961
37338 37338
34140 454
3041 15629
3041 38434
3041 47455
3041 2841
3041 80744
3041 31045
3041 8133
38795 2865
1353 381
46445 46445
46445 8103
40780 6094
40780 46794
40780 40780
40780 21095
47005 45681
47005 32389
47005 10400
47005 8857
47005 47005
46867 6094
46867 11260
44052 3460
5312 18474
37096 17308
37096 37096
36735 4767
36731 36731
36731 29873
78 24078
78 13767
78 13265
78 16507
78 44817
78 290
78 78
78 12166
78 47236
30062 30062
30062 41560
26689 38825
35648 47256
35648 47294
41065 11945
45664 45664
342 11054
342 1176
342 40352
15602 6094
31308 47239
18662 41407
25121 9924
25121 972
25121 1946
25121 35626
25121 20781
25121 25121
25121 35419
25121 38267
46471 46471
46471 3402
46471 20302
5697 7206
5697 11233
5697 11145
5697 1946
5697 5697
5697 11115
42508 7460
14527 4231
10605 2503
7878 3635
31233 1114
4953 10881
4953 34155
4953 4953
4953 10744
5690 7460
5690 5690
5690 297
5690 13265
5690 4477
5690 2039
5690 44953
5690 27004
5690 15516
41274 1946
41274 11145
6059 468
6059 3847
6059 6059
6059 2503
6059 36931
6059 66
6059 4428
6059 6986
6059 10941
42059 3545
42059 42355
42059 42059
42059 20516
42059 40352
42059 43326
9187 27933
290 5181
290 381
290 3847
290 2926
290 2234
290 4177
290 8430
290 23959
290 41291
290 46356
290 47544
290 4231
290 4721
290 16931
290 38200
290 40998
290 47370
290 15934
290 47584
290 17121
290 10072
290 33757
290 47372
290 3684
290 1939
290 24916
290 30827
290 66
290 8187
290 44953
290 1345
290 344
290 44293
290 46809
290 297
290 22051
290 18474
290 35520
290 47239
290 121
290 31261
290 1874
290 4477
290 290
290 23444
33018 19276
33018 23959
33018 22758
33018 630
33018 21907
33018 33018
33018 40120
33209 22878
33209 9672
33209 33209
33209 35840
11 4096
9924 9924
9924 45776
9924 22051
9924 9025
9924 47135
9924 40439
19534 6094
19534 19534
19534 9672
47016 47016
47016 21684
381 5181
381 4085
381 46317
381 381
36961 121
36961 21815
36961 4177
44464 8430
44464 1898
44464 41123
44464 44464
44464 11260
44464 11236
4053 29566
17773 35626
17773 38624
16702 17047
16702 613
16702 1988
16702 16702
4177 7341
4177 46950
4177 1446
4177 33351
4177 4177
4177 46771
4177 2811
4177 13265
4177 47102
4177 15072
4177 18017
14835 14835
14835 3272
6451 34538
40291 40291
40291 15155
43296 6094
43296 46591
43296 1898
43296 13268
43296 39754
43296 43296
43296 44953
43296 42501
43296 40120
14973 297
8966 32325
37580 21059
45653 8430
45653 1044
45653 45653
46104 7460
41650 18060
41650 36931
41650 15934
3554 34579
6942 38783
33672 8430
33672 36119
33672 1056
33672 9025
33672 25510
33672 33672
3753 24676
46397 613
46397 2622
46397 3948
40218 46298
8133 15934
8133 22991
8133 2436
8133 35626
8133 8133
8133 4600
8133 7206
8133 2000
8133 9072
8133 31356
8133 22277
8133 47544
8133 41407
8133 6085
8133 1463
8133 47468
8133 14915
8133 6618
8133 6756
8133 1946
8133 11115
3324 6094
3324 2821
3324 32344
3324 40090
44790 17118
44790 9025
44790 44790
43681 46852
1521 8508
351 12310
351 27004
31451 18263
5740 2926
5740 5740
10867 27933
613 22051
613 47325
3931 9928
3931 3931
348 13767
17845 703
17845 17845
44931 5251
5963 35419
5963 36687
5963 47162
10330 10330
3602 47120
3602 3602
43954 23141
43954 4556
43954 43954
43954 15934
15311 30412
284 184
284 13767
284 6517
284 284
46992 6794
1409 46424
1409 20281
1409 2362
1409 8508
1409 12166
1409 6996
1409 2383
1409 11640
1409 40637
1409 47593
1409 1409
1409 18756
46737 46737
46737 29566
46737 40352
5152 35626
5152 5152
5152 41291
5152 11640
25028 11100
25028 46809
25028 5810
25028 39495
25028 21684
25028 25028
25028 10898
25028 6094
25028 15934
25028 8725
25028 9652
25028 33757
25028 2530
25028 340
43076 5743
43076 38889
43076 1688
15780 6649
15780 47189
21061 46424
31261 31261
27066 763
23835 26766
2051 23193
2051 16507
2051 31475
2051 28128
2051 2051
2051 30679
2051 47146
2051 43839
1291 46317
1291 3995
1291 8520
1291 7743
38190 7307
38190 10400
38190 32332
38190 38190
46668 1310
44050 38566
44050 44050
9139 972
9139 47443
46288 46288
46288 16321
47135 955
47135 47135
47182 44953
47182 5572
47189 6649
25485 4463
25485 47430
25485 10035
25485 47489
15684 8784
29783 29783
29783 1056
29783 12905
29783 41285
40381 36575
46987 32332
46641 2807
14440 46566
41736 11260
41736 47586
41736 38624
47024 6094
41560 3684
14848 14514
10607 2384
31045 22377
31045 14450
31045 2807
31045 3684
31045 41291
31045 28104
31045 8008
31045 31045
31045 38624
31045 35840
10518 14105
10518 39115
10980 10400
10980 11919
10980 630
10980 38624
10980 3659
10980 10980
8112 39115
25602 3711
22389 6094
1114 19864
6618 6666
6618 5442
6618 1465
46629 6101
46629 46629
46629 12120
9947 4231
9947 297
9947 4002
9947 3847
9947 9947
3149 9025
3623 6079
11145 7206
11145 2000
11145 6794
11145 11145
11145 11115
11145 1946
11145 47544
3847 11051
3847 3847
3847 11546
3847 46578
3847 47372
38626 5712
18516 23959
18516 6986
2234 38468
2234 13265
2234 40352
2234 25510
2234 2234
1463 39082
1463 23661
1463 15934
1463 23860
1463 21684
1463 16591
1463 1463
1463 13360
1463 31475
1463 2807
1463 46877
1463 46216
1463 35840
32972 121
32972 40352
12968 40120
44949 46308
44949 40352
44949 35626
44949 32332
44949 460
44949 44949
44949 14094
44949 15934
44949 18060
44949 22277
44949 23827
947 947
947 4336
947 21090
8755 745
8755 3948
47295 22758
47295 47295
9481 24916
9481 1261
14094 3680
14094 5810
14094 23860
14094 47125
14094 4354
14094 2362
14094 11504
14094 29738
14094 297
14094 14094
14094 37021
14094 18984
14094 15934
14094 46541
14094 10503
14094 47438
14094 1345
14094 24891
14094 38889
15934 9928
15934 33757
15934 35626
15934 23860
15934 2362
15934 18756
15934 15887
15934 38236
15934 4556
15934 23661
15934 47245
15934 21684
15934 9672
15934 15934
15934 2807
15934 21059
15934 14024
15934 38889
3603 6666
3603 437
3603 11640
3603 3603
6101 47563
6101 31310
6101 46577
6101 39495
6101 20281
6101 47020
6101 27456
6101 22758
6101 6101
6101 26608
6101 43305
47355 22878
47355 14830
18984 15155
40804 11926
46880 6494
3402 3959
46771 46771
46771 35626
16881 4701
16881 16881
16881 23141
16881 1096
25905 38468
25905 37644
25905 25905
25905 2807
25905 5712
25905 3684
41094 46936
46852 5091
46852 14830
46852 28128
46852 35626
46852 630
46852 2926
46852 4137
46852 46852
7519 27933
43839 4362
43839 14493
43839 4961
43839 43839
20127 36886
12120 46918
12120 12120
12120 23476
12120 46298
12120 36677
12120 46546
12120 46900
24676 7827
24676 451
24676 24676
24676 1587
24676 5251
24676 15129
24676 23297
461 40120
102 35626
102 102
2968 4463
2968 2968
2968 32198
2968 47467
2968 955
41782 47027
42656 5081
42656 17308
42656 2191
42656 17653
42656 36931
42656 4428
42656 21278
42656 10076
42656 40998
42656 42656
42656 44953
42656 7399
9896 38468
9896 2807
9896 1056
9896 35626
9896 3684
16510 13625
23444 297
23444 21051
23444 29491
6936 5181
6936 2503
47286 47286
47286 1946
1465 27111
1465 2985
1465 33950
1465 16507
1465 35353
1465 45393
1465 5259
1465 6205
1465 36688
2618 20793
4642 37919
4181 4231
4181 4181
4181 14450
46958 47043
46958 21051
46958 33889
46958 46958
46958 42537
297 33757
297 17907
297 47386
297 297
297 37021
297 20281
297 66
297 44953
297 4678
297 2530
297 47544
1015 2811
47453 11100
47453 37843
47453 35626
47453 47453
47453 2954
47453 4556
29491 26238
972 8430
972 46952
972 3409
972 972
13707 454
23661 46891
23661 23661
23661 1345
792 792
1573 39082
1573 23193
1573 1573
1573 35946
1573 9928
1573 36688
1573 1190
47412 4622
47412 763
22131 22131
22131 1946
22131 4600
22131 47294
2821 2821
2821 451
2821 3106
2821 9672
2821 3684
2821 2344
5091 10059
5091 46267
5091 4140
21051 15629
21051 45681
21051 12281
21051 33889
21051 47250
21051 21907
21051 4600
21051 46773
21051 47455
21051 45005
21051 44967
21051 21051
10909 46788
1233 2383
6700 8508
3959 38434
3959 37392
3959 40128
3959 3959
3959 8187
3959 12565
3959 38624
41577 3
47179 47179
47179 4600
7949 25199
39754 10881
39754 47459
39754 47183
39754 47229
39754 27304
36067 36931
658 47296
3922 1345
30412 21956
30412 4556
30412 18060
30412 30412
30412 47437
47184 7302
47184 46900
47184 15155
47184 5756
47184 35626
47184 13650
47184 3684
47184 38851
47184 47184
3635 4231
13139 44953
10941 13441
10941 10941
10941 46690
10941 40998
18474 18474
18474 35357
47552 13265
47552 5100
46900 46918
46900 46900
46900 2926
46900 14551
4477 1826
4497 11361
6781 1688
4661 45681
22878 5101
22878 46291
22878 5737
22878 22878
7507 20793
11009 23959
22846 22846
22846 45354
22846 15887
22846 2381
26223 26223
23959 45681
23959 38434
23959 11332
23959 23959
23959 6999
45764 45764
45764 1898
45764 8430
19864 15629
19864 18263
19864 3272
19864 21491
19864 19864
19864 44953
19864 10503
45920 1464
45920 45920
46973 23015
46328 1847
4362 28128
4362 20186
4362 9072
4362 4362
4362 44953
4362 47569
4362 47469
4362 8508
45065 4379
22758 45494
22758 46546
22758 31548
22758 1840
22758 4423
22758 32389
22758 36356
22758 41666
22758 22758
22758 23141
22758 9833
12138 9317
450 4428
450 450
450 45766
11211 454
11211 45681
11211 46773
11211 24078
11211 11211
43354 7206
43354 1946
43354 5984
47279 47269
47279 11919
16044 13265
16044 16044
31310 8430
31310 1441
31310 3948
31310 31310
31310 36090
31310 44953
31310 10095
31310 46634
15155 13972
15155 47183
15155 1508
15155 9317
15155 15155
15155 9072
10670 41069
10475 12905
46908 4600
47095 13265
24916 24916
24916 23141
24916 34640
24916 15129
24916 7591
6594 1056
9269 11115
8187 8187
5709 8435
26081 454
7742 10881
7894 7894
7894 8857
6278 2356
8345 44953
5984 1946
5984 47418
5984 5984
13360 317
13360 3206
13360 35840
30679 23193
30679 30679
47202 47202
32261 44817
36090 36090
36090 35482
36090 46454
36090 47245
36090 11504
36090 45138
36090 8430
36090 15488
36090 43418
36090 21574
2811 2811
21278 13441
21278 4231
21278 4614
19651 27933
15129 47515
15129 15129
22065 13012
15488 15488
15488 10265
15488 7591
15488 763
15488 29566
13265 13441
13265 39713
13265 5101
13265 46464
13265 4428
13265 23758
13265 14514
13265 13265
13265 10076
13265 46578
13265 27328
13265 44953
13265 46511
13265 16046
13265 11475
13265 15782
13265 14830
13265 37657
13265 36931
13265 29328
13265 18739
13265 45766
13265 43198
13265 5259
13265 21574
13265 36563
13265 7399
47571 12643
47571 47571
619 26710
26766 5442
26766 6794
26766 26766
1310 121
1310 17169
1310 21815
1310 1310
5340 6094
5340 46793
5340 47183
5340 6514
1587 454
1587 728
46326 46461
46326 44953
47562 20026
27111 27111
33792 2042
34575 27933
8725 5045
8725 11100
8725 6153
8725 8725
8725 35840
1946 47415
1946 31026
1946 47419
1946 35626
1946 41345
1946 27013
1946 12978
1946 7206
1946 2672
1946 1176
1946 1946
1946 14340
1946 24611
1946 47544
1946 26080
1946 47418
1946 43701
1946 38200
1946 18628
1946 4600
1946 41291
1946 15735
1946 20781
11304 6649
2191 7437
2191 2503
2191 9317
1590 46307
1778 1778
1778 21095
1778 43792
32344 32344
32344 3684
8887 47438
16591 121
15054 20343
36452 16758
4333 5101
2384 46718
2384 21095
2384 8938
47302 44953
5442 5442
5442 14915
5442 12978
5442 4600
8648 27933
1508 2926
1508 1508
75 7341
75 4600
75 2039
75 47370
46859 6085
46859 47544
40038 13441
40038 40038
970 45354
24156 121
3106 4721
3106 3106
3106 35626
3106 36103
3106 47544
47482 42047
45138 45138
41654 3487
41654 40352
9672 10400
9672 9694
9672 47468
9672 9672
17009 10718
6223 18060
6223 6223
6223 36931
39082 21684
405 8938
47345 18756
47345 47345
47430 47430
8103 4149
8103 36799
8103 46406
8103 35353
8103 30881
8103 36688
8103 8103
40998 4231
40998 22989
40998 4428
40998 40998
40998 121
40998 45766
40998 23507
121 21349
121 33757
121 4140
121 34766
121 33128
121 38654
121 12905
121 38200
121 46897
121 121
121 37392
121 45766
37843 47245
37021 37021
37021 18756
37021 10503
37021 20787
31475 21349
31475 13972
31475 66
47073 11260
3996 14037
21291 4600
44967 45681
44967 3948
44967 42367
44967 11260
44967 25510
44967 44967
42501 42501
47569 28128
45855 42387
930 10400
930 2874
19545 20302
19545 11945
36799 21985
46747 2926
46747 11115
46514 22051
46514 1492
46514 9025
46514 46514
6074 1729
1056 38468
1056 47575
1056 934
1056 1056
1056 20281
1056 4600
1056 46793
1056 9025
39495 2273
39495 39495
29328 66
29328 29328
37392 5181
37392 11919
37392 8857
37392 38624
39421 47469
39421 763
39421 41129
45929 47494
45929 3684
47404 2622
362 21815
362 12166
46346 1650
46346 18060
46346 9928
24078 24078
24078 21815
24078 34640
24078 23860
3711 28128
3711 47183
3711 11504
3711 13972
3121 3121
11945 1441
11945 11945
46690 46690
46690 10076
1176 12911
1176 1176
1176 46612
1176 2530
1176 12978
2503 18060
2503 12166
7092 46744
23738 9317
7693 45704
9189 454
46784 2926
38267 4556
8588 8588
8588 2192
8588 33135
8588 19012
9332 6205
6756 10400
6756 3272
6756 6756
6756 3684
6756 38624
36588 36588
1042 38783
12176 22051
46626 44539
2481 2481
2481 11926
2481 45300
38302 44953
38302 13268
38302 38302
4313 38200
10220 13625
47391 40220
41285 9025
46454 6094
46454 2926
47290 2807
17883 17883
20781 2926
1481 11216
1481 40352
1481 44953
1481 1481
1481 2530
39936 11051
39936 23758
1464 47296
47269 66
47269 4140
47269 21095
47269 11919
8899 10881
8899 8899
19077 402
5585 10881
5585 2807
39497 39497
39497 39640
19844 14830
394 46424
394 6032
39901 39885
3272 47349
3272 33128
3272 41069
3272 41301
3272 6094
3272 11546
3272 13113
3272 18060
3272 1149
18739 21956
18739 37657
2233 24119
2233 27941
2233 22051
47267 47305
47267 3
14379 14447
14379 43326
47146 47146
10059 10059
2039 1874
2039 2039
2039 12310
2039 3634
2039 360
2039 45510
27013 454
27013 22277
27013 27013
19938 20787
47368 47368
47368 47373
7691 20381
7691 14830
29444 40120
47489 45681
47489 47489
41288 40120
13625 28104
13625 4721
13625 9072
13625 13625
13625 3206
11540 11540
11540 437
11540 402
5081 5081
5081 5101
11054 6085
11054 46551
11054 47312
11054 9091
11054 2954
11054 5712
11054 11054
11054 1840
11054 35419
11054 6094
11054 43741
11054 4463
11054 7967
11054 34191
11054 21956
11054 15570
11054 40439
11054 36687
40834 4614
40834 5712
40834 3684
40834 40834
22051 6094
22051 1898
22051 47575
22051 2363
22051 22051
22051 6209
22051 11361
22051 8430
22051 41823
22051 3409
22051 1492
630 18810
630 766
630 29566
47365 47224
25199 6094
25199 46254
25199 32961
25199 46333
25199 15381
25199 4463
38825 1840
36625 36625
36625 12166
17896 21907
3513 9694
3513 27465
21349 2926
21349 13972
21349 28128
39713 5496
39713 39713
1168 27933
47483 4428
40090 46591
40090 1441
45301 23141
33950 33950
37942 44953
43560 37059
18060 46848
18060 38276
18060 5101
18060 35626
18060 10174
18060 1650
18060 6996
18060 37657
18060 14514
18060 15887
18060 46578
18060 18060
18060 43198
18060 25510
18060 7410
18060 40046
18060 9694
18060 35353
18060 11765
18060 41305
18060 31814
18060 5259
18060 14830
37373 4231
16507 3075
16507 16507
16507 46903
45125 13694
46573 8784
45 45494
45 11500
45 3948
45 46870
45 45
46997 46997
46997 9025
46997 40439
12905 10881
12905 12905
16042 43792
7302 7302
7302 10898
47227 21059
47227 317
23980 32332
7294 47308
7294 47455
7294 47325
15381 15381
15381 5259
15381 21684
15381 20186
38900 11260
38900 38900
30999 10547
30999 35416
17218 13583
17218 17218
17218 11025
1102 3193
37919 4231
37919 66
37919 44928
5513 38783
47371 6035
40911 1650
40911 36554
40911 21684
12107 40046
3948 46975
3948 46856
3948 5124
3948 8239
12669 36688
15743 36572
22238 37239
2363 47260
2363 47370
30881 43326
41291 6094
41291 10400
41291 7952
41291 41291
41291 9025
41291 26208
41291 2622
41291 25510
41291 2530
1874 6666
1874 14447
1874 1874
1874 16785
45005 45005
21059 29697
21059 43701
21059 21059
47491 2807
18756 18756
18756 47047
18756 3206
42015 1190
46039 66
46039 4231
46039 46039
36162 36119
29422 29422
41123 29697
41123 1898
41123 41123
41123 1044
41123 763
41123 27249
37657 37657
37657 21815
39297 4600
4572 9253
4572 21123
11475 11475
8857 47245
46589 23141
1337 8938
43701 10384
43701 24563
9072 40046
9072 44817
9072 28128
9072 47047
9072 11236
9072 40439
9072 6094
9072 27456
9072 46254
9072 11919
26935 2622
26935 45859
21684 13441
21684 7631
21684 47270
21684 13972
21684 1345
21684 6205
21684 10881
21684 9928
21684 11552
21684 21684
21684 46897
21684 23193
21684 5259
21684 46216
21684 37059
2383 1916
27366 778
31633 18263
10072 10072
10072 11765
14230 43792
10034 1492
20787 20787
20787 39115
8508 454
8508 1123
8508 22277
8508 8508
17169 4231
17169 17169
17169 5101
17169 4158
17169 4614
14514 37026
14514 14514
14514 1231
14514 7460
14514 4428
14514 5259
14302 41947
14302 6094
30827 44953
30827 17308
30827 30827
30827 4144
46416 15002
23507 4428
39115 25510
39115 39115
38722 1898
9928 18263
9928 4500
9928 43054
9928 9928
9928 12166
9928 43326
9928 2578
9928 23571
1650 6094
1650 5810
1650 6205
43326 10881
43326 4701
43326 46406
15002 44953
15002 25510
15002 42915
15002 15002
41219 317
13441 13441
13441 4002
13441 4428
13441 4961
13441 7460
13441 44953
13441 4144
11100 47459
11100 11100
11100 703
11100 44953
20343 6094
5572 40213
44555 44555
42355 8799
42355 40352
42355 42387
47462 703
47462 47462
46356 21095
38851 8435
38851 21574
38851 38851
26522 47437
46634 45681
46634 38468
46634 454
46634 6094
46634 46634
46193 10400
46193 44953
46193 46193
46291 11926
22277 4600
22277 47244
22277 46472
22277 47419
22277 17836
22277 2000
22277 24611
22277 22277
22277 46245
47370 21815
47370 360
47370 3502
4923 1969
4923 46736
46566 45766
42196 7263
1245 1106
1708 1708
47423 10400
31472 35357
9317 5743
9317 9317
9317 28128
9317 5744
9317 38624
9317 2381
9317 41301
5712 5712
5712 3684
34633 11051
24451 35626
24451 24451
40046 1898
40046 21815
40046 35626
40046 40046
13356 45681
13356 13356
14830 10881
14830 44293
14830 14830
14830 40968
14830 454
14830 9025
14830 17907
14830 46744
14830 20381
14830 46267
14830 47437
41823 41823
3376 11885
3376 13113
3118 3118
3118 2530
47467 38566
2578 4556
42087 42087
42087 46780
37059 1939
37059 44953
37059 37059
37059 22599
5499 4008
2926 402
2926 2926
2926 2362
2926 49
2926 46612
2926 45766
2926 46866
2926 11581
2926 47386
2926 4600
2926 13268
2381 15887
2381 2381
17118 2954
39684 8784
47244 47244
27249 11236
18810 766
17308 4504
17308 47328
17308 45766
17308 47136
17308 44953
17308 46578
43946 43946
43946 13268
8239 10503
8239 32906
4701 4701
37239 37239
37239 20302
37239 12643
37239 44953
37239 21095
37239 32507
37239 40120
26143 26143
46575 2330
47102 47102
47102 9025
634 634
634 47229
10881 10881
10881 10744
10881 22989
10881 454
10881 2807
10881 4
10881 8430
10881 44953
10881 13650
10881 8938
934 934
2192 2192
2192 10265
2192 2954
2192 1993
10503 28128
10503 10503
955 40439
955 4556
955 955
11640 43138
11640 6249
11640 18017
11640 2362
11640 2672
11640 7952
23758 7460
23758 47260
23758 10076
23758 23758
5371 454
46578 5101
46578 4428
46578 10076
46578 11051
46578 46578
46578 4144
40439 10744
40439 44953
40439 2807
40439 9025
40439 20793
40439 40439
3680 454
3680 3680
3680 4354
10400 15629
10400 10400
10400 46809
10400 47349
10400 41837
10400 11919
10400 47120
10400 38624
45057 35626
45057 45057
31548 9833
3193 21123
24563 43138
24563 24563
24563 18017
31814 31814
13268 4721
13268 28128
13268 45393
13268 46538
13268 45859
13268 13268
13268 21574
7666 10076
3901 5181
47356 6094
47356 47356
10146 31883
7631 7631
35626 35626
35626 2362
35626 47046
35626 4556
35626 26080
35626 9025
35626 3409
35626 47481
35626 3487
35626 6094
36563 2530
36563 36563
36563 16046
36563 40352
4961 24119
4961 10265
4961 35946
4961 25510
4961 4961
4961 15570
4614 4231
4614 9694
4614 41837
4614 11504
4614 4614
4614 3684
43559 454
3621 6649
3621 3621
3621 38566
3621 20302
3621 38624
47544 29697
47544 6085
47544 454
47544 7206
20026 4600
17508 27933
4639 5181
4639 14447
39261 45681
9833 11260
9833 9833
45262 6085
46780 35520
33122 25510
33122 17503
33122 1162
27829 4556
5100 8938
5100 46464
2954 20381
2954 46703
2954 41666
2954 6094
2954 27465
2954 46315
46541 46541
1593 1355
3684 47575
3684 3684
3684 35419
3684 28128
3684 44953
3684 42304
3684 37026
3684 34858
3684 46952
3684 31883
3684 32389
3684 454
3684 42371
3684 4600
3684 441
3684 24122
3684 6094
3684 28104
3684 11260
3684 18229
2985 1345
36466 34538
27047 38468
2530 1898
2530 8938
2530 10898
2530 2530
766 7311
2807 25510
17907 33757
17907 47437
17907 33128
17907 17907
35520 47510
47147 47144
47563 47563
20302 35353
20302 20302
20302 36688
20302 47325
1040 33854
26380 4494
26380 19729
6858 35281
1106 38468
1106 13972
1106 28128
11504 11504
18279 6094
40128 19075
40128 40128
40128 35840
14447 5181
14447 6666
14447 437
14447 14447
4144 19949
4144 10482
46298 32325
46298 9245
46298 46298
46298 40120
778 2362
46952 46952
13767 184
13767 13767
13767 34538
13767 35353
13767 402
13767 22
45859 36119
34461 34461
4987 44953
10076 46848
10076 38276
10076 10076
21123 6094
21123 28128
4463 4463
4463 35353
4463 47449
47084 8430
47084 44953
47084 47084
47084 1898
45947 4600
7460 7460
7460 9871
7460 21815
7460 47260
7460 44953
7460 17653
17836 41407
17836 6794
17836 40096
17836 17836
17836 46245
32389 1916
32389 32389
32389 28128
32389 21574
32389 47325
23291 47328
46845 36155
46845 12565
44953 13113
44953 36575
44953 40968
44953 14450
44953 36688
44953 18238
44953 46950
44953 46472
44953 40352
44953 43741
44953 46464
44953 44953
44953 4721
44953 26536
44953 35353
44953 11051
44953 43305
44953 36340
44953 5259
44953 45393
44953 47120
40220 21375
402 402
437 437
46736 46736
35946 35946
46793 46793
651 43418
38624 6094
38624 45776
38624 4600
38624 24119
38624 28104
38624 38624
38624 47437
41345 41345
46519 4721
6996 6996
6996 5124
41666 41666
41666 29697
6986 477
6986 6986
6986 21574
47046 6094
47449 454
24637 25510
17064 17064
17064 143
33889 33889
46577 45681
46577 23141
22989 22989
22989 9025
22989 23860
16785 5181
45354 4231
47518 5101
47455 45681
38566 38566
38566 11178
38566 42507
38566 47510
38566 3676
38308 37002
2273 28128
27923 2196
27923 23571
12911 25563
12911 12911
13119 32332
13119 13119
46472 46472
6032 46348
9694 7443
9694 8045
9694 5737
1345 38889
1345 6269
1345 1345
1345 46216
763 47469
763 47542
763 28128
763 763
41305 7206
41305 6794
41305 43266
41305 41305
24221 24221
8784 6094
8784 8784
47469 23141
47469 47469
46809 46809
46809 27465
20186 9652
20186 46254
20186 20186
20186 6514
20186 1557
20186 38654
20186 43792
20186 454
47020 35357
47020 45681
26208 4231
26208 26208
42915 21095
42915 42915
25563 40352
35482 47245
40145 40145
18939 28128
43729 15629
43729 43729
4500 36688
4500 4500
13923 27933
15629 33757
15629 47349
15629 3
15629 45494
15629 37582
15629 16389
47459 47459
47459 8430
32325 9025
32325 1044
10898 5101
10898 11926
6094 13972
6094 8430
6094 1441
6094 4600
6094 6094
6094 6514
6094 33757
6094 18755
6094 1557
6094 18263
6094 37555
6094 46744
6094 3409
6094 18229
9253 5810
36677 3206
6514 19729
6514 46254
6514 46450
6514 6514
6514 1898
31830 8430
36155 36155
3651 33757
3005 17581
360 12166
3536 3536
1898 1898
41301 41301
32507 40120
4556 38468
4556 4556
47183 47183
47183 25510
8938 47560
8938 8938
8938 17581
8938 45776
8938 28011
8938 46007
8938 8652
41953 41953
41953 25510
41953 11115
26238 26238
21095 5181
21095 7341
7066 25527
454 45681
454 29352
454 46835
454 25510
454 6085
454 33128
454 36688
454 28128
454 454
3377 41562
3377 11765
3377 3377
43741 11028
3487 3487
3487 20281
35840 31883
35840 19729
35840 34538
35840 38434
35840 9025
35840 23860
35840 7443
35840 6269
35840 35840
47437 17581
5181 5181
5181 6666
5181 11546
47560 17581
45776 45776
45776 9025
43054 21574
43054 3676
6999 46348
3409 3409
3409 20793
3409 35419
47027 47027
35416 35416
7967 7967
27933 12604
27933 19778
27933 12166
27933 39229
4721 4721
4721 39654
4721 46464
4721 46538
4721 24274
14450 14450
14450 15887
26069 21574
3206 2362
3206 34490
23297 23297
30491 30491
7743 6085
1441 24119
1441 1441
33156 18238
47542 6085
46348 46348
46773 45681
6079 36098
46007 46007
46950 46950
46950 32332
43549 4111
32906 32906
2720 4231
2720 2720
2720 4351
29255 29445
45305 36688
45305 40120
45305 45305
46931 46931
184 49
6649 25510
6649 6649
5263 47136
5263 40352
36575 36575
36575 317
4140 11919
46546 25510
46546 46546
25527 25527
19729 18263
19729 19729
19729 7443
19729 28104
19729 8338
19729 40520
9025 8430
9025 10024
9025 9025
12166 36672
12166 36931
12166 43138
12166 47239
12166 18017
12166 4428
12166 12166
9091 11273
38434 38434
38434 4600
18238 18238
18238 4504
7762 11546
7762 46884
31356 31356
31356 4600
2 2362
40352 11216
40352 17653
40352 5229
40352 40352
40352 23860
40352 46538
40352 47144
40352 43198
40352 25510
40352 46531
40352 23193
37238 46254
37238 37238
37238 16046
1939 1939
1939 46464
45198 11926
3502 7341
47517 4600
23141 8092
23141 45681
23141 47256
23141 23141
23141 7206
11115 7206
11115 6085
11115 24611
6269 66
6269 6269
10547 10547
1688 11260
1688 25510
2000 7206
2000 2000
2000 4600
47224 5101
46315 46315
34142 37026
34142 11926
47419 18128
46660 45868
14024 4600
38783 38783
5101 4231
5101 5101
5101 32332
5101 31327
5101 16409
5101 66
32332 32332
32332 29738
32332 41069
32332 36075
47325 36688
47325 40120
47325 47325
47134 11236
5000 7341
7311 36688
7410 11926
16046 17901
16046 11025
16046 45704
16046 16046
317 317
317 35353
317 20793
317 2672
46856 46856
33128 11926
1840 24586
1840 1840
47239 7206
47239 21815
46267 25510
18229 18229
42507 42507
42507 4600
30684 43305
8430 8430
8430 32660
47144 40120
22971 46835
33804 33804
24122 37644
17581 17581
4002 4002
38200 7206
38200 6794
38200 38200
40120 40120
40120 43305
40120 17708
17901 17901
17901 11025
43418 36119
43418 1044
43418 43418
17121 17121
42721 11926
46252 46252
23860 7644
23860 23860
23860 29566
24119 9652
24119 8435
32961 25510
32961 32961
44539 44539
43198 43198
20793 1956
23501 7263
23501 46464
4198 6646
1969 8799
46464 46464
46464 13972
46464 20516
36469 46406
36469 45766
46333 28104
3676 49
47120 4231
11260 46956
11260 11260
11260 25510
11260 19520
39004 18017
7443 7443
46538 46538
46703 25510
46703 46703
22991 22991
35419 35419
29566 40640
29566 3995
29566 29566
2622 2622
36688 36688
36688 5259
36688 4354
21907 43305
23193 25510
23193 35353
23193 23193
23193 42388
43266 6085
8652 8652
46975 6085
1715 46366
4580 4580
44339 44339
8751 2362
25510 13113
25510 25510
25510 1162
25510 4354
6205 6205
40968 40968
47312 47312
47312 6085
47312 4600
36119 36119
46866 45681
46866 46866
46686 46686
29738 29738
21815 35353
21815 21815
45393 45393
45766 4231
45766 4428
45766 45766
20281 11926
18628 7206
2672 2672
2672 4600
2672 1149
34538 34538
34538 6460
34538 22
4428 15782
4428 4428
4428 4096
9652 45494
703 703
1044 47162
4231 4231
4231 47468
4231 21574
3995 17653
7341 7341
46424 13972
46424 46929
6794 7206
6794 6794
6794 24611
11546 11546
11546 46406
11546 18017
24274 24274
47162 47162
37026 12117
35353 35353
35353 6646
35353 20516
14915 14915
5259 36931
5259 5259
19520 19520
38654 44293
38654 38654
36931 38468
36931 477
36931 36931
36931 46433
7952 7952
46897 46897
47384 4600
21574 47245
21574 66
21574 21574
15570 15570
33757 33757
40640 40640
36687 36687
46551 45681
46551 46551
31234 27004
47510 47510
46043 33741
2669 2669
31327 31327
8435 8435
8435 11236
41407 41407
24201 24201
40096 40096
47301 47301
27328 27328
12178 12178
1162 1162
28104 28104
47308 47308
41837 41837
43305 43305
43305 13972
42388 13972
42388 42388
23571 23571
27456 27456
27456 11919
42047 42047
38276 38276
13972 13972
7206 6085
7206 47047
7206 7206
11919 11919
47515 47515
27004 27004
22 22
11025 11025
11025 43138
37352 37352
4354 4354
46889 41235
11926 38468
11926 11926
47047 47047
47047 6085
17653 17653
47136 47136
44293 44293
2362 2362
11051 4096
24611 24611
39654 39654
31883 31883
18017 18017
21491 21491
47468 47468
46141 46141
10265 10265
11216 11216
11236 11236
34490 34490
49 49
47260 47260
12281 12281
4600 45681
4600 6085
4600 4600
45704 45704
1557 1557
46216 46216
45681 45681
38468 38468
38468 28128
38468 32660
12565 12565
46243 4096
46243 46243
47481 47481
6249 6249
6085 6085
28128 28128
32660 32660
4096 4096
