69932 80885
69932 29697
69932 11054
69932 1061
6032 78673
6032 77929
51424 9502
51424 13265
51424 51424
51424 21564
17787 24094
4279 26591
56191 75
56191 56191
56191 15780
56191 66607
56191 25510
56191 5963
8751 8751
8751 62780
78340 2954
78340 806
23572 5712
80449 78164
54780 3041
54780 12643
54780 1441
54780 4832
54780 1573
54780 54780
54780 3948
54780 2622
54780 13915
26901 26901
26901 4832
26901 13653
39521 4312
78831 11100
78831 1266
78831 9025
17457 5034
17457 14450
17457 4362
17457 38448
17457 1532
17457 19368
17457 17457
17457 8799
17457 763
17457 3651
17457 3901
17457 14302
5498 15242
5498 2284
5498 54269
70461 290
70461 73972
70461 19276
70461 1409
10366 65800
10366 35529
10366 360
10366 80560
10366 76102
10366 61328
10366 12176
10366 11142
10366 41103
10366 80338
10366 50901
10366 36146
10366 14447
10366 344
10366 1181
10366 80705
10366 80110
10366 76479
10366 1465
10366 80559
10366 27453
10366 43017
10366 75753
10366 43326
10366 27467
10366 80268
10366 11260
10366 10366
10366 51223
2623 4231
38989 1946
38989 4600
38989 38989
24478 80663
37822 50818
11142 45115
11142 80302
11142 65800
11142 13972
11142 2926
11142 76665
11142 2082
11142 43559
11142 18060
11142 25511
11142 2672
11142 76679
11142 38889
11142 11919
11142 61522
11142 78812
11142 1532
11142 78273
11142 1898
11142 80110
11142 9317
11142 14450
11142 11540
11142 36721
11142 21684
11142 41187
11142 6094
11142 36883
11142 61993
11142 62471
11142 10035
11142 29611
11142 7076
11142 2233
11142 56920
11142 2954
11142 76479
11142 75619
11142 12176
11142 80399
11142 78726
11142 6818
11142 76098
11142 80501
11142 3214
11142 3324
11142 62647
11142 11142
11142 80216
11142 4312
11142 17509
11142 1310
11142 78857
11142 35840
11142 763
11142 49673
11142 77929
11142 2893
11142 80533
11142 11521
11142 14830
11142 297
11142 13113
11142 36977
11142 80186
11142 36466
11142 12481
11142 78804
11142 27467
11142 290
11142 1492
11142 11260
11142 9485
11142 78525
11142 38624
80601 8338
80601 801
80601 80601
78836 2618
21488 19276
21488 43423
9449 80586
9449 80634
9449 766
9449 1149
13059 2000
48949 3106
5034 5034
5034 34050
5034 454
5034 36688
5034 2926
5034 5091
5034 8176
5034 19885
5034 3106
5034 1946
5034 11540
5034 1532
38490 36721
58203 13265
58203 70739
58203 58203
36862 630
6942 5199
6942 6085
6942 43354
70498 238
70498 13268
70498 70498
70498 64141
70498 18060
70498 14515
70498 41626
70498 21684
70498 763
70498 41644
78804 4961
29611 29611
29611 11260
29611 4177
1811 297
1811 1811
1811 40409
12481 70432
12481 62562
12481 14875
12481 31310
12481 80874
12481 2926
12481 43076
12481 3324
12481 18420
12481 11926
12481 38889
12481 11919
12481 19885
12481 11540
12481 766
12481 18943
12481 51384
12481 78273
12481 2290
12481 80069
12481 9317
12481 80751
12481 2363
12481 9072
12481 121
12481 80186
12481 57108
12481 9550
12481 50901
12481 29783
12481 184
12481 76479
12481 12481
12481 38624
11266 80574
38805 290
38805 38805
38805 17581
38805 31310
6316 25510
6316 6316
6316 67002
6316 1465
80209 2290
35959 5712
35959 76102
35959 4312
35959 35959
35959 69931
80081 15735
80081 763
80081 15129
1682 1682
1682 65995
41139 73648
3005 65913
3005 10909
66608 11417
66608 2290
66608 40023
66608 14450
66608 66608
25980 45115
25980 75619
353 48084
353 26536
353 1441
353 36688
353 21179
353 41626
353 75977
353 16702
353 29480
353 14835
353 59215
353 65800
353 58307
353 353
353 40460
353 6094
353 80787
353 75619
353 5010
51663 51663
51663 80090
51663 3959
51663 12705
23850 4312
1532 51505
1532 6494
1532 2807
1532 15293
1532 25256
1532 3206
1532 8430
1532 4312
1532 11919
1532 80565
1532 13625
1532 1345
1532 7410
1532 1532
1532 7206
1532 8799
1532 7709
1532 14830
1532 1056
1532 15054
1532 6094
1532 13767
1532 44293
1532 2233
1532 3651
1532 76479
1532 5010
1532 2502
1532 38624
80340 2926
75 2273
75 25477
75 78535
75 49520
75 58787
75 3106
75 318
75 24611
75 2841
75 26080
75 29491
75 74389
75 62393
75 1162
75 75
75 11546
75 7932
75 43954
75 1946
75 56920
75 78678
80425 29697
80425 4312
80425 80425
3377 14835
3377 4312
3377 3377
3377 14830
3377 4177
57941 79939
64508 8430
36414 39495
36414 4194
41932 31040
58664 58664
58664 4832
58664 75422
25490 21349
25490 25490
4661 4661
4661 40923
4661 78532
4661 32723
6818 15629
6818 6818
6818 3948
6818 7709
6818 80109
6818 8430
6818 47305
6818 22606
6818 50901
6818 66
6818 13972
4086 8590
42531 36721
42531 4832
80352 6794
80352 17836
80352 61536
80352 80352
4362 8430
4362 58718
4362 78673
4362 4362
4362 3106
4362 76483
4362 58125
4362 51164
4362 43265
10696 10696
10696 80090
10696 36173
10696 11286
73548 8430
78792 7076
78792 9025
78792 78792
78792 38624
56462 41291
56462 56462
56667 56667
56667 26522
56667 11926
56667 10898
56667 48142
75039 28104
75039 4312
75039 11919
75039 806
75039 3206
35478 36688
4213 12178
43195 23291
43195 26522
7402 15629
7402 56553
7402 47958
10035 17773
10035 11926
10035 20507
10035 4854
10035 70060
10035 10035
21409 25510
76284 40297
76284 13265
76284 76284
12357 78497
12357 80586
50409 51164
80243 7392
24541 121
24541 8430
24541 43108
24541 24541
43108 78273
43108 11919
43108 80705
43108 20830
43108 5101
43108 75260
43108 43108
43108 62647
43108 13113
43108 57842
43108 6756
43108 13625
43108 18060
43108 2481
43108 2284
43108 76479
43108 21574
12482 76479
62434 4069
62434 70739
62434 13265
62434 62434
62434 15782
80695 42278
80695 80695
80695 5740
37257 2622
37257 37257
15388 41619
2757 2757
2757 10591
2757 8176
2757 1149
71088 71088
71088 20302
4040 4231
73395 73395
73395 15934
73395 35840
20830 2926
8621 39380
8621 80096
8621 5496
8621 8621
21369 2273
21369 2191
21369 2503
21369 41970
21369 21369
21369 8103
21369 12166
21369 11546
21369 73798
21369 6574
21369 300
21369 51164
21369 24965
26007 2926
26007 26007
360 437
360 73372
360 360
360 2191
360 12166
7302 39552
26039 61177
9502 15606
9502 58688
9502 11765
9502 48483
41619 848
41619 55976
41619 61536
41619 41619
41619 763
41619 2554
16908 3329
75385 75385
75385 51251
75385 15247
80791 80791
80791 806
58478 8588
58478 8146
79986 62647
80741 7460
78738 78726
74799 4053
30366 11260
29730 18060
29730 57398
2284 73798
2284 47195
2284 56199
2284 5712
2284 15899
9684 9684
4832 80302
4832 73569
4832 16537
4832 24953
4832 80430
4832 80774
4832 80013
4832 35702
4832 22277
4832 79939
4832 4832
4832 56921
4832 76352
4832 36721
4832 49223
4832 75749
4832 25437
4832 15735
4832 78532
4832 58976
4832 20302
4832 1946
4832 15570
4832 2554
3993 62302
3993 3993
6043 6094
6043 78764
6043 3206
6043 40023
919 36805
20597 20597
20597 2689
20597 2893
20597 11145
20597 30186
20597 1946
20597 11618
20597 8133
6950 18060
6950 4312
6950 80096
6950 41376
3859 43354
3859 30186
2554 848
2554 15735
2554 50818
2554 2554
2554 763
2554 12978
4794 1056
4794 6104
4794 7932
4794 16185
4794 4794
238 21339
17029 61536
33640 8146
33640 33640
51579 21684
40432 40432
40432 2926
40432 65915
40432 78525
40297 184
40297 76541
40297 76698
40297 80337
40297 5712
40297 80607
40297 2290
40297 80525
40297 11765
40297 1703
40297 75343
40297 4463
40297 39380
40297 66528
40297 80794
40297 10333
40297 13265
40297 26608
431 10946
80774 35702
80774 21051
80774 4312
80774 57544
16185 12226
16185 16185
73784 20186
30264 25510
51454 21684
10850 68708
75418 78628
75418 36370
4366 78690
4366 13767
4366 25256
4366 78773
62246 23141
62246 763
80604 11260
71137 15735
7710 39602
7710 12178
80750 4118
80750 5740
16325 2926
391 68440
391 19436
391 25309
391 72268
391 79949
391 76104
391 11877
391 12178
391 391
391 9928
391 58072
391 37059
64043 49247
50793 36212
9253 41187
3992 12178
2666 1149
32898 50427
32898 32898
6566 2926
429 11500
5018 80646
5018 38889
8176 2000
8176 14094
8176 38889
8176 9317
8176 15934
8176 80030
8176 35840
8176 8176
73785 73785
12898 26608
12898 80871
12898 33927
12898 35445
12705 7206
12705 36883
12705 6085
12705 52805
12705 30186
12705 9025
12705 12705
12705 76479
12705 49223
12705 75063
7709 7709
7709 32968
7709 31310
42278 6094
69301 2926
27404 27404
27453 21684
27453 1465
66220 14974
13935 1847
36212 1061
36212 36212
12674 3106
50081 70432
7721 7721
7721 2191
51479 2000
3041 75338
3041 36688
58718 9652
58718 20781
58718 30684
41283 7460
41283 2653
41283 41283
35261 15934
14497 31446
4069 4069
4069 4177
43696 21574
39120 25028
80317 57464
17734 7932
17734 15934
4367 2926
22795 22795
22795 8133
48977 10265
3891 788
3891 2653
3891 31327
37021 4231
6515 1345
13917 79914
6827 3333
6827 36688
6827 4433
78294 22530
78294 9072
78294 13265
78294 297
75698 73850
187 7076
76102 78273
76102 76102
76102 11919
25121 18060
39552 28104
39552 80646
39552 14830
39552 290
39552 3324
39552 39552
39552 1149
39552 16510
80709 5740
80168 16109
7360 6460
7360 766
7360 23297
7360 7360
6481 11877
49673 73850
49673 37212
49673 934
49673 24309
49673 7076
49673 14424
49673 13650
49673 49673
77929 32389
77929 77929
77929 23141
77929 12310
77929 297
77929 8430
77929 11260
48489 955
50614 613
50614 6451
50614 26608
50614 50614
50614 66623
15780 25437
15780 8133
15780 16537
4659 3995
31233 80126
31233 16766
31233 733
80764 20302
22722 56668
22722 46852
16751 297
16751 80575
80842 4312
80085 25437
80085 17773
80085 80092
80085 11054
80085 80085
290 65800
290 18050
290 36563
290 2362
290 1898
290 54788
290 11546
290 13113
290 2191
290 80578
290 14233
290 10273
290 36688
290 1437
290 80634
290 24965
290 80110
290 15505
290 80607
290 8103
290 41626
290 41291
290 80483
290 56721
290 290
290 73972
290 73798
290 51164
290 15570
290 79949
290 36146
78678 22989
78678 778
70060 78713
70060 14830
70060 11919
70060 18060
70060 69078
70060 76479
70060 70060
70060 17509
80582 26935
80582 9652
80582 6101
80582 37103
80582 763
80582 80582
80115 80115
80115 62471
11025 5712
11025 23950
11025 11025
18050 42506
18050 36146
18050 25309
18050 613
18050 78785
74696 79901
4423 1946
4423 4600
4423 1176
4423 4423
14835 14835
14835 39654
14835 6040
80747 76483
80735 11260
80735 9025
80735 41291
80142 7934
61177 76593
61177 61177
61177 18943
62272 22131
36579 78756
4248 65995
46104 46104
46104 80501
416 2051
80710 12138
80710 11919
80710 80710
5239 10503
5239 80646
5239 13700
3753 15505
3753 80607
3753 5101
65995 788
65995 5869
65995 6214
65995 12120
65995 1106
65995 454
65995 8146
65995 2318
65995 47071
65995 3106
65995 5732
65995 1049
65995 19444
65995 6834
65995 8435
65995 9652
65995 2954
65995 344
65995 1023
74273 17581
22873 2290
39153 76792
39153 21051
39153 20302
76453 12643
76453 37103
2082 6094
48839 25437
48839 22131
48839 54263
48839 80602
48839 11966
48839 11260
48839 48839
48839 35660
48839 9025
806 80552
806 78871
806 54795
806 76479
806 630
806 27467
806 78180
806 69681
806 4149
806 23951
806 806
806 80306
806 80871
806 51685
806 11540
806 766
8146 11054
8146 10265
8146 78761
8146 8146
8146 11260
8146 79962
8146 73850
8146 80013
80376 1946
80376 80376
8133 32178
8133 6085
8133 59215
8133 2000
8133 78375
8133 68448
8133 5810
8133 11054
8133 8133
8133 3206
8133 30186
8133 35370
8133 1946
8133 6794
78627 13915
78627 39359
4649 5762
351 57635
351 11211
11546 11546
11546 184
11546 6574
11546 19186
11546 11540
11546 12166
11546 33199
613 6094
613 32591
613 39359
613 613
613 9161
613 40090
613 16183
80534 80534
17845 21491
73622 60618
56721 2290
56721 2926
56721 56721
43954 75293
43954 47958
43954 80025
43954 43954
43954 16537
43954 68305
78249 3651
29557 37855
29557 26608
29557 27249
284 75831
58550 33741
58550 29491
58550 58550
58550 68708
58550 17836
80767 31084
1409 10335
1409 76011
1409 13972
1409 14450
1409 4572
1409 9485
2011 41258
65800 2273
65800 40804
65800 65800
65800 40950
65800 19276
65800 14447
65800 12156
65800 13265
65800 4572
65800 23571
65800 317
65800 8103
65800 4042
65800 78588
65800 43326
65800 21375
65800 75422
65800 21564
59142 78673
25028 25256
25028 4312
25028 21491
25028 2233
25028 3106
25028 1946
25028 2051
25028 25028
25028 44293
78781 12178
78781 78781
43076 7206
43076 39380
43076 76541
43076 1946
43076 3106
43076 23141
43076 2290
43076 43076
43076 783
10605 54788
27066 763
27066 15129
27066 27066
27066 75749
23835 23835
61522 2653
61522 2926
61522 13265
61522 2363
61522 61522
61522 2481
61522 26522
61522 2290
61522 2530
61522 1149
2051 22
2051 8032
2051 5010
2051 41291
1291 75338
74951 6094
74951 17164
74951 74951
74951 7076
42716 8066
28143 7460
28143 13265
5740 54415
5740 11877
5740 38889
5740 5740
5740 42804
51179 10503
80488 13972
80488 25309
75343 4231
75343 4653
75343 13265
75343 80560
75343 3824
75343 75343
7932 11877
7932 27398
7932 32261
7932 78172
36024 35651
29783 11926
29783 17581
29783 29783
29783 2807
29783 630
80579 2926
80579 44591
75619 2233
75619 75619
75619 2502
8041 8041
8041 402
8041 80388
8041 492
8041 40883
8041 4177
80874 1056
80874 3272
80874 80874
46852 35660
80030 80030
80030 11260
12605 80296
80311 80464
80311 394
80311 4177
4780 1171
62709 1492
4177 11100
4177 8457
4177 13972
4177 394
4177 27398
4177 52914
4177 2362
4177 2784
4177 4177
4177 7206
4177 4528
4177 22971
4177 14067
4177 25510
4177 75536
4177 76572
4177 184
4177 6085
4177 2893
4177 80377
4177 15505
4177 76479
4177 62647
4177 1703
4177 62675
4177 6094
4177 75719
4177 11926
4177 30186
4177 11260
4177 36148
4177 4692
4177 15570
4177 80012
4177 72302
66016 7691
66016 4312
66016 66016
10980 41291
10980 10980
42506 42506
42506 5701
8112 3503
8112 75682
8112 71069
22389 22389
22389 10134
22389 22052
80326 20783
64153 11100
58807 1587
58807 8430
68722 75970
76105 5810
78798 8602
1223 25510
48859 17773
48859 78756
1463 1463
1463 9417
1463 38889
1463 38698
1463 15242
1463 15197
1463 70809
1463 43559
66419 8430
10273 78
10273 10273
10273 1310
1358 32389
1358 12178
1358 6101
1358 1056
1358 70809
1358 70355
1437 2530
17600 78789
43423 19276
43423 13265
43423 43423
43423 11084
43423 25309
62393 62393
39495 39495
39495 4312
39495 7076
39495 2807
39495 9025
13168 21574
41187 4572
68222 68222
68222 1441
14094 19276
14094 80646
14094 14094
14094 38889
14094 14830
14094 70809
14094 69681
14094 14233
14094 68305
14094 43559
80808 2014
6756 76479
6101 41123
6101 17581
6101 6101
6101 1946
3332 6494
7392 1946
76788 73850
1481 78525
40804 8430
40804 40804
40804 58307
394 78673
394 19276
394 78032
394 394
394 1056
394 2926
394 80464
3460 1345
3460 21375
3460 76483
45 11500
80668 1056
80668 8430
80668 2384
80668 21291
80148 12664
6757 21349
8628 39475
8628 8628
8628 61536
8628 17581
8628 28104
8628 78434
8628 1946
8628 16537
8628 51164
8628 8250
8628 17836
2893 11100
2893 20787
2893 80109
2893 12617
2893 2926
2893 7206
2893 2000
2893 23829
2893 4037
2893 1492
2893 1310
2893 468
2893 2893
2893 68305
2893 80722
2893 33039
2893 41291
2893 15934
2893 1946
2893 23571
12120 79963
20994 13972
69797 69797
69797 70809
58001 25510
28104 17907
28104 79894
28104 80000
28104 47958
28104 31117
28104 7076
28104 1946
28104 51685
28104 80012
6262 62780
6262 6262
6262 12166
7079 19885
42656 12204
3996 2383
6936 6936
6936 184
6936 20233
6936 40883
6936 80739
1465 6094
1465 79910
1465 41970
1465 31849
1465 1441
1465 36688
1465 54788
48826 3621
14967 75536
297 78628
297 1106
297 78773
297 80096
297 297
297 80575
297 38889
297 80366
297 66
297 26522
297 58688
297 18263
297 4721
297 40
297 1017
297 14830
297 60618
297 80563
297 2384
297 11877
297 11926
297 15934
297 15242
297 58072
297 11260
297 56199
297 76479
1015 5010
1227 6094
29491 29491
29491 1162
9617 37370
80022 587
80022 2926
1573 80731
80565 76593
22131 26080
22131 22191
22131 41970
22131 1058
22131 36688
22131 21907
22131 51164
22131 22131
22131 80025
22131 41953
22131 25510
22131 7410
21051 12643
21051 80664
21051 55976
80858 5712
13480 2362
13480 69037
13480 21136
13480 13480
13480 11640
34461 2807
34461 47772
34461 36707
34461 924
68448 2689
68448 68448
68448 12978
61328 16785
61328 40883
61328 61328
437 2191
14233 39082
14233 1345
57114 1946
45609 45609
45609 13265
30412 70739
30412 7666
30412 26522
30412 70964
10941 70593
10941 80012
66623 44981
66623 66623
37103 37103
4653 4231
36977 1492
36977 36977
78867 78474
57108 11260
9550 78525
9550 14830
9550 9550
35840 38889
35840 15242
35840 80571
35840 35840
35840 78865
35840 78525
35840 38624
78350 78350
78350 4149
68302 43438
5993 27923
5993 21349
80560 23291
80560 13265
80560 66528
80560 8857
57751 1266
76409 76409
32591 32591
32591 1540
6506 6506
6506 2481
6506 6243
318 184
318 6646
318 47757
318 39747
318 12166
318 80559
318 12310
318 49520
318 51107
318 51223
318 3901
17945 75382
80126 29697
80126 13767
80126 3684
70618 6094
70618 1946
70618 22019
19864 1056
19864 19864
19864 11100
19864 21291
19864 62135
519 80090
519 80607
519 4528
40023 14830
40023 31469
40023 80216
40023 38889
40023 11919
40023 30186
40023 2926
40023 40023
54415 3376
13731 80109
80025 4312
80025 8385
80025 17836
80025 15002
12138 18060
12138 76479
12138 766
12138 31310
450 76167
450 10503
450 69037
450 450
450 5100
11211 57635
11211 7410
11211 43324
43354 5984
43354 43354
35529 35529
35529 4528
35529 51223
35529 12204
17581 19029
17581 17581
17581 26798
17581 80384
17581 4312
17581 38889
17581 70925
17581 19075
17581 7458
17581 31310
17581 44678
17581 14450
17581 1056
17581 51716
17581 6094
17581 22989
17581 80859
17581 18739
17581 11054
17581 14830
24916 61536
33128 25510
68440 31724
68440 68440
68440 13265
68440 8003
68440 58072
75549 46921
75549 75549
75549 8938
75549 12337
80034 76115
80034 80034
80296 184
80296 80296
8590 14915
5984 6085
5984 5984
80586 3948
80586 11926
70345 4961
75753 8103
75753 75753
2383 69037
2383 21574
2383 13972
2383 69931
80602 80602
80602 20302
80602 40120
58777 66607
32261 14447
32261 4231
32261 5762
644 51164
61329 4361
51716 51716
51716 35520
80388 14972
80388 80388
80388 11640
5917 1459
5917 2926
5917 2530
37129 1946
8181 4312
78713 78713
13265 70739
13265 5101
13265 80563
13265 7460
13265 70593
13265 72288
13265 80000
13265 18060
13265 13265
13265 75970
13265 10333
13265 74500
13265 76541
13265 21491
13265 36688
13265 11765
13265 80622
13265 30827
13265 80050
13265 40042
13265 80268
13265 15242
78788 6094
1310 4463
1310 78273
1310 18263
1310 69037
1310 2841
1310 36146
1310 1310
6647 11145
6647 11919
41916 4312
11145 11233
11145 2689
11145 11145
11145 1058
11145 6085
11145 14915
11145 18128
11145 1946
11145 11115
11145 7206
11145 6794
11521 8430
11521 12337
11521 11521
11521 3032
11521 37436
1587 75338
78626 3684
78626 11919
80607 7460
80607 80607
76744 60659
5429 43013
5429 3920
80241 2622
80241 13972
80267 32389
8725 1898
1946 61536
1946 22019
1946 7206
1946 18060
1946 1946
1946 24611
1946 37385
1946 76572
1946 2480
1946 2689
1946 6085
1946 52805
1946 2000
1946 454
1946 22309
1946 66308
1946 41291
1946 15570
1946 6794
1946 23141
1946 30186
1946 79885
1946 14340
1946 11115
1098 121
1098 6094
1098 1098
79967 11260
2191 20233
2191 6666
2191 2191
2191 25309
2191 12166
2191 184
2191 14447
2191 12204
2191 12547
2191 6574
2191 3901
6005 12178
2653 2653
2653 80473
2653 70964
2653 2669
2653 36720
8887 6094
8887 1441
8887 13904
41103 80363
41103 76167
18526 57631
80554 2868
80554 80554
59248 59248
59248 2290
59248 26522
59248 80578
62135 7717
62135 425
62135 80071
78422 3206
2384 10335
2384 78726
2384 2384
2384 76698
2384 8430
2384 58096
2384 12178
2384 4312
2384 78525
2384 41928
2384 2530
2384 80377
1266 11100
57344 14830
15242 11926
15242 68305
15242 11919
15242 15242
15242 24165
15242 18060
43265 8430
43265 32961
43265 43265
43265 80315
43265 11260
80186 80186
80186 2290
80186 41291
80186 8385
80186 66308
80186 76479
47958 5583
47958 11054
47958 31310
47958 1056
47958 2926
47958 3206
47958 19075
47958 47958
47958 1459
47958 2954
47958 75063
30186 2273
30186 6794
30186 2689
30186 6085
30186 7206
30186 30186
30186 33039
30186 1716
30186 50145
30186 76572
80473 80473
24563 11540
24563 75682
24563 51164
41654 6666
41654 41654
41654 80162
41654 13972
41654 4002
41654 26935
41654 18943
78521 21152
78870 11260
39082 39082
39082 62647
39082 21684
39082 80162
405 2807
4140 21090
5810 14450
8103 18263
8103 2273
8103 9417
8103 41970
8103 52914
8103 36688
8103 8103
8103 184
8103 36625
54495 75682
78532 24953
78532 17114
25883 3092
5450 73972
5450 79949
18420 18420
18420 75422
18420 20302
18420 75260
18420 3206
18420 3324
69525 51164
7666 39380
26538 76479
26538 2926
26538 78825
26538 75682
26538 2841
78076 1056
78076 71105
78076 78076
14044 70314
70593 70593
70593 4639
78299 78299
3324 54795
3324 14830
3324 10898
3324 3324
3324 38624
12176 25511
12176 25329
12176 3206
80575 2290
64141 62367
64141 21491
64141 20783
64141 78785
64141 80110
15197 80304
15197 50754
15197 15197
44833 2874
80751 3651
1056 52914
1056 10503
1056 8430
1056 25510
1056 763
1056 11054
1056 20186
1056 14830
1056 4149
1056 1056
1056 80437
1056 3206
1056 6094
1056 19075
1056 78525
76352 6094
76352 11054
76352 35520
76352 18060
76352 36721
27433 1345
27433 27433
27433 13119
39380 1106
39380 2290
39380 40883
39380 9672
39380 39380
39380 74623
39380 26522
39380 3824
2625 13113
39421 51164
39421 43418
80040 7521
15505 41291
36721 80302
36721 36721
36721 7076
36721 4312
36721 50901
36721 18060
36721 80212
36721 8460
36721 37850
8799 70809
8799 8430
8799 6066
8799 78434
8799 2807
8799 8799
8799 2530
8799 2784
8799 3684
50658 78
27816 36146
27816 79949
3121 3121
41593 18060
41593 5712
41593 26522
41593 76479
41593 1593
300 300
300 12166
7687 25256
2503 24965
2503 2503
2503 52914
2503 40883
2503 11640
7020 2233
50818 19276
50818 50818
1716 13625
1716 2290
1716 11919
15934 15934
6948 4500
77923 29697
77923 17118
77923 11054
77923 20302
77923 2622
77923 77923
20764 11100
75735 3272
75735 41291
36146 6646
36146 41970
36146 32022
36146 36146
36146 58201
36146 11540
36146 80399
745 48084
34180 20781
78673 6646
78673 1441
78673 20781
7998 31476
4720 80110
1256 65915
13842 41644
47071 47071
3272 80216
3272 3272
3272 2841
3272 76479
20781 31310
79910 4042
79910 19949
2480 7076
75826 54524
73569 73569
73569 78525
80597 6094
80597 2233
80597 80597
80597 1184
4262 26080
4262 60690
19029 955
532 78825
532 41291
3106 9317
3106 31310
3106 51780
3106 3684
3106 6094
3106 32389
3106 78525
3106 12178
3106 763
3106 15570
3106 76572
3106 7458
79906 76060
79906 79906
79906 4312
51685 9072
51685 17907
51685 51685
51685 3206
51685 3684
36886 20302
64541 19276
64541 62675
64541 20302
64541 64541
321 11500
78825 78825
78825 41291
36805 36805
36805 18756
2189 78846
18739 18739
18739 78847
18739 74330
18739 36688
18739 2926
27398 27398
80173 18060
80173 80090
78648 14915
2233 6269
2233 58096
2233 16302
2233 13113
2233 4312
2233 70190
2233 2233
1540 80276
657 9417
27013 67083
69681 11054
69681 69681
69681 75890
13093 31310
4312 1441
4312 5712
4312 4312
4312 12337
4312 32866
4312 13972
4312 47973
4312 50073
4312 21574
4312 9025
4312 10898
4312 41291
4312 6094
4312 61993
4312 78525
4312 50901
4312 7076
4312 9317
4312 37850
4312 38889
80104 24078
80104 23291
13625 11054
13625 11919
13625 18060
13625 26522
11540 1847
11540 31446
11540 78856
11540 11540
11540 11640
11540 80483
11540 60690
11540 11919
11540 16109
11540 12204
11540 62780
11054 21339
11054 80064
11054 74330
11054 12978
11054 70124
11054 78756
11054 80092
11054 80552
11054 11054
11054 80216
11054 31310
11054 36688
11054 78465
11054 61472
11054 6094
11054 54795
11054 56920
11054 15570
630 630
630 766
58125 20302
441 6494
80354 13113
80354 6794
80354 1176
79963 40090
1172 80691
1172 75420
48519 80127
80574 76593
36148 14830
5784 49223
21349 6094
21349 27923
21349 80110
21349 11260
21349 69037
12664 12664
74330 11926
74330 11919
74330 454
74330 74330
8385 23141
8385 61536
8385 8385
8008 41928
8008 8008
8008 45057
33854 66
75970 75970
18060 398
18060 78535
18060 61536
18060 78273
18060 2290
18060 80000
18060 23829
18060 11919
18060 18060
18060 26522
18060 69078
18060 18943
18060 184
18060 76479
18060 76541
18060 2841
18060 25309
18060 41291
18060 4463
18060 62471
18060 5101
18060 9317
18060 38624
46253 76679
73974 121
73974 19276
1898 8430
1898 1898
1898 31310
1898 36563
1898 5712
454 41970
454 25437
454 2000
454 65915
454 56920
454 24611
454 14319
454 78525
12905 13650
80559 6646
80559 12166
80559 5690
80559 80559
6059 4528
6059 58688
6059 6059
6059 18512
7294 4923
65915 5304
65915 10854
6751 27467
76593 75831
76593 80588
76593 6269
76593 71046
76593 80738
76593 2641
76593 9305
76593 43017
76593 80790
76593 80441
76593 76593
76593 69931
62562 9025
62562 13700
12310 24078
12310 80110
12310 49520
12310 4721
78751 5495
78751 78751
78751 3206
80000 4528
80000 2926
80000 45397
80000 69591
80000 80000
77978 1916
77978 77978
80304 21265
80304 80304
33199 33199
33199 42440
79939 8966
3948 71046
3948 78554
3948 22606
3948 3948
3948 13904
3948 80110
3948 51137
3948 30516
14111 80028
15743 19276
41626 19276
41626 20302
41626 1345
2363 14450
41291 6269
41291 46536
41291 52914
41291 65
41291 184
41291 2000
41291 41291
41291 26080
41291 25256
41291 10875
41291 43326
41291 75470
41291 76479
41291 78789
41291 15629
41291 5712
41291 2641
41291 11640
41291 4925
41291 6779
41291 4528
41291 78849
41291 60985
41291 2874
41291 80092
41291 23829
41291 1703
41291 11926
41291 2273
41291 62675
41291 38624
32972 27923
22606 54311
22606 22606
22606 80110
22606 66
22606 42804
45005 3621
23950 3333
23950 17901
23950 5495
18756 20586
52842 39026
75693 80216
80096 5496
80096 80096
76846 3651
20999 43326
41123 41123
6999 24078
6999 6999
4572 4572
4572 3928
8857 78164
57280 11640
57280 57280
36720 36720
80675 38943
9072 8430
9072 78812
9072 11919
9072 9072
9072 5712
9072 3206
1568 1568
16739 69868
61911 184
61911 7762
61911 61911
19075 40723
19075 19075
19075 14450
43326 80110
43326 43326
43326 78773
43326 54788
80399 80399
11417 6094
5583 5583
14230 80135
11765 11765
52805 21152
52805 3206
52805 52805
6494 302
6494 6494
6494 4034
20787 26751
20787 29316
20787 1149
20787 41970
25256 7206
25256 25256
25256 12178
25256 2807
25256 3684
2784 2039
2784 9672
14807 10335
14807 66607
14514 5998
60690 60690
60690 11640
14302 14830
14302 14302
14302 5010
14302 78525
14302 3684
30827 30827
344 40883
344 79949
80651 66
12640 79998
3568 41928
19276 24078
19276 19276
19276 80464
19276 80212
19276 79914
19276 80175
19276 1345
750 14830
11115 7206
11115 2689
11115 14915
11115 76572
51505 51505
51505 2530
11100 11100
11100 14830
11100 9025
11100 3684
11100 1492
11100 78865
20343 20302
24953 24953
10174 61995
80384 29697
2264 9417
38851 78525
38851 14830
38851 11919
4737 2841
58096 7076
22277 22277
22277 78535
22277 15570
80111 2672
11877 66
30516 13904
14875 14875
14875 78273
14875 11260
80819 8430
80819 80819
80819 14450
80306 2926
80306 80306
7076 2883
7076 50073
7076 14830
7076 8430
7076 3206
7076 50901
7076 7076
7076 70652
7076 78525
7076 38624
24394 45045
250 73972
250 2841
27330 6986
76098 21684
9317 1441
9317 29316
9317 9317
9317 66308
9317 80705
9317 49512
9317 69037
9317 68708
9317 38624
2689 2689
2689 57583
2689 14340
2689 15570
2689 3684
5712 2273
5712 10503
5712 2926
5712 5712
5712 955
5712 78849
5712 11926
5712 29316
5712 25510
5712 1593
5712 35482
5712 62810
5712 61630
5712 6094
5712 75470
5712 11260
5712 76479
421 26522
421 421
1459 12178
69194 24060
69194 69194
69194 79956
586 69037
14830 78525
14830 5101
14830 10503
14830 38889
14830 32453
14830 25510
14830 14830
14830 78180
14830 6094
14830 78434
80071 3995
80071 80071
32198 8430
1703 121
1703 13972
1703 57544
1703 70964
1703 1703
47305 47305
47305 37059
79991 25510
79991 13650
13662 13767
76451 34341
26798 34341
2926 2273
2926 1593
2926 41970
2926 44591
2926 11640
2926 26295
2926 14633
2926 44547
2926 75260
2926 68208
2926 468
2926 24611
2926 80563
2926 80634
2926 6094
2926 56920
2926 76479
9417 350
9417 9417
9417 80533
57609 57609
57609 4351
80715 6094
10333 10333
21136 21136
21136 11640
27249 8430
28070 78762
7717 7717
64194 43017
64194 12978
9068 18263
1131 35660
3959 2164
3959 78535
3959 39717
3959 36688
3959 62471
71040 41970
451 80011
22846 39689
38867 22479
934 78525
934 934
3503 6094
3503 2841
3503 80298
3503 58688
3503 17907
10503 31310
10503 10503
10503 3684
10503 80646
10503 78525
10503 2622
10503 18943
955 3075
955 17773
955 955
11640 26080
11640 24965
11640 41970
11640 78856
11640 2362
11640 78638
11640 13113
11640 68742
11640 69037
11640 60985
11640 51164
52890 11260
19885 6094
80390 38600
60985 60985
74500 74500
69931 11926
69931 13650
69931 69931
76541 80242
76541 76541
76541 4144
47948 22052
45057 38624
45057 78525
45057 45057
80588 12337
80588 80588
8032 12204
8032 8032
80013 17114
80013 10265
80013 35520
9672 2415
9672 41801
121 121
121 26080
121 72302
121 54795
121 40090
121 766
80622 4333
80622 80622
80149 75288
14319 12643
75422 73850
75422 39261
75422 21339
75422 38361
75422 79962
75422 33927
75422 78761
75422 43418
75422 78739
75422 75422
3901 14447
3901 21965
24078 24078
24078 13972
24078 20302
40739 40739
36563 15629
36563 8430
4961 6094
4961 1441
4614 11260
4614 2841
43559 38889
43559 1345
43559 4053
26282 11260
80489 21907
5516 67157
5516 80525
39261 9652
39261 54263
39261 39261
343 56328
69078 2290
67083 6066
78180 78180
47763 60618
2954 17164
2954 80114
2954 80188
2954 22202
2954 8430
2954 12178
2954 9652
2954 2954
4854 12178
56668 56668
56668 1044
43771 1149
1593 75470
1593 14450
72288 60618
72288 3824
72288 72288
72288 2669
3684 6094
3684 35660
3684 80012
3684 41928
3684 11260
3684 76479
3684 56920
3684 78525
14340 14340
26522 36982
26522 15606
26522 13700
26522 76104
26522 23291
26522 26522
26522 42804
26522 75536
26522 80578
26522 74453
26522 76479
26522 38624
69037 4721
69037 2362
69037 184
69037 69037
69037 763
2530 78773
2530 66607
2530 406
766 22989
766 2362
76572 7206
76572 2273
76572 76572
80092 11926
80092 76479
80092 80092
69977 69977
69977 57398
69977 23291
69977 801
80634 73972
6517 6517
17907 6094
17907 29316
35520 17114
35520 56920
35520 61472
21965 14447
21965 21965
21965 12166
49223 29697
49223 13650
49223 49223
78064 75749
20302 18263
20302 21907
20302 71069
20302 4463
20302 20302
20302 19725
50901 25510
50901 50901
50901 9025
78273 78273
78273 11919
78273 2481
78273 76479
398 398
1106 75682
1106 52914
1106 19949
75616 67157
11919 78726
11919 3206
11919 13113
11919 65913
11919 11919
11919 31469
11919 78704
11919 17509
11919 21929
11919 78434
11919 76479
11919 38624
12156 2641
35702 35702
14447 54788
14447 14447
14447 78773
14447 40883
14447 51107
70124 12337
46298 40120
74453 38889
76698 7460
76698 2290
76698 76698
4463 4463
43017 43017
43017 3075
43017 13360
75572 763
75572 15129
5495 78871
5495 17901
45947 76479
45947 41928
78606 73850
30836 184
30836 30836
78535 22989
80501 2290
80501 80501
7460 7460
32389 8430
32389 32389
32389 80212
23291 21929
23291 23291
23291 66528
23291 62810
23291 5279
23291 35898
33039 15735
33039 14450
35898 763
35898 35898
402 41686
402 42440
34082 34082
80162 317
80162 80162
80162 4144
23571 6646
40042 40042
45115 9025
38624 80216
38624 21090
38624 70652
38624 80705
38624 17509
38624 6094
38624 4923
38624 76479
38624 38624
46536 10847
46536 3206
46536 46536
73577 68305
20233 40883
20233 12204
6986 6986
6986 79949
49247 13972
79998 2003
75260 75260
16785 956
16785 16785
66308 44547
4042 4528
58976 58976
40090 40090
40090 3928
78434 78434
9313 12337
78789 78789
29697 35660
2273 26080
2273 2273
2273 18943
2273 75063
27923 42006
27923 11260
27923 27923
27923 43324
27923 35508
8457 8457
8457 18943
13119 13904
13119 51164
72268 72268
69868 80578
1073 50629
55893 78704
55893 78756
55893 40120
1345 1345
1345 80731
1345 70809
1345 50629
1345 38889
763 42047
763 22052
763 79949
763 7410
763 55976
763 47795
763 61993
763 15735
763 51164
24891 24891
8784 8784
78871 13113
78871 78871
20186 7576
41644 78582
47722 70739
47722 47722
27467 2000
27467 27467
27467 12978
62780 62780
35482 9401
46936 80276
34859 6094
34859 5442
74300 3206
74300 74300
23310 66
23310 4231
23310 14450
23310 23310
4500 4500
80437 7386
15629 15629
15629 1441
15629 48554
15629 24611
15629 7410
25437 25437
80705 8430
80705 5101
80705 44812
80705 2502
60618 78628
60618 70964
78704 78704
10898 10898
10898 76479
10898 7410
6094 80323
6094 7434
6094 17509
6094 6094
6094 59215
6094 29316
6094 1061
6094 31310
6094 2807
6094 5279
6094 2039
6094 76479
6094 13650
6094 3206
6094 11781
80064 80064
6415 78525
31446 31446
2807 80665
2807 2807
2807 11926
2807 9485
2807 13650
2807 78525
2807 2841
58072 58072
76479 1737
76479 2290
76479 13113
76479 21090
76479 37555
76479 3206
76479 47795
76479 11260
76479 76479
76479 80012
3651 2594
3651 11966
3651 25510
3651 21684
3651 1162
80506 7206
38361 73850
38361 8430
70190 12487
70190 3206
70190 70190
16109 16109
9942 29625
9942 9942
4556 12178
75063 14915
41953 18128
78465 78465
21375 6646
21375 21375
5621 7410
78 78
78 21574
78 12178
60731 30684
73850 51780
73850 50191
80731 80731
79962 79962
40950 40950
73972 73972
78773 39747
78773 19949
78773 78773
78773 12166
78773 2669
71046 71046
4144 4528
4144 75682
4144 63996
4144 80794
4721 25510
14450 14450
14450 66
14450 37902
10875 6794
3206 1441
3206 78818
3206 11926
3206 54552
3206 3206
3206 41928
3206 18128
3206 80377
41686 41686
56920 56920
56920 75749
26608 26608
9485 9485
9485 21684
1441 1441
1441 16183
2481 75536
2481 2481
2481 12204
66 66
66 12395
66 80661
66 42804
42804 40
42804 13972
42804 42804
1306 21574
80337 21265
6518 22733
6518 78525
1261 10718
1261 2841
4402 11260
51223 80110
51223 51223
12221 21491
80563 22989
80563 80563
10847 10847
80269 11260
51780 1847
51780 51780
184 21265
184 22
184 303
184 184
184 7762
184 58307
184 5690
75719 11260
75719 75719
75719 13113
23657 80499
57713 38889
71019 71019
9025 75840
9025 9025
9025 36883
33927 33927
12166 41970
12166 79949
12166 12166
12166 51107
12166 58201
12166 12204
12166 24965
7762 4528
80871 15915
80661 80661
51137 2622
70739 21929
70739 70739
70739 5101
70739 2290
70739 70964
25311 25311
21339 1840
75338 75338
79949 62675
79949 79949
12337 12178
12337 12337
78857 78857
20507 62302
20507 31310
22019 22019
78756 17773
78756 78756
80637 406
10365 5101
68305 38889
23141 2415
23141 10265
23141 23141
62675 62675
62675 51164
80377 8430
80377 22971
80377 80402
80377 2290
80377 21574
6269 8430
6269 6269
6269 62810
2000 2000
2000 6085
80790 80790
42440 42440
78761 78761
75977 35593
75977 75977
5015 26088
5015 75536
80664 80664
24611 24611
801 13904
70964 70964
8382 8769
56199 56199
38783 7206
5101 80194
5101 34538
5101 5101
5101 25309
5101 80525
40883 75682
40883 52914
40883 40883
40883 4528
40883 78638
40883 51164
1447 20995
68742 13113
35660 35660
7311 12178
7410 18943
7410 42047
7410 7410
21491 60435
21491 21491
37555 38889
37555 37555
37555 78764
69283 19949
1840 1840
1840 75682
58082 61536
6666 4528
6666 77954
40723 31883
39229 21684
80012 11260
80012 80012
15606 15606
80665 11260
22052 22052
41970 41970
8430 13904
8430 31310
8430 22971
8430 8430
8430 4923
8430 78525
8430 72302
80212 80212
22971 22971
31310 31310
62367 62367
80525 80525
17509 17509
59215 59215
6574 6574
4923 4923
4923 80110
43418 43418
13650 13650
21090 21090
21090 80441
21090 36707
2622 13904
2622 80315
2622 78755
2622 2622
2622 25510
2622 36688
2622 57276
10110 10110
12204 58688
12204 12204
2841 2841
2841 22989
2841 15129
2841 13113
2841 80338
47973 47973
80128 25510
22989 1149
22989 38889
50629 50629
24586 11028
80184 4231
43324 80361
43324 43324
37855 37855
8250 34538
9305 9305
468 468
468 78818
3824 3824
43198 43198
43198 2290
3333 3333
57544 57544
492 492
41801 4767
54269 54269
51164 44651
51164 52914
51164 6646
51164 78849
51164 2362
51164 4528
51164 51164
51164 1176
51164 54788
51164 78499
5199 42676
39747 39747
72302 72302
72302 11260
72302 25510
25510 13904
25510 11966
25510 54263
25510 25510
25510 11260
25510 78525
35357 18943
57276 57276
34538 34538
32216 38889
19725 19725
4231 4231
2883 78525
80110 80110
26088 26088
26088 2290
13653 13653
58307 58307
58307 6646
17773 17773
2290 2290
2290 73648
2290 41928
7576 3400
7576 7576
12978 1176
12978 12978
80366 1492
11260 34444
11260 13904
11260 78755
11260 13431
11260 79914
11260 12178
11260 11926
11260 11260
11260 5690
35353 48067
35353 13972
35353 35353
35353 6451
48067 48067
36707 36707
4528 65818
4528 61536
4528 4528
66528 66528
39602 39602
21684 1162
21684 21684
80188 80188
80739 69949
80739 80739
78638 57398
58688 58688
38654 38654
38654 17980
14915 7206
14915 14915
26080 26080
80029 17164
80029 7206
80029 80029
55976 55976
15129 15735
15129 29625
75749 21907
61993 61993
44981 44981
48483 48483
21574 12178
21574 21574
15570 7206
15570 8769
39359 39359
61536 61536
61536 16537
61536 80485
16537 16537
16537 12565
16183 16659
16183 13972
1450 13113
24965 6646
24965 24965
80069 80069
25309 25309
2039 2039
2039 51107
23829 23829
5690 22
3075 58201
24201 21907
15735 15735
37902 37902
58201 58201
37370 37370
4333 80194
78818 78818
13700 11926
12178 44293
12178 12178
12178 11926
1162 1162
1149 1149
13767 13767
21907 21907
78865 78865
36688 36688
13972 13972
52914 52914
78847 78847
78847 2502
79894 942
7206 7206
76679 76679
38889 38889
43438 43438
51107 6646
18943 18943
29316 29316
36883 78525
79914 79914
80578 80090
12395 12395
80090 80090
68708 68708
6646 6646
13904 13904
2641 2641
6085 6085
2362 2362
5496 5496
73372 73372
75536 75536
3621 3621
12643 12643
10265 10265
18128 18128
80050 80050
78525 78525
80109 80109
43138 75682
13113 13113
5762 5762
4600 4600
62471 62471
54795 54795
41928 41928
4149 4149
54263 54263
80646 80646
59249 2502
1176 1176
39717 39717
80441 11926
67002 67002
18263 18263
78726 78726
11926 11926
2502 2502
