75157 44953
75157 4144
51668 21051
51668 13700
10898 38851
10898 31308
10898 11919
10898 31356
67151 7263
67151 67151
67151 2290
67151 2926
17787 14094
17787 17787
17787 14450
17787 35840
56191 63927
75158 51505
75158 4312
75158 75158
75158 1056
75158 2622
75158 18060
447 74630
74436 46298
74436 74436
74436 13119
51424 39380
74899 35593
74899 21907
74899 74899
54780 75303
26901 70618
47245 8857
16326 16702
39521 29697
39521 2233
39521 39521
39521 28104
70019 6129
2906 6094
2906 32850
2906 21684
10366 20999
10366 56462
3380 38889
68861 22388
2554 51335
2554 74633
2554 36721
2554 61129
2554 71040
2554 1131
2554 37822
2554 39421
2554 2554
70452 50846
70452 70452
70452 15247
70452 1688
19045 4794
6514 6514
6514 70739
6514 22431
6514 3937
6514 35626
6514 6129
6514 27923
6514 10909
6514 4600
44134 44134
44134 12310
136 27164
11142 15629
11142 63984
11142 20787
11142 74786
11142 2363
11142 6518
11142 17907
11142 3969
11142 16183
11142 41291
11142 11142
11142 1463
11142 70190
11142 74447
11142 69292
11142 49247
11142 74539
16215 18060
14454 6129
75307 22157
74129 74129
4814 1056
9449 74565
9449 5100
9449 11945
9449 7460
9449 41734
9449 10076
39552 39082
39552 39552
39552 14233
39552 12905
39552 12166
39552 35840
19593 290
14154 4231
14154 5420
36862 37087
36862 74769
12489 75130
12489 3272
12489 11919
12489 14830
12489 74330
12489 12489
12489 12481
1822 75044
74875 74268
74875 74875
74875 35520
42474 766
42474 47116
806 14094
806 11926
806 806
806 18060
806 59248
806 19369
806 12481
806 73467
41801 4231
41801 41801
41801 68305
38448 28104
38448 38448
12481 74703
12481 75130
12481 8628
12481 36987
12481 14094
12481 7402
12481 7076
12481 4312
12481 38620
12481 12481
23775 158
38805 74703
38805 38805
38805 4312
38805 5690
38805 1106
35652 69196
35959 74794
1682 7206
1682 14725
1682 6085
1682 1682
41060 454
41060 4832
41139 41139
41139 66528
41139 3684
41139 74319
41139 30957
41139 3995
69039 69039
353 353
353 1492
353 25485
353 955
51663 51663
51663 26522
51663 4312
23850 6066
1532 35417
1532 36212
70841 22810
3725 5740
70146 54458
3461 10265
3461 763
3461 3461
2536 42440
74065 74065
74065 13972
74065 5690
10446 2530
10446 9694
74683 50302
49084 4002
4661 1056
6818 4231
6818 6818
6818 62560
6818 13972
6818 66
6818 47725
6818 14094
75200 17988
75200 75200
75200 13265
75200 5101
75200 7460
75200 18060
75200 60618
75200 17907
4362 66883
4362 14233
11897 43122
11897 394
10696 2024
10696 14233
10696 23240
73920 4832
74720 8338
74720 68305
74720 74720
56462 18060
56462 70739
56462 360
56462 56462
75295 394
71136 71136
71136 11211
75092 17308
4128 9025
16678 75
16678 28104
16678 8628
16678 57583
16678 6104
16678 16678
16678 2415
21014 15629
21014 21014
21014 38468
45974 6032
10035 17773
10035 25510
10035 29873
10035 37555
10035 75027
10035 9025
10035 3206
10035 6131
10035 6518
10035 7076
10035 13388
10035 13650
10035 10035
70853 75303
3521 48866
75096 75053
12518 74590
75402 6094
75402 35593
75402 70618
75402 31310
43108 21907
43108 41291
2570 1674
72276 15629
72276 3948
12482 12482
12482 35936
12482 1573
12482 9928
12482 32850
12482 51164
12482 13972
62434 62434
62434 66528
62434 4069
62434 75062
71088 43122
71088 13972
44881 11260
31647 23141
31647 31647
158 102
6084 2481
74717 70618
74717 74717
12088 21800
75227 75219
9502 70593
9502 19965
9502 47763
66403 1306
66403 69208
66403 290
66403 66403
66403 1409
66403 75353
33958 5263
74548 9658
74548 11926
44143 22131
44143 75249
6030 62367
34481 70313
41156 41156
41156 68708
74330 41862
74330 51189
74330 36721
74330 29961
7076 74703
7076 73980
7076 29873
7076 61426
7076 56791
7076 2807
7076 9025
7076 48839
7076 7710
7076 69292
7076 7076
7076 13650
7076 66016
30366 51203
13825 13825
29730 60618
29730 6263
29730 13265
29730 29730
29730 73972
54804 1291
56173 12106
2284 6506
2284 2481
2284 44812
2284 58057
2284 14830
46510 11211
10466 11260
4832 51335
4832 75050
4832 75056
4832 37159
4832 74261
4832 74850
4832 75070
4832 74633
4832 75220
4832 43954
4832 7667
4832 51189
4832 75044
4832 12713
4832 17629
4832 22277
4832 74741
4832 75185
4832 74497
15650 70618
6043 69318
20597 2362
20597 4177
7288 12176
6950 38052
6950 69412
6950 13265
6950 6950
1698 402
3859 8133
11825 391
11825 23141
11825 75088
11825 48839
11825 42278
11825 11825
4794 6104
4794 4794
74895 66393
30182 41666
35793 28104
40297 74565
40297 69977
40297 49372
40297 74530
40297 70614
40297 70593
40297 72288
40297 4042
40297 40297
40297 49
40297 66528
40297 60618
40297 6872
40297 41734
40297 1046
44931 14233
17229 21684
69763 71040
35702 25437
35702 35702
73967 73967
42598 74456
30264 2051
75418 27941
4366 75321
4366 10266
7710 75381
440 12605
391 38468
391 10881
391 2384
391 2191
391 7780
391 13265
391 62367
391 54311
391 75432
391 5690
391 6104
391 22606
391 391
391 3272
391 18060
391 75142
391 44953
391 1044
391 766
391 1310
70081 2807
69497 69497
12176 16537
3919 41291
69208 11260
69208 69208
39082 40804
39082 1198
39082 14233
9253 5010
23388 26522
37822 51203
37822 61129
37822 37822
429 4177
50846 66528
50846 43326
8721 1345
40078 27513
12898 19874
12898 14644
12898 57982
12898 5690
12898 73532
7709 69977
7709 43438
58550 6094
58550 68708
42278 75282
42278 66833
42278 34538
42278 70508
40232 613
40232 75114
40232 3948
27453 18060
27453 27453
27453 14233
74858 74794
74858 74858
74858 2954
74858 74857
75309 10547
12674 75053
42139 2586
50081 2807
50081 70005
50081 8799
74492 48839
69929 37555
3041 75293
3041 75081
3041 3041
3041 29625
3041 75338
3041 74697
3041 8628
3041 75240
3041 62639
3041 62560
3041 14233
3041 25256
3041 9652
3041 37808
3041 37580
3041 75441
3041 51189
69147 4231
69147 69147
69147 5690
15980 4614
72327 6094
61197 18512
49045 42047
74758 32389
74758 3948
74758 74758
47167 62680
74494 33664
74494 4177
8252 74772
41065 41065
41065 13168
74762 74763
74762 763
74762 60435
74762 74762
13917 36857
13917 51137
31308 48362
586 75
586 3075
586 14094
586 57583
586 3959
586 586
586 6666
586 69037
586 26080
45347 11640
45347 402
45347 57280
61738 75303
61738 14915
9550 74688
9550 13650
9550 9550
9550 12301
801 69977
801 28104
801 38889
61515 43423
7206 2689
7206 20033
7206 11145
7206 73701
7206 48767
7206 14725
7206 66833
7206 4177
7206 7206
7206 2000
7206 57583
7206 75103
7206 11115
51335 51335
74061 74061
74061 28104
74061 970
74061 14450
74061 35840
49079 73850
49079 49079
49079 934
74786 14830
8737 74883
4953 6104
5690 26080
5690 78
5690 34538
5690 51325
5690 4639
5690 60985
5690 11574
5690 11504
5690 1710
5690 7762
5690 51189
5690 75062
5690 29961
5690 763
5690 3377
38947 56228
38947 934
4767 31327
20391 15629
20391 8799
290 16044
290 13972
290 39747
290 4177
290 11546
290 38889
290 14233
290 14447
290 31045
290 23310
290 303
290 21965
290 50073
290 14450
290 41644
290 69184
290 8320
290 290
290 37808
290 39799
75142 6936
75142 1463
75142 3106
75142 75142
60846 60846
60846 14094
60846 35840
11025 75050
11025 60618
11025 70313
11025 11025
11025 47763
19874 13650
12930 75192
50437 44953
50437 4614
50437 50437
74696 74696
4177 1345
4177 78
4177 34538
4177 11145
4177 12705
4177 48767
4177 35626
4177 2926
4177 75349
4177 11640
4177 4177
4177 2000
4177 13113
4177 71011
4177 3106
4177 23310
4177 60985
4177 73454
4177 4600
4177 6094
4177 8799
4177 44797
4177 14450
4177 74596
4177 11540
4177 71035
4177 4639
4177 1623
4177 11211
4177 12643
4177 1049
4177 24563
4177 15934
4177 1946
4177 18060
4177 62675
4177 3377
4177 69466
6451 37087
6451 21800
6451 6451
75282 1847
75282 39754
75282 75282
75546 18060
75546 1345
4241 14915
4241 4241
42326 2622
42326 44953
42326 62680
42326 2383
2051 73701
2051 75288
75089 13265
75089 14830
75176 8103
15017 69977
74631 20709
14233 3995
14233 43954
14233 1465
14233 27816
14233 2926
14233 4053
14233 9684
14233 13265
14233 12166
14233 14233
14233 18060
14233 8628
14233 13552
14233 22989
14233 21095
14233 75
14233 15934
14233 7460
14233 23106
14233 5010
14233 20995
45564 20793
45564 3684
45564 27513
45564 45564
74729 6936
4721 68742
8133 17064
8133 6085
8133 49492
8133 37613
8133 8133
8133 28104
8133 64308
8133 1946
8133 31026
8133 75249
8133 11115
44790 44790
44790 2024
44790 8008
4649 20999
4649 60618
4649 425
4649 4649
44484 44953
44484 25510
44484 44484
44484 1162
11546 6666
11546 11546
11546 1100
11546 303
11546 78
11546 8032
11546 3901
613 14105
613 62560
613 31310
613 41970
613 613
613 35936
613 36721
613 3377
613 1481
3547 75365
38475 1409
73880 13650
73880 4312
5963 74516
5963 75401
43954 39921
43954 8628
43954 46290
43954 43954
43954 51176
43954 2689
43954 70621
43954 54415
43954 8385
15311 2290
15311 15311
12705 8628
12705 6322
12705 37159
12705 12705
12705 48767
12705 35626
12705 30186
12705 6794
12705 73874
12705 45005
12705 74865
12705 14915
12705 49492
74850 75303
48831 74073
48831 48831
48831 28199
5152 7580
25028 56778
25028 45745
25028 4556
25028 2807
25028 4312
25028 13700
10605 3995
6316 2807
74679 21051
74679 74679
74408 48839
74408 43423
27066 22388
27066 69613
27066 27066
26207 50650
37580 75303
37580 454
37580 37580
62190 75422
28143 60618
47795 8628
47795 74676
47795 74435
47189 56972
47189 47189
7932 4446
7932 13904
25485 45615
25485 8628
25485 3816
25485 75308
29783 297
29783 8628
29783 66528
29783 51546
29783 12905
29783 41291
15811 38852
15811 15811
434 4336
28199 28199
6998 46298
37389 75549
37389 13650
46852 43683
46852 38624
38577 35593
62709 1492
62709 45615
62709 62709
31045 28104
31045 14094
31045 14450
31045 31045
11392 25256
11392 1306
66016 6094
66016 1056
66016 2384
66016 9025
66016 2530
66016 66016
8112 49898
8112 14094
8112 8112
10431 14830
68722 41258
69292 1465
69292 69292
69292 13650
69292 35840
23106 1463
949 57398
949 17308
949 5197
16623 4519
16623 75144
74526 2530
74526 74526
3847 34538
2234 23240
1463 28104
1463 60483
1463 71035
1463 1463
1463 1345
10273 297
61960 56920
1358 2310
1358 297
1358 5091
1358 3075
1358 27816
1358 3651
1358 1358
1358 766
62680 6094
62680 49208
62680 62680
62680 11919
6836 2874
15482 12858
15482 425
39495 39495
39495 14105
39495 74805
36721 36721
36721 14830
36721 51143
36721 51312
36721 1131
36721 53163
36721 35520
36721 1004
36721 32660
36721 49208
36721 38889
36721 8430
36721 74761
36721 2954
36721 8799
36721 766
36721 74590
54403 46290
14094 34538
14094 35483
14094 4053
14094 43559
14094 49898
14094 38889
14094 70086
14094 18060
14094 3959
14094 4231
14094 46290
14094 14450
14094 4600
14094 14094
14094 2164
14094 19075
14094 75044
14094 10266
14094 56920
14094 74676
14094 75221
14094 69184
14094 47274
14094 2415
14094 13904
14094 71035
14094 22431
14094 66607
14094 16183
14094 69591
14094 74573
14094 766
14094 74857
14094 14644
14094 60483
14094 41654
14094 24706
14094 6129
14094 41644
14094 75
14094 28104
14094 74653
14094 35840
14094 37942
15934 75385
15934 3272
15934 60483
15934 35626
15934 3199
15934 2893
2481 74915
2481 6104
36145 75113
1481 43122
1481 6249
1481 11260
1481 4002
40804 63984
40804 58934
74349 74349
74261 14830
74261 74261
74261 1056
74261 6518
74261 44953
74261 13650
74261 20186
75342 8588
3460 66607
3460 318
3460 3460
970 74613
74857 74857
75528 3948
75528 75528
75226 25256
75226 48839
8628 11233
8628 33768
8628 39747
8628 8250
8628 74237
8628 8628
8628 1492
8628 20978
8628 22277
8628 5015
8628 6094
8628 11054
8628 28104
8628 70618
8628 9072
8628 1056
8628 454
8628 75
8628 22989
8628 1737
8628 35370
8628 1946
8628 2954
8628 4354
8628 6794
2893 66044
2893 35626
2893 2893
59313 3803
59313 15629
59313 6506
59313 59313
2363 27742
2363 2363
55932 8103
6129 3651
6129 11115
49887 49887
498 3684
27164 11236
27164 26039
28104 75050
28104 17386
28104 61426
28104 75338
28104 3684
28104 1073
28104 3659
28104 74676
28104 3206
28104 28104
28104 19075
28104 48142
28104 18739
28104 57804
28104 630
28104 18659
28104 8176
35360 10475
6262 49155
6262 21349
6262 49
16510 74634
16510 3324
6936 6936
6936 11574
6936 68742
6936 3995
6936 11540
6936 74498
62106 3503
62106 3272
1131 74633
1131 46298
1131 1131
1131 49492
2618 2618
2618 74474
64294 40983
75068 70739
75068 13265
75068 75068
40862 75284
297 15506
297 75050
297 11376
297 75178
297 74597
297 39380
297 8430
297 7460
297 7434
297 3324
297 297
297 22606
297 11926
297 51203
297 74459
297 35840
297 13650
297 13972
23661 8588
23661 23661
892 55893
1573 21051
1573 1573
1573 41970
1573 74169
1573 58628
74161 74161
54507 3376
22131 22131
22131 25122
22131 34538
22131 18943
22131 11640
22131 66833
22131 10368
22131 30790
21051 74690
21051 69994
1094 68742
10909 13625
10909 46298
10909 11926
10909 12905
74661 1898
74661 74661
74661 6494
73980 13650
13480 20233
13480 13480
13480 4262
13480 55893
13480 39004
13480 2926
13480 49
13480 11640
61328 20233
61328 61328
49155 49155
49155 2926
437 437
437 62675
36067 75312
36067 2454
37998 38624
30971 66
30971 4231
30971 30971
66623 40644
66623 66623
18474 74812
25437 25437
5387 450
48866 48866
48866 13265
48866 10475
41862 41862
41862 2926
41862 51189
35840 34538
35840 62135
35840 71035
35840 49500
35840 35626
35840 59303
35840 19075
35840 21095
35840 71141
35840 35840
25199 6094
25199 75050
25199 75081
25199 75293
25199 3377
57804 57804
57804 14450
57804 2807
11009 70464
11009 22930
11009 15570
318 75
318 66607
318 318
318 51223
318 36688
74497 74497
70618 11233
70618 6094
70618 70618
70618 31310
70618 56791
70618 6666
70618 33039
70618 1946
519 18060
519 13265
54415 54415
54415 73874
22758 22758
22758 46298
22758 46290
22758 8799
22758 69591
450 2043
450 450
450 402
11211 11211
11211 69994
43354 43354
43354 11115
16044 75
16044 16044
31310 10095
31310 31310
31310 6518
31310 43122
31310 4961
31310 4600
31310 68663
31310 6094
31310 74794
31310 70313
21965 27816
21965 21965
21965 12166
21965 3901
74515 2807
74515 74515
21146 38620
21146 73430
5709 42714
49492 57398
49492 317
49492 3106
49492 763
49492 3684
49492 49492
75549 11054
75549 48839
74797 25256
74797 13268
74016 8588
29961 29961
29961 75229
29961 11260
29961 48839
29961 16023
36090 75338
3816 35626
3816 3816
3816 35593
2811 49
19885 6094
19885 75392
19885 45615
19885 75264
5917 75081
5917 3106
5917 1946
5917 36103
5917 14915
5917 5917
74593 14830
18702 14915
51546 51546
51546 4312
51546 5010
1310 1046
1310 2191
1310 75432
5340 51
5340 5340
5340 8843
38145 3272
38145 8857
38145 1688
11145 2000
11145 11145
11145 22277
11145 11115
1587 41734
1587 2164
1587 25256
34575 38468
401 43122
8725 6066
1946 2689
1946 75219
1946 75083
1946 73446
1946 2000
1946 75249
1946 30186
1946 1946
1946 24681
1946 75080
71040 24953
74542 71011
74542 17836
74542 11115
2191 74377
2191 2191
2191 402
2191 75065
2191 22989
2191 11640
2191 75
2191 3901
2191 18060
2191 13265
2191 2095
49372 66
49372 1916
49372 49372
16533 16533
16533 394
10400 48438
8887 1441
8887 16183
14450 25256
14450 38889
14450 14450
14450 425
34735 75291
34735 34180
74516 35593
74516 74516
74516 13650
71090 1306
2384 10881
2384 49208
2384 3106
2384 18060
1266 13388
1266 4312
5442 69466
1508 2807
1508 2383
1508 74613
1508 1306
15570 48839
15570 15570
75 11919
75 78
75 23310
75 49
75 38889
75 1688
75 18943
75 19186
75 75113
75 8103
75 74498
75 75
75 75044
75 75358
75 69184
75 3377
47958 10266
30186 6085
30186 48839
30186 30186
30186 6322
31026 31026
284 11540
284 48006
284 24094
24563 24563
24563 69037
24563 2926
24563 381
75240 29697
75240 5784
75240 37212
75240 9025
75240 955
75240 75240
36987 1056
36987 37555
36987 4556
41654 75303
41654 41654
41654 394
28209 75293
28209 18060
75269 4312
75269 3684
4013 9401
2868 13265
2868 5101
2689 2689
2689 6794
2689 57583
2689 74360
2689 66833
2689 4402
5484 36688
75144 75144
3723 10718
8103 18238
8103 22052
8103 8103
8103 3901
75499 29873
4405 74814
23240 47763
23240 3272
23240 36672
23240 4351
23240 16785
23240 23240
58456 70380
58456 17773
45855 1737
45855 34180
70593 70593
70593 13265
48839 14414
48839 48839
48839 75280
48839 11618
48839 75114
48839 67118
48839 74596
48839 74633
48839 24494
48839 18060
48839 17629
48839 74690
48839 766
48839 75279
48839 3621
48839 75353
48839 62252
48839 25145
48839 47305
3324 74634
3324 48006
3324 469
3324 74435
3324 38620
3324 3324
64141 36688
64141 66688
30104 16537
75279 15629
75279 55893
75279 75279
43423 36688
43423 21574
75219 14915
20782 11260
20782 20782
1056 75050
1056 61426
1056 1056
1056 51312
1056 75293
1056 75308
1056 74936
1056 11926
1056 35158
1056 18060
1056 75223
32151 13265
33606 23141
75422 51203
39380 11417
39380 13265
39380 39380
39380 22294
3901 8032
6322 6322
71057 40793
18659 3684
18659 18659
57044 44953
57044 39747
13168 3377
27816 36146
27816 11945
27816 27816
27816 1190
75191 2622
43555 66
11945 6666
11945 44953
11945 11945
45976 63984
45976 73500
45976 317
45976 13119
75344 29510
41593 25510
74641 2807
1176 66833
1176 74413
2503 23310
74682 1198
51312 51312
51312 38361
59205 11143
59205 19965
34180 9924
34180 1710
34180 34180
12178 75229
12178 12178
59248 18060
59248 58203
75284 18060
38267 75264
8588 8588
8588 21339
8588 75145
5301 69318
74864 48503
74864 18756
75341 75341
75341 44953
75341 43022
27513 20793
27513 27513
6101 46290
6101 66528
74388 74388
24634 4312
24634 955
8250 8250
8250 14644
8250 16537
2480 18739
61389 3928
61389 61389
25642 25642
25642 57398
4720 6094
4720 4720
4720 8719
17988 6094
17988 11054
17988 3684
35587 934
3272 11417
3272 49208
3272 6518
3272 74910
3272 22277
34744 18263
20781 20781
39799 32972
51189 51189
51189 11919
51189 763
74533 1198
74928 6518
74928 43266
74928 37555
25311 70005
73874 73874
1198 2043
3106 75293
3106 73701
3106 2000
3106 6104
3106 4231
3106 3106
3106 2383
3106 74805
3106 24681
75379 48142
70621 70621
70621 8385
25256 25256
25256 1306
25256 38852
25256 6104
25256 75338
25256 38889
25256 11919
25256 2807
25256 763
25256 70156
25256 19206
74262 2622
74262 25510
74262 3948
11084 4428
56349 728
46129 74550
11877 62154
18739 18739
18739 6104
10368 2622
10059 2926
74880 58125
1540 43022
27013 18060
27013 51203
74596 74596
13093 11260
13093 43022
51632 51632
51632 3948
4312 61426
4312 4312
4312 1197
4312 22606
4312 27742
4312 75538
4312 40983
4312 766
16934 6094
16934 74865
16934 16934
16934 35520
13625 6518
13625 13625
11540 2039
11540 42440
11540 11540
11540 4002
11540 360
75385 1688
75130 11919
11054 75293
11054 33741
11054 75066
11054 37555
11054 35520
11054 51203
11054 75081
21655 6518
21655 21655
21655 5101
21655 32332
69613 4231
69613 70739
74240 74463
74240 32389
74240 4144
1988 1988
1988 35936
1197 1465
406 5010
69466 46298
69466 3948
69466 10384
75538 2530
75209 6094
73500 73500
15020 15020
15020 11919
64045 56553
75050 75050
75050 21326
75050 2530
75050 21907
75050 3684
75050 49208
75050 11926
75050 13650
75050 14901
5784 24494
21349 58125
21349 58180
17261 66833
8131 4600
5200 69775
8008 7310
8008 75081
8008 48006
8008 8008
56228 6518
56228 13265
56228 56228
18060 75427
18060 7
18060 14414
18060 9232
18060 11919
18060 18060
18060 75293
18060 47300
18060 9025
18060 75168
18060 766
18060 70739
18060 61426
18060 934
18060 70751
18060 51203
18060 24494
18060 75321
18060 1345
18060 43821
18060 1048
18060 8784
18060 75178
18060 14830
2361 74904
64042 20507
64042 64042
1898 58957
1898 74883
1898 42645
1898 20302
1898 75388
1898 74697
1898 75392
29873 6094
29873 8369
29873 29873
29873 2000
29873 38852
29873 763
454 26080
454 4639
454 11919
454 6094
454 40983
61739 61739
75461 13265
75461 5101
74801 14414
64663 64663
74413 36103
12310 70679
32022 35183
75349 73972
75349 75349
74930 6094
74930 74930
74930 39291
39725 46298
5857 44953
12120 4519
12120 51619
12120 60675
12120 75185
12120 75058
14105 20186
75178 75178
32906 32906
32906 13265
32906 36720
36950 2349
41291 3318
41291 2330
41291 1261
41291 41291
22606 22606
22606 13972
22606 43122
1465 34538
12858 74447
29887 35593
29887 20186
29887 29887
58934 1345
58934 58934
20709 20709
20709 38624
20999 20999
20999 13265
7 70739
7 2383
7 7
7 6856
7 4002
42645 35593
42645 42645
42645 8430
70508 55893
9072 34538
9072 9072
9072 8799
9072 14644
9072 3377
59303 38889
26935 69977
26935 15629
26935 75081
26935 41970
26935 69994
26935 26935
26935 36688
26935 1688
26935 12156
26935 2383
26935 27465
26935 9672
26935 47725
26935 11966
74915 74915
74915 3684
74237 74237
19075 19075
19075 22989
19075 11143
19075 43266
19075 20886
40983 385
40983 11919
40983 35626
69558 74597
69558 74913
5583 60559
2415 43266
6494 51203
20787 1650
20787 2926
20787 74772
66688 9871
66688 66688
75449 70739
75449 73467
21985 18263
59024 24309
59024 59024
4422 22277
58203 66
58203 13265
58203 58203
58203 39747
29510 934
29510 29510
74936 4231
74936 74936
74936 1306
74865 4961
74865 74865
44812 60848
37850 9652
51505 51505
11100 75201
37436 74856
35936 35936
9232 9232
9232 13265
70086 22989
49898 35593
38851 15629
38851 11919
38851 14830
38851 38851
38851 26522
3121 18645
3121 9091
75456 11260
30516 70190
74597 4800
74597 40821
74597 74597
70175 75557
74794 6094
74794 14414
74794 8385
74794 74794
74794 11260
75321 4231
75321 75321
42196 370
73467 70739
39142 955
51454 49247
51454 43122
51454 1345
51454 51454
9317 69184
7917 49208
70313 6094
70313 2000
70313 20186
70313 3634
70313 55893
70313 70313
70313 13650
70313 14915
43821 23291
15517 934
74773 50793
74773 13388
14830 74434
14830 69868
14830 74634
14830 14830
14830 33128
14830 41258
14830 13650
14830 6094
14830 38620
14830 30521
14830 61426
75113 75113
4423 74688
10454 51757
69184 7666
69184 36672
69184 69184
69184 4614
47305 47305
47305 62735
425 6518
425 425
2926 37159
2926 73701
2926 2926
2926 75441
2926 2000
2926 71011
2926 2938
2926 7311
2926 75081
2926 74676
2926 44797
2926 51466
2926 75044
2926 16959
2926 3377
75557 74071
17047 74372
17047 69994
75229 75229
75082 9025
75293 75293
75293 60559
75293 44797
75293 9025
75293 78
75293 3684
75293 11919
75293 11260
75293 2954
64194 11260
64194 64194
74889 38468
68663 6094
68663 20186
68663 50901
68663 8799
68663 68663
1832 37110
41075 14447
3959 3959
47116 13650
75080 6794
75080 3
16447 75044
73559 44953
934 1847
934 6269
934 934
934 35520
934 2807
934 75274
934 21907
934 11260
934 7063
934 763
3503 49
3503 74634
3503 33128
3503 74319
3503 38624
288 1345
955 75066
955 6094
955 35626
955 385
955 955
11640 18263
11640 41970
11640 48767
11640 6666
11640 75359
11640 75358
11640 57280
11640 14447
11640 69037
75441 36672
75441 48438
75441 13119
75441 7460
75441 11260
75441 35626
75441 75441
18827 6794
40644 40644
60985 60985
74500 13265
58057 60848
15819 48767
45057 11919
45057 45057
24706 2164
8032 8032
13268 36688
13268 74769
62560 42047
62560 62560
62560 13972
62560 55893
62560 2622
23862 2954
14319 32389
6728 78
39421 848
39421 39421
51325 7762
51325 16183
51325 40349
74627 21265
35626 13904
35626 2807
35626 74601
35626 74814
35626 38889
35626 74910
35626 35626
35626 766
35626 20186
35626 54458
35626 3206
35626 9025
35626 75308
35626 6094
35626 75105
35626 51203
35626 74805
35626 74676
35626 13650
35626 75249
4961 6094
4961 4961
4961 75478
4614 4231
4614 3377
43559 47274
43559 43559
74677 38620
74690 15629
74690 74690
64234 43266
64234 64234
24094 11260
24094 24094
36185 39939
1106 18943
75392 13650
75392 75392
47763 60618
47763 47763
70005 57784
37808 15629
37808 37808
5100 5100
2954 73701
2954 47510
2954 66528
14901 51203
14901 61426
17386 15629
17386 3206
48006 798
48006 13972
48006 48006
48006 2807
2436 14915
72288 72288
72288 36672
3684 74741
3684 61426
3684 3684
3684 22971
3684 59232
3684 37555
3684 75257
3684 75053
3684 36688
3684 56961
3684 38620
3684 75249
3684 11260
3684 3377
74633 15629
74633 74633
74712 9694
26522 11919
69037 26360
69037 69037
2530 43795
2530 34538
2530 2622
766 54458
766 20302
766 18698
766 766
766 6094
766 55904
766 19368
766 11919
766 38852
766 11260
766 8799
766 13650
26778 2622
26778 13650
26778 26778
69977 69977
69977 23291
69977 13972
17907 70739
17907 17907
17907 75427
17907 38620
35520 32812
35520 49208
35520 35520
35520 75220
35520 25145
35520 67107
20302 51619
20302 38889
20302 20302
20302 18943
20302 3377
50901 6094
50901 4519
50901 75424
50901 13972
50901 50901
73972 7460
73972 74608
73972 3377
45615 45615
45615 68305
6858 54458
69994 2622
69994 36688
69994 69994
58125 58125
11504 4231
11504 34538
11504 78
11504 11504
11504 39342
11919 15629
11919 61426
11919 2807
11919 6104
11919 38889
11919 11919
11919 74066
11919 75213
11919 54458
11919 74676
11919 21907
11919 51203
11919 69507
11919 31356
11919 3651
14447 71116
4144 74565
46298 46298
46298 16530
47725 4231
74281 66
74281 74465
19369 6949
19369 12390
19369 13288
10076 58018
10076 10076
21123 58457
4463 4463
4463 13265
4463 6986
55893 13904
55893 74510
55893 11966
55893 21907
55893 75114
55893 49
55893 32864
370 7263
67107 67107
48767 9269
48767 48767
2807 9485
2807 2807
2807 6094
2807 74816
2807 38889
74601 74606
74601 32332
74601 74601
74601 13650
54311 54311
54311 62367
23291 51203
23291 23291
24494 9652
24494 24494
44953 74812
44953 36857
44953 74066
44953 73454
44953 38889
44953 68742
44953 38620
70390 25510
69318 1149
402 1100
402 41970
402 360
402 36690
38966 34444
6015 6094
6015 1345
10393 8385
38624 6094
38624 43438
38624 38624
38624 70654
12390 12390
75264 75264
74448 74448
74448 64314
69630 69630
6104 38468
6104 3032
6104 6104
58018 7460
58018 13265
42047 35593
42047 42047
42047 8799
49247 49247
57477 74628
54458 54458
54458 3206
74812 74812
2841 51164
22989 74706
22989 27559
22989 9800
16785 16785
16785 12166
33725 1073
33725 46856
56778 56778
62154 6518
62154 62154
62154 48554
38566 6094
40090 75303
11966 2622
29697 74319
13119 63984
13119 3621
13119 13119
69868 6518
69868 69868
74697 74697
74697 52964
4519 4519
4519 13650
1345 63984
1345 22971
1345 22
1345 1345
763 58957
763 34538
763 61129
763 75338
763 40723
763 2622
763 35482
763 1688
763 62252
1048 13265
1048 1048
8784 8784
20186 6094
20186 2000
54369 13265
74942 6107
42371 37555
74613 11417
74613 13265
74613 2383
1046 1046
37942 4149
37942 70739
37942 37942
74565 74565
74565 11682
35482 35482
14644 7743
23310 19949
23310 12166
23310 3502
24309 36688
24309 46290
74608 74608
74608 13265
45745 4231
45745 45745
8799 46290
8799 34538
8799 9694
8799 3948
8799 6094
8799 38889
8799 37087
8799 8799
38468 38468
38468 75081
38468 9485
10744 75308
10744 74910
60483 60483
60618 4333
60618 13265
60618 60618
60618 27559
8385 7311
75432 13265
10095 10095
6094 75066
6094 6794
6094 3206
6094 9025
6094 6094
6094 52871
6094 66607
6094 13650
6094 767
6094 70190
6094 4600
6094 8938
6094 3948
6094 1306
6094 9091
6094 5010
6094 3377
75419 11260
75419 75420
74360 74360
7460 5101
7460 7460
7460 41734
7460 3377
75221 75221
70654 70654
3651 74772
3651 25510
49753 27465
360 48554
41301 4231
74920 6518
74920 11260
70190 70190
75401 75401
4556 4556
19186 78
19186 71116
19186 19186
47762 66
47762 15629
47762 47762
32389 1710
32389 2622
75354 1688
21095 75187
21095 34538
21095 74498
302 302
44873 39580
66009 66009
8176 34538
8176 41644
3077 1441
41258 1847
41258 41258
78 66833
78 78
78 12166
78 49
73701 1916
73701 73701
73701 11260
8538 14988
41734 13265
41734 41734
74769 11260
935 74634
9694 34538
430 4231
430 2383
3206 75081
3206 61426
3206 16537
3206 38889
3206 74459
3206 74676
3206 36103
3206 3377
74498 12166
74498 74498
74576 13972
2164 5251
75044 75044
75044 14915
69507 4800
56920 56920
9485 1306
1441 16183
1441 1441
1441 22971
39342 11260
73412 35545
66 66
66 2502
73670 2000
73670 73670
1306 1306
1306 48554
6518 6518
6518 66528
68708 16183
68708 74169
68708 68708
74805 74805
13388 14915
16959 317
16959 767
7252 7252
64212 64212
16530 16530
75066 75066
75066 8217
74169 74169
9025 75081
9025 9025
9025 22930
9025 1492
9025 75223
12166 49
12166 74319
43528 48438
7762 7762
7762 47300
13904 75303
13904 11260
14809 33128
51137 2622
51137 3948
51137 51137
70739 70739
70739 74766
70739 47300
70739 74435
70739 4351
19965 19965
65741 2622
65741 35353
75338 75338
74435 5101
37555 37555
37555 75381
37555 6976
37555 317
75308 1492
23141 66833
70856 75303
80744 74210
2095 51164
62675 7031
62675 75283
62675 62675
62675 51164
11115 33768
11115 71011
11115 74584
11115 11115
67118 67118
1688 4231
1688 2622
1688 74842
2000 2000
2000 13113
56617 11926
56617 38620
56617 56617
75283 75283
75283 51164
42440 42440
10718 10718
10718 34538
10718 7591
10718 32985
19475 69196
37159 8991
37159 3
37159 37159
37159 6794
5015 70751
75428 7335
46290 46290
303 303
303 6666
2024 2024
5101 34919
5101 13265
5101 5101
32332 32332
32850 30684
75220 75220
4351 4351
3621 3621
35183 35183
34866 34866
3948 3948
3948 43022
3948 34538
11574 11574
317 13001
317 34538
317 74319
46856 1073
33128 48142
33128 33128
6666 36688
6666 1073
6666 23571
40723 40723
3377 13972
3377 3377
74584 74584
41970 41970
1445 47144
47144 47144
38085 20412
22971 22971
22971 25510
22971 74910
5010 22763
5010 5010
22377 38889
69540 73430
62367 13972
62367 62367
4002 49
4002 4002
10266 4149
10266 47344
10266 10266
10266 8338
10266 34538
10266 75536
74676 74676
74676 13650
74676 12301
13650 61426
13650 74447
13650 38852
13650 7434
13650 13650
75223 75223
4800 4800
61129 61129
43122 13972
75381 75381
2622 75081
2622 75353
2622 75430
2622 2622
2622 18512
2663 11260
74914 19334
11260 34538
11260 15629
11260 25510
11260 45729
11260 75353
11260 56553
11260 11260
11260 15540
11260 36103
39004 49
39004 39004
75187 75185
61736 13700
66833 66833
5375 19949
468 38852
6495 7063
4042 4042
4042 68660
385 385
385 68522
75053 75053
36688 36688
36688 35370
21907 10265
21907 21907
43266 43266
18645 74634
74634 74606
74634 13113
10707 71116
66607 66607
66607 16183
36857 36857
13288 13288
70464 4600
12547 49
25510 25510
25510 34538
25510 51203
25510 61680
25510 49
25510 38889
25510 48438
58957 58957
18512 18512
36035 36035
12803 43683
47274 47274
34538 34538
34538 12978
34538 1492
71116 71116
4336 36554
11768 43438
1044 75496
4231 4231
4231 13972
4231 8338
75257 75257
17773 17773
69621 13265
74510 74510
6794 49
6794 6794
75440 12301
49208 49208
49208 38889
49208 74910
1073 1073
17629 17629
17629 14915
31469 31469
31469 74910
908 74590
1916 18943
66528 66528
66528 13265
74425 13265
1492 1492
1492 75105
58457 13972
58457 26801
62735 22294
62735 13265
62735 62735
75114 15629
75114 75114
75081 75081
75081 2383
43022 43022
8338 8338
2383 74913
2383 61426
21574 21574
75249 75249
63984 63984
16537 11926
16537 16537
16183 16183
47300 13265
74913 74913
75380 18571
7263 7263
68305 68305
68305 43438
68305 48554
18571 4149
13265 13265
74459 74459
74459 48142
74741 74741
74910 74910
11417 11417
6976 59142
41644 41644
24681 24681
38620 48142
38620 11926
38620 38620
38852 38852
7434 7434
19949 19949
19949 68660
66044 4600
48554 48554
22763 22763
68660 68660
45729 15629
45729 45729
10221 74962
68529 35593
14414 14414
13972 13972
38889 38889
43438 43438
18943 18943
22 49
47510 47510
4354 4354
75496 74590
34275 56553
51203 51203
2362 2362
75414 12301
24703 24703
24703 49
12643 12643
32864 32864
48142 62471
49 18263
49 49
25145 25145
62471 62471
12301 12301
15629 15629
35593 35593
61680 61680
12565 7063
9871 9871
75058 75058
51176 51176
7063 7063
47344 47344
32985 32985
