82182 12337
17787 290
17787 351
17787 17787
30457 22971
53035 11260
83014 6355
2733 14447
2733 82852
2733 27405
2733 2733
2733 8508
82674 14450
82674 35840
20343 20186
20343 20343
82698 11142
82698 82698
82698 13113
82698 11919
82698 806
82698 38624
382 1056
382 13113
382 70642
25510 82192
25510 1441
25510 83244
25510 82298
25510 51203
25510 81293
25510 5712
25510 23291
25510 80361
25510 82751
25510 26710
25510 25510
25510 83286
25510 20595
25510 65818
25510 1162
25510 82571
25510 82434
25510 1131
25510 36721
25510 5690
25510 37103
25510 78792
25510 47116
25510 6101
25510 1459
25510 16959
82998 9652
64663 64663
64663 76479
39521 8133
39521 65818
39521 48839
39521 11540
39521 9025
39521 27831
39521 82194
39521 41291
39521 13113
39521 82828
39521 70355
39521 30186
39521 69792
39521 39521
39521 82330
70019 58688
82320 81011
82279 5516
5498 21146
10366 83207
10366 83189
10366 1096
35734 1946
35734 36103
35734 12705
60929 972
2554 18974
2554 82408
2554 9072
2554 630
2554 1459
2554 37103
2554 37822
2554 41619
2554 2554
23297 82928
23297 66009
23297 23297
82067 9025
82067 36721
82067 82583
82766 10814
37822 18974
37822 37822
37822 41619
82194 28104
82194 13113
82194 30186
82194 9025
82194 2954
82194 82194
11142 65800
11142 21146
11142 78525
11142 82568
11142 38889
11142 60577
11142 82122
11142 65818
11142 1573
11142 801
11142 81039
11142 47069
11142 36060
11142 78554
11142 70808
11142 74156
11142 33064
11142 66607
11142 3684
11142 11142
11142 14450
11142 14233
11142 33084
11142 31469
11142 80965
11142 317
11142 2954
11142 3948
11142 14830
11142 82840
11142 23234
11142 37103
11142 1840
11142 12489
11142 36572
11142 48865
11142 6950
11142 20781
11142 16959
11142 10035
11142 35840
11142 11919
11142 82540
11142 12481
11142 1463
11142 353
11142 51663
11142 1358
11142 83236
11142 64541
11142 15482
11142 59303
11142 36721
11142 21684
11142 10095
11142 74453
11142 6094
11142 440
11142 14094
11142 4923
11142 18739
11142 15934
11142 6101
11142 1459
11142 13650
11142 9924
11142 806
11142 42001
11142 39082
11142 51703
11142 4312
11142 8176
11142 19885
11142 82441
11142 13915
11142 26039
11142 82978
11142 74026
11142 1162
11142 613
11142 23754
11142 82595
11142 28104
11142 82197
11142 14319
11142 78204
83389 66
83389 73972
83389 83389
83389 15242
83389 81332
2678 13917
2823 13500
20233 20233
20233 24706
20233 2191
83179 36640
4814 20781
6355 1231
76469 76593
76469 76469
80965 80965
80965 3948
80965 47973
80965 613
80965 14515
82830 2415
39552 10747
39552 82685
38490 2233
38490 45118
1539 81011
19593 38085
58203 58203
58203 3521
12489 12898
12489 12489
12489 5263
12489 1131
12489 12481
11856 11856
11856 12178
806 24494
806 20302
806 1459
806 6094
806 630
1811 81332
82741 297
82741 22878
82741 2926
82741 82741
82741 38407
12481 83253
12481 34538
12481 17581
12481 41032
12481 43108
12481 58594
12481 43076
12481 13265
12481 25376
12481 38851
12481 1358
12481 12481
12481 454
12481 5279
12481 82974
12481 766
12481 80013
12481 10035
12481 7076
12481 13650
12481 47499
9926 10503
6316 7392
76018 76018
76018 14094
76018 82616
1682 7206
1682 1058
1682 1682
41139 83019
60450 5371
83257 12705
83257 9072
1508 6506
1508 8799
66608 15503
82173 38624
353 27453
353 20186
353 74026
353 297
353 1492
353 11738
353 82303
353 17599
51663 8430
51663 51663
51663 13915
51663 36688
51663 4177
23850 81011
23850 23850
23850 1492
1532 1459
1532 76479
1532 9072
62684 68302
83088 4832
83088 83088
42302 42302
42302 1176
6579 34444
81876 4953
81876 81876
8146 6101
8146 8146
83300 83300
83300 54263
83300 20302
10446 22709
10446 5279
10446 82959
10446 10475
25490 73583
4661 37646
6818 4231
6818 49155
6818 58688
6818 82414
27405 55893
27405 21349
27405 83089
17644 17440
17644 3891
17644 5585
17644 582
17644 17644
17644 4953
4362 50846
4362 83138
4362 11555
4362 36688
4362 83022
4362 82659
4362 41979
82765 2622
82765 40297
82765 5516
82765 2290
82765 10475
78792 24309
56667 56667
56667 13625
56667 26522
56667 43076
56667 11919
82520 76479
69236 1946
22447 14510
82884 7666
82884 81332
4213 31469
78539 2826
78539 440
78539 51716
78539 78539
20729 9072
10901 865
10901 4832
10901 2294
7402 29697
7402 7092
7402 13650
7402 39297
582 582
3897 60731
12357 1459
3521 5328
3521 82093
3521 9485
4753 7206
4753 4753
4753 6085
4753 64308
43108 52842
43108 82192
43108 34538
43108 81901
43108 5101
43108 2666
43108 21146
43108 1073
43108 81011
43108 82229
43108 50846
43108 4614
43108 11919
43108 83122
43108 13625
43108 21985
43108 36370
43108 4231
43108 39082
43108 24757
43108 2024
43108 4953
43108 44005
43108 3272
43108 18606
43108 62347
43108 82370
43108 1492
43108 43108
43108 31814
43108 38624
22709 22709
22709 14830
22709 25654
43681 75
43681 3402
17988 2083
83211 26635
83211 703
83211 4231
83211 83211
44860 70211
82533 23476
24076 61426
33135 76318
51469 18827
6084 43076
83033 65975
41452 62787
82447 2954
82447 82447
83036 39082
83036 70808
83036 21684
83036 83036
83036 1465
3315 25028
5792 11417
5792 5792
3502 82627
24156 82616
9502 83209
9502 83053
80979 27465
44143 56920
44143 52805
81786 1056
81786 2954
81786 81786
81786 3684
81786 21146
51413 1233
40793 50901
2284 74964
46510 9161
46510 36886
4832 83098
4832 2415
4832 83019
4832 3684
4832 8430
4832 83290
4832 82546
4832 39082
4832 46573
4832 4832
4832 81488
4832 58682
4832 82505
4832 61075
4832 391
4832 20302
4832 29783
4832 62560
4832 1459
4832 52845
4832 5656
3993 69868
3993 37039
3993 3621
6043 61075
919 297
919 919
82616 36672
82616 32261
82616 41283
82616 82616
20597 2701
20597 20597
20597 6794
20597 1176
20597 42676
20597 11260
20597 50145
20597 8133
20597 3106
82338 75274
82338 6101
82338 82338
82338 48839
82338 1176
6950 960
6950 5516
6950 70211
6950 3634
6950 4707
6950 81332
6950 61522
6950 13265
6950 6950
6950 18060
6950 14385
6950 9449
1698 4528
1698 2362
50339 81169
50339 970
50339 52936
50339 3959
21564 82367
21564 42804
21564 45
31814 1073
17029 82828
17029 23758
11009 48839
11009 11009
11009 4600
81925 82143
46846 5015
46846 11926
9652 8588
9652 6085
9652 82571
9652 51716
9652 20595
9652 14414
9652 68732
9652 391
9652 45142
9652 9652
9652 82814
9652 56920
40297 40297
40297 82886
40297 13265
40297 82782
40297 70211
40297 21574
40297 42804
40297 75343
17229 13213
73967 121
83337 5516
83337 83337
83337 81332
83341 14551
83341 83341
81335 38966
81335 81335
81335 25256
81335 21051
81335 67007
81335 2622
81335 37103
81335 14319
81335 75422
81335 41619
20595 11417
20595 1573
20595 9072
20595 801
20595 20595
20595 3402
20595 5690
20595 75420
20595 11926
20595 49409
20595 11260
7710 7710
7710 1358
2294 37103
81309 7743
81309 82497
81309 18128
440 440
440 32307
440 66607
440 2807
440 6094
440 82181
440 10035
82792 4231
82792 82792
75756 11919
75756 48554
391 82414
391 394
391 9344
391 83189
391 41291
391 82938
391 297
391 78554
391 290
391 391
391 5100
391 7780
391 21291
391 42804
391 41979
1907 37103
1907 36497
93 52890
960 960
960 41979
76299 290
76299 58082
76299 2926
76299 43076
76299 76299
82756 28104
82756 82756
82756 70808
82756 13113
38762 290
38762 42278
38762 38762
2689 7206
2689 2689
2689 454
2689 1946
2689 82497
2689 2926
9253 82861
9253 51546
9253 70808
9253 9253
81587 81587
81587 70808
81587 17581
81587 8131
81587 2954
81587 2926
81587 4961
81587 14094
82725 3075
5018 5018
5018 2383
5018 50437
50846 1650
50846 8506
50846 14030
50846 451
50846 21620
50846 62675
8176 40804
8176 82666
8176 8176
8176 1573
8176 13119
8176 8799
68203 82560
12898 82828
52845 22131
52845 454
52845 6794
36871 1946
82434 82434
82434 25511
1496 5442
81917 82209
82573 24309
82573 82573
82573 12585
36212 1459
36212 5091
36212 36212
82735 6094
5181 62675
3041 82546
3041 82561
3041 25494
74687 78101
82649 45846
82649 82649
1353 83025
41283 2807
11437 82245
11437 70808
11437 39747
11437 11437
82122 28104
82122 1898
82122 70808
82122 5734
82122 82122
82122 37103
82122 763
82122 48839
81970 82209
82695 29783
82695 4953
21753 1441
17734 82143
17734 47763
47167 62680
57842 1073
4405 9025
4405 83362
1392 22810
1392 49398
4991 41979
6827 2191
6827 66
6827 83320
6827 83022
6827 82637
6827 41301
25477 437
83215 26039
80487 80487
80487 71040
17294 1568
17294 17294
29992 23240
37385 12705
37385 37385
71218 82176
47396 80267
47396 2622
47396 2384
47396 78
4528 1463
4528 4721
4528 4528
4528 5516
4528 12166
4528 10605
4528 290
4528 43687
4528 11540
4528 11640
6481 82637
83386 83386
83386 43076
83386 5101
50614 83153
15780 14414
66332 22389
66332 66332
31233 470
31233 69037
31233 6262
4953 1345
4953 73579
4953 23388
4953 2926
4953 82229
4953 82273
4953 4312
4953 38889
4953 11919
4953 62680
4953 24611
4953 15629
4953 80216
4953 82588
4953 4953
4953 1840
4953 9550
4953 51685
4953 56617
82335 1176
5690 2926
5690 14233
5690 1176
5690 25654
5690 58682
5690 73972
5690 11260
5690 26710
5690 11640
82974 7076
82974 14830
81434 913
4767 290
4767 82743
290 11100
290 65800
290 50508
290 81900
290 14447
290 82229
290 22804
290 49520
290 64615
290 41301
290 22810
290 1345
290 82488
290 2841
290 22989
290 8103
290 10095
290 82426
290 14094
290 41075
290 12310
290 82376
290 56920
290 78554
290 2191
290 2807
290 51478
290 3684
290 23758
290 11546
290 76736
290 69037
290 18263
290 83045
290 4707
290 82435
290 36950
290 41644
290 61522
290 9833
290 290
290 51223
290 644
47248 1459
9924 42586
9924 9072
9924 630
9924 83140
9924 82719
60846 18060
381 184
381 43687
381 437
381 381
381 24094
75614 1540
44464 8430
44464 3948
44464 8938
44464 6101
44464 1056
44464 44464
44464 37103
44464 78588
4053 1459
17773 17773
17773 2893
17773 37555
17773 17581
17773 405
17773 51780
17773 16510
17773 5712
17773 2384
17773 12176
17773 4312
17773 11919
17773 3684
17773 12138
17773 13650
17773 38267
17773 31469
16702 75786
16702 33849
16702 48438
16702 763
16702 58125
16702 16702
4177 75
4177 2000
4177 13113
4177 41970
4177 1946
4177 1459
4177 69037
4177 763
4177 7206
4177 4177
14835 15629
14835 14835
11555 11555
82583 297
82583 7691
82583 82583
82583 5810
2060 38966
82505 6101
13694 6794
13694 13694
13694 11115
47228 70808
76219 76219
76219 7460
76219 11260
76219 70808
76219 9072
36579 8628
46104 70211
46104 46104
416 1459
33672 13650
33672 33672
83045 83045
83045 10744
83045 38624
65995 6085
18785 8430
18785 10265
18785 18785
18785 5740
18785 1096
13215 14094
2082 6094
2082 20507
2082 81169
930 1729
82726 82726
82702 76177
82702 82702
56938 70808
80376 81605
8133 10758
8133 52805
8133 7507
8133 82540
8133 8133
8133 38966
8133 82904
8133 1946
8133 31026
8133 76572
78817 75
78817 2622
78817 11260
82491 82504
82491 35520
69792 454
69792 6101
69792 5442
82561 297
82561 20302
82561 82561
82561 75422
82561 1409
4649 4649
4649 82566
4649 12166
351 10718
351 47294
351 351
9694 20764
9694 35840
11546 82193
11546 11546
11546 41075
11546 1202
11546 11540
11546 644
11546 3901
613 35800
613 317
613 74026
613 613
613 6094
613 81039
82656 35593
73622 17602
43954 16537
12705 45057
12705 76479
12705 40588
12705 83320
58550 1441
58550 82318
66731 76600
66731 22781
66731 11926
66731 66731
1409 61949
1409 6085
1409 67157
49398 49398
49398 28104
49398 14830
74156 11260
74156 74156
74156 13650
65800 6872
65800 65800
65800 1465
65800 10333
65800 23571
48831 23661
25028 3106
25028 56778
25028 4961
78781 54306
43076 82522
43076 8419
43076 15242
43076 11504
43076 42690
43076 76011
43076 38889
43076 50901
43076 47195
43076 1459
43076 24611
43076 80578
10605 33064
10605 10605
10605 82193
10605 39747
82852 82852
82852 49
82426 74268
50437 4231
50437 14094
61522 26218
61522 6263
61522 43054
61522 21278
61522 2290
61522 75616
61522 297
61522 11926
61522 14447
61522 58688
61522 763
61522 450
61522 61522
61522 35520
61522 22989
61522 4707
61522 30889
61522 80013
61522 7666
61522 81332
61522 82209
2051 52890
1291 82659
62190 36721
82307 64003
83428 12138
83428 21907
83428 83428
75343 70808
82233 6506
82233 82233
82233 14830
52871 52871
52871 37432
25485 5575
25485 36060
25485 79906
25485 81488
25485 630
25485 8628
25485 10035
16639 21965
29783 54458
29783 1441
29783 70618
29783 20186
29783 3634
29783 3402
29783 2384
29783 48438
29783 6101
29783 29783
29783 8628
29783 10035
29783 13972
20764 20764
20764 801
20764 14450
20764 10266
82880 7089
81605 1459
46987 6506
46987 78273
46987 10898
46987 48142
46987 2056
80874 80874
23355 82176
83022 4069
46852 14830
46852 46852
82283 10503
82283 37103
12605 18263
12605 1459
12605 763
82739 80247
54526 54526
54526 11260
31045 14450
100 3848
56920 11054
56920 20186
56920 9072
56920 3106
56920 3684
56920 6094
56920 297
56920 1946
56920 56920
82861 82861
82861 13972
82861 1540
22389 82448
68302 4312
82930 42087
82930 82930
22773 78
82106 2503
82106 3901
68722 5516
82595 82568
11259 11259
11259 431
11259 48481
11259 35520
11259 11260
11259 9025
42690 4333
42690 13265
42690 42690
42690 18060
42690 37103
42690 2095
42690 36370
3847 4721
82977 20026
82977 82977
1463 39082
1463 82688
1463 4707
1463 21684
1463 1463
1463 82229
1463 81169
1463 38889
1463 15934
1463 82166
49048 70808
49048 49048
81206 64194
82336 763
1358 6794
1358 36779
1358 10898
1358 2926
1358 5712
1358 16510
1358 78525
1358 11919
1358 2954
1358 1358
1358 4497
1437 3787
78273 82634
78273 70355
10747 4231
10747 14094
10747 10747
947 7108
62680 8430
62680 4312
62680 48438
62680 38624
62680 3106
62680 7092
62680 9025
62680 62680
62680 83134
80751 3324
15482 23291
15482 11124
15482 15482
15482 7307
15482 21684
15482 1688
36721 1847
36721 75
36721 50901
36721 12120
36721 1106
36721 9025
36721 36721
36721 5712
36721 7576
36721 3684
36721 297
36721 49208
36721 8430
36721 41666
36721 6101
36721 83292
56187 24494
56187 2926
56187 9072
83377 2807
14094 398
14094 82266
14094 9317
14094 8131
14094 82540
14094 1688
14094 82229
14094 82222
14094 36367
14094 14233
14094 61502
14094 38889
14094 7360
14094 22131
14094 58688
14094 82143
14094 70809
14094 78554
14094 44949
14094 82010
14094 14094
14094 37006
14094 48865
14094 35840
14094 82685
15934 38889
15934 66
15934 15242
15934 1459
15934 11640
14593 73850
14593 14593
6101 83098
6101 29316
6101 778
6101 81920
6101 37553
6101 7519
6101 64181
6101 82841
6101 78522
6101 454
6101 6101
6101 13650
6101 47499
82266 75
82841 82841
82841 13265
67031 39082
83154 16107
3460 21684
26705 1946
7519 70808
7519 1306
7519 2622
7519 7519
7519 3928
8628 11100
8628 4312
8628 17581
8628 17836
8628 8628
8628 18606
2893 1847
2893 7699
12120 83206
12120 1131
12120 12120
1050 454
1050 10059
2363 80691
82782 1310
12283 83384
27164 9025
27164 4312
28104 34538
28104 73579
28104 23754
28104 82843
28104 3402
28104 49223
28104 28104
28104 49870
28104 10266
28104 82166
28104 8799
28104 83168
28104 9550
70119 70119
70119 2926
70119 5712
82276 11540
82276 18744
11781 49223
6936 53100
6936 76748
11949 12905
11949 76011
1465 6094
1465 65818
1465 74026
1465 76739
1465 69037
1465 39004
1465 49223
37850 74268
37850 75422
37850 37850
82328 66
82328 82328
82328 13265
3803 3803
3803 49625
3803 48554
297 78704
297 13972
297 51203
297 65
297 297
297 82229
297 2024
297 2530
297 1459
297 1306
297 82179
297 1131
297 22606
297 2383
297 73972
297 75422
76736 39082
76736 9417
76736 70808
76736 4312
76736 43326
76736 39747
76736 76736
76736 82724
76736 82229
76736 78588
82754 20026
82754 82754
82542 1847
1573 65818
1573 82666
1573 48865
1573 1573
1573 36572
1573 78554
1573 12166
1573 83330
82664 11705
22131 22131
22131 24611
22131 80247
22131 78588
5091 76479
5091 12337
5091 74453
21051 66485
21051 82853
21051 58682
21051 37103
21051 14319
21051 26039
21051 21051
82370 32389
10909 2383
10909 9550
61299 78525
29316 1441
29316 37103
29316 29316
34461 1459
82504 82504
82504 13542
82504 35520
70252 44175
47116 4231
47116 32332
47116 47116
82037 82037
82037 45118
437 437
437 82685
437 3634
437 21278
81409 10475
14233 39082
14233 41075
14233 12166
14233 14233
14233 360
14233 318
14233 51223
33084 6094
33084 2954
33084 3684
33084 33084
35800 35800
35800 8430
35800 11115
57712 57712
57712 82270
3635 3635
3635 3324
3635 5101
3635 38624
83081 37555
66623 26039
66623 66623
37103 10059
37103 1131
37103 6214
37103 14551
37103 73733
37103 3324
37103 4600
37103 3272
37103 18060
37103 81920
37103 33664
37103 74453
37103 82546
37103 82571
37103 15242
37103 37103
37103 58125
37103 80013
37103 75786
37103 6751
37103 54552
37103 21907
37103 11260
37103 2954
37103 82531
37103 39421
37103 38624
3400 83161
83330 83330
3669 83076
3669 52896
14551 62560
14551 14551
4497 5712
35840 23754
35840 9025
35840 1688
35840 44949
35840 82653
35840 82222
35840 20781
35840 70918
35840 82540
35840 35840
83019 48084
82192 82192
82192 11260
7507 23141
7507 9269
7507 1176
7507 1946
7507 7507
7507 4600
24114 5516
24114 49
24114 11640
22846 66
72289 72289
82828 71011
82828 82828
82828 2362
82828 14915
82572 13625
82572 5101
82572 30186
6506 6094
6506 8008
6506 14830
6506 8799
318 318
318 956
318 82685
82704 78588
39342 82229
81636 38324
19864 19864
19864 8430
19864 11260
19864 3684
40023 26522
40023 51685
40023 40023
40023 11926
40023 82925
824 13093
82801 11260
82801 1674
82331 2720
82829 23950
12138 51591
83457 67107
69505 10718
69862 47312
38085 29625
38085 38085
38085 26039
17581 58096
17581 1688
17581 83140
17581 83320
62601 14447
62601 17440
62601 8103
62601 10076
83008 70808
83008 13650
82367 40950
82367 20302
2653 70808
2653 5516
2653 70211
7108 70501
7108 13265
7108 2503
7108 81332
82132 48438
21146 83140
21146 5101
21146 14830
21146 82840
21146 18739
21146 25376
21146 21146
21146 4312
21146 1459
21146 29961
21146 76479
21146 83161
82448 11260
68440 14514
82978 11260
82978 2954
82978 82978
82978 30186
44005 52890
5984 22277
16959 76600
13360 41258
13360 22491
13360 82713
13360 41644
30679 78554
47499 47499
29961 82840
29961 5101
644 29853
644 80247
644 1306
644 73388
83295 33538
1662 82742
21278 4333
21278 81332
21278 62810
21278 15242
21278 21278
82869 20787
51327 56578
13265 74112
13265 82245
13265 70593
13265 16183
13265 23758
13265 82230
13265 56095
13265 77919
13265 19475
13265 45397
13265 42804
13265 4721
13265 70211
13265 54369
13265 82179
13265 36688
13265 58018
13265 74500
13265 48554
13265 27328
13265 13265
13265 21574
13265 81332
51546 1131
1310 2191
1310 70211
1310 18512
1310 16183
1310 1310
65818 65818
74026 6094
74026 317
74026 1441
74026 74026
74026 31310
74026 35353
74026 6451
74026 9317
25122 69868
1587 52890
82821 8338
82821 12858
82821 2290
82821 82821
82821 49
5429 42586
5429 68916
82439 11417
82439 2191
1946 34444
1946 52805
1946 6494
1946 454
1946 14915
1946 7206
1946 38866
1946 2273
1946 3106
1946 1946
1946 11115
2191 11417
2191 62810
2191 2191
2191 23291
2191 44591
83244 83244
56353 21574
13647 5516
13647 13647
8887 16183
82751 24309
82751 82751
447 43687
82390 81488
82390 48356
82390 82390
48481 38966
64181 12166
4333 4333
4333 4721
4333 7666
2384 39026
2384 34444
2384 1306
2384 2807
2384 76479
2384 4312
1266 18606
1266 82742
15242 11417
15242 15242
15242 10482
44175 35520
9449 23758
75 75
75 76572
82377 1441
30186 62695
30186 3996
39756 39756
39756 3948
62787 62787
62787 35520
42278 38966
42278 56778
42278 29625
42278 42278
42278 41301
82688 32210
30726 82929
8032 41075
8032 2039
73388 49
73388 2362
41654 82599
41654 13972
82229 80790
82229 17261
82229 3503
82229 3684
82229 82229
82229 44949
82229 3272
82229 81169
82229 6415
82229 11919
82229 2126
82229 11260
13397 70808
13397 13397
13397 2530
28209 75293
28209 82059
28209 3621
2811 445
61426 1056
61426 3402
61426 61426
39082 16183
39082 1073
39082 38889
39082 763
39082 39082
39082 2530
39082 6666
39082 78554
39082 6205
39082 26710
39082 1459
39082 76483
39082 75274
39082 3651
405 6094
405 79906
405 3106
405 83141
405 1079
405 82343
405 38624
47345 61949
47430 10059
47430 45057
5810 3621
5810 5010
5810 5810
8103 49668
8103 80110
8103 40950
8103 36950
8103 82724
8103 78588
8103 82685
8103 33141
8103 8103
8103 39004
8103 62675
82959 2926
37006 70808
37006 37006
3996 3996
21291 4231
21291 21291
23240 20302
10774 22277
2046 82207
2046 3684
2046 14450
2046 82218
70593 70593
48839 46573
48839 47312
48839 60577
48839 22491
48839 82675
48839 11178
48839 11540
48839 83134
3324 11919
34170 24525
81819 81819
64141 36688
4069 76748
4069 35330
4069 2841
4069 81332
4069 4069
49625 3402
49625 11919
1056 51176
1056 51685
1056 1056
1056 2807
1056 10898
1056 21917
1056 6094
1056 3106
1056 24494
1056 78588
1056 35158
1056 83038
1056 4312
1056 2954
1056 3402
14515 82048
14515 6094
14515 14515
75422 62560
75422 26039
75422 76479
75422 75422
82143 82010
82143 82143
82143 2926
82800 26935
82800 13915
82800 82800
82800 20302
82800 9072
63877 11417
63877 81332
38052 70211
27816 62675
16877 12310
41593 3684
7687 7092
7687 2954
7687 7687
7687 9317
2503 82193
2503 2503
7092 76479
59205 17498
78588 6094
78588 6646
78588 21349
78588 78588
59248 83320
59248 11926
59248 74453
59248 38889
59248 49520
8588 58682
83212 2954
83212 4600
8196 21684
2868 48554
6263 6263
14464 40588
12176 34538
82685 4231
82685 5762
82685 82685
82685 8338
82685 801
50754 82484
50754 13119
745 83138
79942 4312
79942 83468
51036 3376
34180 34180
10368 39004
10368 9068
5094 50265
5094 16183
82840 82840
82840 3503
82840 493
82840 11260
42676 11260
42676 1441
3272 82207
41257 3787
76516 70808
76516 26069
20781 2000
20781 9025
20781 1459
20781 5442
20781 20781
20781 2926
20781 44812
20781 15002
82522 4231
82522 70808
82522 14450
82522 1688
81305 2233
58628 454
81011 81011
3106 80790
3106 69868
3106 3402
3106 45118
3106 8430
3106 1441
3106 3106
3106 17599
3106 11540
3106 22277
3106 9025
3106 43737
3106 65915
3106 3040
3106 11260
25256 25256
24757 24757
24757 83361
36886 36886
36886 48356
36886 1441
36886 3948
36886 60435
36886 9161
36886 11260
36886 13042
36886 21123
64541 32210
64541 21684
64541 64541
64541 1073
10235 19949
394 82323
82836 26935
82836 21684
82836 8430
14493 65972
11877 10881
11877 4231
11877 11877
11877 1306
4923 8430
4923 4923
18739 6094
18739 1131
18739 18739
18739 18060
18739 83140
18739 10898
18739 74453
18739 19885
18739 83446
2233 39026
2233 82095
2233 2233
2233 82330
83382 58082
65937 43560
83140 12419
83140 83140
23197 11260
23197 14830
23197 78525
23197 23197
1540 48438
1540 1540
3402 73579
3402 50901
3402 3402
3402 45118
3402 18060
3402 4312
3402 39297
3402 82303
3402 38851
3402 20186
3402 8430
3402 11540
3402 8366
3402 3206
3402 6094
3402 39026
3402 82571
81135 2954
81135 41291
81135 81135
82904 1058
82904 6085
69627 36477
4312 17164
4312 2807
4312 6451
4312 4312
4312 16107
4312 51176
4312 26700
4312 6094
4312 454
4312 11100
4312 10266
36950 16785
83209 83209
83385 16710
11540 78
11540 81397
11540 76479
11540 2362
11540 47763
11540 39362
11540 12204
11540 11540
11540 26039
82484 13119
1939 7666
11054 82928
11054 1898
11054 23661
11054 82584
11054 80894
11054 11054
11054 4600
11054 6094
11054 81488
11054 13650
11054 66009
630 454
630 1459
630 38851
630 766
11504 14830
11504 11919
17599 82343
17599 17599
70501 83409
70501 82759
70501 47763
82197 11926
82197 14450
82197 8008
82197 11919
82197 12337
33039 6085
21369 4231
21369 4149
21369 12547
21369 402
5784 42371
10744 56778
10744 31469
39713 6666
17261 36688
8131 8131
38838 69037
5328 5328
5328 81332
68910 12156
68910 68910
82966 3675
82966 20302
8008 45057
8008 58262
8008 21917
8008 83320
20507 37179
20507 33849
20507 62560
18060 54458
18060 83446
18060 41291
18060 66528
18060 80013
18060 18060
18060 39304
18060 38624
61650 61650
61650 2926
61650 41291
2361 82250
22810 22810
22810 43054
22810 20302
1898 11260
1898 82273
1898 10035
5697 22277
454 17164
454 14414
454 14830
454 16537
454 48438
454 22277
12905 47795
12905 56617
12905 3684
12905 12905
15946 15946
15946 20302
82786 1650
16302 1459
16302 763
70808 81050
70808 1061
70808 360
70808 76739
70808 19885
70808 69037
70808 83251
70808 18263
70808 82318
70808 83013
70808 82571
70808 36688
70808 82713
70808 81039
70808 78554
70808 70808
70808 40950
70808 62560
70808 13915
70808 83362
70808 51223
70808 15570
65915 22599
76593 83161
36946 36946
36946 4149
36946 81645
36946 13972
83246 83246
76352 82209
45118 6094
45118 1492
45118 3621
81477 9942
62405 2310
62405 62405
82802 82814
3948 20302
3948 26935
3948 6094
3948 76479
3948 82891
27831 40723
27831 9025
27831 27831
41291 4183
41291 80247
41291 62810
41291 40883
41291 41291
22606 22606
22606 21123
43687 43687
12858 12858
12858 23291
12858 49
12858 82843
12858 8338
12858 801
83272 11233
10926 82330
10926 83260
82273 82273
82273 11100
38866 38966
38866 2954
38866 38866
38866 2926
39297 2000
83122 9025
83122 83122
8857 66009
70508 70508
83013 83013
1568 6094
1568 8799
1568 943
1568 14450
26935 82891
26935 69037
26935 82414
26935 26935
26935 13915
26935 82599
26935 2926
82181 7076
21684 6319
21684 1441
21684 36688
21684 21684
21684 36572
21684 38889
21684 61502
61911 184
2383 71011
2383 4737
2383 11260
2383 75536
2383 81332
8320 8320
2415 2415
2415 2926
52805 52805
52805 1176
52805 2926
52805 7666
82323 82323
82323 39284
82323 14450
82323 32389
20787 47069
20787 78554
20787 23661
20787 23754
37432 37432
37432 83260
79906 82343
79906 2954
79906 2926
2642 38566
3684 1459
3684 2926
3684 3684
3684 8430
3684 34538
3684 38851
3684 74453
3684 3621
3684 82584
3684 82544
3684 83409
3684 6094
3684 82582
3684 2481
3684 11260
3684 10035
3684 82376
3319 82588
14514 19252
14302 8508
5585 10881
82245 9871
82245 13972
82245 82245
82245 47305
39115 82928
39115 66009
19276 6451
60726 20302
1650 78554
16518 3651
83161 83161
11115 41953
11100 39359
11100 11100
11100 7410
83197 9025
83197 83197
83197 35520
75786 75786
75786 26039
75786 66607
75786 766
37436 58096
37436 2954
37436 21907
37436 60577
24953 20302
15503 77936
38851 5575
38851 83236
38851 1441
38851 37555
38851 45057
38851 38851
69037 37026
69037 450
69037 2841
69037 1306
69037 2926
69037 11640
69037 2000
69037 69037
4737 12156
4737 2841
58096 57145
2530 11260
2530 10481
2530 2530
2530 82759
81262 81262
2189 36688
7076 31574
7076 81901
7076 83180
7076 10898
7076 26700
7076 82059
7076 10035
7076 7076
7076 83392
7076 13650
7076 31469
75321 15629
75321 23291
75321 6030
75321 75321
18974 3675
250 66
250 41075
431 70211
9317 14450
9317 9072
9317 1459
9317 2926
9317 78204
9317 38624
76739 76739
76739 6066
5712 82500
5712 10898
30967 32389
6617 73799
19072 1049
41438 48294
33064 33064
33064 6646
14830 14830
14830 9025
14830 10898
14830 83267
14830 80013
14830 39026
14830 11926
14830 82634
82951 13650
82951 48438
82951 82951
58682 1176
58682 58682
58682 2926
4423 3621
8966 68463
7482 51201
47305 70211
5656 81488
5656 5656
5656 35520
37059 81332
69775 9025
18744 33141
2926 34538
2926 2926
2926 40588
2926 82816
2926 48438
2926 49520
2926 82166
2926 82450
2926 83236
2926 82571
2926 51336
2926 26710
2926 82500
2926 76479
2926 73579
2926 3075
2926 82193
2926 24494
2926 3787
2926 76572
2926 83362
2926 82666
2926 56617
81900 8799
23661 82510
23661 81488
23661 23661
23661 799
23661 40821
83076 83076
82488 82488
82488 11640
82048 43122
1131 1306
1131 26522
1131 1131
1131 82538
51336 2000
51336 51336
82627 82627
82627 73972
41075 6666
41075 43054
41075 51223
3959 82540
3959 38889
3959 3959
3959 70809
81332 4800
81332 8419
81332 10898
81332 81332
81332 23758
81332 4149
81332 66
81332 35330
81332 4231
81332 82179
81332 34538
81332 82201
81332 43737
81332 44591
25983 8410
5015 5015
5015 5101
3848 82179
3848 3848
73579 38624
3503 83236
3503 56617
955 5010
11640 53100
11640 1176
11640 41970
11640 12204
23758 4144
23758 5263
23758 17907
23758 23758
23758 17836
23758 13700
52890 1441
52890 56617
19885 19885
61502 61502
74500 74500
69931 37555
69931 69931
303 49
76748 76748
70211 56505
70211 70211
70211 7460
70211 2290
70211 10076
70211 75616
70211 5516
70211 11682
70211 5100
62135 8430
62135 62135
62135 41979
15819 6666
45057 9072
45057 11919
45057 45057
47823 6545
47823 1106
1826 26522
1826 2290
1826 1826
80013 15629
80013 81488
80013 82209
80013 4600
121 78172
12178 44293
12178 12178
62560 76600
62560 62560
62560 1441
62560 13042
7666 7666
7666 19475
14319 15629
14319 14319
2024 2481
3901 67149
3901 51223
22491 22491
22491 763
4961 82928
4961 83236
4961 13119
4961 1459
4961 4961
75420 1459
6429 22971
20026 68463
5516 4721
5516 5516
5516 67157
5516 70964
5516 73972
5516 9485
9833 18512
82330 22989
82330 35593
82330 82330
40821 40821
47763 37026
47763 82759
47763 47763
39026 9025
61479 961
61479 10898
37808 317
5100 41979
2954 3401
2954 22599
2954 51176
2954 8938
2954 76479
2954 4600
2954 6094
2954 26710
2954 2954
2954 82947
2954 10035
4854 31469
2181 53100
82891 80361
1593 1459
3214 83267
82634 11260
26522 82207
26522 9072
26522 10898
26522 5575
26522 11926
26522 2481
26522 1459
26522 75536
26522 26522
81645 6319
81645 61075
83286 83286
766 75274
766 8799
76572 7206
76572 6085
76572 76572
76572 43266
41979 75616
41979 4231
69977 4231
75616 56505
75616 42804
5701 11178
3634 3634
82843 82843
82843 14450
82843 10266
17907 41032
35520 74651
49223 11260
49223 49223
32307 32307
32307 66607
20302 43054
20302 46573
20302 7206
20302 763
20302 83138
20302 20302
20302 3709
20302 1459
20302 13650
50901 8430
50901 50901
73972 4721
82343 82343
1106 80137
1106 1106
40588 40588
40588 11919
76238 54306
76238 83374
14447 14447
12156 36688
12156 76483
12156 65972
11570 8250
82341 763
4144 51203
4144 82241
82976 66
74453 74453
778 763
778 13042
778 16537
76239 22758
76239 76239
12884 82179
12884 12884
12884 5101
10076 38889
10076 10076
10076 75933
21123 1459
55893 82560
55893 81143
58032 46573
83038 47312
83038 5442
83038 4600
83038 1176
7460 6094
7460 7460
7460 82230
17836 38966
82193 82193
82193 43054
82193 402
82193 1176
82193 360
82193 19949
82193 12166
32389 32389
23291 23291
23291 23754
24494 1441
24494 24494
24494 56670
72273 68305
72273 9072
82538 80361
82853 763
82853 82853
10073 1176
36972 1441
402 41970
402 402
82709 24224
4377 38624
44591 82179
38966 38966
38966 12547
38966 6794
23571 76483
23571 49520
38624 11919
38624 34538
38624 38624
29853 29853
82742 82742
5258 64496
58018 5101
49520 49520
22339 16988
82599 82599
83320 83320
54458 8430
2841 2841
2841 39747
2841 763
2841 3199
38698 81050
22989 82435
16785 17440
16785 16785
16785 67149
1646 80691
20186 36060
20186 20186
36060 6094
56778 66
56778 56778
38566 83191
81488 1847
81488 74268
81488 42371
81488 4600
81488 6094
81488 83017
81488 52896
81488 81488
81488 34191
2273 13113
2273 39004
13119 6094
6032 6032
6032 82443
69868 3
69868 2000
49668 41644
1073 44293
1073 48438
1073 83366
1073 8799
1073 1073
1073 26039
11178 82928
11178 8430
11178 11178
11178 1840
1345 1345
1345 80790
1345 38889
763 80665
763 74651
763 360
763 48438
763 57398
763 763
763 18263
763 62810
763 82571
763 15129
763 75274
763 1459
53127 828
54369 54369
82179 82179
82179 12395
41644 82166
41644 9025
36572 36572
48554 11919
48554 48554
82947 2807
81220 6666
81220 81220
83251 83251
34859 1441
34859 4600
34859 3621
41032 41032
74268 74268
74268 83017
24309 24309
24309 62735
24309 40520
24309 36688
81401 8799
469 49753
61075 61075
15629 82498
15629 11919
82230 82230
10898 56505
10898 83446
10898 10898
10898 7410
10898 82816
10095 13972
70355 6094
6094 1441
6094 66607
6094 82582
6094 317
6094 143
6094 81583
6094 943
6094 67107
6094 6094
6094 1492
6415 48438
2807 34538
2807 1306
2807 2807
2807 83189
2807 82582
76479 7252
76479 9025
76479 13113
76479 76479
76479 78525
76479 11919
76479 26039
3651 9072
3651 3651
3384 1459
56947 2481
360 360
360 2362
1058 7206
1058 1058
38361 19341
38361 32507
78401 9025
78172 12166
50068 82544
22294 21574
26039 14414
26039 8430
26039 18606
26039 82816
26039 23141
26039 8799
41619 848
41619 15129
41619 41619
49783 9025
8938 8938
8938 8652
8938 51176
82584 1847
82584 8430
82584 82584
50551 67118
6671 6671
56819 13972
66009 66009
60731 1847
60731 60731
43054 67149
43054 80110
43054 43054
41258 41258
40950 40950
78 184
78 3075
78 78
78 39004
78 4707
5045 7732
1049 1049
76167 82209
81927 81927
961 961
4721 4721
4721 11682
4721 70964
14450 82540
14450 47344
14450 11919
14450 10035
3206 64384
70693 1441
70693 70693
78554 78554
26710 26710
75246 82209
81639 6666
81639 16046
81639 81639
81639 4002
7743 6794
1441 76600
1441 1441
1441 16183
1441 11260
8419 8419
30147 36640
2481 80578
2481 2481
2481 47195
66 58688
66 66
50145 50145
42804 42804
83138 11260
83138 83138
1306 1306
1306 83189
1306 83292
67149 67149
2720 2720
33141 39004
13915 13915
13388 13388
51223 51223
74112 74112
184 13767
184 2362
4696 17969
56505 56505
83236 83236
83236 1176
83371 83371
83371 48142
54552 21907
54552 54552
9025 51591
9025 8430
9025 26591
9025 83134
9025 83180
9025 9025
9025 8366
82201 2290
82201 82201
68746 2362
82207 62810
1061 52896
82351 82351
82351 13650
82351 11260
10365 13625
10365 10365
23141 23141
23141 16107
23141 9896
3824 43737
82914 47144
51591 51591
51591 8430
10758 10758
6269 75274
1688 56553
1688 1688
2000 2000
80790 80790
81143 81143
56617 56617
19475 19475
82588 82588
82588 8138
82414 2669
8506 8506
801 8799
801 801
46573 46573
46573 13650
58499 30889
38783 12978
5101 34538
5101 70751
5101 11926
32332 81895
32332 32332
40883 22971
40883 40883
65972 11926
41666 41666
7410 39359
16046 78582
317 9417
317 317
450 37026
450 450
37555 37555
62810 62810
1840 82928
1840 80894
1840 1840
58082 58082
58082 15129
6666 3075
6666 39747
65878 47312
83191 83191
33047 68305
76600 82713
82906 75274
82906 82906
22277 7206
22277 22277
22277 14915
42586 42586
8430 69874
8430 8430
8430 1459
8430 10035
76011 11926
76011 76011
1445 47144
22971 13650
22377 47344
31310 31310
62367 13972
13650 82928
13650 48438
13650 13650
6319 6319
4800 4800
16107 16107
8652 8652
65756 1847
78525 21574
78525 1459
78525 78525
3709 3709
3709 43122
11260 81920
11260 21907
11260 11260
39004 3075
39004 39004
54783 82500
68463 30889
82675 82675
54365 45397
64676 7206
43122 42047
83292 1176
36688 13972
36688 51203
36688 36688
36688 75274
39747 39747
66607 66607
82724 82724
78522 78522
25376 11926
12547 12547
21917 32216
18512 18512
83189 11926
83189 83189
10481 10481
18606 83141
18606 18606
9550 33664
9550 9550
10035 11919
10035 10035
34538 34538
34538 9072
34538 2290
14510 14510
64384 64384
43737 4231
43737 11919
4231 4231
23754 23754
83134 82441
83134 83134
32507 33741
32507 32507
2290 31469
2290 1459
82436 45451
30196 80490
83260 83260
37026 82759
17440 2039
82666 9072
31469 31469
9928 6249
9072 9072
9072 1459
7732 7732
44949 44949
59303 59303
66528 66528
57145 1459
57145 57145
1847 1459
956 51251
61949 61949
82577 82577
83361 83361
15915 15915
15915 532
58688 58688
26080 532
70809 70809
15129 29625
53100 53100
29625 29625
21574 21574
15570 15570
17164 71011
77936 77936
61536 61536
16537 16537
16183 16183
16183 68708
77919 77919
22599 1459
80069 35593
80069 80069
68305 38889
4707 4707
4707 2669
83017 83017
5010 5010
82540 82540
6976 39717
2669 1459
82165 82165
26003 42636
3075 3075
82571 82571
1459 7206
1459 1459
1459 7031
1459 10265
82759 11025
74657 7206
74657 6794
68732 68732
68732 11236
27328 27328
11926 83375
11926 11926
11926 47195
52896 52896
82713 82713
5442 6794
5442 47312
5442 5442
33741 33741
14414 14414
13972 13972
47312 47312
47312 4600
7206 7206
26700 26700
38889 38889
11919 11919
67118 67118
80578 80578
43020 43020
20948 6249
68708 68708
82928 82928
6085 6085
2362 2362
71011 6794
71011 71011
3485 3485
67007 67007
75414 12301
3621 3621
20033 18128
67107 67107
10265 10265
12978 12978
5279 13113
49 18263
48438 48438
48438 8799
82546 82546
6794 6794
8799 56553
8799 8799
8799 75274
36672 36672
4600 4600
82010 82010
82659 82659
81050 81050
81050 19949
18263 18263
1176 1176
44293 44293
82498 82498
47344 47344
3675 3675
73660 75274
75274 75274
