18598 9025
18598 36721
18598 4600
56097 66044
29883 5756
67151 34640
67151 22878
67151 67151
67151 10368
57280 6936
57280 437
11100 10858
11100 67150
11100 11100
11100 35482
11100 8846
11100 69937
11100 40780
11100 1223
11100 31371
11100 4312
11100 69320
11100 69709
11100 38744
11100 28104
11100 1056
11100 68302
11100 69644
11100 14064
11100 67107
11100 14875
11100 68624
11100 69325
11100 12481
11100 61532
11100 10482
11100 9896
68987 25485
39351 69497
41901 4428
53155 26935
53155 12156
53155 53155
53155 12643
2733 8991
2733 69232
2733 2841
2733 62519
2733 4707
2733 8385
2733 69644
2733 38805
2733 8133
2733 75
2733 290
2733 49
2733 68468
2733 68986
2733 1176
2733 10110
2733 2884
2733 2733
2733 68962
48466 8588
48466 11054
54780 1441
54780 20302
54780 35353
54780 54780
54780 55893
54780 50874
54780 68708
54780 13268
54780 16702
64663 46551
16326 15629
16326 4231
16326 21753
16326 18261
16326 32332
16326 4428
16326 16326
16326 16183
16326 22880
16326 64563
16326 391
16326 55893
39521 6094
39521 28104
39521 2926
39521 60732
39521 1320
39521 1946
39521 12705
39521 33664
39521 27
5498 3848
2906 6094
2906 613
2906 3684
10366 38966
10366 41075
10366 2039
10366 10707
10366 16785
10366 10366
10366 3995
10366 3901
10366 56462
3380 47274
35734 7206
35734 68958
35734 1946
35734 8106
35734 14915
35734 35734
68861 22388
2554 8628
2554 8385
2554 17118
2554 2362
2554 1969
2554 3684
2554 69898
2554 24916
2554 69320
2554 69405
2554 1946
2554 10035
2554 2554
46907 32812
46907 20026
46907 64449
46907 46907
46907 41071
46907 21111
46907 14551
62003 68935
62003 62003
62003 15934
62003 1345
62003 6976
62003 35840
62003 69681
8809 8846
10341 35626
10341 5712
10341 41291
10341 10341
19045 27398
19045 19045
19045 47763
56465 22377
56465 56465
56465 68305
11142 44768
11142 37436
11142 69919
11142 36554
11142 69491
11142 4961
11142 68579
11142 35520
11142 24768
11142 1463
11142 69796
11142 1227
11142 68933
11142 24757
11142 36886
11142 14450
11142 51469
11142 69782
11142 6094
11142 14094
11142 41075
11142 69610
11142 55893
11142 12395
11142 21574
11142 69169
11142 17164
11142 1441
11142 51454
11142 2807
11142 17294
11142 17836
11142 11142
11142 13093
11142 69773
11142 33746
11142 69482
11142 40780
11142 69763
11142 1650
11142 8430
11142 1056
11142 13650
11142 32906
11142 66638
11142 27453
11142 23141
11142 63877
11142 806
11142 17846
11142 69112
11142 41219
11142 12481
2823 6094
16554 36103
69207 29783
69207 69207
9449 69757
68842 14154
68842 68842
68842 68305
69737 23610
825 68784
61738 61738
61738 13904
61738 1946
61738 26935
61738 43266
61738 14915
61738 8133
68473 30366
68473 14515
68473 17047
19593 22131
19593 19593
19593 69405
58203 40297
58203 13265
58203 7460
58203 10696
58203 2308
58203 58203
58203 17988
58203 3521
35520 36452
35520 34538
35520 1302
69155 17773
6942 69116
5203 22002
66323 4250
66323 66321
68805 4231
68805 53197
68805 14094
68805 7780
68805 61939
68805 68305
68805 18060
68805 68805
38448 19276
38448 2043
38448 11926
12481 56286
12481 1266
12481 10365
12481 5712
12481 69858
12481 68835
12481 4312
12481 1946
12481 26522
12481 12705
12481 12481
68920 4312
68920 4832
68920 763
68920 4961
68920 68920
38805 6647
38805 2926
38805 4832
38805 38805
38805 18086
38805 48839
38805 11009
38805 4721
38805 35927
38805 10206
38805 30062
38805 62434
38805 15934
38805 9652
38805 3948
38805 33018
38805 25510
38805 766
6316 7206
6316 11926
6316 6316
6316 15934
6316 321
6316 6518
6316 668
6316 30186
6316 3684
6316 75
6316 32389
6316 68929
6316 69628
6316 68722
6316 56094
6316 3106
6316 6101
6316 1079
6316 10368
6316 2926
35959 4312
35959 35959
69937 69937
20598 14450
69491 69491
39752 4600
68727 1688
68727 42047
68727 68727
41060 22277
41060 17836
49280 36688
41139 41139
41139 11926
41139 34538
41139 68305
41139 62367
41139 9072
41139 12705
41139 66688
41139 69341
69039 8588
69039 4832
69039 68305
25980 58096
25980 1492
25980 40096
34589 15629
51663 37103
51663 62656
51663 2926
51663 60732
51663 11919
51663 18060
51663 51663
51663 41593
51663 68946
51663 69173
62384 297
62384 40297
62384 62384
62384 3521
68899 1056
1532 47071
1532 50842
1532 6494
1532 62639
1532 2926
1532 1532
48094 69320
69183 31051
69183 28104
69183 4721
69183 4144
57941 1358
58211 58211
69452 45188
61364 44953
61364 13113
61364 61364
3711 69650
3711 2841
3711 15934
3711 47638
3711 33018
3711 11115
10446 6818
69887 69949
69887 12643
25490 69763
25490 6269
25490 16702
25490 25490
69335 2233
69335 69709
68866 38966
68866 6348
68866 38711
68866 250
68866 21574
68866 26522
68866 8857
68866 121
69902 62190
42531 36721
17644 17644
17644 47294
4362 22781
4362 34538
1273 18238
56462 318
56462 437
56462 2039
56667 2
35731 3753
35731 391
35731 3521
62709 36554
62709 62709
69236 7206
69236 1946
69236 17968
66167 4692
69653 43318
22878 32866
48481 34490
2467 20803
24132 1847
24132 1898
24132 25510
58096 1492
58096 43266
58096 6794
2224 66
7402 68933
7402 32389
7402 20782
7402 7402
69760 69760
69760 1450
47837 9924
50409 50409
50409 402
46975 6094
46975 763
46975 45603
46975 1465
43108 22131
43108 2042
43108 2191
43108 21815
43108 68521
43108 69067
43108 43108
43108 68935
43108 39304
43108 14555
2570 42537
2570 4600
2570 2570
62434 8628
62434 2383
62434 14915
62434 62434
62434 37238
62434 4069
11500 5869
11500 32817
11500 34859
56851 5263
4040 6094
4040 69443
4040 8176
4040 14450
69703 2841
38744 801
38744 35840
31647 7206
31647 11233
51469 51469
51469 13650
8621 15124
68974 39419
4438 22051
44143 28104
44143 24494
44143 4600
44143 44143
69520 8008
30366 36721
30366 5963
29730 18060
29730 47305
29730 391
29730 3521
29730 29730
69063 44953
69063 69063
14806 66688
54797 54797
54797 766
59011 69546
59011 8369
59011 64163
2284 18060
2284 6779
68583 613
4832 68804
4832 29316
4832 13904
4832 66688
4832 37385
4832 8508
4832 25510
4832 8799
4832 31469
4832 36452
4832 4832
4832 69323
4832 613
4832 40793
4832 46214
4832 18910
4832 69466
4832 1946
4832 15570
6858 69617
6043 56553
6043 2926
6043 69318
6043 11919
6043 68971
919 14154
20597 20597
20597 1946
20597 11115
49105 1465
6950 7460
1698 10707
3859 11115
69667 8857
69667 11919
41953 7206
41953 41953
41953 11115
85 4721
69140 47071
69140 1463
69140 69140
69140 8338
69140 25510
69140 35840
68935 1463
68935 317
68935 15934
68935 32332
68935 35626
68935 68935
68935 1946
68935 14094
69264 1098
40297 69558
40297 12402
40297 69066
40297 2191
40297 38783
40297 11025
40297 37338
40297 4428
40297 68936
40297 46867
40297 45397
40297 68790
40297 46104
40297 23572
40297 68994
40297 62367
40297 39380
40297 68950
40297 68302
40297 7952
40297 61687
40297 47305
40297 66528
40297 38832
40297 7460
40297 61471
40297 69067
40297 69353
40297 66365
69488 1946
69488 12705
69488 69488
69579 13972
40321 40321
40321 14915
48440 12176
34671 3
35269 14094
69859 11682
69859 61939
17403 3816
21778 391
36554 10858
36554 38764
36554 1847
36554 2807
36554 36554
36554 297
36554 35593
36554 44953
36554 11054
36554 1492
36554 1266
36554 14830
36554 68305
36554 8430
36554 38852
36554 9025
36554 7732
36554 14094
36554 15934
36554 35626
36554 2233
36554 12705
20595 6094
20595 11705
20595 8385
20595 55893
20595 3106
20595 20595
20595 39300
7710 1245
7710 20793
7710 56553
7710 9072
26878 4231
26878 15887
68929 68929
391 34766
391 3077
391 18261
391 4149
391 3992
391 10696
391 66688
391 2669
391 69214
391 391
391 68927
391 69757
391 66
1907 4312
1907 1907
1907 43928
5628 6094
5628 4961
5628 62367
69497 2926
12176 45057
22296 62629
22296 20302
49789 49789
8385 68933
8385 8385
8385 10696
8385 68927
8385 1688
8385 68663
8385 49
8385 4312
8385 69320
8385 31356
8385 22277
8385 2622
8385 45
8385 60985
8385 43129
8385 6094
8385 8628
8385 69214
8385 31469
8385 69118
8385 69907
8385 68514
8385 1703
8385 75
8385 15934
8385 24864
8385 12705
27398 27398
27398 59248
27398 14094
2666 3803
32898 32389
32898 4312
5018 69733
50846 69558
50846 69159
50846 44191
50846 66688
50846 62130
50846 2837
50846 62154
50846 50846
50846 66365
50846 67140
50846 69310
50846 58804
50846 956
50846 43027
8176 7262
8176 24916
8176 47958
8176 38889
8176 1465
8176 32831
8176 1345
8176 8176
34719 68790
52812 24891
69218 69218
69218 44953
37099 37099
37099 532
31035 35626
31035 31035
31035 2926
31035 14915
31035 3206
36016 16132
12898 51335
12898 21907
12705 57467
12705 41194
12705 69644
12705 68554
12705 8133
12705 1536
12705 1946
12705 3106
12705 22277
12705 69516
12705 16107
12705 69647
12705 6794
12705 3143
12705 26085
12705 10898
12705 69245
12705 38966
12705 28104
12705 69858
12705 4961
12705 30186
12705 65878
12705 49044
12705 12705
12705 1098
12705 38200
69110 4312
69110 763
69110 69110
7709 29697
7709 14450
7709 39120
7709 68757
7709 48831
7709 15934
7709 41853
7709 2954
2720 22846
42278 69107
42278 3995
42278 58802
42278 29404
42278 34538
24864 31308
27453 39082
27453 44768
27453 27453
33032 68799
50081 11919
69387 31310
37338 3521
3041 30721
3041 3041
3041 36696
3041 2841
3041 1946
3041 7538
3041 13650
3041 68726
3041 11504
61815 10076
1353 4528
40780 6094
40780 43736
40780 44953
69762 69762
69762 3075
69762 25563
46867 46867
46867 46104
46867 13119
46867 7460
46867 519
14497 36688
61197 61197
61197 1306
37096 6794
37096 68305
20160 15129
43696 43696
43696 5259
62195 68708
21753 21753
21753 1540
7060 297
54667 32332
66084 39843
69495 8799
47274 5584
47274 67034
47274 47274
47274 37370
47274 3676
47274 69151
47274 24221
68762 22989
68762 15934
20562 66678
2698 10898
18662 3684
586 27870
44049 38624
17294 17294
17294 35353
61737 4231
37385 1306
37385 454
37385 2926
37385 4600
37385 37385
37385 7206
37385 1536
37385 14094
37385 1946
37385 33039
37385 26766
37385 766
37385 34544
4528 4721
4528 58057
4528 2841
4528 35353
4528 360
4528 32022
4528 2926
4528 2362
4528 2784
4528 3067
4528 4528
4528 290
4528 318
4528 69525
25229 64387
25229 25229
25229 43928
69757 7717
69757 25028
69757 934
69757 2926
69757 10076
69757 297
69757 68722
69757 3106
69757 333
69757 644
69757 10035
69757 1409
15597 35353
6481 18060
6481 75
6481 14094
51335 64449
49673 10330
62656 62656
62656 4312
62656 48839
62656 66638
62656 34490
68968 36146
68968 4614
68968 68968
66332 69617
31233 2841
5690 34518
5690 10718
68827 5869
68827 2926
68835 4312
37202 8430
37202 37202
4767 30726
20391 43423
290 69558
290 37103
290 48503
290 3544
290 1305
290 25590
290 27816
290 19949
290 68660
290 66688
290 4177
290 69531
290 10605
290 61471
290 36466
290 1176
290 68926
290 1345
290 4002
290 2841
290 4231
290 6666
290 16943
290 24965
290 14830
290 18261
290 297
290 1034
290 68468
290 6094
290 13767
290 49
290 31469
290 15934
290 290
290 1048
290 69456
290 644
290 48142
290 68962
33018 3272
33018 5101
33018 52954
33018 3948
33018 33018
33018 43737
33018 40023
33018 11926
69076 13265
11025 37103
11025 14094
11025 11025
18050 1190
19874 19874
19874 3199
27870 69037
27870 2926
17773 69815
17773 17773
17773 27829
17773 35626
17773 31356
16702 48356
4177 69558
4177 25510
4177 13972
4177 402
4177 9072
4177 4961
4177 2362
4177 24916
4177 11504
4177 12605
4177 3272
4177 69544
4177 4177
4177 66688
4177 2841
14835 14835
6451 56926
64449 8369
64449 64449
64449 49620
64449 38566
64449 68230
64449 39322
64449 1302
64449 69466
42326 21907
42326 60491
42326 14830
42326 30684
42326 55893
42326 27767
42326 42326
42326 12120
7448 29422
43129 37158
24993 11504
12310 69763
12310 69770
12310 36688
12310 1048
12310 27816
4248 69103
46104 46104
46104 13119
69601 35626
69601 3684
69601 10035
69386 48866
3753 3753
3753 5101
62201 1345
62201 21684
23179 23179
23179 62629
27400 27400
27400 44953
27400 23193
27400 3460
27400 8345
69205 1946
45933 11260
45933 763
668 34518
668 2480
64433 7108
68892 68892
68892 61939
68892 9072
8133 69371
8133 66898
8133 69232
8133 8106
8133 32022
8133 8133
8133 4600
8133 38966
8133 29437
8133 4312
8133 64308
8133 1946
8133 10110
8133 8628
8133 7206
62130 6278
51420 46495
51420 1988
51420 51420
351 34538
9694 34538
69533 9253
69533 25510
69533 69194
26012 50427
613 44651
613 613
613 66688
613 68992
613 1131
613 16183
613 6094
613 12178
613 65915
613 17047
613 67007
613 56094
613 2383
613 62491
16888 11926
69051 5015
69051 6518
69051 69051
69051 18060
17845 4231
1028 3106
5963 69709
40206 50901
7934 59092
333 2926
284 48552
284 44768
284 1465
284 284
58550 58975
58550 1441
58550 13972
1409 6666
1409 48531
66946 66946
65800 27816
48831 2954
48831 48831
68971 4720
68971 38624
20460 20460
25028 25028
25028 2530
43849 4298
10605 49
44768 1650
44768 23141
48609 10265
48609 48609
23835 26809
68859 437
2051 25510
2051 48007
1291 46472
1291 24916
1291 669
5740 5091
2197 20300
7360 14901
4281 3948
25485 69292
25485 8628
25485 25485
25485 60535
25485 18060
25485 64387
57088 17164
57088 3106
57088 68953
57088 14450
57088 57088
16639 1355
29783 1056
29783 34538
29783 32389
29783 29783
29783 35626
29783 60810
29783 3684
29783 3199
36024 3948
36024 36024
69216 454
69216 68981
17879 53156
67031 4231
67031 14094
67031 36067
67031 24221
67031 27832
67031 67031
67031 26273
59092 4961
69043 9025
69043 14901
69312 6101
55866 61506
10980 38624
1034 56669
68302 23950
21574 69067
21574 3948
21574 21574
21574 37238
22773 69194
68559 68572
49122 8430
49122 1898
49122 13650
9947 47305
9947 9947
9947 7666
68722 47305
68722 13265
68722 68722
68722 32389
68722 18060
68722 19369
68722 14830
69292 69292
69292 2233
69292 14915
69067 69244
69067 61939
69067 37555
3623 28104
3623 20803
3623 14915
11259 11259
11259 6101
11259 9025
11259 13650
11259 405
69584 69584
69584 40368
11145 7206
11145 11145
11145 8106
11145 10503
11145 14915
11145 11115
52954 6094
52954 69411
2234 38966
14915 7743
14915 3462
14915 41194
14915 6647
14915 7206
14915 29231
14915 22277
14915 3199
14915 8628
14915 69214
14915 68958
14915 14915
14915 5984
14915 6094
14915 46118
14915 1946
14915 69245
14915 43354
1463 24757
1463 69647
1463 41291
1463 69681
1463 1650
1463 14094
1463 19075
1463 15934
1463 50265
6998 13092
68628 62826
3132 38889
69014 2273
69014 38851
38290 37103
38290 38290
50929 5575
1437 8103
1437 3634
947 41028
68757 68757
15482 297
39495 2384
39495 61426
39495 14830
39495 34490
13168 9871
41187 31371
41187 11054
41187 3
41187 41187
14094 69647
14094 69591
14094 69681
14094 4149
14094 24916
14094 69184
14094 38889
14094 38200
14094 3824
14094 61502
14094 26608
14094 47344
14094 61471
14094 51250
14094 23950
14094 14094
14094 21815
14094 69356
14094 12395
14094 69075
14094 69151
62826 62826
62826 61939
6756 60665
2481 69077
2481 69895
5094 69368
5094 7631
69272 37103
69272 26935
69272 6101
69272 32470
69272 69272
69272 38624
1481 66638
40804 3460
40804 1465
22431 11260
32355 32355
3460 66688
3460 44651
20052 4231
20052 22880
20052 20052
69077 29697
69077 69077
69482 7460
69482 1516
69482 69482
32460 32460
32460 32389
32460 13268
32460 25590
32460 26935
32460 37103
32460 11211
8628 69775
8628 68986
8628 4580
8628 21815
8628 4961
8628 17836
8628 4600
8628 7206
8628 4312
8628 69907
8628 14233
8628 50754
8628 15002
8628 29491
8628 22277
8628 22377
8628 6085
8628 40096
8628 1703
8628 75
8628 23141
8628 8628
8628 30186
8628 1946
8628 43266
8628 11115
8628 15129
20948 2841
12120 30721
12120 39322
2363 11926
5010 297
1047 68858
58001 35626
58001 3684
28104 34444
28104 60732
28104 14450
28104 2926
28104 13012
28104 3684
28104 16049
28104 28104
28104 21815
28104 2384
28104 69405
28104 15934
28104 35840
28104 63877
6262 49
6262 38783
5482 3272
16510 10365
16510 34490
6936 6936
6936 24965
6936 13213
43889 43889
1465 51112
1465 1465
1465 29625
1465 27816
1465 68726
1465 51250
1465 2669
1465 69559
1465 48745
1465 41075
1465 8369
1465 26083
1465 69922
1465 69313
1465 69747
1465 11115
14555 2622
14555 14555
1302 1302
68663 6094
68663 55893
68663 44953
68663 68663
3803 3803
3803 11919
3803 9072
3803 763
3803 48142
297 13972
297 69801
297 3684
297 297
297 69169
297 18060
297 2622
297 31469
297 12138
297 3621
297 9068
297 1306
297 4002
297 47763
297 14726
297 2383
1015 8217
51323 29231
51323 30186
51323 1946
51323 68958
51323 51323
51323 11115
69724 3106
69724 2233
69724 763
69724 69724
29491 58628
9617 12402
69380 44362
23572 30081
23572 18756
23572 41291
23572 14493
23661 4312
1573 4423
1573 3199
46773 15629
46773 26935
22131 22131
22131 24953
22131 36688
22131 763
5091 69184
21051 47925
21051 49
21051 41666
21051 58682
21051 36696
21051 37103
21051 68620
21051 69419
66650 1056
2884 2884
2884 62519
1094 3995
66889 66889
68719 4231
68719 23291
68719 68305
29316 6094
29316 3684
51419 1450
60665 69052
60665 6494
60665 60665
60665 20302
40549 40549
40549 68907
658 40793
658 24494
658 36721
658 25145
658 658
14233 3272
14233 50754
34518 34518
34518 13972
37646 16839
1234 69678
3635 38434
13139 4428
24221 69525
24221 13972
24221 69477
41314 19475
37103 44651
37103 39507
37103 3684
37103 75
37103 4312
37103 48438
37103 18060
37103 25510
37103 763
37103 20782
37103 37103
37103 68933
37103 3272
37103 62560
37103 38624
37103 55893
37103 6101
37103 59248
37103 26608
31134 22095
7499 4231
7499 7499
7499 1688
7320 41291
69486 10482
1186 1310
68794 21907
68794 25510
35840 4312
35840 56215
35840 16049
35840 34444
35840 23232
35840 61502
35840 47344
66898 6794
5993 2622
38319 7631
69474 69474
69474 26935
69474 3948
11009 13650
22846 34444
22846 2024
22846 22846
22846 31327
22846 68519
31371 14875
31371 31371
31371 4312
68926 12166
68926 68926
318 32022
318 318
46690 11546
46690 7762
46690 68777
46690 43054
46690 4709
46690 7952
46690 24965
519 18060
519 66365
519 5101
40023 40023
40023 34538
40023 20994
40023 2807
40023 26522
40023 3684
54415 15735
12138 21399
450 66528
450 11376
450 21815
450 450
10696 12402
10696 2191
10696 41970
10696 10696
10696 68936
10696 66688
10696 9871
10696 49
10696 19475
10696 4069
10696 1310
10696 69773
10696 68992
10696 26935
10696 1355
10696 68946
10696 47305
10696 5831
10696 14901
43354 1946
31310 6094
69621 18060
69621 48866
69621 69621
42695 39082
6101 19276
6101 57426
6101 943
6101 4600
6101 10206
6101 302
6101 6101
6101 21907
6101 5656
24916 14830
24916 68305
24916 36688
24916 48839
24916 33724
24916 24916
24916 763
24916 7591
9269 38966
69017 10503
21146 18060
21146 38889
21146 48142
21146 34490
69640 4333
58372 18060
58372 61939
58372 58372
61531 69144
327 18060
6278 25590
5984 5984
43737 6518
43737 43737
57278 2926
1462 38869
66275 4312
58777 19276
58777 58777
58777 41291
58777 38066
69112 8430
69112 14830
69112 14450
69112 48839
69112 69112
644 69525
19276 6094
19276 2273
19276 19276
19276 62367
19276 2926
19276 7952
29625 29625
29625 25199
51008 6517
66443 11417
15129 15129
15129 17836
8452 4842
13265 38276
13265 5101
13265 69852
13265 13803
13265 69361
13265 13265
13265 46578
13265 18060
13265 66365
17968 7206
17968 17968
1310 6094
1310 2384
1310 21815
1310 1355
1310 3032
1310 2530
1310 1310
12651 63926
68994 4144
3509 42047
3847 18060
3847 46578
34575 2622
34575 68305
48334 18060
48334 5784
48334 2954
5627 69862
47704 24201
69516 35626
1098 7206
1098 1098
1098 11115
2191 39082
2191 2191
2191 2273
2191 48554
2191 61632
2191 6107
2191 2362
2191 7952
56926 4428
56926 56926
56926 48866
69419 40932
69419 69419
69075 23291
69075 36466
69075 14830
13647 3521
32344 3684
8887 8369
1223 6094
15054 34538
21399 4312
16049 68701
16049 16049
36452 31092
36452 46551
36452 36452
68848 3521
68848 68848
68848 9072
68848 44953
68848 43266
68848 3206
4333 4721
4333 19475
2384 2384
2384 16178
2384 1492
2384 23950
2384 18060
1266 38852
1266 1266
15242 44953
15242 1826
15242 30999
69343 69343
69343 3206
66034 2954
75 2362
75 69591
75 11640
75 26809
75 49
75 18060
75 60810
75 3092
75 68822
75 2689
75 69214
75 2841
75 8106
75 22277
75 38200
75 3634
75 8032
75 75
75 1946
75 68962
46859 50302
44191 44191
30186 6794
30186 11926
30186 30186
30186 12978
39756 56150
29404 3995
29404 29404
17164 6094
17164 69573
51484 51484
51484 3324
68614 9871
68778 5015
69542 48839
69320 55893
69320 69320
69320 1056
69320 46793
69320 763
69320 2480
69320 39421
69675 11260
69790 11260
5301 69318
39082 250
39082 34538
39082 3121
39082 13119
39082 68992
39082 66688
39082 22781
39082 1650
34050 68958
47345 68730
68759 68759
68759 766
8103 317
8103 58804
8103 3502
8103 3634
1358 15629
1358 22429
1358 11919
1358 7092
1358 3324
1358 8857
1358 1358
1358 27004
1358 3684
54495 54495
54495 317
37006 394
11317 11317
62560 62560
69525 402
69525 2926
69525 4961
69525 12166
69525 4042
69525 2622
69525 12547
69525 3901
69525 69525
36871 7631
91 2926
68895 35626
68895 10898
47532 7294
45027 69644
16183 4231
16183 61939
16183 20302
16183 56920
16183 16183
16183 13972
48839 69226
48839 69573
48839 69029
48839 33804
48839 48839
48839 69544
48839 26809
48839 12325
48839 50874
48839 66638
48839 45212
48839 67034
48839 766
48839 10035
48839 11115
69551 11260
69551 69551
3324 69392
66614 61939
66614 66614
69477 44953
69477 69477
69477 13972
69295 9652
69295 1445
58804 360
4069 56878
4069 19475
20782 44953
20782 20782
20782 11260
22191 22191
22191 763
22191 402
1056 34538
1056 2807
1056 10482
1056 11609
14515 66688
14515 36688
14515 25356
14515 14515
14515 956
54233 11260
11056 23291
11056 11056
3521 58018
3521 21815
3521 43198
3521 66365
27034 11115
6872 2039
3 1898
362 14508
41142 41142
41142 1
41142 61939
63877 61939
63877 14450
63877 60618
63877 2530
63877 68305
63877 63877
63877 14830
36146 69559
36146 381
36721 24494
36721 4312
36721 64552
36721 57022
36721 36721
36721 25145
27816 27816
27816 4639
50754 5584
50754 1703
2042 18739
58975 9652
58975 58975
3121 1847
3121 13119
41593 69556
41593 7092
41593 69154
41593 41593
41593 4692
41593 34490
68327 38947
34766 34766
34766 14154
58952 12547
2503 24965
2503 43054
2503 402
2503 41970
2503 2362
2503 2503
2503 20356
2503 45657
2503 20883
2503 11682
2503 8320
2503 35714
2503 2841
7092 6094
7092 3106
7092 65915
59248 3106
59248 69591
59248 66365
38267 35626
38267 4312
8588 8588
8588 69123
8588 15570
8588 16107
15934 35313
15934 41291
15934 11877
15934 15934
15934 34538
15934 4002
15934 2841
69389 38468
20764 35353
14443 3272
14443 14443
3560 68937
58488 36098
43467 4600
27513 12911
27513 27513
27513 43928
4896 24498
745 745
745 13268
745 4961
745 17047
69313 13119
34180 1946
34180 1459
34180 1149
34180 10909
34180 2807
33468 12858
19823 54390
4720 4720
4720 3684
17988 3848
17988 69184
3272 69184
3272 2841
3272 69548
3272 2926
3272 11504
3272 30999
3272 3272
3272 18060
3272 2907
3272 39304
38832 5496
38832 38832
20781 21123
36622 43198
69475 18060
4262 68468
41853 32210
62629 53221
62629 49045
62629 62629
62629 38889
62629 11926
62629 1946
62629 69583
62629 13904
69461 8784
69461 12487
69461 69461
3106 6794
3106 34444
3106 14450
3106 3106
3106 68953
3106 43387
3106 6269
3106 39419
3106 10854
3106 3199
25256 2060
25256 78
25256 25256
25256 61939
37266 17114
37266 11260
37266 37266
36886 35593
36886 36886
394 18938
394 17047
394 62367
394 394
394 66688
69782 1650
69782 20787
53091 1946
53091 4423
14493 6094
14493 41291
11877 4231
11877 11877
18739 34490
48859 9652
48859 1450
2233 2233
39747 22763
39747 69122
65937 250
65937 44953
24715 9093
57467 39419
57467 57467
6460 46472
6460 34538
6460 6460
1540 4054
42714 42537
30026 66688
69627 8430
69627 1898
69627 763
69627 21815
69627 6518
39475 39475
39475 62562
4312 12858
4312 35626
4312 34490
4312 27058
4312 8799
4312 69214
4312 14450
4312 22989
4312 943
4312 3206
4312 4428
4312 55893
4312 31356
4312 2954
4312 29697
4312 39359
4312 2807
4312 3684
4312 68946
4312 68283
4312 3948
4312 31469
4312 4423
4312 9672
4312 23232
4312 38947
4312 68529
4312 4312
4312 10035
13625 15629
13625 26080
13625 317
13625 11919
13625 69068
13625 13625
11540 11540
11540 69045
11540 20356
11054 69341
11054 67034
11054 11919
11054 41666
11054 4961
11054 11054
11054 1840
11054 68946
10946 35353
2318 13268
22051 54306
22051 9091
16023 13381
16023 16023
16023 10368
16023 19072
1988 1988
51250 1650
51250 1345
51250 51250
2480 66543
2480 60732
2480 69424
2480 2480
2480 766
69289 2273
69466 69642
69466 38566
69466 69466
33039 33039
33039 38851
33039 1946
36148 36067
5784 40078
5784 57022
5784 5784
53197 2039
53197 53197
53197 5101
53197 61939
68283 68283
37942 4231
37942 8338
37942 37942
69820 2622
69820 11260
18060 25590
18060 35626
18060 11966
18060 78
18060 13113
18060 18060
18060 2689
18060 4721
18060 14450
18060 6094
18060 1946
18060 2954
18060 67150
18060 61939
18060 6794
18060 11926
18060 43198
18060 56286
18060 57398
18060 24965
18060 31469
18060 69361
18060 6015
18060 56553
1898 64248
1898 68933
1898 2201
1898 68845
1898 532
1898 1898
1898 10482
68953 68953
68953 3684
68953 1306
13552 47294
15981 24309
15981 11260
15981 3948
15981 15981
454 69559
454 69055
454 5810
454 69609
454 13650
454 66638
66132 4961
6647 1946
6647 69116
11716 55893
11716 11716
46681 4600
68673 19475
68673 6779
64387 2807
64387 64387
64387 3206
30999 2383
30999 5101
68645 13972
69938 20302
69547 6094
69547 60810
69547 69547
58888 45223
69801 44953
69801 69801
32022 10707
32022 68660
32022 32022
32022 19949
50249 47763
20038 2841
69232 7206
62798 14514
69391 69391
69391 21815
69391 48142
68916 35626
68986 68986
25322 1345
6339 56669
68650 55893
68650 5656
56669 55893
56669 56669
3948 11417
3948 3948
3948 62367
3948 2807
3948 34538
3948 27013
3948 11926
3948 51137
32906 2954
1355 6518
1355 6427
66166 69194
66166 41291
41291 2926
41291 1709
41291 3684
41291 21917
41291 24891
41291 18263
41291 2841
41291 68305
41291 2000
41291 38200
41291 41291
41291 6094
41291 16858
41291 35626
41291 69245
59239 8991
21271 43267
22606 13268
22606 23193
22606 22606
2201 68639
16031 13972
64184 9317
50467 7460
50467 50467
50467 13972
52863 68708
68927 68927
69371 69470
69371 1173
404 36103
404 404
69591 778
69591 68305
69591 69591
69222 18756
2689 29231
2689 68693
2689 2415
2689 2689
2689 17836
2689 4600
38866 7206
38866 6794
38866 38866
38866 5810
38866 2926
38866 11115
7 58057
8857 24792
8857 11919
9072 25510
9072 9072
9072 66688
9072 3684
9072 38851
9072 14901
9072 35714
9072 44
26935 26935
26935 66688
26935 64248
26935 68797
26935 69151
69644 2273
69644 2926
69644 69644
19075 1345
19075 19075
23141 50427
23141 34538
23141 62639
23141 23141
23141 22781
23141 21907
23141 18943
11417 68399
2415 7206
2415 2415
2415 17836
2415 6794
69090 9025
57432 69507
20787 24768
66688 13972
66688 66688
66688 17047
66688 11919
66688 41263
66688 21265
66688 1946
66688 4721
66688 14450
66688 25590
66688 4042
66688 13268
66688 1492
66688 11260
66688 11115
3684 61426
3684 37211
3684 2926
3684 3684
3684 34490
3684 66638
3684 26178
3684 60810
3684 43928
3684 17581
3684 4721
3684 69764
3684 69556
3684 10365
3684 69922
3684 56553
3684 50427
3684 10035
68938 17047
14514 58018
14514 68936
14514 14514
30827 4428
344 8320
5585 56553
10458 5712
10458 5101
26085 61944
11084 23310
68787 68787
68468 23232
68468 11546
68468 68468
62675 69037
1650 1650
1650 69922
1650 12395
11445 69133
11445 18128
57711 4231
57711 55893
11115 11233
11115 2273
11115 69116
11115 7206
11115 29231
11115 13113
11115 11640
11115 29697
11115 35714
11115 22277
11115 1459
11115 38966
11115 8106
11115 42676
11115 10365
11115 57583
11115 1946
11115 11260
11115 11115
11115 69862
41219 24768
69534 69534
69534 47855
37436 66638
37436 934
24953 10265
45223 67140
45223 45223
69718 9652
69718 69718
44555 63936
44555 44555
14340 20300
43928 29697
43928 7076
43928 43928
38851 38851
38851 27013
38851 34490
69016 31469
30726 56286
30726 31327
2530 68981
2530 2383
2530 61426
2530 34538
2530 11504
11376 11376
14875 801
5775 18756
7076 12395
7076 9025
11825 8430
11825 66375
11825 13650
11825 69472
1245 20300
30721 30721
30721 36367
431 29697
431 19475
51454 51454
9317 13158
69770 20302
5712 69929
5712 5712
5712 10909
5712 421
35486 35486
35486 59209
35486 4351
19072 25510
19072 9062
14155 32389
14155 1306
56286 56286
56286 5101
56286 26522
1729 2784
68693 13653
59018 532
14830 14830
14830 8430
14830 11966
14830 6094
14830 32389
14830 56553
14830 48142
58682 58682
4423 1946
4423 4423
1703 21815
1703 1703
47305 47305
47305 11682
47305 21815
47305 19369
40932 38566
10059 13113
4692 40883
69048 69194
2926 7631
2926 34538
2926 2926
2926 69444
2926 184
2926 49
2926 18756
2926 22781
2926 2841
2926 38200
2926 6094
2926 69507
2926 14726
2926 61426
2926 68534
2926 69559
2926 61502
2926 22277
2926 16046
2926 69773
2926 68958
2926 56878
2926 68726
2926 69184
2926 69858
2926 68962
38532 68903
27058 69868
66751 2383
61460 1441
17047 61939
17047 62367
17047 55893
17047 4054
17047 17047
59178 1131
67140 67140
22781 34538
22781 22781
22781 763
7717 35313
69586 29697
69586 69586
18086 69709
34047 2954
45657 11682
41075 317
41075 69091
41075 2622
41075 8032
13213 19949
13213 2841
3959 69647
10858 29697
10858 10858
10858 10035
3848 57398
3848 3848
3848 7666
3848 61939
3848 1
934 6094
10503 7206
10503 29437
10503 61426
10503 24965
955 19838
955 955
955 43267
11640 6094
11640 2841
11640 41970
11640 56878
11640 11640
11640 2362
11640 69691
11640 303
46578 4428
46578 7666
46578 46578
46578 7460
60985 49
60985 2841
303 14447
303 1017
303 303
65906 4231
58057 21815
15819 6094
15819 19475
15819 4600
45057 34490
24706 6249
24706 7607
8032 8032
8032 68660
9672 38947
9672 14450
9672 9672
121 19475
121 40883
121 2841
13268 62367
13268 62491
13268 13268
14726 10898
7666 4149
7666 2841
7666 69047
7666 4428
7666 21815
7666 45397
7666 4721
7666 66365
64308 64308
10708 68958
801 69356
3901 11546
3901 8320
3901 402
3901 3995
3901 19186
24078 34538
68857 828
62513 69194
35626 34538
35626 1305
35626 11705
35626 44
35626 69559
35626 60810
35626 69214
35626 3206
35626 6094
35626 61479
35626 56553
35626 35626
35626 9896
1574 59142
4961 69764
4961 13972
4961 4961
4961 69876
4614 34444
4614 3544
4614 62367
802 802
21992 47763
20026 20026
20026 41071
17508 69424
51632 46495
3544 61939
3544 3544
24094 353
24094 24094
5288 10718
69443 14450
69443 69443
69443 69463
47763 47763
5100 69773
5100 10076
5100 69041
2954 68718
2954 69919
2954 33927
2954 6094
2954 23232
2954 38889
2954 2954
2954 9896
14901 14901
14901 67042
14901 33927
68530 27069
2784 30081
1536 1946
1536 5442
1536 1536
36934 1345
36934 36934
26522 1847
26522 38889
26522 47136
26522 26522
26522 39304
69037 19949
69037 69037
69037 44953
69037 12166
22277 6085
22277 1058
22277 36688
22277 49
22277 21815
22277 50353
22277 1946
22277 22277
22277 6794
766 2841
766 50874
766 10898
766 10035
766 766
69194 29781
69194 69194
69194 25510
3634 3634
17907 38966
17907 7460
5575 38624
68601 2622
68601 11260
68601 68601
10909 56921
20302 24494
20302 20302
50901 3709
7631 6094
7631 7631
7631 12178
7631 25510
1106 763
40588 25104
45212 69665
45212 45212
11504 69444
11504 25510
11504 11504
69763 1847
69763 69763
69763 25510
12156 61426
14447 14447
14447 2039
4144 61687
46298 68236
68370 66667
19369 9871
19369 19369
10076 47136
10076 43198
10076 10076
69325 6094
69325 44953
69325 69325
48745 32389
48745 48745
48745 2039
69424 32389
69424 44953
69424 26801
68707 68707
68707 23291
370 48554
69463 14450
69463 69463
69842 1946
7460 42721
7460 69766
7460 7460
17836 1946
17836 3199
17836 17836
69852 69852
50427 50427
50427 2807
50427 8799
50427 5506
50427 2317
35942 15887
24494 29697
24494 24494
24494 35593
24494 11260
24494 4600
50859 68305
8508 763
44953 15292
44953 34538
44953 61506
44953 34490
44953 44953
44953 3092
44953 69047
44953 36688
44953 69283
44953 68701
44953 69858
44953 26608
5869 13767
69318 1149
402 6646
402 402
402 78
402 41970
402 12547
402 2841
13803 13803
38966 7743
38966 68958
38966 8106
38966 38966
38966 1946
6015 6015
6015 13972
69858 69858
68962 13113
68962 68305
68962 68962
38624 3621
38624 1305
38624 32389
38624 11926
38624 11919
38624 38624
68773 55893
68773 66678
68773 68773
66700 53059
36676 36676
36676 20507
58018 4231
58018 57398
58018 58018
58018 4351
20233 43054
20233 41970
35927 69559
35927 49
35927 35927
69405 69405
69214 69214
2841 1847
2841 19949
2841 763
2841 3502
2841 2841
2841 35357
2841 6794
2841 69182
2841 1044
22989 34538
22989 24965
13012 1176
13012 2273
39359 39359
39359 5810
4042 62172
4042 68660
38566 34538
69456 69456
66638 49208
66638 13972
66638 66638
66638 353
29697 69556
2273 1306
46472 46472
3995 3995
55893 69323
55893 69334
55893 69118
55893 55893
55893 68737
55893 69356
68946 68305
68946 1149
50874 50874
50874 5810
50874 45603
11178 1516
11178 23193
1345 44651
1345 5584
1345 38889
1345 1345
763 21907
763 34538
763 13904
763 9652
763 69573
763 763
763 6094
24891 24891
1048 2807
1048 1048
59209 59209
59209 4721
59209 4351
69095 18756
48554 14154
48554 48554
66365 36672
66365 66365
25590 21265
25590 13972
25590 1231
25590 25590
25590 41734
26809 26809
26809 10265
26809 1946
26809 7206
24309 24309
24309 56920
24309 38200
56215 14450
68670 68670
68670 35416
47547 13119
15629 15629
68847 17509
10898 2807
10898 4600
6094 1847
6094 13972
6094 41970
6094 68737
6094 11705
6094 58218
6094 18756
6094 7030
6094 14450
6094 69118
6094 33927
6094 3206
6094 6094
6094 2807
6094 69507
6094 7743
6094 35593
6094 69940
6094 11926
6094 1946
6094 69764
6094 69709
6094 3621
6094 46214
6094 13650
6094 12178
6094 2039
6094 69245
24792 24792
24792 1840
7979 50551
2807 61426
2807 4600
2807 69341
2807 34538
14154 14154
14154 7952
3005 2672
69871 51339
360 2039
360 360
18376 69709
1 3824
64248 11260
64248 64248
61471 4231
61471 61471
66952 66952
33135 67007
3502 19949
69472 8430
69773 69773
69773 22971
69429 532
69573 69573
69573 25510
32389 317
32389 32389
32389 2622
32389 56553
32389 33746
40793 40793
21095 20783
23291 23291
23291 68579
69876 69876
50551 50551
5621 11260
5621 12395
5621 5621
56819 56819
56819 68305
56819 32332
4639 4639
43054 11546
43054 43054
43054 68660
43054 69838
43054 24965
69919 25510
78 78
68579 61709
20300 20300
3092 3092
3092 12166
23571 69922
4721 7031
4721 143
4721 8799
14450 34538
14450 69341
14450 38889
14450 58802
14450 4231
14450 68305
14450 14450
14450 9025
14450 56553
14450 69356
14450 37211
14450 2383
14450 69184
3206 68718
3206 34538
3206 41194
3206 3206
3206 69341
3206 60810
3206 3199
23297 4408
23297 1096
10839 13767
65915 3075
56920 56920
26608 3075
26608 26608
26608 34538
69392 69392
69392 49
69392 26302
69392 16107
9485 317
9485 68305
9485 9485
7743 7743
1441 1441
1441 13972
1441 69118
1441 12395
1441 67107
8419 68305
41071 41071
2126 26088
24757 24757
66 6269
66 66
66 69713
66 34464
66 61687
33290 33290
50145 16107
34544 34544
46214 532
46214 46214
47925 69226
57712 38200
1306 8430
1306 1306
1306 2622
68958 6085
6518 6518
69909 31751
68236 40120
56878 56878
56878 61939
33141 6666
56095 4231
2138 2138
60535 60535
184 20883
35714 10707
35714 12166
4696 24965
69617 69617
47638 47638
47638 18756
9025 47855
9025 9025
9025 34027
33927 33927
12166 24965
12166 8320
12166 42440
9091 44
18238 69184
18238 2874
7762 7952
68746 25505
31356 31356
19965 18756
41194 41194
29444 67007
58604 19475
58604 69630
27456 66243
24498 24498
44 44
21265 13972
62367 13972
62367 62367
62367 61939
62367 2622
35480 13119
10365 10365
10365 3199
23232 23232
8320 8320
18801 22971
18801 13972
39304 39304
6269 2383
6269 6269
69691 2362
69691 69691
1688 1688
2000 69133
42440 68822
10718 34538
19475 19475
5015 5015
68718 68718
68718 6494
8106 15713
8106 8106
8106 26591
8106 1176
8106 1946
8106 10110
69709 69709
69709 57291
1516 1840
59312 3075
58802 35593
58802 13650
38783 38783
5101 38889
5101 5101
32332 5831
32332 32332
37002 37002
37002 13972
40883 40883
40883 56594
45603 1847
45603 11260
57022 57022
57022 68845
57022 5810
69630 69630
41666 41666
41666 8430
16046 2039
317 317
317 18756
317 3824
1446 38889
59234 59234
1840 67034
1840 21907
1840 1840
1840 11028
65878 65878
69052 8430
41970 41970
8430 69118
8430 2811
8430 67107
8430 8430
8430 38947
8430 8799
8430 3709
11682 11682
11682 61939
56150 47751
56150 19011
22377 22377
22377 43266
22377 68305
17581 69764
69047 69047
4002 4002
38200 38200
13650 48438
13650 5810
13650 2383
13650 60732
13650 25510
13650 13650
42721 42721
42721 13972
43122 13972
69556 13113
69556 13119
60732 60732
60732 3199
6348 6348
6348 24965
43198 5496
43198 43198
60810 60810
16107 49
16107 16107
69681 69681
11260 1847
11260 34538
11260 2811
11260 56553
11260 11260
11260 10035
23753 23753
31327 31327
12419 12419
58218 25510
468 12395
468 67107
29231 6794
29231 29231
2622 2811
2622 2622
2622 62491
66678 22294
3824 4231
3824 68305
3824 3824
10110 10110
10110 1176
67034 67034
67034 1946
67034 11028
6856 24965
36688 4428
36688 36688
21907 42047
21907 2383
21907 21907
43266 61426
43266 1946
68519 4231
27013 49
27013 27013
27013 58226
1715 53110
10707 10707
12547 12547
12547 2039
25510 25510
25510 69173
25358 4231
25358 68305
18512 11546
18512 15887
49 13113
49 49
21815 61426
21815 61939
21815 4428
21815 4149
21815 45397
21815 4600
21815 21815
21815 66528
21815 48142
10035 44293
10035 1305
10035 10035
10035 48142
34538 34538
34538 5810
34538 7206
34538 18943
34538 3199
34538 5340
34538 6794
34538 55892
34538 1946
34538 1459
4428 4428
4428 69766
4428 5496
69323 69323
9652 9652
69133 18128
1044 1044
4231 30081
4231 4149
4231 68305
4231 4231
4231 2383
4231 69356
26088 26088
13119 61687
13119 13119
13119 47294
3503 39142
9924 9924
2290 353
2290 2290
2290 62471
61939 61939
61939 24965
69647 68305
11546 11546
12325 48438
12325 12325
49655 21684
69184 69184
31469 31469
31469 6494
35353 13972
35353 35353
33546 3621
69843 4600
66528 66528
57145 40096
9896 9896
1847 68933
1847 10482
956 51251
69764 69764
47294 47294
69665 19431
43318 43318
51251 51251
18850 6249
5496 5496
7108 7108
36931 8799
7952 7952
68777 68779
69041 69041
8338 30081
2383 2383
15570 8769
15570 42047
15570 15570
61426 61426
69444 69444
5743 38889
2039 2039
2039 13767
8369 8369
1450 381
15887 15887
61506 61506
24965 24965
24965 34464
68305 68305
68305 69045
532 532
69341 69341
49208 8799
2669 2669
69766 69766
3075 3075
3075 60751
40096 40096
6494 30081
38947 38947
69747 69747
15735 15735
2160 5340
1459 3621
1459 18378
10482 10482
5340 19949
9417 9417
69139 69139
22763 22763
46495 46495
34464 34464
68660 68660
50265 47751
50265 11926
13767 13767
13767 2362
33741 13904
42047 42047
42047 68992
38276 38276
13972 13972
13972 48438
11966 11926
7206 7206
7206 3621
7206 6794
7206 1946
19186 6249
38889 38889
11919 11919
11919 48142
3199 1946
3199 3199
20803 20803
20803 10854
69898 69898
4336 11926
11926 11926
12395 12395
68708 19838
34444 34444
13904 13904
2362 13113
2362 2362
67007 67007
1946 1946
1946 10854
45397 45397
43267 19838
43267 43267
19838 19838
67107 67107
4408 4408
48142 1305
48142 48142
1305 1305
11236 69796
34490 35593
34490 34490
48438 48438
6794 1176
6794 6794
8799 8799
69118 69118
4600 69845
4600 4600
68933 68933
62471 62471
62172 62172
56553 56553
67150 67150
35593 35593
19949 19949
9871 9871
1176 1176
18286 18286
18286 15540
7031 7031
1969 1969
