51620 1056
63958 63958
63958 4312
1273 11084
50438 55893
50438 13650
50438 25510
50438 50438
50438 48839
20343 48142
35936 35593
35936 35936
35936 63850
24953 37850
73979 5091
20307 5583
76029 2672
60692 44953
60692 11260
60692 60692
60692 17020
60692 25256
45223 33141
45223 45223
45223 58888
52896 49603
75811 1233
75811 13650
75811 4366
9232 13265
29981 37026
29981 29981
29981 7776
37515 30699
75158 75158
75158 48831
53155 53155
53155 14094
53155 1441
75544 1463
1946 76006
1946 2415
1946 11145
1946 75916
1946 8133
1946 7206
1946 18593
1946 2126
1946 1682
1946 1946
1946 3106
1946 13694
1946 15629
1946 2689
1946 6085
1946 68958
1946 75685
1946 38200
1946 6647
1946 14915
1946 454
1946 75
1946 20597
1946 57583
1946 26319
1946 30186
1946 55893
1946 33039
1946 11115
1946 16702
1946 6794
38851 76558
26522 56286
26522 11142
26522 7302
26522 5399
26522 1358
26522 12176
76332 76345
76332 76317
76332 50128
76332 58777
76332 43076
76332 76332
2083 18060
2083 2900
6094 1441
6094 75673
6094 31310
6094 61680
6094 30186
6094 27013
6094 19729
6094 3684
6094 11142
6094 54311
6094 3041
6094 76178
6094 21349
6094 76468
6094 49673
6094 2384
6094 7108
6094 38744
6094 39747
6094 14450
6094 10893
6094 51469
6094 7092
6094 9025
6094 3206
6094 38624
6094 38267
6094 6094
6094 51778
6094 27453
6094 3959
6094 75918
6094 290
6094 11054
6094 970
6094 15540
6094 75794
6094 75853
49438 7076
49438 35626
49438 13113
49438 49438
49438 3206
68708 61106
68708 58550
68708 68708
68708 1
54780 75303
54780 69194
54780 75749
58096 58096
58096 2530
58096 8008
58096 806
58096 29887
2530 26360
2530 75773
2530 1176
2530 8526
2530 75940
2530 8385
2530 290
2530 56279
2530 15934
2530 75
2530 461
2530 31441
2530 2039
2530 27467
2530 55893
2530 10110
2530 8799
2530 2530
2530 75934
2530 61426
16326 12604
40983 18060
40983 6518
40983 42278
40983 385
30516 48757
70019 2097
51778 25510
75968 75422
75968 75968
75968 66623
22 76265
22 10718
7076 2384
7076 13119
7076 7076
7076 75840
7076 3206
7076 10035
2906 1441
2906 13119
75321 4231
75321 75321
10366 76167
24394 71046
76454 76454
76454 75496
21564 3901
21564 72317
21564 2039
21564 24094
21564 290
21564 21564
21564 1459
21564 13119
21564 65937
21564 76306
21564 76004
1245 28104
1245 4177
250 55893
250 28033
250 76162
1377 58328
76098 11142
76098 41139
76098 19075
76098 3959
76098 14450
76098 55893
76098 35840
76098 14830
76098 919
76098 76098
9317 11260
9317 4351
17787 24094
17787 17787
17787 39342
19045 13265
6514 43108
6514 2926
6514 11818
6514 18943
6514 38889
1119 709
11142 48839
11142 57771
11142 4177
11142 18060
11142 41291
11142 75970
11142 51546
11142 75842
11142 39082
11142 65818
11142 68208
11142 70618
11142 67002
11142 76501
11142 51469
11142 36688
11142 3206
11142 75841
11142 76052
11142 14094
11142 49537
11142 48334
11142 76548
11142 76515
11142 38267
11142 75496
11142 29697
11142 62562
11142 74651
11142 934
11142 16537
11142 51478
11142 3460
11142 76402
11142 11142
11142 12324
11142 31441
11142 75893
11142 48142
11142 763
11142 766
11142 69446
11142 69977
11142 11054
11142 36977
11142 36579
11142 75
11142 54316
11142 22606
11142 56553
11142 12481
11142 290
11142 75578
11142 29961
11142 801
11142 70788
11142 35840
16215 14390
14454 13972
26689 38947
14969 26080
20757 7460
20757 20757
20757 9072
40722 778
40722 15934
40722 40722
62639 3041
76025 43326
75171 1492
75171 9025
75171 75171
4814 290
9449 7460
9449 75682
9449 5100
9449 76035
40862 5263
40862 11682
75704 75420
75704 1106
14830 75591
14830 76248
14830 38744
14830 13972
14830 74330
14830 13168
14830 12905
14830 76356
14830 10035
14830 6518
14830 18060
14830 70464
14830 13650
14830 48142
297 75773
297 69621
297 2807
297 3106
297 2042
297 8430
297 76166
297 38889
297 11919
297 75970
297 61522
297 76167
297 74453
297 75293
297 297
297 76035
297 1162
297 69991
297 76437
297 12761
297 75841
297 4463
297 18739
297 2502
297 13265
297 15540
297 5690
297 10035
297 59249
19593 19593
19593 15129
19593 2554
58203 391
58203 40297
58203 58203
58203 13265
76080 16183
76080 13972
4423 6794
4423 76378
4423 76414
4423 20781
4423 48839
4423 8133
1703 41291
65937 6936
65937 75
65937 12310
65937 290
65937 3106
65937 18060
65937 12166
57432 57432
57432 3206
41650 76076
425 75616
425 4435
425 16046
9114 56191
806 75773
806 36579
806 54608
806 4832
806 76601
806 76102
806 73467
806 8628
806 10035
806 955
15242 121
15242 1463
15242 14094
15242 4639
15242 14450
15242 18060
15242 15242
15242 801
15242 1345
15242 35840
3698 50614
11143 59205
34461 76354
13215 50973
42087 4312
12481 18739
12481 4556
12481 12481
12481 45855
12481 76574
12481 43559
12481 3206
12481 10035
12481 955
37059 450
17559 35872
38805 12898
38805 4054
38805 3651
38805 1162
38805 1106
6316 21051
6316 6316
6316 70190
6316 2807
6316 55893
6316 26935
6316 75767
6316 763
6316 3206
6316 26591
75660 61522
75660 70739
75660 3272
75660 31469
75660 76335
43405 5495
10059 454
10059 10059
76018 4366
2926 75959
2926 75
2926 8628
2926 36688
2926 2926
2926 73388
2926 4177
2926 27453
2926 2097
2926 75591
2926 27467
2926 75912
2926 76035
76255 50064
76588 9871
76588 13265
76588 76588
14302 75293
14302 40432
14302 49603
14302 18060
14302 1358
14302 3199
17118 29697
76012 12705
76012 76012
17047 41322
67140 76483
353 18060
353 76354
353 4312
353 12310
14143 3848
947 36541
50718 55893
38379 21123
23197 9022
75293 75293
75293 3545
75293 11054
75293 1540
75293 14450
75293 28104
75293 1056
75293 43108
75293 4721
75293 454
75293 76586
75293 25256
75293 3075
75293 11260
75293 4177
75293 13650
75293 766
75293 8008
75 24078
75 6936
75 373
75 78
75 184
75 42100
75 42440
75 8799
75 76120
75 75934
75 76241
75 22277
75 4600
75 75889
75 22131
75 21051
75 16639
75 51164
75 75591
75 51203
75 3969
75 75707
75 8133
75 22019
75 76155
75 1176
75 38267
75 8628
75 57712
75 14111
75 42278
75 14915
75 5690
75 75
75 76210
75 66615
75 75749
75 50409
75 10035
75 1149
64194 64194
64194 75496
1131 75718
42302 22131
42302 3206
42302 1176
42302 3106
42302 4177
42302 42302
42302 3684
42302 35840
29787 9694
41075 65800
3959 15735
3959 31883
3959 3959
3959 44931
3959 22599
47116 13972
76502 11054
41932 11260
41932 48388
41932 41932
38361 70604
75853 36688
75853 75853
5555 58933
2310 71046
6818 13972
3969 14094
934 76169
934 40432
934 38267
934 28104
4362 15629
4362 76620
4362 64472
4362 4362
4362 36688
4362 763
12170 76288
12170 12170
76565 69974
11640 26080
11640 24965
11640 14111
11640 41970
11640 13491
11640 68742
11640 42440
11640 1698
11640 20031
11640 11540
11640 51164
11640 3901
11640 76299
56462 18060
56462 41291
56462 56462
8133 24078
8133 20597
8133 6085
8133 38744
8133 1573
8133 64472
8133 75685
8133 36688
8133 8133
8133 3684
8133 1004
8133 14094
8133 76378
8133 38435
8133 6794
40644 76134
40644 66623
75816 68208
37436 74676
37436 21339
9062 35158
69931 8430
69931 34575
69931 23141
69931 3684
70416 75670
75685 6085
75685 57712
75685 68958
75685 75685
75685 3324
12106 46184
76541 76541
76541 69613
76541 13265
76541 70739
48481 12674
48481 2689
48481 49537
48481 2954
45057 28104
45057 45057
45057 11919
45057 38624
16678 16678
16678 8628
16678 18659
1826 11260
1826 2893
1826 23141
1826 17261
9672 9025
121 76442
121 54369
121 18060
121 36688
121 75572
21014 21014
21014 11765
58443 3272
58443 4767
58443 2039
58443 26935
58443 11260
58443 2284
58443 50846
58443 4177
49537 1441
49537 17029
49537 49537
49537 2954
62560 9652
62560 613
62560 62560
62560 32507
7666 21278
7666 7666
7666 10076
3897 50614
18659 5091
18659 1176
76284 76284
76284 3684
14515 36688
14515 22606
14515 14515
14515 75290
14515 394
50409 22989
50409 12166
50409 3634
50409 290
50409 318
50409 51223
50409 51164
50409 35416
50409 50409
3901 35529
3901 360
3901 42645
3901 51223
3901 83
3901 3901
39129 70190
24078 6460
24078 13119
24078 44953
24078 763
76625 437
76108 36721
76108 4832
76108 48839
76124 55893
76124 13972
75940 75940
75940 27467
76335 21907
35626 20200
35626 75735
35626 75718
35626 31356
35626 9025
35626 1492
35626 3206
35626 38267
43108 74330
43108 43108
43108 76315
43108 5513
43108 3684
43108 61522
43108 45092
43108 11919
43108 6506
43108 1358
43108 48142
4961 38267
39359 62507
43559 1650
43559 1463
43559 14094
43559 12178
43559 10909
43559 9485
43559 69797
43559 1441
43559 1345
43559 43559
12482 12482
12482 25510
12482 763
12482 47522
12482 75290
76516 49247
76516 76516
64615 1345
26310 11260
26310 26310
26310 394
75889 6936
75889 42506
75889 70739
75889 15934
75889 360
75889 75889
75889 4177
75889 1409
76122 2596
38435 20781
1107 15505
24076 76111
38744 1056
38744 8187
38744 3206
38744 3684
31647 11115
24094 24094
24094 12166
24094 39342
51469 51469
6084 31356
51290 15629
51290 11260
51290 48839
51290 76259
5091 5091
5091 65913
5091 38624
5091 1358
5091 4556
5091 74453
76356 13265
76356 5100
76356 61522
76356 4144
76356 10076
3075 8628
5792 4231
5792 11260
5792 5792
5792 3108
5792 360
75841 75841
27829 56094
12310 24854
12310 61522
12310 76513
12310 12961
9502 75616
9502 54365
9502 68440
9502 46987
9502 76526
75938 55893
75938 75938
75938 11211
2954 36339
2954 49603
2954 76437
2868 54369
75788 402
75788 42440
4649 65800
42645 8430
42645 42645
42645 35593
64472 15629
64472 1233
64472 317
64472 4832
64472 9072
64472 58777
64472 763
64472 44953
64472 3684
72288 25437
72288 70739
72288 72288
72288 36672
74330 3684
74330 3902
74330 11919
74330 51143
74330 74330
74330 21095
74330 3324
74330 10035
74330 3206
3684 9924
3684 14414
3684 57771
3684 76102
3684 10266
3684 12178
3684 11919
3684 76558
3684 74453
3684 2689
3684 36579
3684 68208
3684 76315
3684 3206
3684 1358
3684 76548
3684 290
3684 76422
4690 22989
4690 4690
19520 74753
75925 70739
30366 75496
36934 23571
12233 41103
75953 1056
75953 75953
46510 75835
766 4519
766 55893
766 70618
766 9025
766 36721
766 8628
766 43856
766 12176
766 61308
766 18060
766 12324
766 75118
766 75893
766 12138
766 29961
766 766
766 23078
41220 13650
76451 76451
76451 36497
69977 4231
69977 24386
69977 29887
69977 14450
69977 69977
69977 14094
69977 34951
69977 5018
69977 66
69977 8799
69977 13650
40432 18060
40432 9430
40432 40432
4832 45494
4832 75843
4832 29625
4832 26591
4832 2622
4832 39022
4832 763
4832 2689
4832 11054
4832 4832
4832 75742
4832 66332
4832 75749
4832 76361
4832 5656
4832 74799
4832 58777
4832 74850
4832 75422
4832 37850
69194 69194
15650 10035
3380 18060
43000 12166
43000 75065
35520 46253
35520 36721
35520 21753
35520 61066
35520 35520
6043 18060
6043 13650
6043 10898
6043 6043
919 12259
919 14154
10494 20716
20597 20597
20597 290
20597 6794
20597 11145
20597 48767
20597 3859
20597 6085
18337 8857
76439 18060
49603 9025
49603 49603
38867 3847
38867 4144
38867 11682
38867 38867
50901 33509
50901 69029
73972 20233
73972 83
2554 76551
2554 37850
2554 76462
2554 36688
2554 69275
2554 74850
2554 39421
45615 45615
45615 8008
45615 30684
69613 69613
69613 70739
76014 76014
76014 13972
29973 11500
75432 18060
75432 6518
75432 75432
1106 1162
1106 1106
1106 13650
1106 75765
75916 3106
75916 36103
75916 2689
75916 11115
75616 68440
75616 21278
75616 76315
75616 302
75616 75616
75616 18060
75616 4144
75616 76035
75616 1149
75616 3996
9652 9652
9652 76363
40297 63984
40297 75588
40297 54369
40297 69991
40297 40297
40297 4463
40297 39380
40297 76310
40297 14514
40297 75933
40297 18060
40297 13625
431 23950
16185 4231
16185 70739
16185 14094
16185 16185
1401 76521
4144 3847
4144 75756
4144 18739
4144 3272
4144 18060
4144 4144
4144 75706
68208 3041
68208 30684
68208 69474
68208 11966
68208 3206
68208 32389
68208 3272
68208 3106
68208 1459
68208 22606
68208 68208
68208 44953
74453 18739
74453 13265
74453 2290
74453 10898
74453 26218
75572 75905
75572 14094
75572 50614
75572 75418
75572 68305
75572 70618
75572 14497
75572 763
75572 75572
75572 1688
70788 1492
75693 20200
778 19965
778 763
21907 14566
75418 763
75418 75418
4366 24965
4366 31469
4366 4366
4366 763
4366 7360
32332 41654
19369 43501
19369 10610
302 38566
302 8008
10076 75562
10076 43501
10076 10076
21123 69474
21123 54507
21123 21123
4463 4463
4463 13265
440 440
440 10035
76528 25199
76528 6756
391 66536
24478 62675
55893 74492
55893 68463
55893 75826
55893 68629
55893 48839
55893 16183
55893 11028
55893 75795
55893 41654
55893 75102
55893 18060
55893 15197
55893 25510
55893 18943
55893 1463
55893 8628
55893 41593
55893 44220
55893 4519
55893 15780
55893 1056
55893 61106
55893 76134
55893 25199
55893 43020
55893 4281
55893 613
55893 75843
55893 75992
55893 55893
55893 59289
55893 51137
69800 5002
1898 75392
1898 19885
1898 50081
1898 1898
1898 10035
1898 44093
12176 8628
12176 11919
12176 1358
12176 16510
12176 10898
12176 2024
12176 12176
76299 26080
76299 644
76299 76299
75773 75773
75773 2807
75773 73430
35269 2384
2807 34538
2807 49750
2807 1056
2807 2807
2807 40564
2807 15054
2807 10273
2807 75638
2807 10035
2807 10893
2666 15629
2666 3545
2666 2666
2666 43076
2666 11919
48585 13439
17836 8628
76189 3041
76189 76189
76189 75058
18191 8769
24494 75303
76411 20507
76411 76411
65913 6756
65913 11919
65913 62810
65913 13625
65913 65913
31356 10898
31356 37555
31356 30186
31356 31356
31356 38624
31356 3206
428 9417
428 69621
428 31475
428 13119
428 428
428 1345
44953 76042
44953 40564
44953 42409
44953 76035
44953 76102
44953 78
44953 43501
44953 75877
44953 76318
44953 22763
44953 69621
44953 76183
44953 76586
57483 57483
57483 48831
12898 76391
74564 2051
3593 78
74850 75749
74850 13650
61106 74799
61106 61106
40232 42047
70921 75303
27453 31475
76210 49247
76210 11919
35158 2938
35158 6415
35158 511
12674 70464
12674 2689
12674 68732
651 8430
651 651
651 54458
38624 56553
38624 11919
38624 76558
74492 48839
74492 890
3041 75591
3041 3041
3041 47522
3041 75058
76270 8212
1176 317
1176 3077
1176 76225
1176 5917
1176 3206
1176 25122
1176 1176
1176 27467
7710 37555
14414 15629
14414 1464
14414 14414
14414 29873
14414 454
14414 11260
39082 39082
39082 56191
39082 25510
39082 51223
39082 9305
3077 70373
3077 27467
75978 763
75978 75978
14497 18943
6766 76055
76163 22131
76163 20233
76163 6856
76163 763
76163 11540
76163 41291
49247 65818
49247 1345
59203 51335
59203 58340
59203 18763
59203 13119
75812 12905
61586 14514
54458 8430
54458 36554
54458 50406
54608 840
75830 75818
75830 402
75830 4572
22989 12259
22989 70618
22989 24891
22989 75041
22989 22989
22989 47958
22989 12166
76060 48278
23827 19075
23827 23827
4042 76359
4042 20302
30062 33209
30062 18943
3891 4231
3891 3891
75933 4333
57583 2689
57583 14915
49208 3902
74156 11260
11966 11966
11966 25510
11966 3651
29697 1044
29697 75496
33064 1993
75591 6794
75591 15934
75591 6518
75591 75591
25028 18060
25028 75426
25028 18943
25028 69757
25028 10035
31475 13119
75698 8430
75698 75701
75698 31469
75698 75698
13119 13119
13119 32022
13119 3460
13119 69747
13119 41103
13119 76115
13119 66615
13119 70604
13119 10035
75573 4231
75573 75573
76102 15629
76102 3
76102 290
76102 2481
76102 76102
76548 41178
76548 1266
76548 15684
76548 68305
76548 76548
7576 11054
7576 7576
75471 75422
66877 76128
4528 11540
1570 62635
76421 13265
11178 1516
11178 49750
1345 9417
1345 1345
1345 31883
1345 18060
763 76412
763 29625
763 48554
763 16183
763 47522
763 75718
763 18060
763 29873
763 763
763 69446
763 26935
763 50614
763 76115
763 75972
763 56920
763 76593
763 76183
6481 4721
24891 30267
24891 24891
25104 25104
49673 5810
50614 50614
50614 9942
20186 10893
54369 70739
54369 54369
71046 30081
71046 56191
71046 1406
71046 23078
71046 71046
66332 66332
66332 75422
31233 1770
44006 76409
41644 6794
41644 12961
41644 41644
5690 26470
5690 5690
5690 1162
31055 7206
31055 31055
31055 6794
31055 21349
31055 36103
31055 12705
31055 20781
38947 66471
38947 38947
6059 4231
6059 6059
6059 5740
27467 70739
27467 1056
27467 342
27467 4177
27467 27467
27467 36103
27467 78
290 65800
290 394
290 78
290 28033
290 49
290 1291
290 26080
290 8628
290 24965
290 6856
290 54507
290 61328
290 50551
290 66615
62780 62780
1149 1149
1149 6427
1149 49750
33209 76083
33209 13265
33209 801
33209 33209
38889 31883
38889 31469
38889 4053
38889 38889
75810 18060
75810 3272
75810 13265
11025 48866
36961 22277
19874 75303
19874 15629
75820 9417
75820 75820
75820 4177
16702 15629
16702 22131
16702 6085
16702 76361
16702 394
16702 454
16702 16702
23310 19949
14835 1459
24309 36688
75282 73850
69621 69621
69621 42409
69621 3460
50388 13650
50388 50388
50388 31469
10923 4085
10923 10217
75118 3206
46253 3401
8799 8176
8799 75659
8799 2689
8799 8799
8799 3475
51424 22606
59232 48859
59232 38066
38468 38468
38468 42278
38468 3206
38468 49750
6666 20999
6666 6666
6666 68893
6666 21051
6666 76101
6666 56191
6666 72317
6666 1465
6666 40564
6666 41103
6666 76251
36579 76422
36579 1056
36579 22971
36579 13650
74231 6348
74231 13265
74231 74231
67002 35593
67002 67002
60483 454
60483 1463
60483 60483
75742 25510
76265 10718
60618 75735
68847 17509
10898 11054
10898 3206
10898 32344
10898 10898
10898 76391
10898 3272
10898 76452
10898 18060
10898 13625
10898 49003
10898 49381
70355 76126
70355 60675
7150 13265
12259 4231
12259 12259
12259 4312
12259 14450
12259 13265
12259 35840
6415 25510
6415 3651
76318 76318
76318 2622
18943 317
18943 25510
18943 35959
18943 9072
18943 18943
18943 4177
7460 68440
7460 13265
7460 9072
7460 18060
7460 7460
7460 4639
7460 519
7460 76035
45564 27513
3651 11926
3651 3651
76453 76453
76453 35593
76453 66623
76026 23141
76026 14915
4433 1464
4433 75970
75041 4231
75041 7932
66615 66615
360 5181
360 11051
360 360
360 76263
360 28033
50128 4231
50128 50128
50128 13265
1058 7206
668 8008
68866 5399
75707 20233
75707 51164
935 12324
1 22277
76155 7206
70190 73850
70190 75422
1649 78
1649 4177
3118 29887
3118 5917
3118 3199
15388 76462
24993 8938
9942 9942
4556 7092
4556 3206
4556 4556
351 10718
351 22763
68893 68893
68893 38783
68893 18060
68893 21278
68893 36469
47762 13022
8938 75600
8938 8938
32389 32389
32389 4721
32389 21339
613 58975
613 58541
613 21051
613 36688
613 75749
38448 6427
41953 11145
41953 11115
21095 72317
23291 4231
23291 11877
23291 67066
23291 5740
23291 70739
23291 23291
5963 3816
5963 76115
5963 75102
5963 75600
5963 58777
5963 5963
5963 76046
5963 3324
43593 43593
43593 13265
58541 58541
58541 7294
58541 14551
58541 75749
25355 16183
5656 5656
15311 15503
333 66
12705 45242
12705 8628
12705 57519
12705 5917
42409 39747
66009 11054
66009 8857
1409 10110
1409 394
5181 5181
5181 344
73850 73850
73850 21753
73850 75760
73850 7667
65800 41103
65800 65800
65800 10707
65800 71116
48831 48831
48831 28199
20460 58777
61680 1540
78 20233
78 60985
78 78
78 41291
78 51164
78 43326
78 12166
78 5450
78 42440
78 75912
78 39004
78 644
78 6262
187 4177
43076 28104
43076 46987
43076 6856
43076 11395
35416 13265
35416 9694
83 4639
83 40883
75795 74842
75795 48839
51364 75735
56553 9025
56553 56553
43020 25510
43020 43020
43020 3928
75912 4177
75912 75912
61522 70739
61522 22606
61522 35575
61522 745
61522 76513
2051 75826
76167 11926
1291 7717
30115 102
35959 317
35959 10503
4721 11260
4721 30081
5740 25256
5740 5740
5740 51546
5740 51478
7602 17773
30684 25311
430 38145
430 19965
3206 3816
3206 3324
3206 45242
3206 70464
3206 8628
3206 42278
3206 3206
3206 23141
3206 38267
23297 73569
4281 4281
76489 4177
7932 4231
7932 7932
25485 25485
25485 8628
25485 32866
25485 75619
25485 68732
37389 37389
29783 76354
29783 41291
69301 3
69301 6634
69301 20793
69301 69301
69301 9025
56920 11926
56920 454
56920 11236
56920 56920
56920 24274
56920 75749
76633 25369
9485 22388
9485 18060
9485 9485
24386 4231
1441 75826
1441 76052
1441 51546
1441 1441
1441 22606
1441 16183
46987 18060
46987 46987
75843 75843
75557 71104
16639 50650
16639 22277
16639 75749
75638 1056
75638 75638
75584 9924
75584 28104
75584 75584
75584 18060
75584 13650
75584 48142
13566 46137
75884 317
76409 18060
76409 76409
66016 75538
75600 29873
75600 75496
21265 21051
44220 25510
44220 44220
44220 11926
1306 48554
6518 3272
6518 6518
6518 2481
6518 1492
6518 36977
4149 18060
4149 76085
1841 11540
1841 1841
1841 402
1021 4351
17945 75290
19276 27013
19276 37555
3149 75870
33141 33141
51223 402
51223 19186
51223 51223
51223 76251
7743 8628
76052 76052
20803 16537
76105 76103
26470 20233
26470 39747
26470 26470
20598 14450
3847 3847
7717 35587
20787 1358
184 184
184 8628
184 68660
184 42440
184 12166
1463 1650
1463 1463
1463 19075
31937 76377
37353 37353
30081 12976
42291 6101
75553 703
75842 11919
1358 11919
1358 1358
1358 6506
42261 75921
42261 4177
13904 57020
38966 11115
19729 35793
19729 19729
19729 39747
62680 44797
62680 31469
62393 11054
62393 62393
76442 9025
76442 48839
9025 20200
9025 31469
9025 10503
9025 75496
9025 18060
9025 11260
9025 38267
9025 10035
9025 9025
36721 51312
36721 36721
54403 76046
12166 12166
12166 51164
12166 8103
12166 9305
9091 41654
14094 70739
14094 25743
14094 24165
14094 76290
14094 3106
14094 9305
14094 66
14094 4231
14094 8628
14094 7894
14094 76354
14094 14094
14094 76058
14094 47958
14094 37850
14094 74799
14094 76162
7762 42440
15934 15934
15934 75972
15934 42278
15934 16537
4274 4274
10696 9658
10696 11926
10696 69289
10696 75756
2481 75970
11395 18060
11395 11395
2258 13742
51137 51137
1481 76608
70739 70739
70739 5101
70739 1384
70739 76193
70739 4351
70739 76085
70739 18060
70739 76240
70739 38145
70739 1573
70739 6856
70739 9401
70739 43326
70739 75556
70739 25256
19965 8452
19965 19965
19965 75735
21339 454
21339 21339
21339 5387
402 402
402 42440
75769 25326
3460 52926
3460 56191
3460 3460
3460 69747
21753 29873
69289 15629
69289 69289
31441 31441
31441 13650
62507 8430
62507 62507
76263 17440
76263 35529
76263 51164
3502 2191
3502 42440
8628 12858
8628 76042
8628 76536
8628 18739
8628 75735
8628 11919
8628 18060
8628 22277
8628 11054
8628 70618
8628 9072
8628 1056
8628 8628
8628 36688
8628 16537
8628 41291
8628 28104
8628 34575
8628 44691
8628 1492
8628 14915
2893 75735
12120 4519
12120 25311
12120 13972
12120 76254
12120 40074
12120 12120
461 461
69797 69797
11859 43022
52953 1847
52953 31310
10926 10926
10926 10035
60641 75422
76120 22277
45242 45242
45242 48142
28104 28104
28104 76083
28104 38267
28104 41654
28104 15540
28104 35808
3928 2039
3928 76620
8320 5450
42292 70341
76586 11926
76586 76586
62675 51164
4987 8430
6936 6936
6936 11546
6936 11540
6936 8824
6936 4177
76046 8887
25743 76597
25743 25743
25743 13972
4298 21620
4298 4298
2000 70618
2000 4177
60985 13113
60985 60985
56228 11417
42440 68822
42440 20233
42440 10707
42440 4177
42440 4011
42440 42440
42440 75749
42440 11540
42440 51164
10718 401
10718 10718
10718 75934
19475 38783
29491 22277
15570 8588
15570 8769
15570 11054
15570 15570
54541 30827
5015 75761
76556 6794
76556 44797
75536 13265
75536 14450
75536 10266
1573 75614
1573 16183
1573 76620
54507 8250
54507 25256
54507 6794
73670 36103
22131 22131
22131 68742
22131 10110
22131 36688
22131 41291
2821 3903
75392 11260
75392 75392
21051 16183
21051 21051
76211 70464
40804 52926
75949 21325
76007 6856
9377 11115
8991 30186
74594 14806
74594 18512
38783 36469
38783 36672
38783 6278
38783 38783
72317 41103
72317 13265
72317 8103
24165 24165
24165 41291
61328 61328
61328 19186
61328 43326
47522 9401
47522 23141
4351 4351
1447 76149
658 2384
68742 68742
69974 8430
69974 69974
9658 9658
44797 18263
317 9417
317 25510
317 3199
74676 74677
30971 66
37555 3816
37555 37555
37555 11054
37555 10035
32906 2362
3475 4312
3475 4177
5387 70706
5387 5387
69091 39380
19186 19186
14551 14551
3377 18060
3377 75873
3377 3377
35840 75905
35840 19075
35840 14450
35840 10266
35840 59303
35840 76083
1516 6129
22052 16023
57771 57771
41970 41970
39758 7655
8430 25311
8430 8430
8430 50406
8430 840
8430 58777
8430 38267
75718 9924
75718 4312
75718 75718
6506 18060
318 32022
32866 454
39342 401
39342 76350
22377 19885
70618 2689
70618 70618
70618 1492
70618 10893
69446 69446
4002 66
42864 3272
38200 6085
840 11926
519 18060
519 5100
17509 18060
75870 75870
3503 26935
3503 76558
10266 13265
10266 14450
10266 9694
10266 1459
12138 12138
12138 41291
450 450
13650 4519
13650 75549
13650 31469
13650 75985
13650 2622
13650 13650
10503 10503
10503 10035
43354 11115
76225 76225
76225 22277
35529 35529
74651 18060
74651 48334
31310 70464
20200 20200
20200 18060
20200 1492
20200 11260
20200 4177
57571 57571
57571 48839
57571 23141
15155 75290
15629 75303
15629 15629
15629 48839
15629 26935
15629 76259
15629 75422
15629 11919
15629 18060
955 955
69292 1650
24916 36688
24916 24916
33128 4312
33128 13265
8824 8824
57020 48839
68440 18060
68440 14514
68440 13265
75549 29873
7894 11054
11765 25510
11765 11765
11765 9694
14566 14566
75260 75260
75260 75496
48142 12905
48142 48142
30679 9417
60708 36541
11260 29887
11260 76359
11260 18593
11260 18060
11260 2622
11260 75977
11260 58777
11260 11260
11260 75426
11260 10035
29961 29961
29961 1044
39004 11540
76251 2039
76251 76251
26218 69991
26218 18739
37212 1171
3816 11054
3816 3816
61066 11054
61066 61066
66536 66536
29625 23141
29625 13381
19885 19885
36977 1492
5917 6794
5917 76036
13022 394
468 51546
468 76324
54365 54365
54365 13265
76051 18017
13265 48893
13265 19252
13265 14514
13265 13265
13265 18060
13265 76240
13265 69991
13265 75765
13265 8103
13265 75290
13265 39380
13265 75756
13265 41103
2622 75426
2622 2622
2622 75835
51546 33741
51546 51546
1310 18060
1310 43555
66044 35357
66044 66044
76312 48839
67034 36688
67034 67034
11145 2689
11145 18128
11145 26319
11145 11145
11145 7206
76241 38807
19038 69275
36688 36502
36688 36688
62154 48554
34575 3546
401 401
5496 76306
51251 51251
51251 13268
74842 74842
51164 51164
51164 11540
76360 4231
76360 76360
76360 1048
48893 48893
48893 13972
9401 9401
5100 32151
5100 5100
39747 76347
39747 20999
39747 39747
16537 11054
16537 16537
16537 74073
16537 8131
16537 42278
40564 6794
40564 14450
40564 40564
32344 32344
41103 41103
14450 14450
14450 49750
14450 801
14450 15540
36379 22721
76058 76058
42047 41424
70464 18060
70464 70464
70464 4312
12547 19949
76558 30186
76558 76558
2513 6794
36339 36339
2384 76106
2384 1056
76412 23141
76412 76412
18512 75588
38267 1847
38267 38267
38267 10035
52926 76350
5575 58777
58211 58211
58211 1162
49 25122
49 3993
49 13491
49 6787
47958 47958
47958 14915
30186 2233
10035 4312
10035 405
10035 4720
10035 19075
10035 10035
10035 1492
10035 12487
14111 14111
14111 4177
42278 11054
42278 42278
42278 11825
76118 13972
34538 1459
76246 75496
43501 43501
43501 3521
73388 2362
3905 1355
75735 5152
75735 2362
75735 76042
75735 44949
75735 75735
75735 22277
41654 41654
41654 394
69029 69029
25510 4177
25510 11926
25510 25510
25510 39115
25510 454
25510 1162
25510 10893
25510 33509
25510 76183
2811 2811
61426 9924
61426 49003
61426 11926
61426 61426
4231 4231
4231 76315
4231 24965
4231 11877
4231 1464
2689 2689
2689 1162
2689 6085
2689 38866
2689 11115
76042 22277
76042 76042
45255 45255
45255 68916
33509 33509
69991 18739
69991 69991
8103 56191
8103 75706
8103 8103
8103 76162
8103 23571
40998 75921
21152 11115
75257 75257
76115 26935
76115 76115
1985 53127
3995 32022
76620 18263
76620 76620
9924 9924
75614 1540
2290 35808
6133 27013
76083 6339
76083 9694
76083 76083
76083 970
51478 25256
51478 51478
51478 11926
3324 11919
3324 75191
75382 75382
37385 6794
37385 37385
37385 41291
11546 11546
70604 70604
24274 24274
37026 75682
75921 18060
75921 75921
31469 31469
31469 41291
31469 73467
1056 68732
1056 76324
44949 36103
44949 19075
39380 39380
18263 58777
4619 18739
39421 39421
26935 26935
4811 2415
1492 4312
35357 10368
41279 41279
9694 6451
9694 9694
9694 36554
36497 6101
36497 48839
36497 36497
1483 1483
1483 48438
28033 28033
76193 18060
5251 7442
68629 75422
58975 58975
58975 1540
2938 16671
43555 66
43555 18060
43555 43555
20031 20031
75588 75588
41593 13625
10605 69037
12664 75682
12664 10941
14915 7206
14915 23141
14915 22277
14915 2415
14915 13113
26080 26080
26080 4177
2312 3106
75934 75934
76315 58777
13491 11540
13491 13491
43856 43856
75749 75303
75749 16183
75749 4177
75749 75749
75749 22277
25122 25122
12178 3902
12178 6101
8588 39022
75556 7263
16183 29873
16183 13972
16183 394
16183 16183
74864 18756
75706 75706
61815 18060
61815 61815
30267 30267
9305 9305
75905 15540
75905 75905
745 22606
745 75776
36103 36103
36103 4177
3902 13113
24965 24965
24965 66
24965 11540
76440 18060
76440 76440
41424 55922
76437 76437
42676 29887
3272 3272
3272 65915
6460 76593
6460 6460
2047 2047
76462 76462
76462 69275
16654 41291
20781 6085
20781 6794
75877 75877
5010 11540
5010 75290
75826 75826
890 890
23106 1464
19252 19252
51043 51043
25311 25311
25311 13972
24681 3106
75756 75756
3824 3824
3824 75496
33768 11115
25256 12858
25256 394
25256 25256
2097 75626
75874 6794
75874 75874
75874 4177
18739 18739
18739 41291
7222 49750
10475 31476
2233 2233
75965 4312
10368 2415
76162 76162
76248 22606
76248 13972
2039 48438
1540 76361
1540 39115
1096 65915
75761 75761
42714 9430
75893 75893
75893 8857
13625 11919
13625 13625
11540 11540
11054 11054
21655 49750
76324 58777
76324 76324
1162 1162
16023 16023
25199 25199
41734 4572
14514 14514
76290 76290
76290 1650
49834 69331
20233 20233
13972 18060
13972 13972
7206 7206
7206 26319
8008 8008
11919 11926
11919 11919
75970 75970
18060 65
18060 3106
18060 29873
18060 49750
18060 41291
18060 18060
18060 75506
58777 4600
58777 58777
3199 23141
3199 3199
39022 39022
29873 29873
454 39115
454 454
454 102
454 41291
454 11926
12905 12905
12905 15540
75776 22606
7294 7294
11926 11926
11926 75506
11926 5279
38900 75496
76593 76593
2655 111
69331 69331
6646 36073
62562 62562
75102 75102
49750 49750
31476 31476
31476 41291
2362 18017
66403 75422
66403 41291
48839 48839
75977 75977
4177 394
4177 4177
4177 3106
4177 22277
4177 6794
4177 18017
4177 11115
69037 26360
69037 69037
39115 22277
31883 31883
18017 18017
41291 41291
22606 22606
394 76423
394 75496
394 394
23950 344
2415 2415
75426 75426
6634 6634
20999 20999
3106 68732
3106 3106
38866 38866
4572 4572
36541 36541
10668 10668
1650 1650
6794 6085
6794 6794
6794 22277
43528 38869
70373 70373
66 76306
66 66
19075 19075
43326 43326
20302 20302
23141 23141
74799 74799
75496 75496
36073 36073
48554 48554
4519 4519
4519 75422
344 344
75765 75765
15540 15540
76506 76506
18756 18756
75290 75290
75422 75422
76361 76361
26319 26319
26319 11115
75506 75506
76423 76423
56191 56191
68732 68732
11115 11115
37850 37850
