22049 26380
11661 13168
51424 10898
51424 2106
51424 12481
3394 8146
3394 32961
3394 3394
78630 4144
78630 78630
78329 9025
78329 78329
17787 22
32499 1446
51134 35593
76791 14508
78215 55893
76332 76700
14111 2181
54780 9652
54780 2622
54780 54780
54780 1540
54780 20507
78254 76500
78254 44953
78193 78193
78193 77927
78193 30684
39521 19018
39521 11054
39521 76548
39521 39521
39521 34461
70019 450
70019 2926
70019 78535
70019 70019
46140 13625
33530 47027
74453 11142
74453 385
74453 8857
74453 74453
2906 36688
2906 4500
10366 184
10366 11142
10366 1100
10366 2039
10366 76241
10366 42440
10366 78672
10366 51223
10366 11640
10366 56462
3380 78087
21564 24094
21564 62367
21564 78054
21564 21564
78287 61522
78287 49003
2555 4463
2555 50754
19045 70739
37822 15129
11142 398
11142 43460
11142 76771
11142 76665
11142 44651
11142 20787
11142 3803
11142 74606
11142 13265
11142 38889
11142 11919
11142 78138
11142 18060
11142 1358
11142 18943
11142 78273
11142 39747
11142 1573
11142 58096
11142 36688
11142 21907
11142 6094
11142 47795
11142 61479
11142 21051
11142 18739
11142 7935
11142 38624
11142 78739
11142 76840
11142 78416
11142 4433
11142 78062
11142 76098
11142 31310
11142 22131
11142 2290
11142 16183
11142 3684
11142 11142
11142 61704
11142 11926
11142 76782
11142 4037
11142 50754
11142 77928
11142 26522
11142 78621
11142 69931
11142 33064
11142 75130
11142 57982
11142 26536
11142 56878
11142 3272
11142 77921
11142 6619
11142 12481
11142 806
11142 78500
11142 4312
11142 12705
11142 38448
11142 9025
11142 10035
11142 15002
78729 4961
2678 78603
78655 121
75171 62709
9449 61522
9449 60435
5034 14094
5034 13265
5034 41644
5034 5034
5034 17845
40836 6518
19593 75749
78262 23141
78262 8628
78262 5712
78262 78262
12489 7206
1822 1441
8756 75130
8756 2284
70498 64141
806 9924
806 76758
806 13904
806 76883
806 78375
806 76102
806 1898
806 76762
806 75422
806 58096
806 4312
806 806
806 78739
806 76479
806 73430
806 69931
5710 2383
5710 14450
5710 35840
1811 41283
1811 9485
38448 25437
38448 1345
38448 4312
38448 66607
69343 69343
69343 25510
69343 6494
12481 78273
12481 8628
12481 48142
12481 70508
12481 9025
12481 10898
12481 2384
12481 43076
12481 11926
12481 13265
12481 12481
12481 78321
12481 4312
12481 44953
12481 76479
12481 26522
12481 10035
12481 3996
38805 38805
38805 766
6316 6316
6316 70618
6316 9025
6316 2266
6316 3684
6316 297
6316 3005
6316 31807
6316 3106
6316 1946
6316 13650
6316 8008
35959 9121
20598 9924
20598 35269
20598 20186
20598 20598
20598 1358
20598 41283
17879 50081
41060 36688
41139 5736
60450 8430
60450 56222
64294 78474
353 8628
353 62562
353 75290
51663 25256
51663 4312
51663 13552
51663 51663
51663 74073
51663 10898
51663 73430
51663 10035
51663 16510
76580 76883
76580 29873
1532 26538
1532 12518
1532 35936
1532 2807
1532 78358
1532 25028
1532 3537
1532 3684
1532 17836
1532 7206
1532 8430
1532 25011
1532 12178
1532 4312
1532 19885
1532 4177
1532 50145
1532 34180
1532 1532
1532 25256
1532 7709
1532 5740
1532 31469
1532 1056
1532 2530
1532 41291
1532 6094
1532 39495
1532 56921
1532 8725
1532 7076
1532 78525
1532 62709
74578 1847
74578 74578
74578 17773
52926 7460
52926 35529
52926 17812
52926 78138
69183 13265
78552 11260
57941 57941
57941 39428
25490 2622
25490 47189
25490 3948
25490 25490
5555 41291
6818 4231
6818 6094
6818 394
4362 6094
4362 78673
4362 25437
4362 77923
4362 61515
4362 66688
4362 26778
44873 18060
44873 44873
44873 2841
9022 9022
9022 12776
35731 13265
51143 74330
51143 36721
40262 40262
40262 3106
40262 6794
40262 25028
40262 38267
76284 25256
76284 13265
76284 43326
76284 76284
76284 72288
76284 47763
59283 1441
59283 68708
76775 9025
76775 75422
76719 76719
76719 13694
9706 15629
9706 9706
78539 78606
78539 69194
2467 8345
78627 6094
78627 1441
78417 78417
16678 22131
16678 75
16678 8628
16678 37211
16678 1946
16678 16678
10846 12878
64663 62810
7402 32389
7402 1898
76894 77945
76894 62356
76894 6950
14515 50438
14515 46290
14515 14515
3521 39380
3521 70739
3521 43501
3521 3521
3521 10076
3521 23240
577 76671
77928 35840
31807 1946
31807 31807
31807 11145
31807 78370
44860 76827
44860 6950
5442 5917
5442 76572
4040 1056
4040 25028
4040 31469
4040 41291
78256 54761
24076 75293
24076 24076
73395 14094
73395 10481
73395 73395
73395 35840
6084 14508
6084 6084
6084 38889
6084 14450
21369 24965
21369 35482
21369 3901
21369 41970
21369 21369
21369 12204
21369 12166
41452 77927
3502 76887
3502 4177
3502 18017
3502 42440
9502 76815
9502 76743
4760 10194
44143 78672
78716 36579
78716 78716
78716 11054
74330 3206
78738 78726
30366 23297
78347 15629
78347 11417
78347 11100
78347 3272
78347 60435
78347 11926
78347 6518
78347 1492
78347 78
78347 6494
54804 6262
78496 4037
17087 66
17087 1898
17087 11926
17087 36579
4832 2689
4832 8628
4832 42047
4832 62560
4832 16702
4832 76906
4832 43535
4832 22277
4832 15570
4832 35445
13356 290
13356 13265
13356 13356
683 10503
683 19739
5970 1492
5970 34180
3993 8588
3993 62302
3993 75418
3993 1176
3993 3993
3993 30462
3993 3651
2381 18060
919 73892
75382 17945
613 76453
613 25311
613 3948
613 13904
613 65972
613 613
613 36688
613 25356
613 16183
613 6032
4325 44931
6950 13265
6950 75418
6950 6950
6950 66
6950 48866
6950 3996
6950 18060
2554 3675
2554 36952
2554 39421
2554 16107
2554 16702
49556 7076
49556 18739
49556 12419
49556 35453
49556 4312
49556 49556
49556 2530
238 13972
50274 63984
50274 50274
17029 78175
17029 76875
8528 13917
50982 18060
50982 50982
50982 17581
40432 40432
40432 75496
40297 69977
40297 8628
40297 56947
40297 15242
40297 72288
40297 7482
40297 39380
40297 40297
40297 4037
40297 30827
40297 78638
40297 58688
78592 48839
76859 6094
2106 60618
2106 60903
2106 2106
73784 39421
76098 20787
76098 76098
76098 2926
76098 10605
76098 13113
76098 11926
76098 13265
76098 1176
76098 18060
76098 8799
76098 44291
76098 4231
76098 5740
76098 14450
76098 16710
76098 2024
76098 24563
76098 41644
76098 14094
76098 36466
76098 2383
76098 10266
76098 290
76098 14830
35269 1463
35269 35269
35269 2926
35269 43559
38418 27013
38418 11640
4366 31883
20595 6094
20595 78273
20595 14830
20595 3106
20595 7092
20595 20595
20595 3684
7710 10059
7710 71104
2294 4780
7868 44812
440 20186
440 34461
391 78505
76840 25510
76299 1100
76299 78
76299 3901
76299 76299
69208 78493
8385 48084
8385 37496
8385 1898
8385 2383
8385 8385
8385 76254
8385 1946
8385 62850
8385 40726
8385 37043
8385 48787
11920 60435
43535 6794
43535 3272
43535 43535
32898 32898
32898 16537
429 454
429 4961
5018 1898
50551 62560
43445 4177
43445 17047
43445 1465
8176 297
8176 77921
8176 19075
8176 8176
8176 4312
8176 3143
8176 38624
78039 3132
78474 78474
78474 1056
78474 14830
12898 40090
57982 28104
57982 22389
57982 57982
57982 1847
7709 297
7709 2893
56878 290
56878 3460
42278 8430
42278 78100
42278 13650
42278 40023
74045 75246
27453 73892
27453 63984
27453 65952
77945 121
77945 13265
77945 18060
77945 12166
77945 4177
76745 19126
12674 68732
78672 40804
78672 2926
78672 1465
78672 1227
50081 8799
50081 70005
50081 50081
50081 1898
7721 22131
7721 7721
7721 49
7721 78065
3041 20597
3041 1898
3041 76593
10700 4925
37691 71104
4706 7935
3537 4042
3537 4614
15980 78524
41283 25485
41283 11919
41283 4312
41283 13650
41283 41283
41283 5963
37096 37096
21753 78041
21753 44953
21753 21753
17734 70508
30850 7437
30850 13265
76798 7932
30062 37211
30062 56947
30062 14508
3891 48866
57842 297
57842 801
57842 56947
78650 35357
78650 8146
78650 78650
78650 13119
78650 75749
13917 4281
13917 4500
13917 75290
13917 43941
78 10059
78 24965
78 11926
78 40883
25477 62810
25477 20507
25477 48084
78294 78301
78294 70739
78294 78294
78294 7460
36614 15342
45347 6772
76102 3803
76102 15629
76102 4312
76102 11919
76102 76102
76102 38624
37385 2126
37385 75735
37385 14915
37385 23141
37385 11640
37385 37385
76421 76421
61515 49151
61515 61515
61515 13265
3996 75682
7206 26080
7206 5583
7206 55892
7206 11145
7206 22131
7206 22389
7206 5810
7206 17836
7206 7206
7206 20597
7206 6942
7206 11233
7206 30186
7206 2689
7206 60714
7206 15570
7206 76572
7206 43354
49673 6094
49673 49673
49673 73680
49673 934
48489 17773
48489 48489
48489 41916
48489 17581
48489 14830
48489 78375
48489 3684
50614 50614
50614 6999
49056 66
49056 290
49056 5585
31327 14379
39380 4333
39380 39380
39380 13265
39380 18060
39380 70739
290 78350
290 56920
290 35482
290 37211
290 2926
290 3319
290 3
290 42440
290 24611
290 76731
290 76743
290 78175
290 24965
290 14450
290 71046
290 62675
290 4002
290 78061
290 13767
290 27467
290 290
290 69037
290 36370
290 2612
290 14830
14653 77930
11025 11290
19874 15629
19874 19874
8542 20031
78324 66
78324 1916
78324 78324
78324 11919
16702 22131
16702 19276
16702 19520
16702 75749
16702 1688
16702 16702
4177 11100
4177 3077
4177 22131
4177 75954
4177 40883
4177 76709
4177 18060
4177 4177
4177 78581
4177 41654
4177 49
4177 42440
4177 66
4177 72287
4177 20597
4177 78175
4177 78182
4177 78065
4177 801
4177 76715
4177 121
4177 76572
4177 27467
4177 1946
4177 3106
4177 35840
6451 4149
6451 1345
6451 13265
6451 51325
6451 13972
39580 22131
39580 20233
21029 41291
21029 21029
30582 658
13431 36688
13431 13265
47228 9091
24993 7076
44022 18060
44022 44022
44022 26218
44022 14830
44022 22989
36579 3684
36579 75853
67002 6094
67002 13650
67002 67002
6942 6085
6942 43354
74273 25510
74273 74273
74273 2954
74273 405
13809 59205
76453 76453
76453 75422
76453 66623
76026 23141
48839 62560
48839 76906
48839 75338
48839 78621
48839 49404
48839 77908
8146 58096
8146 8146
8146 69931
8133 10059
8133 14094
8133 78521
8133 11145
8133 8769
8133 43266
8133 14302
40726 1898
62605 9091
76417 36604
791 14094
791 791
791 41644
35445 33849
35445 35445
351 22131
351 351
351 22763
351 12793
31451 2926
31451 2502
31451 31451
49208 3902
49208 25510
49208 12178
49208 49208
18337 18337
348 68479
17845 41075
73880 7076
73880 73880
5963 76788
58541 7294
73622 60618
73622 17602
78308 23141
78308 20302
43954 54415
78249 25510
78249 78249
78249 3324
78249 3651
78500 78500
78500 44953
12705 61682
12705 11926
12705 40263
12705 31310
12705 78562
12705 78216
12705 12705
12705 8991
12705 5917
58550 1441
1409 18263
1409 3075
1409 15887
1409 18060
1409 59205
1409 5690
65800 6936
65800 18060
65800 19186
65800 43326
65800 39747
65800 360
65800 14447
65800 61328
48831 57483
20460 75572
11576 12565
15780 55893
15780 71104
23835 11115
23835 23835
61522 17988
61522 13265
61522 61522
61522 2622
4658 5100
5740 11216
5740 19276
5740 61536
5740 1227
5740 78690
76004 67118
47189 47189
47189 3948
25485 10035
25485 75735
25485 34461
25485 44175
25485 36977
16639 22131
16639 6999
16639 16639
16639 1123
16639 763
16639 15129
29783 4312
77908 8430
77908 25256
77908 77908
77908 11926
25762 4231
25762 25762
25762 14094
25762 35840
52918 78484
4780 4780
4780 16510
4780 766
4780 38624
62709 36554
62709 69301
62709 25311
11392 11392
11392 25510
11392 40883
66016 1847
66016 17118
66016 4312
66016 66016
78581 16578
78581 16019
26059 57771
22389 34538
22389 60435
22389 22389
22389 1459
22389 77927
22389 717
36931 321
1114 7460
1056 7717
1056 21291
1056 62135
1056 14830
1056 1056
1056 71104
1056 25028
1056 5712
1056 36977
1056 8430
1056 45594
1056 78574
1056 8799
1056 76479
1056 20186
73502 8430
73502 1898
73502 42047
73502 73502
73502 43108
73502 11260
68722 78532
76685 4833
12281 34538
12281 8508
20803 75735
11145 11233
11145 78370
11145 6085
11145 11145
11145 1946
11145 41953
11145 76572
4061 8250
14915 75
14915 1946
14915 8628
14915 14915
1463 1463
1463 77921
1463 14094
1463 78029
1358 21265
1358 78446
1358 14450
1358 20787
1358 1073
1358 75616
1358 297
1358 14094
1358 11926
1358 47958
1358 20302
1358 1345
1358 1358
75934 33854
1437 6518
1437 48554
78273 78273
78273 3272
78273 39714
78273 11919
78273 6756
78273 44812
78273 73430
78273 14830
62680 9025
62680 62135
62680 31469
43423 13265
15482 468
50166 1980
13168 21574
2312 78673
14094 9317
14094 70809
14094 78172
14094 1688
14094 14094
14094 13265
14094 11877
14094 76731
15934 78315
15934 18739
15934 76731
15934 41644
5177 10718
75293 75293
75293 32961
75293 19885
75293 70809
75293 71104
394 78673
394 78032
394 50658
394 394
394 78069
76881 48084
10881 468
10881 78149
10881 25309
10881 6518
10881 60714
10881 2530
10881 5690
3460 9417
3460 8103
3460 63984
3460 3460
76689 11926
76689 39342
45 26080
17589 18086
17589 17589
78023 62810
8628 35545
8628 2415
8628 72288
8628 8250
8628 7460
8628 2926
8628 17836
8628 3684
8628 2000
8628 11926
8628 75735
8628 1176
8628 19885
8628 44953
8628 1688
8628 22277
8628 1946
8628 26080
8628 8628
8628 37555
8628 62810
8628 11540
8628 41644
8628 76042
8628 75
8628 65915
8628 1492
8628 43266
8628 3651
8628 48142
8628 6794
2893 32389
2893 2893
2893 1492
2893 11260
2893 25028
2893 65
2893 78079
59313 1450
2363 69037
6129 2926
37039 297
37039 70739
37039 37039
28104 78512
28104 2705
28104 19075
28104 56534
6262 6262
6262 2926
6262 1261
6262 12166
6262 2841
6936 6936
6936 1474
6936 21090
6936 76715
6936 40883
6936 65937
1847 297
1847 25437
1847 25510
1465 13552
1465 51454
1465 35936
1465 1465
1465 65972
1465 75290
1465 6094
1465 41654
1465 12310
1465 78138
1465 10110
1465 76483
1465 51223
2618 10035
5292 67011
3803 21907
297 10858
297 70739
297 1459
297 297
297 54311
297 4312
297 21615
297 69977
297 22131
297 11561
297 4002
297 8430
297 69613
297 4497
297 13915
297 76731
297 75
297 22989
297 302
297 18739
297 766
297 78621
297 36688
297 10035
297 38889
77965 1898
77965 77965
77965 2926
77965 75422
1227 1227
1227 18060
1227 1946
9617 13265
9617 9617
9617 14830
15506 8938
972 38852
78095 22989
78095 78095
78095 13265
1573 16183
1573 68708
1573 76162
50145 4312
50145 50145
54507 21123
78053 20781
52936 9417
22131 24078
22131 20233
22131 22131
22131 2926
22131 77923
22131 8508
22131 49
22131 11640
22131 42440
22131 69037
22131 76731
22131 22191
22131 76743
22131 75
22131 1946
22131 63877
5091 5091
5091 76391
5091 31310
21051 25510
21051 62560
21051 78164
21051 77968
21051 16183
78321 37211
8297 48084
34461 6094
34461 17581
34461 34461
1715 4312
1715 75801
437 65818
40549 40549
40549 13972
40549 4002
658 78100
658 4987
78446 454
78446 20507
78446 25510
78446 78446
66623 76681
36977 1492
36977 1266
25437 25437
25437 21291
48866 48866
48866 5100
19186 8103
1186 4037
14551 76423
14551 36688
14551 76033
4497 11054
35840 11100
35840 3005
35840 69301
35840 15242
35840 35840
78350 4149
57771 18060
2275 73892
76409 75682
2705 7742
78469 78469
17945 62810
17945 75290
70618 7743
70618 6794
70618 70618
40023 11926
40023 47958
40023 7076
40023 26522
40023 40023
54415 54415
54415 2415
54415 61536
74387 48084
12138 77930
12138 4312
12138 17773
450 53127
4298 1540
4298 4298
35529 76602
35529 24965
35529 732
35529 76251
31310 1441
31310 31310
31310 21090
31310 454
27467 5181
27467 13767
27467 12166
27467 27467
27467 2926
27467 11640
6779 48554
21146 7460
21146 10898
21146 61426
21146 21146
50009 61536
7742 3329
7742 8008
7742 1229
7742 2480
7742 5010
8590 75735
8345 31304
8345 6646
8345 13552
8345 26069
8345 8345
78100 78100
78100 4312
4117 11926
36974 317
36974 6986
78505 17988
78505 6263
78505 78505
78557 1898
26218 26218
3816 51
21278 75970
5917 8991
5917 1946
5917 6794
5917 5917
7952 21349
7952 42440
78386 78386
78386 78416
78386 45707
78386 4137
78069 4042
78069 4842
13265 15606
13265 3077
13265 51325
13265 4333
13265 76723
13265 13265
13265 75970
13265 75682
13265 49355
13265 78199
13265 22989
13265 78247
13265 77930
13265 70964
13265 78327
13265 41075
13265 18739
13265 2530
13265 76815
13265 2579
13265 7460
13265 4037
13265 77919
13265 56010
13265 75765
13265 69931
13265 78495
13265 32587
13265 14830
13265 4149
13265 24706
13265 41644
13265 78022
51546 51546
51546 39678
51546 25510
51546 43444
49831 77927
1310 21965
1310 12352
1310 70964
78647 78647
78647 9025
65818 22989
65818 65818
65818 8103
65818 43326
76241 3199
35453 35453
34575 6094
34575 62367
7252 76883
1946 33064
1946 9417
1946 2926
1946 56534
1946 1946
1946 22277
1946 76572
1946 26080
1946 75
1946 6794
1946 5794
1946 37555
1946 20597
1946 73529
1946 33039
1946 43266
1946 11115
1946 3651
1946 78521
1098 2266
1098 8131
2191 2191
2191 11540
2191 48554
12356 9417
73892 73892
68382 68382
76639 7460
76639 25028
76649 20787
76649 76649
15054 2807
76680 8430
76680 76680
76680 37436
76680 766
76680 2622
18526 62302
447 13625
59248 17901
19088 19088
19088 7399
2384 11054
2384 2384
2384 34180
2384 9025
1266 2000
1266 1266
1266 56704
1266 78180
1266 26778
33842 2926
75685 75685
75685 2126
15242 317
15242 66
15242 15242
15242 4639
44175 11540
44175 44175
8843 6794
8843 2926
2857 65915
75 78054
75 75
75 1474
75 76693
75 68305
75 72288
75 76846
75 2000
75 56228
75 66
75 56920
75 763
75 73430
75 21615
47958 40723
47958 75735
47958 10266
47958 47958
78112 63877
30186 62695
30186 11919
31026 78216
39552 3377
64060 30927
41654 6094
41654 6666
41654 184
41654 12156
41654 41654
41654 66
41654 19276
28209 62810
73923 22989
7494 18263
5743 2383
405 25311
405 29873
405 70190
405 14830
405 36554
405 10035
405 405
5810 1441
5810 11919
5810 10035
8103 51223
8103 13972
8103 78392
8103 4639
8103 8103
8103 68708
8103 77954
30790 49
31821 36721
78532 11054
26844 75082
31475 13119
69525 32022
21291 21291
78629 74606
23240 6794
23240 41291
23240 23240
78315 78315
78315 11540
26538 6518
76083 40723
78299 21965
78299 11540
38236 23716
38236 56947
3324 3377
3324 46536
34170 75338
34170 23141
34170 34170
78517 78517
78517 70355
78517 9072
4069 76541
76794 1441
25028 58096
25028 76815
25028 25028
76906 763
6619 1492
26579 33757
9025 58096
9025 955
9025 69301
9025 35410
9025 77978
9025 76782
9025 75422
63877 35394
57044 9417
57044 57044
57044 43326
36721 11054
36721 76108
36721 4312
36721 9652
36721 50901
36721 36721
50658 4231
50658 11504
50658 13972
74073 18739
74073 4312
46690 37214
78140 70739
7092 14830
7092 76572
78588 18263
12178 25256
12178 12178
12178 30520
12178 1459
78574 11054
78574 78574
43108 15629
43108 1441
43108 4312
43108 41291
43108 13625
43108 24625
60693 12310
60693 75853
8588 8588
8588 11054
6756 11919
6756 6756
61605 8106
77923 23141
77923 30684
77923 763
77923 2926
77923 77923
12176 61479
12176 4312
12176 12176
75735 29887
75735 37555
75735 2362
75735 2926
75735 3206
75735 75735
75735 41644
75735 3959
75735 76758
75735 20781
75735 22277
75735 78535
50754 468
50754 18263
50754 50754
50754 62810
78673 78673
78673 1441
78673 20781
78673 62810
78673 59142
78673 6032
78673 2497
78673 11260
76440 76440
76440 35520
61389 9652
3272 18739
3272 38889
3272 8131
3272 71019
3272 3272
3272 3684
20781 8784
20781 20781
20781 10231
20781 76572
20781 48084
8354 47322
2480 2480
37214 18060
37214 22989
1464 19012
76106 76106
3106 62810
3106 5585
3106 3106
3106 78216
3106 3684
3106 78440
25256 76700
25256 25256
25256 51478
25256 78535
25256 30395
25256 77963
25256 2926
25256 438
25256 23141
25256 25109
25256 7076
25256 21574
25256 36688
37266 29697
37266 37266
5585 5585
5585 7076
5585 18060
5585 8410
64541 43326
321 4002
11877 11877
11877 32332
18739 9417
18739 4324
18739 29887
18739 56704
18739 2266
18739 12218
18739 13113
18739 4312
18739 38889
18739 7076
18739 18060
18739 18739
18739 22971
9344 3684
78648 1058
78648 6794
29225 752
76162 12166
10059 121
10059 10059
10059 11286
10059 41291
1540 1540
76875 76590
3969 76590
27013 9093
27013 6794
27013 78700
27013 50438
13093 62560
4312 1441
4312 13972
4312 8131
4312 2807
4312 5534
4312 955
4312 4312
4312 13625
4312 9652
4312 8799
4312 73430
4312 19078
4312 75801
4312 78525
4312 50901
4312 11054
4312 48693
4312 5010
4312 38624
57415 2841
13625 75130
13625 9072
13625 763
13625 10231
13625 48084
13625 13625
13625 65915
13625 44609
12793 12793
12793 34538
12793 14450
11540 2841
11540 41970
11540 29323
11540 40883
11540 78065
11540 42440
11540 12204
11540 11540
50152 76883
73680 6094
78265 19276
75130 10547
75130 75130
75130 38889
75130 6518
78175 32022
630 38379
1988 36688
1988 3928
8441 6518
56704 56704
33039 6342
33039 76572
34082 3902
34082 75749
5784 5784
21349 1353
21349 54761
21349 35936
21349 48084
12664 12664
8131 31469
8131 8131
8131 7076
8131 2266
8131 21339
8131 3684
8131 23297
23207 26522
23207 23207
473 10503
3308 65837
8008 22989
8008 8008
8008 58096
8008 78375
56228 2000
56228 2841
56228 121
75970 70739
75970 75970
18060 69558
18060 70739
18060 78062
18060 9317
18060 66
18060 3684
18060 76762
18060 78638
18060 38889
18060 18060
18060 4144
18060 4639
18060 8938
18060 14830
18060 17773
18060 4037
18060 78484
18060 6094
18060 7076
18060 70964
18060 76815
18060 78135
78657 11260
1898 2273
1898 49750
1898 76883
1898 78040
1898 8430
1898 828
1898 48084
1898 1898
1898 29873
1898 39495
1898 23297
1898 62810
1898 78105
1898 3005
1898 3651
29873 8430
29873 6518
29873 17020
29873 48084
454 1593
454 454
454 13650
454 38889
12905 18286
12905 2290
12905 14830
12905 12905
24625 2926
61479 61479
61479 76857
23980 66
23980 23980
23980 1306
7294 7294
1537 14447
65915 2841
65915 402
65915 175
76815 14830
76815 76815
76815 3684
76593 5534
76593 71122
76593 23141
76593 34640
76593 58096
76593 13381
76593 76593
36946 36946
36946 6032
32022 3995
78690 2622
78690 763
77978 77978
78693 11926
78693 11919
78693 21090
78693 78693
78693 2290
78693 36707
78381 78381
78381 68708
77968 77968
77968 15129
3948 50438
3948 3948
11072 11546
33128 47795
33128 11926
33128 3684
33128 33128
41626 21265
41626 13972
41291 32332
41291 40564
41291 41291
41291 766
41291 121
41291 49
41291 76836
41291 2530
41291 10368
10368 2841
18756 15887
75426 75426
75426 11260
29887 2530
29887 29887
14988 18698
76665 76665
76665 1306
2689 2689
2689 2415
2689 22277
2689 43354
38866 38866
38866 11115
78451 12301
8857 37987
70508 70508
5794 76572
9072 48084
9072 45242
9072 56534
1568 1568
1568 14547
1568 4639
58340 75422
19075 3075
19075 19075
19075 17581
43326 184
43326 78499
43326 43326
43326 33699
43326 51223
76128 2622
40263 61682
40263 40263
40263 43266
40263 70355
32459 77916
32459 48084
11417 51164
5583 43559
2415 23317
2415 26238
2415 763
78223 55893
52805 25510
17901 5495
17901 17901
20787 6094
20787 70809
20787 35370
20787 20787
20787 23297
20787 3684
66688 6794
66688 13972
66688 402
66688 2622
66688 66688
50527 78103
3684 56947
3684 78013
3684 19012
3684 7076
3684 78373
3684 77930
3684 6094
3684 76635
3684 41928
3684 35410
3684 21907
3684 78525
40883 58443
40883 40883
40883 12547
40883 2926
40883 1
2024 4231
2024 38889
14302 78216
77927 78306
77927 33849
77927 13904
77927 30684
77927 77927
77927 69194
6206 75954
36886 2622
19276 6094
19276 19276
19276 48006
19276 78621
19276 32332
75290 75290
75290 43056
75290 11028
1650 1650
1650 25311
1650 38698
78700 22989
78054 13650
6342 4600
6342 76572
76827 26522
76827 38889
51478 51478
11100 11100
37436 2622
37436 37436
35936 6094
35936 55893
35936 25510
35936 78162
24953 11054
8899 2926
49404 2622
49404 49404
15503 56010
76887 121
4842 14414
38851 77930
78458 2530
78458 78458
78458 10898
78458 8725
58096 58096
58096 8725
58096 7076
58096 13650
58096 2530
2530 7717
2530 8799
2530 35313
2530 2530
2530 4354
2530 5712
2530 6094
2530 41075
2530 8725
2530 74564
2530 56010
2530 78525
30516 4678
30516 3651
41562 13972
7076 61436
7076 78512
7076 3199
7076 7076
7076 2954
7076 76479
7076 77930
78621 78621
78621 13650
78621 11054
73467 66
73467 73467
250 10110
250 4002
71122 71105
51454 51454
9317 24078
9317 78135
9317 9317
78400 12156
5712 56947
5712 10035
7332 41644
62639 62639
62639 16023
62639 763
76845 1857
69194 78606
69194 69194
69194 24060
69194 56892
33064 33064
33064 70809
586 18263
586 76042
15650 67107
15650 15650
14830 7434
14830 19078
14830 66
14830 69037
14830 14830
14830 4
14830 51164
14830 10035
2036 9652
7482 10893
45707 36103
45707 65878
37644 38889
5656 74268
5656 75422
61927 4231
2926 51780
2926 2926
2926 8508
2926 3902
2926 49
2926 66
2926 11500
2926 21615
2926 14105
2926 13552
2926 51432
2926 78535
2926 78101
2926 2841
2926 77963
17118 66825
75082 9928
75082 6481
38379 38379
7717 7717
7717 41075
7717 1306
7717 56094
7717 2807
20597 20597
20597 2592
20597 76572
17308 76541
1131 8938
11290 11290
3959 43266
75853 13972
75853 36688
75853 75853
75853 67107
10858 10858
10858 11054
10858 41644
10858 13972
55932 4755
184 1100
184 2841
184 42440
184 5690
20302 20302
20302 36688
20302 16183
20302 13915
3503 3503
10503 10503
10503 32332
10503 13972
955 3075
955 955
955 10035
11640 24965
11640 12547
11640 24563
11640 11640
4037 4037
19885 77936
19885 69301
19885 17581
19885 78180
78276 8430
78276 78276
56010 56010
69931 2622
69931 13650
69931 69931
69931 9091
3680 8799
76748 6666
76748 121
76748 70739
76748 10941
76541 5496
62135 62135
45057 39495
45057 74606
24706 24706
24706 70739
24563 78499
24563 24563
24563 10605
9672 25311
9672 9305
9672 9672
121 69977
121 67034
121 78199
121 78628
121 121
121 7762
121 49
121 62675
121 33047
58443 75616
13268 25356
62560 62560
62560 75422
10708 76006
75422 7576
75422 37987
75422 76602
75422 76681
75422 75422
75422 71105
75422 46773
24078 24078
24078 6999
24078 34640
24078 15129
51325 13972
54761 54761
4961 8769
4614 4231
43559 70809
43559 43559
78196 73972
78196 10076
78306 3928
802 8250
802 4678
802 802
1993 5181
5100 5100
27219 72287
2954 78216
2954 62347
2181 1261
77991 14508
72288 37026
72288 36672
72288 70739
72288 72288
72288 4144
72288 34259
2784 71046
2784 18698
26522 11926
26522 38889
26522 8799
69037 2273
69037 70739
69037 69037
22277 37555
22277 78101
22277 22277
22277 15570
22277 3206
766 8769
766 11919
766 78434
766 76762
766 76572
766 38624
76572 6794
76572 50355
76572 57583
76572 2622
76572 763
76572 76572
69977 4231
69977 69977
5701 5701
5701 21339
17907 1261
25309 4144
25309 18512
78064 13650
38867 12847
50901 9091
50901 50901
73972 1229
76762 76762
75616 11926
75616 78327
76681 76681
46298 46298
46298 40120
46298 16659
46298 43444
4144 16183
4144 2622
4144 4144
75572 15129
778 1474
42455 12166
78570 11054
78570 78041
78570 78570
10076 16183
10076 10076
10076 75418
35651 48084
57583 11115
55893 46290
55893 62810
55893 36688
24152 24152
24152 10893
78606 78606
78606 11054
78535 6794
78535 68305
7460 2841
7460 7460
17836 56921
17836 17836
54311 54311
54311 32332
8508 49
8508 8508
46845 36155
44953 16183
44953 44953
44953 78401
78424 6666
48127 34309
35158 1162
45594 45594
38624 78334
38624 17773
38624 56947
38624 75718
38624 15540
75954 22989
75954 75954
25356 25356
25356 13972
39082 76743
42047 76602
42047 42047
42047 13915
42047 73869
77977 13972
14105 5263
14105 5690
2841 468
2841 2841
2841 10605
2841 24891
38698 70809
38698 38698
16710 46002
16710 16710
22989 22989
22989 8769
22989 50791
22989 15887
22989 60618
22989 13650
22989 62675
22989 78148
36779 8430
36779 2622
56778 4002
62154 15629
38566 11054
75933 14514
78434 78434
78434 8430
78434 13972
728 13113
11966 51203
11966 3651
76695 23141
78416 20186
13119 63984
13119 13552
13119 35353
13119 13119
6032 11260
6032 6094
6032 36688
6032 9485
2290 78239
2290 1450
2290 76743
2290 44812
2290 10898
2938 76709
1345 44651
1345 1345
1345 63984
763 78182
763 10266
763 6794
763 48084
76731 76731
10941 70739
10941 76743
10941 10941
20186 1441
20186 20186
20186 10450
20186 48084
41644 76738
41644 25311
41644 37211
41644 78172
41644 38889
41644 68660
41644 3199
41644 78029
41644 14450
41644 4149
41644 41644
41644 7762
41644 2612
26208 25514
26208 4231
26208 26208
56115 62810
48554 6518
74623 78638
62780 1149
11233 11233
11105 77936
26801 10035
24309 51203
8799 37238
8799 40120
8799 76602
8799 62810
8799 1459
8799 8799
8799 48142
2873 17773
15629 15629
15629 78182
15629 11765
60618 60618
10898 11926
10898 17581
10898 10898
70355 70355
6094 78216
6094 13972
6094 25311
6094 56947
6094 14450
6094 35353
6094 6094
6094 51384
6094 48693
6094 10035
78484 12166
74165 2622
76479 74606
76479 13113
76479 76479
76479 11054
76479 12565
76857 25510
76857 13650
76857 76857
3651 6801
3651 1840
3651 61682
3651 11260
3651 25510
3651 3651
56947 47795
56947 6518
360 468
1058 43354
78401 78401
70190 78589
13552 13552
13552 70809
32507 34309
4556 56921
8938 3736
8938 78041
8938 8938
8938 3206
8938 48084
45242 45242
45242 11919
78465 78465
78465 37987
21095 13904
76903 14508
3377 11054
3377 3377
76411 20507
66009 11054
66009 66009
78551 11260
3077 66
3077 3077
3077 4002
78486 33768
78486 11115
6999 23141
6999 6999
2807 60714
47027 66682
37987 11054
37987 37987
48084 76883
48084 48084
48084 25
48084 62810
48084 6518
48084 14508
70925 35593
70925 17581
4721 4721
67066 6518
67066 67066
14450 4231
14450 78695
14450 4324
14450 14450
14450 5279
14450 5229
14450 77930
3206 76635
3206 62347
3206 41928
3206 24611
3206 3206
23297 21339
23297 75496
47795 47795
47795 10035
78554 78554
78554 13972
56920 56920
7743 7743
1441 46290
1441 78216
1441 16183
1441 1688
1441 6666
1441 1441
1441 22339
1441 25311
1441 13972
11009 19018
66 15606
66 66
46773 46773
78079 17440
78182 25510
78182 78182
1306 1306
1306 36688
1306 12166
6518 62810
6518 6518
6518 1492
6518 2383
73430 49003
73430 11926
73430 73430
73430 10035
13915 13972
13915 35593
13915 36688
13915 16183
13915 13915
75496 71105
75496 31856
51223 17440
51223 51223
10450 10450
37211 6096
37211 37211
48693 17581
78422 11260
3902 3902
15342 15342
15342 21339
3992 4231
78199 4231
78199 70739
78199 78199
78087 78087
78087 4149
78087 70739
41142 34259
75246 35520
12166 78392
12166 468
12166 78065
12166 12204
9091 55999
9091 9091
1004 1004
19018 17581
51137 2622
51137 51137
70739 4002
70739 70739
70739 4333
25311 25311
25311 5010
78062 78062
1061 25510
21339 11054
21339 24201
21339 21339
78375 78375
78164 78164
6801 6801
6801 13972
6801 1162
20507 20507
71046 21574
17581 17581
32587 32587
14508 8430
14508 1492
14508 14508
14508 13650
14508 11781
3928 3928
23141 75338
23141 36688
23141 23141
62675 3075
11115 11115
1688 16183
1688 1688
2000 75801
42440 1353
42440 75749
42440 6574
42440 42440
10718 34538
2310 75749
46290 46290
46290 13972
46290 66607
76743 36688
801 4231
801 801
801 4324
70964 70964
50438 50438
11054 40564
11054 7576
11054 7360
11054 21615
11054 11054
11054 71104
32332 32332
76602 76602
9777 19949
65972 65972
37555 37555
62810 20200
62810 2883
62810 62810
62810 2383
62810 8250
59234 76700
6666 6666
6666 33699
43354 43354
33047 33047
30684 36688
29323 29323
73529 6794
56831 56831
8430 76700
8430 13972
8430 38852
8430 7576
8430 8430
8430 8725
8430 2502
78282 78282
62367 13972
62367 62367
4002 76738
4002 4002
4002 77954
10266 10266
78589 78589
2579 2579
13650 13904
13650 8769
13650 75338
13650 13650
6263 78638
32961 32961
2622 75749
2622 76724
10110 10110
10110 75749
12204 20233
12204 12204
16107 16107
1474 1474
4333 4333
31856 11260
31856 31856
76678 71104
24586 11028
78525 78525
19012 19012
11260 8250
11260 717
11260 11260
37855 37855
8250 717
49003 49003
49003 38889
468 468
71019 71019
34309 34309
44812 37026
20793 69301
67034 36688
36688 13972
36688 36688
36688 15129
36688 23571
75338 34640
75338 75338
15316 7303
51164 38889
76738 13113
39747 78739
66607 6205
66607 66607
66607 9417
32389 32389
32389 39428
37781 61536
25510 16183
25510 78108
25510 25510
25510 78316
25510 35353
25510 1162
25510 71104
6205 9417
39714 39714
39714 11919
78029 78029
33849 33849
10035 385
10035 10035
10035 11919
10035 12301
34538 34538
34538 6460
43501 43501
78108 78108
78108 1162
9652 6794
9652 16183
11500 11500
4231 4231
4231 4149
4231 2383
78041 78041
78101 6794
78013 78013
9924 9924
9924 17773
9924 75718
17773 11919
17773 17773
30196 60435
7576 7576
78135 78135
7360 7360
22733 48142
22733 38889
22733 11919
31469 8460
35353 35353
1916 13113
1492 62347
4324 11926
4324 4324
4324 8338
78239 78239
4653 2383
10605 18263
21615 21615
26080 26080
70809 70809
70809 19949
15129 3675
15129 15129
75749 51203
25122 49
61682 61682
61682 5010
8338 8338
2383 50791
21574 21574
21574 34490
15570 15570
63984 9417
63984 63984
61536 61536
8769 8769
8769 4600
16183 16183
1450 13113
1450 1450
65 60435
15887 15887
24965 16981
24965 24965
50791 50791
5010 5010
2669 18263
5690 3075
5690 5690
78216 78216
78216 13972
3075 19949
60435 49355
60435 60435
76709 76709
77930 77930
77930 11926
71104 71104
9417 9417
78334 78334
68660 68660
23571 23571
13972 13904
13972 13972
78392 78392
36554 36554
76771 39495
76771 76771
10547 10547
10547 48142
74606 74606
74606 34490
38889 78204
38889 38889
38889 11926
11919 11919
381 36067
15235 31883
76635 76635
69301 69301
69301 6794
60714 60714
68708 68708
78148 78148
18263 18263
13904 13904
8725 8725
76724 76724
24611 24611
3621 3621
31883 31883
76836 76836
33699 33699
11926 11926
49 49
49 1176
49355 49355
6794 4600
6794 6794
36672 36672
62347 62347
41928 41928
51384 51384
36103 36103
76423 76423
4149 4149
39495 39495
1176 1176
35410 35410
76361 76361
3675 3675
2502 2502
