39374 39374
39374 8201
39374 73842
1759 74264
51424 58018
51424 26522
73979 4710
73979 5091
73979 2290
73979 8385
73979 73979
70452 763
70452 250
70452 11100
70452 8385
70452 4428
70452 8133
70452 14094
70452 806
70452 6518
70452 290
70452 46690
70452 35626
73469 25485
73469 20186
73469 73469
73594 2554
56191 56191
50259 43954
38290 5091
38290 3272
38290 31134
38290 11919
38290 38290
2733 2692
2733 2383
8751 11640
20343 2954
20343 1098
20343 5010
6094 1847
6094 8588
6094 19276
6094 47285
6094 1106
6094 10847
6094 35626
6094 25028
6094 26801
6094 8008
6094 52871
6094 22971
6094 23064
6094 13552
6094 31310
6094 9072
6094 51143
6094 3206
6094 6094
6094 4362
6094 34575
6094 34180
6094 7076
6094 2954
6094 1098
6094 10368
6094 57191
6094 39142
6094 39663
6094 1540
6094 72322
6094 11083
6094 11054
6094 39815
6094 11142
6094 19885
6094 70875
6094 29873
6094 1345
6094 763
6094 24274
6094 48481
6094 317
6094 70618
6094 3948
6094 20186
6094 3634
6094 72330
6094 13650
6094 31346
6094 42181
6094 73430
6094 11260
6094 73500
6094 36939
38491 38491
38491 1176
74185 290
74185 297
74185 44201
74185 74185
9124 4600
54780 16702
64663 73850
64663 4832
39521 73395
73851 13650
74307 26935
74307 74307
5498 73790
5498 24965
2906 16702
10366 5034
10366 10366
10366 73698
10366 14233
10366 360
10366 8419
10366 74388
10366 71195
10366 2926
10366 73776
3380 32185
35734 14915
2554 41654
2554 41619
2554 62629
2554 2554
57191 57191
57191 70739
57191 2954
57191 806
57191 35626
57191 25028
57191 763
57191 3502
38989 54396
66047 11142
622 61586
17787 11142
17787 10718
17787 34538
17787 13917
19045 60618
19045 4794
71239 14094
71239 12481
15946 8588
15946 12643
15946 15946
15946 42047
15946 4832
15946 1446
15946 1902
15946 454
15946 48839
15946 38566
11142 73462
11142 60731
11142 9211
11142 51579
11142 48319
11142 1463
11142 73887
11142 3121
11142 74011
11142 18060
11142 1358
11142 73621
11142 6794
11142 46290
11142 11856
11142 8103
11142 74122
11142 14094
11142 73890
11142 73430
11142 3651
11142 62241
11142 2415
11142 6214
11142 16183
11142 8628
11142 11142
11142 11926
11142 4312
11142 69974
11142 9658
11142 7311
11142 24274
11142 22878
11142 317
11142 36383
11142 73761
11142 68305
11142 8430
11142 6518
11142 1109
11142 27453
11142 39380
11142 50629
11142 3272
11142 73657
11142 7063
11142 50081
11142 14830
14454 3075
14454 6129
45165 2841
74129 74129
74129 60986
74129 5101
9449 1245
39552 3635
39552 39552
39552 2893
39552 6856
39552 6084
39552 14094
39552 5575
39552 25511
39552 5309
39552 56920
39552 1345
39552 29241
63869 73658
14154 5301
14154 22846
36862 36862
36862 15934
36862 2363
12489 26935
12489 12481
12489 12489
11856 12178
11546 11546
11546 3901
806 9924
806 73874
806 64010
806 26522
806 40564
806 45564
806 73371
50356 17261
68599 68599
68599 4961
38448 429
38448 619
38448 290
38448 11500
38448 2530
38448 2784
38448 1096
12481 7092
12481 61426
25730 38862
38805 38805
38805 65801
38805 17581
38805 9652
38805 7460
38805 16510
6316 1916
6316 1233
6316 3272
6316 454
6316 1946
6316 11260
20598 2689
71169 71169
1682 7206
1682 64308
1682 1459
1682 41953
1682 1682
1682 43354
33232 33232
33232 33741
33232 7294
33232 62629
33232 70830
33232 23476
69039 8588
69039 21051
322 3824
353 6451
353 22
353 1465
353 353
353 290
353 40460
353 36554
51663 1409
51663 22930
51663 35353
51663 26935
51663 51663
51663 73776
51663 5690
51663 9485
23850 30375
1532 57941
1532 4362
1532 43266
1532 51389
1532 2575
1532 27664
1532 1532
73493 73493
73493 14390
57405 11640
57405 57405
57941 74175
73617 48839
73617 4832
74232 7644
47958 4745
47958 73846
10446 1056
10446 6518
10446 14450
25490 21349
25490 4961
25490 25490
48532 31310
6818 66688
3473 54667
42531 73850
4362 11100
4362 27224
4362 31310
4362 4362
4362 74289
4362 2926
4362 8430
4362 3106
4362 2622
4362 8799
4362 351
4362 46690
4362 72311
4362 613
4362 6518
4362 74024
4362 61902
4362 15934
4362 4042
4362 55893
4362 5031
10696 4149
10696 14094
73548 955
73920 48839
73920 20302
56462 360
57020 73850
35478 73395
71136 11211
70416 70416
48481 2689
48481 48481
48481 7076
48481 38624
48481 3199
20729 1708
16678 8628
16678 4600
16678 8385
42181 9072
42181 763
42181 1465
72328 12905
21014 4428
21014 6950
21014 1310
40782 2622
40782 40782
45974 13767
45974 6032
45974 45974
45974 57398
7402 32389
7402 36721
7402 7402
7402 4177
10035 11054
10035 14830
10035 8385
10035 9025
10035 2926
10035 3206
10035 8133
10035 297
10035 14094
10035 3272
10035 32985
10035 7076
10035 8106
10035 26522
10035 2954
10035 5010
10035 10035
582 73972
582 381
3897 35833
3897 72273
62668 62668
62668 25510
25516 613
25516 32389
25516 1441
25516 25516
12357 17907
12357 12419
50409 75
50409 27816
50409 429
44637 6518
46975 2383
4753 1946
70300 23950
70300 47763
2570 2570
72276 55893
72276 6129
72276 1573
72276 8133
25642 290
25642 25642
25642 22
25642 11504
17988 7150
61629 26935
61629 13650
44860 43198
44860 64057
4040 4556
24076 73483
73395 1463
73395 1056
73395 3041
73395 14450
73395 9072
73395 454
73395 35840
73395 70355
51469 51469
51469 3206
6084 72350
6084 6084
41242 32355
4556 454
4556 13552
4556 13693
4556 9072
4556 469
4556 74318
4556 5010
4556 68413
4556 4556
4556 38624
1102 9672
9502 2083
9502 71155
73508 1946
73508 12705
73508 5442
73508 11145
73508 73508
49746 13650
41156 34473
26801 74051
73824 35840
2306 18060
2306 613
2306 4721
69063 7108
69063 69091
69063 2039
69063 69063
46510 41654
46510 25256
46510 58211
46510 46510
46510 13251
9684 24021
9684 74288
9684 9684
9684 37991
9684 14233
9684 360
9684 19186
9684 8824
36383 7076
36383 36383
36383 8430
4832 8588
4832 44590
4832 69208
4832 74239
4832 8628
4832 16702
4832 17836
4832 73436
4832 73472
4832 13360
4832 70672
4832 33018
4832 5656
73716 73716
73716 12166
13356 13356
15438 6032
3993 290
3993 31346
3993 4500
3993 3993
6043 935
6043 6043
6043 16537
20597 7206
20597 1946
20597 6794
20597 2362
20597 4177
73383 14094
73383 73383
73383 5010
6950 4149
6950 70739
6950 6950
6950 290
6950 7460
6950 70964
6950 63877
3859 8133
41401 19949
69525 18263
69525 250
69525 11640
69525 14233
69525 69949
69525 318
69525 69525
69525 41291
9836 9836
9836 35626
9836 9025
238 2811
21902 21940
73923 3075
73923 11540
73923 12166
51579 51579
51579 14094
51579 1345
51579 1463
7644 38889
7644 14233
51506 24916
9652 62629
9652 70190
9652 42202
9652 69763
9652 1459
40297 34766
40297 46464
40297 62735
40297 72288
40297 56259
40297 39380
40297 40297
40297 41075
40297 66528
40297 15311
40297 18060
40297 54269
40297 51251
40297 74180
40297 39936
40297 74281
40297 61586
11061 15782
23862 9924
23862 49208
23862 5091
23862 23862
23862 8430
23862 7076
23862 2954
69763 27121
69763 20302
69763 69763
69763 35593
69763 48839
35702 32389
35702 8857
35702 6756
74022 20186
74022 74022
34671 64529
73621 4961
73621 658
26052 14094
26052 26052
26052 970
26052 14450
61292 73724
2294 43701
440 23064
440 36939
440 440
391 13093
391 41562
391 7780
391 5301
391 72268
391 51251
391 78
391 49
391 1149
7494 22608
4789 6101
4789 21051
4789 4789
10408 72289
49789 49789
49789 11640
49789 12166
49789 360
69208 38566
69208 69208
8385 46112
8385 8628
8385 34538
8385 8385
8385 22051
8385 35626
8385 4155
8385 12166
8385 75
8385 1450
8385 41075
8385 20302
8385 74073
8385 7311
8385 5010
27398 27398
27398 13265
3992 41291
73846 48866
73846 73938
73846 73846
429 4494
23951 766
50846 9232
50846 50846
50846 21815
50846 45347
50846 15482
50846 72354
50846 19475
50846 66528
8176 60483
73785 35626
73785 2926
69218 9924
57483 57483
57483 47499
73956 1946
73956 8628
12844 72327
30252 5015
30252 26538
30252 39142
30252 14450
30252 11919
30252 7076
35733 8430
35733 35733
59028 3199
12674 12674
12674 39815
72314 72314
72314 11054
72314 2954
72314 7813
72314 20302
72314 36721
72314 1061
50081 2807
50081 11100
50081 50081
50081 35626
22930 12947
22930 70190
37338 4144
3041 41060
3041 52842
3041 8628
3041 72288
3041 38889
3041 16639
3041 8419
3041 74281
3041 1946
3041 4600
40780 72294
68943 30726
68943 3684
68943 3206
68943 766
68943 68943
41283 2807
41283 13288
73959 1441
72327 39142
72327 72327
72327 70190
72327 52796
72327 67107
14497 4231
14497 17386
14497 4013
14497 14497
14497 1358
61586 14514
61586 5496
61586 4428
61586 519
61586 61586
49045 42047
17734 35416
17734 14450
17734 17734
17734 12310
17734 67140
47133 2497
37854 750
54667 26935
6355 799
6355 22
30062 4721
30062 17386
73536 8103
73536 3460
73536 14626
73649 2
74156 74156
74156 54239
44049 5217
45347 73380
45347 37308
45347 66528
45347 45347
45347 3847
45347 13265
45347 360
45347 70964
45347 5690
45347 15242
17294 3651
5034 75
5034 6129
5034 38889
5034 6494
5034 22277
69603 35520
69603 69603
13693 11926
4528 73871
4528 12166
4528 360
73886 21349
71155 71155
71155 23950
61515 43423
6481 2530
73698 26080
73698 35626
73698 44953
73698 25510
73698 763
73943 15629
73943 8799
73943 48839
8737 1302
71046 21907
71046 10887
31233 30462
31233 1148
31233 49
31233 22002
31233 64534
5690 8106
41274 69827
38947 66471
25257 72268
6059 19276
6059 22846
4767 73971
4767 1537
4767 4767
290 2415
290 73701
290 68935
290 43054
290 1465
290 24953
290 27816
290 78
290 27828
290 18060
290 4177
290 7206
290 2926
290 3106
290 4144
290 14105
290 3075
290 72277
290 892
290 9317
290 9072
290 763
290 801
290 72317
290 70355
290 14094
290 1537
290 65915
290 64534
290 53064
290 184
290 73740
290 9485
290 70739
290 5309
290 31310
290 1096
290 20787
290 2362
290 73623
290 2893
290 14233
290 69994
290 1345
290 69953
290 34180
290 73423
290 24965
290 6666
290 297
290 22051
290 73832
290 73410
290 41291
290 62675
290 1916
290 74024
290 3272
290 290
290 73467
290 5279
33018 33018
33018 74167
73724 73724
73724 39815
74019 2622
381 2273
381 745
381 20233
381 381
27870 8103
27870 62675
4053 1463
4053 14094
4053 4053
27828 26935
27828 24309
16702 50806
16702 1988
16702 25199
16702 16702
16702 3460
4177 73701
4177 35593
4177 72288
4177 3684
4177 11640
4177 4177
4177 1015
4177 21054
4177 45
4177 1358
4177 15860
4177 8628
4177 46290
4177 6856
4177 72330
4177 56920
4177 22051
4177 22131
4177 2039
4177 74087
4177 36103
6451 6451
6451 14094
6451 40460
6451 8799
6451 4961
73887 26538
73887 48839
73887 13650
10454 7063
5122 7076
5122 49208
56827 11919
56827 7076
56827 56827
56827 13650
56827 3684
56827 48142
47228 55893
47228 20302
47228 68279
47228 47228
1000 26002
4248 2383
416 11500
416 59205
68219 5583
68219 48547
56336 56336
72326 11100
72326 13265
72326 72326
45564 2954
45564 45564
73884 9834
2082 15629
2082 26935
2082 75
2082 763
2082 40644
56938 56938
56938 65915
4721 2
4721 2841
4721 6129
8133 9211
8133 8628
8133 11145
8133 72330
8133 4600
8133 8133
8133 2000
8133 26319
8133 31035
8133 12705
74165 12120
74165 74165
28143 70739
28143 28143
28143 7666
4649 4649
4649 39082
4649 4639
4649 41075
44420 12120
69533 6666
69533 3651
69533 5010
69533 69533
69533 1162
422 422
422 60903
613 11376
613 1463
613 17386
613 3948
613 38566
613 613
613 13650
613 8799
56623 35593
56623 30684
56623 13650
56623 56623
68935 14094
68935 68935
68935 9317
68935 15934
68935 1946
68935 35840
68935 48839
68935 2362
68935 25256
68935 4600
19324 32022
17845 13251
44931 18814
5963 6996
5963 69974
5963 22389
5963 5963
10330 73713
54842 54842
43954 17836
31035 1946
12705 8628
12705 17773
12705 16559
12705 57432
12705 25256
12705 66528
12705 11640
12705 30186
12705 65878
12705 1946
58550 37103
58550 58550
58550 16659
1409 70794
1409 64650
1409 1916
1409 62635
1409 3503
1409 61995
1409 34180
1409 1409
2011 2011
2011 763
72354 72354
25028 72322
25028 1056
25028 2807
25028 25028
25028 297
25028 1737
25028 59208
25028 2530
25028 74237
25028 10909
8216 43122
675 64141
10605 51223
48609 13650
48609 11260
48609 48609
2051 8250
68279 43122
54239 73734
4140 31045
1546 59205
52871 52871
52871 14915
52871 3684
25485 70618
25485 20186
25485 24226
25485 73483
25485 25485
16639 15629
16639 16639
29783 22051
29783 11010
29783 70572
29783 41291
20764 6107
28199 2954
28199 28199
6998 8799
73879 38966
73879 1946
73879 42993
73879 68248
46852 3206
46852 46852
21054 6085
73755 32389
73755 2622
73755 23504
73755 73755
31045 31045
31045 25256
31045 14450
31045 16537
15860 15860
15860 8628
15860 67193
15860 1058
8112 1459
23950 38468
23950 14094
23950 4600
23950 38624
23950 69852
23950 23950
22389 22389
22389 8430
22389 51383
22389 13360
41060 41060
41060 3272
41060 19276
41060 26935
41060 73783
73472 73472
73472 13650
73472 766
73472 20302
9947 9947
9947 3521
9947 10076
30905 4231
3623 8799
3623 766
73712 20302
11145 7206
11145 2689
11145 6085
11145 11145
11145 1946
11145 11115
36707 73980
1463 73693
1463 21684
1463 3969
1463 74220
1463 2893
1463 1345
1463 5010
10273 297
10273 360
3132 18060
8419 6339
8419 14094
8419 19075
8419 9694
8419 3959
8419 18571
8419 8419
8419 61372
8419 35840
61960 57571
61960 61960
1358 15629
1358 48839
1358 5010
1358 20186
1358 6518
1358 30691
1358 6129
1358 11919
1358 34575
1358 2383
1358 20302
1358 4639
1358 8857
1358 1358
1358 766
1358 32631
14663 73890
73990 3684
43423 56353
43423 14105
43423 71171
71171 17047
71171 2622
71171 10365
71171 74404
71171 11260
71171 71171
36721 49208
36721 11919
36721 8430
36721 36721
54403 13093
54403 54403
54403 70693
54403 12341
70317 6129
14094 19276
14094 21684
14094 25511
14094 38889
14094 49898
14094 18060
14094 4013
14094 8628
14094 65818
14094 23661
14094 1573
14094 9072
14094 22989
14094 10898
14094 73807
14094 14094
14094 74237
14094 19075
14094 18943
14094 3959
14094 25256
14094 56920
14094 5301
14094 16183
14094 2362
14094 56465
14094 75
14094 14233
14094 9658
14094 40460
14094 73693
14094 14450
14094 68305
14094 297
14094 73832
14094 60691
14094 39380
14094 20302
14094 57804
14094 5010
14094 11115
74180 75
6756 9232
3603 13113
2481 6506
2481 48554
2481 74013
5094 1084
40804 5010
36952 1465
74349 22971
74261 20186
32355 454
32355 13650
32355 32355
32355 3684
3460 3460
32538 44651
20052 73423
14009 48562
73694 12178
25905 14830
25905 25905
41094 13915
5697 22277
71195 71195
8628 1847
8628 29437
8628 2926
8628 1688
8628 297
8628 11919
8628 2689
8628 70618
8628 9072
8628 22989
8628 16537
8628 4600
8628 22131
8628 1946
8628 43266
8628 14901
8628 5583
8628 2415
8628 35593
8628 6032
8628 38236
8628 17836
8628 75
8628 11640
8628 26002
8628 6066
8628 18263
8628 8628
8628 14915
8628 5575
8628 69091
8628 16510
8628 38624
2893 2893
2893 21684
2893 23829
2893 40653
2893 18060
2893 1345
2893 1098
2893 11100
12120 12120
12120 34461
12120 71218
12120 54552
12120 73535
12120 46712
12120 37087
74186 48839
6129 6129
6129 39115
6129 73412
6129 37808
6129 73529
6129 73502
6129 72283
6129 1946
6129 11115
6129 20186
6129 36272
1047 73451
102 72300
58001 37644
28104 297
28104 38889
28104 73593
28104 47795
28104 73669
28104 48142
71111 360
63877 70739
63877 6856
63877 7666
63877 63877
1227 3106
16510 9232
16510 10365
16510 16510
6936 72268
6936 74024
6936 62675
6936 5583
73783 3272
1465 18263
1465 33064
1465 34538
1465 1465
1465 22051
1465 8032
1465 1916
1465 40460
1465 5010
1302 7410
41938 1492
41938 6066
37308 21815
3803 11919
297 35626
297 18060
297 9232
297 8430
297 11919
297 3106
297 13625
297 22277
297 38468
297 317
297 9072
297 18571
297 74281
297 3206
297 297
297 39380
297 11054
297 21564
45707 1946
45707 45707
69724 39815
29491 184
29491 3075
29491 11647
29491 29491
9617 4463
9617 9617
9617 30827
73591 44953
73591 73591
70830 70830
23572 7311
5371 5789
892 8338
892 892
892 12858
1573 35593
1573 73740
1573 25510
1573 66889
74161 2622
74161 20302
73670 36103
73670 3324
73670 73670
22131 22131
22131 46290
22131 8106
22131 763
22131 3324
22131 11640
5091 5091
5091 74175
21051 41654
21051 58211
74348 6856
9275 58072
27 21095
1233 1233
1233 5429
73980 16888
73980 14450
4558 73735
34461 70997
34461 34461
34461 7460
34461 73412
34461 70355
70252 70252
40549 4272
658 36554
14233 14233
14233 12310
14233 360
14233 22989
14233 27816
14233 955
14233 12166
14233 4042
14233 2039
14233 62675
9658 9658
30412 18739
10941 70593
10941 5516
66623 16659
37103 72289
4622 73509
6518 7631
6518 17386
6518 6214
6518 9232
6518 57432
6518 73623
6518 43737
6518 73971
6518 2024
6518 4336
6518 36554
3669 17773
35840 73518
35840 7631
35840 2415
35840 60483
35840 73944
35840 56465
35840 59205
35840 57804
35840 73669
57804 9485
57804 11504
69474 9253
69474 69474
1384 7076
1384 3324
1384 2841
22846 56989
22846 22846
22846 68519
72289 72289
72289 13265
72289 2926
6506 18060
6506 59313
6506 6506
6506 69507
6506 1593
318 318
17945 34766
41593 40564
70618 7206
70618 2415
70618 70618
70618 1946
70618 73532
70618 17836
42864 20507
42864 42864
519 38468
519 4463
519 9317
519 74231
519 39936
40023 31310
54415 2689
54415 54415
69143 69143
69143 24494
73502 11260
1273 3272
1273 8345
11211 41654
11211 8799
43354 64308
43354 43354
35529 5309
30480 9161
31310 2926
31310 31310
31310 4600
31310 2954
31310 10368
62601 61739
73708 13972
72331 1056
72331 72331
72331 48839
72331 46712
74068 7460
24916 16023
24916 24916
11010 11010
11010 70572
11640 75
11640 402
11640 2362
11640 78
11640 73410
11640 7952
11640 11640
11640 73776
11640 7206
11640 6262
11640 44873
11640 3824
11640 64534
40779 49
40779 6262
49492 3272
49492 37644
49492 49492
73423 4231
73423 32389
73423 48866
73423 763
74034 8430
74034 74034
74016 74016
74016 11054
5984 22277
43737 40821
13360 41654
13360 13650
13360 2383
72283 21278
72283 763
51716 13650
51716 51716
51716 48839
51716 4961
51716 20186
14895 41075
70992 25510
13265 72317
13265 37370
13265 13439
13265 72288
13265 13265
13265 69630
13265 26522
13265 3822
13265 24965
13265 74113
13265 58203
13265 70964
13265 56259
13265 4463
13265 41075
13265 11682
13265 69076
13265 9345
7813 7813
73518 14450
73637 73637
73637 44953
38145 57398
1106 1106
43716 12482
43716 13650
43716 26935
74160 75
32922 18060
32922 32922
32922 3272
32922 5712
32922 11919
34575 49208
34575 11260
34575 15934
1946 75
1946 11115
1946 48839
1946 2362
1946 73388
1946 7206
1946 2000
1946 13113
1946 62629
1946 65915
1946 3106
1946 66044
1946 6085
1946 48041
1946 57534
1946 10671
1946 65878
1946 26319
1946 30186
1946 57583
1946 1946
1946 5442
1946 6794
1098 2954
1098 1098
1098 5010
73669 15629
73669 44953
73669 73669
29337 2039
2191 38052
2191 39936
2191 21620
2191 2191
2191 11540
64650 64650
64650 39082
64650 7092
61704 61704
71090 9044
184 184
184 3075
184 3969
184 12547
184 12166
56465 56465
56465 19075
56465 68305
56465 3959
56465 1044
1266 24634
1266 2383
73665 35227
61069 73972
75 5309
75 46773
75 48839
75 2362
75 7410
75 48745
75 38566
75 74168
75 66288
75 62675
75 3901
58211 15629
58211 12482
58211 58211
51694 10898
51694 51694
51694 5101
51694 12947
30186 2926
30186 9072
30186 35626
30186 57432
30186 16537
30186 30186
30186 73881
30186 18060
30186 69016
30186 16559
71228 55893
71228 71228
71228 32961
66288 22989
66288 18571
66288 72273
24563 32022
24563 3811
73388 2362
41654 13972
41654 4149
41654 26935
41654 1459
41654 3684
41654 13650
41654 15129
41654 41654
41654 7460
41654 11260
41654 8799
41654 763
41654 766
41654 12643
24226 9924
61411 61411
61411 8726
5301 18263
5301 8430
5301 5301
5301 66
66292 66292
66292 48839
66292 13650
66292 48438
405 9924
74220 62434
74220 37555
8103 3075
8103 22052
8103 8103
8103 35872
8103 24309
8103 41075
8103 43054
8103 45
8103 51223
37006 26935
31475 13972
31475 31475
11317 69091
72350 5015
72350 11926
3996 7460
21291 9025
21291 73500
21291 21291
11081 454
26619 7150
56505 62735
26538 11926
26538 39142
26538 14450
26538 11919
26538 73842
26538 26538
26538 34180
26538 1593
45027 2841
70593 54269
70593 70593
70593 5516
70593 58203
48839 74080
48839 48438
48839 17261
48839 36554
48839 4961
48839 1688
48839 8430
48839 11919
48839 18060
48839 74073
48839 71254
48839 25256
48839 73608
48839 8106
48839 54552
48839 11376
48839 4600
48839 13650
48839 17386
48839 57784
48839 42714
48839 48839
48839 13093
48839 73955
48839 46773
48839 49898
48839 45729
48839 20186
48839 11260
48839 71225
38236 22277
38236 38236
3324 74051
3324 8106
3324 7311
3324 7063
3324 3684
3324 3324
73432 9232
74169 6794
74169 14915
64141 39229
15427 21163
73509 73509
1056 934
1056 1056
1056 7607
1056 2290
1056 22608
1056 3032
1056 7076
1056 10909
47837 9924
74091 3969
74091 22971
74091 15934
359 11500
3521 69852
3521 10076
39380 7460
38052 38052
38052 60618
38052 956
15086 17773
27816 27816
27816 51223
27816 62675
34256 18060
34256 46464
34256 12310
24859 37644
3121 50629
3121 11926
3121 3121
74073 74073
74073 2954
46690 38468
46690 41075
745 27121
745 36688
34766 34766
34766 26935
1176 1096
2503 73972
2503 24965
2503 57280
7092 38966
59205 19075
59205 68305
59205 32210
59205 763
59205 59205
73807 68305
15204 15204
15204 14830
15204 51143
59248 59248
59248 74027
59248 11025
59248 37644
43108 13625
8588 7631
8588 66910
8588 55893
8588 8588
5309 14447
5309 19729
5309 14830
5309 39747
5309 66
5309 19949
2868 40
18785 8430
36146 41075
27513 43928
57506 8430
73791 12310
73791 50673
34180 9924
34180 7607
34180 3206
34180 16033
34180 2039
34180 2233
34180 1459
34180 34180
36254 58203
12482 34518
12482 73453
44094 38566
53112 5258
3272 7631
3272 72288
3272 5712
3272 66
3272 763
3272 31469
3272 74301
3272 12905
3272 33128
3272 11504
3272 3272
3272 15934
3272 8106
73485 2578
22294 22294
22294 66678
22294 42100
20781 15934
39936 39936
2480 13650
2480 61426
2480 2480
7021 73925
73733 16659
73733 40120
58628 1459
28159 2000
1464 1464
1464 3684
29241 29241
29241 48408
29241 14830
62629 57534
62629 62629
62629 38629
42100 60986
3106 14830
3106 17907
3106 22608
3106 3684
3106 3032
3106 3106
3106 65878
3106 2622
3106 2663
3106 10503
3106 73885
56989 30726
56989 56989
56989 70739
56989 11100
25256 6085
25256 22051
25256 2384
25256 4600
25256 25256
25256 18943
70168 12905
321 4002
11825 8430
11825 763
38807 47763
2384 36350
2384 23310
11877 26935
11877 62154
11877 18512
11877 438
18739 11919
2233 74201
2233 11919
10368 45570
10368 8106
10368 55893
10368 10368
57472 10547
20026 5656
6460 23661
6460 763
1540 36572
1540 13915
1540 15743
3969 20787
3969 5010
42714 13650
27013 3075
3124 454
4312 11926
4312 4312
4312 68305
4312 18060
4312 70464
4312 38629
4312 9485
3922 55893
11540 5583
20673 5010
11054 61426
11054 57784
11054 8369
11054 71234
11054 16537
11054 4961
11054 13093
11054 24274
11054 9485
11054 74383
11054 52796
72311 72311
22051 73805
22051 22051
22051 55893
22051 24309
22051 20302
22051 9485
74240 4149
58125 3811
58125 30954
11504 21349
11504 4961
11504 11504
11504 41291
11504 47294
11504 10718
11504 11260
11504 25510
11504 763
71190 17506
27121 27121
73500 69775
73500 1015
73500 73900
73500 9025
73500 73500
5784 73850
5784 37659
21349 60731
21349 73701
12947 3684
12947 38624
73832 73832
73832 763
17261 7206
17261 2689
17261 11919
17261 17261
17261 8430
17261 17515
17261 71225
17261 454
40090 26935
8008 36904
8008 70190
56228 11919
56228 4351
18060 2415
18060 39142
18060 7076
18060 19276
18060 18060
18060 1345
18060 70112
18060 19088
18060 37644
18060 48866
18060 4600
18060 766
18060 42021
18060 73657
18060 71225
18060 5010
19860 402
1898 73462
1898 13093
1898 73890
13552 78
454 2689
454 46290
454 57699
454 4745
454 1916
454 57086
454 13650
12905 7076
12905 12905
6647 2689
22608 71056
22608 72322
22608 22608
1537 54311
1537 4231
1537 14450
65915 65915
65915 38566
65915 10503
65915 2362
65915 14302
53064 7460
53064 12166
53064 26935
72351 49
71180 15388
30999 26522
30999 37644
52796 5010
3711 15735
62562 43438
12310 73701
12310 12310
12310 50673
12310 11260
32022 35183
32022 5583
2 2
38629 38629
38629 763
73955 4961
64534 74044
64534 20233
6339 73944
14105 12402
14105 44293
14105 2039
14105 20787
14105 13650
73693 73693
3948 766
3948 51137
15743 13915
15743 15743
1355 15629
1355 74090
1874 74168
6574 5279
6574 65818
27959 49208
27959 27959
73881 13113
73881 37644
10365 9232
10365 10365
2627 38624
52842 62347
12858 73559
3396 360
73874 16559
13439 13439
69591 69591
2689 2689
2689 71102
2689 7206
2689 2000
2689 57583
2689 26319
2689 26002
2689 11115
38866 11115
35706 2622
4572 38783
8857 36272
70508 51143
36720 27909
36720 7762
36720 4144
36720 36720
43701 43701
43701 11919
9072 2692
9072 385
9072 2525
9072 9072
9072 16537
9072 3206
9072 35419
9072 8106
9072 11919
9072 72273
9072 13650
26935 24078
26935 2692
26935 45494
26935 41075
26935 35936
26935 69994
26935 29625
26935 78
26935 25511
26935 763
26935 7410
26935 18943
26935 3075
26935 58180
26935 26935
26935 5575
26935 39229
26935 40460
26935 70572
21684 5010
73419 2669
74237 10881
74237 74237
19075 19075
19075 1345
34640 763
34640 34640
38784 38784
38784 2530
11599 36672
6262 24703
6262 3824
6262 6262
5583 5263
5583 13113
5583 5583
5583 22599
2415 2415
2415 11100
2415 40821
2415 13113
2415 10708
2415 763
74015 11260
74015 74015
6494 70110
57432 3684
57432 73739
57432 57432
57432 3206
57432 38624
20787 74351
20787 38889
20787 20787
20787 21095
20787 5010
20787 29319
20787 3651
66688 66688
2642 37850
2784 2383
2784 4119
71227 13972
71227 21564
74249 43054
74249 8032
14514 58018
14514 14514
14514 14830
33128 73430
33128 33128
30827 12402
73954 10265
344 344
4422 2807
4422 4422
4111 15629
39115 18263
5279 5279
5279 5010
5279 12166
62675 21965
62675 62675
74024 44953
74024 74024
23610 763
74115 11919
74115 38624
37850 37850
11100 9317
11100 67140
11100 9485
11100 42993
37436 32985
37436 4600
37436 73623
35936 1988
74164 1
6183 11500
9232 48356
9232 398
9232 2926
9232 10898
9232 3684
9232 9232
9232 11919
9232 38624
4842 24309
49438 35626
73944 3959
71164 71164
71164 25510
22277 3199
22277 22277
22277 2807
22277 36688
22277 955
22277 766
73740 1441
11376 11376
29319 29319
66747 13972
7076 3684
7076 3937
7076 7076
7076 57982
7076 70652
7076 35626
47541 360
73467 70964
250 8106
39142 39142
39142 2383
39142 2954
39142 766
5712 7631
5712 41075
5712 11919
5712 955
5712 5712
5712 73430
5712 1149
73623 11919
39815 785
39815 20186
39815 39815
39815 59249
74351 74351
8019 20186
36735 13625
70112 70112
65988 48142
33064 360
3027 70355
57699 11260
57699 57699
57699 9025
14830 14830
14830 8430
14830 67083
14830 69507
14830 24309
14830 1737
14830 20302
14830 26522
14830 13650
4423 7206
4423 44953
1703 24309
47305 4463
47305 7460
47305 58018
47305 74113
425 438
1015 9025
37644 32631
37644 37644
37644 26522
37644 48142
37644 38624
71234 17773
5656 4600
5656 5656
5656 38566
51 1037
2692 2692
7107 8602
2926 41032
2926 71225
2926 73776
2926 13113
2926 35183
2926 2383
2926 7311
73547 23571
17118 56931
25511 25511
67140 66
67140 4231
67140 14450
21136 763
61474 2622
61474 2024
61474 13650
61474 11260
61474 61474
61474 4600
17308 70751
9068 78
1131 1131
1131 4961
73676 19276
41075 3075
41075 19276
41075 6666
41075 41075
41075 16857
41075 5010
41075 3901
3959 38889
3959 3959
3959 67083
47116 50901
47116 1441
47116 13972
47116 47116
10881 10881
10881 13625
10881 23310
74288 51223
73559 14450
934 934
934 35520
37370 37370
10503 61426
26252 64010
955 766
955 35419
2620 13767
73647 16183
19885 2954
19885 19885
60985 13113
60985 60985
60985 12166
3822 4333
3822 1084
3822 62735
3822 40
3822 11682
3822 3822
70211 33841
8032 43054
8032 8032
8032 3901
30954 74199
73897 74268
73897 73850
73897 73897
7666 70739
7666 21815
7666 72288
7666 74152
64308 7206
64308 64308
5031 7150
3901 22052
3901 360
3901 51223
73842 8201
73842 73842
24078 763
35626 1593
35626 35626
35626 70190
35626 766
35626 61426
35626 38468
35626 4155
35626 20186
35626 9025
35626 4600
35626 35417
4961 5701
4961 74138
4961 4961
4961 70355
4961 49129
4961 5010
73658 8799
19928 74138
13625 15629
13625 1593
13625 13767
13625 1688
13625 11919
13625 13625
13625 763
13625 36282
13625 61426
73483 73483
73483 763
32741 32741
32741 5010
1859 13113
5516 5516
5516 72288
5516 36672
74231 4333
74231 57398
74231 17907
74231 74231
67083 67083
47763 4194
47763 47763
64466 19276
49409 8799
2954 4600
2954 70110
2954 7063
2954 2954
2954 40145
73699 143
17386 17386
17386 20302
17386 2039
17386 1492
17386 1044
17386 763
17386 48142
1593 5575
1593 1483
1593 1593
30691 40479
30691 12395
30691 5701
72288 36672
72288 72288
72288 70739
3684 61426
3684 8602
3684 3684
3684 5587
3684 3937
3684 4155
3684 43307
3684 8106
3684 72330
3684 17907
3684 73602
36466 34538
798 1916
14340 4600
26522 20186
26522 17907
26522 26522
766 73462
766 9924
766 61426
766 73412
766 24494
766 11919
766 8799
766 70997
766 766
766 11260
766 71225
766 36272
5701 5701
31342 9871
17907 4463
17907 21815
17907 5101
1162 3651
5575 46681
10909 3206
10909 10909
10909 70355
20302 72317
20302 70847
20302 11028
20302 74175
20302 2622
20302 73535
20302 4231
20302 73608
20302 68305
20302 39229
20302 20302
73972 43054
73972 73972
73972 12166
7631 7631
74027 74027
1988 36572
40588 5101
25199 40145
14447 29625
14447 3075
14447 14447
14447 2362
4144 26080
4144 38889
4144 64057
438 4231
46298 2622
50891 40120
21519 16537
73890 8430
73890 73890
73890 13650
32332 56920
32332 32332
10076 24965
10076 10076
4463 38468
4463 4463
4463 21095
48745 48745
7956 5010
55893 57534
55893 39229
799 10718
2807 41291
2807 73505
2807 2807
17836 12978
17836 3199
69852 69852
24494 13650
24494 17773
72273 22989
44953 468
44953 73462
44953 49
44953 44953
73756 4435
73756 6999
71198 17773
71198 71198
402 8799
402 360
74301 11919
3593 11682
36350 1345
48127 39950
35158 50388
23571 50614
38624 74281
38624 3206
38624 11919
38624 38624
74281 38468
74281 8430
74281 74359
74281 74281
1228 48438
2083 17085
42047 42047
34518 2622
34518 6032
34518 34518
2841 19949
22989 22989
62154 15629
57583 7206
57583 11115
57583 26002
38566 78
38566 44590
38566 4054
38566 41291
38566 38566
13288 9485
23504 32389
13119 73739
13119 73900
2290 8799
9694 34538
9694 70918
21035 35520
1345 60731
1345 4096
1345 73900
1345 1345
1345 5010
763 73462
763 22052
763 1688
763 48438
763 763
763 73608
763 8106
763 70355
43307 9091
43307 13650
43307 43307
8784 8784
20186 74051
20186 25311
20186 39663
20186 36554
20186 70190
20186 20186
20186 16615
20186 54396
20186 13650
36572 36572
48554 360
110 73384
1149 13113
1149 1149
1149 6856
11919 11919
11919 51143
11919 8602
11919 40564
11919 38468
11919 32631
11919 14450
11919 36035
11919 69507
11919 71225
11919 3651
41032 11926
41032 41032
74268 74268
70110 70110
23310 23310
24309 15629
24309 73805
24309 44458
24309 36688
24309 24309
24309 66528
1084 828
50388 50388
50388 3651
5744 1046
12647 11500
2873 56198
15629 15629
15629 64702
15629 19276
15629 73657
60483 60483
10898 10898
10898 3206
70355 24965
70355 61426
70355 9485
70355 70355
7150 7150
7150 7108
9253 74051
7460 4231
7460 69621
7460 21193
7460 7460
7460 10481
58072 69621
40460 5010
58203 5496
3651 60577
3651 3651
12402 9485
12402 12402
360 18263
360 24965
360 57280
360 60691
360 360
360 35183
1 5010
70190 70190
70190 5010
73416 3075
3502 3502
41619 23141
41619 15129
41619 41619
8938 1737
32389 32389
32389 72330
41953 7206
21095 317
21095 73776
785 785
302 3709
5621 2383
12610 12610
60731 58180
73850 73850
73850 37659
43054 43054
43054 57280
43054 48866
4155 4155
4155 3206
78 3075
78 22
78 13972
78 4002
78 78
78 41291
60577 60577
38468 38468
38468 69621
38468 74113
38468 8430
38468 4428
38468 57982
48547 9025
48547 48547
14450 5015
14450 14450
14450 4149
14450 31469
37612 20507
3206 61426
3206 40564
3206 3206
3206 42993
3206 36103
70693 70693
61739 61739
61739 21564
69507 69507
46681 46681
46681 41291
46681 9896
56920 15934
56920 56920
56920 11260
9485 9485
1441 1441
1441 2383
50673 50673
73412 73412
3032 2530
3032 3032
143 2383
1229 9211
66 12395
4194 4194
4194 12166
4194 11025
46773 7410
57712 15735
48866 48866
10671 7206
10671 11115
10671 8106
1261 2362
1261 12166
73602 73602
13915 66607
51223 51223
73462 73462
73462 13650
73462 11260
37659 37659
3902 2622
24965 24965
24965 12166
5263 5263
73535 73535
10763 10763
10763 11500
19729 58087
32631 11926
32631 2622
32631 32631
54552 54552
9025 69775
9025 36554
9025 9025
9025 60659
9025 59249
9025 32985
9025 1737
12166 3075
12166 12166
12166 15934
12166 57280
18238 2362
70739 49117
70739 70739
70739 9345
25311 25311
31441 468
21564 52914
21564 74199
74372 13972
14508 3659
73776 35183
73776 41291
23141 16183
80744 74210
80744 74080
80744 73992
80744 80744
36814 36814
36814 35520
11115 7206
11115 11115
6269 73701
10547 10547
1688 48438
1688 1688
2000 2000
15934 15934
35615 32985
10718 34538
10718 36554
19475 38276
19475 6856
40120 16659
5015 70751
48356 48356
46290 46290
73608 8799
73608 73608
8106 19276
8106 8106
8106 4600
8106 49208
70964 70964
1737 1737
5101 69621
5101 70875
72317 69091
72317 72317
72317 4054
2362 6794
2362 2362
2362 4678
4351 69196
4351 11025
35183 35183
41851 74138
69630 69630
7311 5010
7410 34538
7410 2622
7410 11260
7410 7410
7410 70572
317 317
317 19949
71134 71134
37555 74383
6666 65818
39229 39229
69091 1916
4298 25510
4298 4298
22052 22052
5373 3503
8430 61426
8430 8430
8430 32660
8430 11260
8430 71225
8430 5010
3811 34538
74175 74175
11682 40
41291 813
41291 41291
41291 5010
49129 49129
73805 73805
62367 13972
73982 36591
3557 2039
13650 61426
13650 57784
13650 35593
13650 36554
13650 71225
13650 25510
13650 7063
13650 73888
13650 38852
13650 13650
74319 3503
43122 43122
43122 8799
43122 58180
73888 36688
11260 73701
11260 45729
11260 38852
11260 11260
11260 71225
39004 73410
64499 64252
74343 19276
12419 12419
8250 3675
8250 73430
8250 16537
35419 35419
39950 39950
70752 70752
70752 49208
2622 73495
71015 4600
36688 13972
36688 36688
20883 20883
39747 52914
66607 66607
40564 40564
11028 11028
2836 2383
25510 25510
21815 20233
21815 40
21815 11926
21815 21815
73657 73657
73739 73739
73739 5010
34538 34538
34538 22
4336 4336
49117 49117
73702 2039
2530 13251
71200 40272
4231 19276
40272 40272
24021 5010
45591 21611
42993 7206
42993 42993
3503 6976
9924 9924
9924 1492
69621 69621
73384 3075
73384 73384
49208 49208
49208 37087
49208 24611
24274 66682
24274 35520
24274 24274
17440 18263
31469 2383
31469 3282
31469 31469
35353 18263
35353 10328
74201 74201
74239 35370
14915 7206
14915 14915
14915 6794
66528 4149
66528 66528
5259 4333
5259 5259
5259 5010
73680 7063
1847 36687
73701 1096
4745 50614
66682 66682
41233 13972
60691 60691
70809 70809
8201 8201
29625 29625
2383 2383
53184 53184
17164 51143
63984 63984
63984 5010
61426 61426
61426 11926
16537 16537
16537 11236
16537 73430
16183 1450
64057 64057
1450 1450
50614 50614
50614 5010
36687 36687
468 468
1557 14910
64252 64252
68305 68305
68305 36554
74113 74113
73410 73410
16659 16659
2039 5010
14390 14390
5010 35593
5010 5010
74051 74051
29437 29437
6976 6976
68650 68650
9211 9211
14515 73495
3075 3075
3075 57398
38852 38852
15735 15735
1459 20803
1096 1096
65818 65818
12178 12178
13093 11926
13093 13093
40 40
57398 70751
35520 4600
35520 35520
56259 56259
40145 40145
13767 13767
29873 36554
13972 13972
13972 74087
36554 36554
51690 51690
7206 18263
7206 26319
7206 7206
38889 38889
43438 43438
18943 18943
18943 4149
3199 3199
19276 19276
22 22
11025 11025
2349 4096
11926 11926
73430 73430
57784 57784
70751 70751
6085 6085
8799 37087
16615 16615
54269 54269
51251 51251
14835 14835
37087 37087
48142 62471
48142 48142
8602 8602
13113 13113
49 49
48438 48438
73495 73495
43014 23661
21193 21193
36672 36672
4600 4600
62471 62471
36103 36103
51143 51143
35593 35593
19949 19949
4149 4149
57280 57280
18263 18263
65878 65878
4096 4096
57534 57534
26319 26319
32985 32985
7063 7063
71225 71225
