18598 19205
48303 3948
51424 82104
51424 43108
51424 40297
51424 68722
51424 51424
17787 351
17787 12705
17787 34538
17787 14450
17787 37103
17787 17787
17787 297
17787 3
17787 11919
17787 22878
17787 6517
17787 69850
4279 11919
69999 28104
69999 40023
69999 69999
69999 37555
50384 6269
53155 26935
53155 70808
53155 13972
53155 53155
12261 7717
2733 22131
2733 36561
20343 8430
20343 62680
20343 4961
6094 81313
6094 1441
6094 13972
6094 31310
6094 25028
6094 8887
6094 4423
6094 81461
6094 2926
6094 70190
6094 25246
6094 81155
6094 1532
6094 2384
6094 81285
6094 14830
6094 2363
6094 3206
6094 70355
6094 6094
6094 440
6094 30186
6094 4312
6094 11260
6094 81577
6094 38624
347 40297
347 33927
80984 75
80984 10503
80984 9317
54780 80744
26901 50846
39521 297
39521 8628
39521 70618
39521 13972
39521 12610
39521 1946
39521 41953
39521 39521
70019 766
70019 2874
55963 1445
74307 8799
74307 26039
5498 5498
5498 15242
10366 3075
10366 10366
10366 81000
10366 15934
10366 360
10366 43850
10366 2926
10366 5712
10366 41644
10366 41291
10366 56462
10366 80739
10366 15735
10366 1537
10366 31731
10366 2039
10366 25510
10366 62675
81376 3376
2554 81869
2554 50818
2554 21051
2554 27066
2554 763
2554 1441
2554 76593
2554 42302
2554 81420
2554 41619
2554 2554
22139 5712
82067 82067
82067 80819
82067 806
58247 58247
19045 353
19045 82090
11142 11100
11142 13972
11142 43108
11142 81174
11142 80361
11142 4572
11142 353
11142 44812
11142 8799
11142 1358
11142 81468
11142 14450
11142 9072
11142 1568
11142 54552
11142 66308
11142 10898
11142 75343
11142 62471
11142 2481
11142 76479
11142 11966
11142 6671
11142 10059
11142 81903
11142 5712
11142 3684
11142 8887
11142 11142
11142 82102
11142 70190
11142 26522
11142 25510
11142 2530
11142 11054
11142 31469
11142 52805
11142 13650
11142 39552
11142 81263
11142 27453
11142 3272
11142 5621
11142 36212
11142 56819
11142 16510
11142 48142
53065 43108
4814 42278
4814 2926
4814 3684
4814 20302
9449 81349
9449 12156
9449 70211
9449 43501
9449 23501
9449 23758
13059 3376
80965 80965
80965 613
80965 32185
80965 8887
80965 20302
39552 39552
39552 29241
39552 80110
39552 76506
39552 57690
39552 66308
39552 3684
39552 28104
39552 11919
39552 36563
39552 8799
39552 51164
39552 18974
58203 44860
58203 13265
58203 2653
58203 58203
36862 12176
36862 806
36862 46852
12489 13625
12489 48839
12489 12481
12489 12489
806 25011
806 806
806 60732
806 2926
806 82095
806 69681
806 46852
12481 56847
12481 82041
12481 38851
12481 81180
12481 6084
12481 5810
12481 2290
12481 3206
12481 3684
12481 47795
12481 33128
12481 4312
12481 6671
12481 48554
12481 12705
12481 76479
12481 12481
81153 4231
81153 81153
81153 801
38805 76498
6316 2383
6316 10075
35959 79906
35959 76102
81621 28104
81621 76593
81621 8799
19205 29783
20242 7710
20242 12337
20242 9072
41139 81900
41139 31356
41139 4807
41139 3324
27153 360
66608 7076
66608 13113
66608 2290
66608 11926
353 31371
353 43108
353 39891
353 8176
353 49208
353 1492
353 25510
353 11260
31731 31731
23850 81011
81934 644
81934 4177
1532 65800
1532 17029
1532 25028
1532 75106
1532 2926
1532 658
1532 7368
1532 13625
1532 26522
1532 1532
1532 38434
1532 2893
1532 66832
1532 630
1532 45932
1532 3206
1532 121
1532 28104
1532 12178
1532 56094
1532 1946
1532 39331
1532 8639
21929 21929
21929 4231
21929 70739
21929 10696
21929 23291
21929 43076
81801 27013
81127 27816
81127 67140
42302 1441
42302 37103
42302 1176
57255 468
35150 6666
35150 51223
35150 360
8784 8784
8784 3206
840 6395
10446 2926
10075 766
6818 12653
6818 80175
6818 81698
6818 749
3473 1459
3473 9417
42531 20302
42531 4832
42531 81400
42531 42531
4362 82104
4362 12178
4362 9161
4362 81462
4362 67140
4362 4362
4362 70808
10696 297
10696 70751
10696 10696
10696 5712
10696 1459
10696 81100
30186 2689
30186 21349
30186 41953
30186 57583
30186 36385
30186 431
30186 8133
30186 80853
30186 13530
30186 1946
30186 35714
30186 64384
78792 14094
78792 14450
78792 3684
78792 11919
78792 10266
81320 42004
7839 2625
12192 8639
43195 15242
43195 43108
43195 3272
43195 43195
36150 5309
2467 350
80972 290
80972 43108
81815 28104
81815 30889
81815 3948
924 6269
3897 21136
3897 16739
76284 76284
12357 391
12357 81051
45979 41258
80853 7206
80853 75
80853 4832
80853 80853
80853 22131
80853 2233
80853 13650
48322 2841
81415 5199
81415 28104
43108 19276
43108 81901
43108 43108
43108 43076
43108 1464
43108 11919
43108 4144
43108 8799
43108 15629
43108 9694
43108 21
43108 22989
43108 2024
43108 42690
43108 5263
43108 29783
43108 31356
43108 76479
43108 76102
43108 4231
43108 76011
43108 9317
43108 57398
43108 48554
43108 2666
43108 6013
43108 12138
43108 56372
43108 14450
43108 2481
43108 13625
43108 26522
43108 75536
43108 41585
43108 14972
43108 31469
43108 37103
43108 3272
43108 81758
43108 11260
43108 81319
43108 2612
81841 18606
81841 11926
81841 81841
81841 17581
81841 48839
16002 297
16002 80437
36254 13265
36254 5101
36254 14830
25642 81307
17988 75
17988 17988
17988 5101
17988 46578
81262 7507
81262 3684
12653 19276
12653 70808
31102 3711
81790 1463
81790 14094
81790 81790
81790 20787
81790 21684
81790 43559
2530 8430
2530 8628
2530 39120
2530 15054
2530 8725
2530 70119
2530 2530
2530 1114
2530 81243
74719 28104
6084 13113
6084 16419
6084 290
6084 6084
6084 43076
21369 6666
21369 9684
21369 18263
21369 20302
21369 3634
21369 9928
41452 11260
68910 8176
68910 3106
68910 68910
68910 48839
68910 4600
68910 12978
68910 2669
32507 38361
5659 43445
5659 13168
5659 21574
5659 5659
5792 5792
5792 4002
15884 70808
3502 69037
3502 3502
1102 12178
9502 81483
9502 54369
9502 46578
9502 80337
9502 81588
9502 32151
41619 41619
41619 4832
41619 11966
41619 48839
41619 5690
2868 62810
2868 56505
2868 2868
2868 21564
80979 4231
12643 15242
12643 58082
12643 81420
12643 80744
44143 44143
44143 17087
80791 81126
81786 4312
81786 6634
81786 81786
81087 76593
1096 2926
81244 11054
81244 4832
9404 81494
58787 75
54797 17581
54797 35687
54797 4312
54797 54797
54797 43438
2284 81776
2284 2481
2284 10503
2284 2284
2284 5712
2284 42690
17087 8799
17087 43954
17087 17087
7460 37026
7460 2191
7460 70211
7460 39380
7460 7460
7460 36563
7460 4096
7460 81168
7460 23758
7460 75616
7460 1463
7460 23291
7460 65800
7460 29783
7460 26522
7460 8799
7460 11392
4832 81527
4832 76098
4832 57571
4832 66558
4832 39212
4832 43062
4832 67007
4832 81632
4832 81206
4832 35702
4832 81970
4832 26039
4832 81349
4832 46573
4832 4832
4832 36886
4832 58682
4832 80013
4832 76296
4832 76238
4832 74519
4832 4923
4832 20302
4832 22758
4832 34483
4832 13650
4832 75422
13356 36946
81722 20507
43000 121
6043 3503
81784 9025
81784 5712
20597 20597
20597 28104
20597 11145
20597 9072
20597 8133
20597 81309
80928 24309
80928 80928
80928 13972
73383 468
6950 61522
6950 13113
1698 2362
22010 50166
22010 75682
60815 32898
31814 2481
31814 48554
58327 18606
238 2954
26013 53127
17029 43681
17029 8385
14740 81819
81429 9652
81429 78539
81925 82010
40432 5712
40297 70211
40297 39713
40297 81016
40297 73622
40297 65937
40297 39380
40297 40297
40297 63996
40297 74500
40297 18116
81607 9253
2106 51164
81258 28104
81258 19927
35702 50551
35702 12120
35702 35702
35702 48839
35702 26039
76333 297
76333 4312
76333 20302
76333 11919
76333 48839
76333 5712
76333 14551
73967 2874
76098 2000
76098 11054
76098 6794
76098 20302
81335 58682
81335 81335
75418 80787
75418 69037
62246 38085
62246 23141
35833 78525
7710 80735
7710 11919
7710 46536
7710 5768
7710 7710
440 81529
440 81011
440 40213
440 36939
440 4961
440 34149
440 440
440 18739
440 1492
440 81936
440 4312
440 76479
440 3106
391 1233
391 2191
391 27398
391 4177
391 78817
391 81168
391 49
391 31327
391 15197
391 74500
391 62135
391 22
391 43423
391 290
391 21684
391 12166
391 39380
391 12178
391 65800
391 1392
391 81218
62638 1898
62638 62638
35417 80597
14490 8133
3919 16702
80973 11260
80973 80973
9253 613
9253 13972
9253 40644
9253 9253
9253 66623
9253 5690
9253 1445
2666 2807
2666 62135
32898 21051
32898 17581
32898 32898
32898 16537
81767 11054
81767 37103
81767 80361
81767 26039
81767 21564
50846 65800
50846 80110
50846 17734
50846 73736
50846 24706
50846 70593
50846 50846
50846 75343
50846 41979
50846 49
50846 66528
50846 2039
50846 42690
50846 18974
43445 3172
43445 6751
43445 8887
43445 21574
81567 2807
81567 25485
81567 3684
81567 81567
81096 81051
82084 1540
82084 1573
12898 81051
12705 8628
12705 59189
12705 8938
12705 15819
12705 75685
12705 37385
12705 34149
12705 80940
12705 81177
12705 1946
12705 12705
7709 12178
7709 81838
35428 2191
36871 5712
36871 41291
36871 35840
42278 1840
42278 3948
42278 12337
42278 14450
42278 34538
42278 9025
42278 78
42278 42278
42278 38624
27453 9485
22569 37103
81917 81488
81917 6096
36212 5091
36212 34538
36212 9072
36212 74073
36212 2290
36212 2051
12674 68732
12674 52871
12674 36766
12674 81738
78672 31331
81319 70739
74492 3041
48662 12793
48662 9091
3041 4086
3041 61536
3041 22989
3041 2622
3041 36688
3041 40120
3041 81760
81101 4231
81101 66
81101 25256
81101 81101
81101 4614
81746 56222
57241 8799
41283 78010
11437 41686
79888 35840
65800 40804
65800 65800
65800 13972
65800 1465
65800 27816
65800 13265
65800 64141
65800 50754
65800 19325
65800 318
65800 6794
65800 20186
65800 1573
65800 70808
65800 8103
65800 37861
65800 12156
65800 43326
65800 290
65800 798
65800 22606
65800 31331
65800 23571
14497 81529
14497 76593
14497 68305
81970 20026
81970 11260
81970 48839
49045 20302
17734 82143
17734 11919
17734 14233
17734 17734
17734 297
17734 290
17734 65937
17734 42690
22795 22795
81835 76593
81835 81835
81835 35840
81250 2622
3891 2653
3891 3891
3891 31327
3891 4767
5801 6319
74156 3206
6827 297
6827 78856
6827 32803
25477 2273
25477 437
25477 25477
25477 360
25477 644
25477 11640
2162 60504
2162 81285
2162 3684
81090 80925
80487 80487
80487 15503
45347 60630
76102 11260
76102 76102
25121 9025
37385 2926
37385 8133
37385 3959
37385 1946
37385 5442
37385 4600
37385 5690
37385 37385
82116 12978
81999 26935
81109 11546
81109 11540
81109 81109
61515 12904
52805 26522
52805 13265
52805 52805
81710 10206
81710 1462
81710 2926
8446 8446
8446 27513
77929 77929
77929 54789
77929 20302
77929 50901
50614 613
50614 50614
10893 21907
15987 17773
4953 81507
4953 12337
4953 18286
4953 454
4953 2481
4953 40213
4953 42690
43850 81544
43850 1566
43850 2039
43850 50409
31327 4231
31327 14226
31327 22846
31327 31327
22722 46852
39380 75616
39380 3927
39380 56505
39380 13265
39380 763
39380 39380
39380 22971
39380 54541
6059 81051
4767 81674
4767 70751
290 6936
290 36946
290 9417
290 81416
290 2362
290 78
290 40883
290 1688
290 11546
290 81168
290 12178
290 3
290 81895
290 14233
290 81223
290 43681
290 81287
290 766
290 2926
290 81422
290 36886
290 73736
290 1463
290 36688
290 41291
290 13113
290 5690
290 50409
290 13767
290 70808
290 4477
290 30827
290 290
290 81530
290 41979
290 18048
290 10007
70060 8430
70060 29887
70060 18698
70060 18060
70060 21090
70060 70060
70060 37987
33209 2653
11 2926
381 402
78262 78262
26207 11054
26207 766
26207 78525
4053 36367
4053 10909
26538 78273
16702 81947
16702 22758
16702 82048
16702 37103
16702 26069
16702 16702
4177 3000
4177 2362
4177 39713
4177 41970
4177 27816
4177 81489
4177 5712
4177 3460
4177 12166
4177 4177
4177 75616
4177 81168
4177 3106
4177 33039
4177 36622
4177 19949
4177 79949
14835 14835
14835 1463
14835 1340
14835 1073
14835 10443
14835 2481
14835 28104
14835 5690
14835 35840
310 35261
10454 3684
62272 10718
62272 62272
11035 42716
36579 4118
36579 4423
63957 82111
46104 70211
47305 47305
47305 11926
47305 13265
47305 10273
80710 38624
5239 70739
5239 4144
3753 5101
65995 8133
19149 24955
39153 39153
13215 39713
76453 76453
76453 42047
76453 66623
14226 37695
48839 81508
48839 2926
48839 76412
48839 38600
48839 48839
48839 35419
48839 43062
48839 1463
48839 5690
48839 27066
48839 76167
48839 26039
48839 80069
48839 36688
48839 4600
48839 22131
48839 21051
48839 80970
48839 48554
48839 53163
8146 43062
4721 80741
4721 80000
8133 81987
8133 8133
8133 15780
8133 12283
8133 31807
8133 1946
8133 3106
8133 14340
8133 75293
8133 2689
8133 6085
8133 81819
8133 81544
8133 6671
8133 33039
8133 11260
8133 5442
8133 6794
78817 66
78817 11260
78817 15934
81948 2384
81948 25485
81948 8008
81948 1176
1649 2362
43681 5263
43681 13972
43681 43681
43681 25510
43681 21684
43681 3651
35445 26039
4649 11546
351 351
351 78
351 3
351 51107
14450 6936
14450 11100
14450 81854
14450 1840
14450 51478
14450 8799
14450 13972
14450 81468
14450 14450
14450 28104
14450 1568
14450 78228
14450 10898
14450 3206
14450 81077
14450 14094
14450 81876
14450 6671
14450 15934
14450 10266
14450 35840
14450 42504
14450 12610
49208 49208
49208 11054
49208 13650
49208 56553
49208 82074
49208 4298
49208 10898
49208 26778
613 4281
613 9161
613 46856
613 82048
613 21123
613 14515
613 81401
348 59142
73880 21291
73880 36497
5963 81688
5963 4987
73622 73622
81703 9025
81462 9161
81462 20302
81462 81462
81462 3948
81462 11260
81462 58777
81462 5690
15311 41242
284 81307
58550 1441
58550 25331
66731 11260
66731 19276
66731 66731
1409 5768
1409 14233
1409 2841
1409 10909
49398 49398
49398 34538
3000 3000
3000 2290
3000 2926
3000 43076
35261 9658
35261 18583
48831 12337
48831 48831
25028 76104
25028 13113
25028 1098
25028 5712
43076 30726
43076 81389
43076 5101
43076 81416
43076 15242
43076 70593
43076 11618
43076 42690
43076 11926
43076 81588
43076 36688
43076 20995
6013 37777
82047 82047
82047 5712
37247 37247
37247 6794
48609 35593
48609 25510
48609 48609
51216 2893
27066 3995
27066 763
23835 7206
23835 23835
23835 11115
61522 22989
61522 81626
2051 3684
2051 8385
1291 62639
1291 75338
1291 51428
1291 22052
33301 55893
62135 8430
62135 3077
62135 62135
5740 3206
75343 4149
75343 14094
75343 4231
75343 75343
4281 58777
47189 43324
52871 29697
52871 52871
52871 27513
25485 81529
25485 81011
25485 47707
25485 81507
25485 75619
16639 4807
29783 1847
29783 2807
29783 70618
29783 3206
29783 29783
29783 26522
29783 22971
29783 9025
29783 35840
40409 49151
40409 50754
75619 2233
81605 81605
81605 33039
81605 15934
2926 34538
2926 4554
2926 1106
2926 3847
2926 2926
2926 81349
2926 8430
2926 3106
2926 1948
2926 8799
2926 1358
2926 8628
2926 25256
2926 46290
2926 2841
2926 22989
2926 1131
2926 10898
2926 68663
2926 15735
2926 81876
2926 18739
2926 5627
2926 733
2926 76479
2926 5199
2926 59189
2926 2362
2926 40883
2926 11640
2926 32389
2926 10769
2926 12178
2926 5371
2926 10059
2926 69037
2926 766
2926 10435
2926 6085
2926 51428
2926 58125
2926 102
2926 41291
2926 6666
2926 81776
2926 81626
2926 8798
2926 11260
2926 78525
2926 6794
80874 81349
80874 11926
80874 18739
80874 80874
80874 18060
80874 2481
80874 5712
80874 42690
31324 64308
71113 35593
71113 71113
46852 9924
46852 630
46852 46852
46852 1459
46852 12176
461 38512
12283 80940
12283 75685
12283 12283
12283 18908
76012 28104
76012 76012
81847 11260
81847 42851
13278 766
42506 4312
22389 37902
81544 17907
81544 4600
81544 8966
6618 13650
82106 43054
82106 8103
82106 3901
82106 360
81776 5712
68722 297
68722 11926
68722 8003
68722 62735
23106 70808
23106 32906
31434 50629
949 15242
61978 8430
61978 11260
61978 61978
61978 28104
16623 51546
76105 50610
76105 27459
53180 5712
7743 7743
3847 43198
2234 15197
2234 2234
36385 36385
1463 10443
1463 36155
1463 43560
81828 42047
81828 11260
81828 1441
10273 13265
10273 10273
1948 76057
1948 14830
81811 6936
1358 11054
1358 80943
1358 3684
1358 13113
1358 12178
1358 4312
1358 41593
1358 13650
1358 1358
1358 38624
78273 81313
78273 23501
947 1459
43423 15197
43423 13265
43423 43423
43423 73972
43423 56353
43423 81122
38512 2384
38512 29316
38512 11260
15482 14094
15482 13972
15482 15482
36721 41123
36721 56668
36721 36721
36721 82019
56187 81224
81218 4231
81218 39284
14094 69558
14094 398
14094 6439
14094 81900
14094 33757
14094 11919
14094 61462
14094 5263
14094 34538
14094 18974
14094 74564
14094 76506
14094 58096
14094 78228
14094 57278
14094 14094
14094 47707
14094 35840
14094 36367
15934 297
15934 70739
15934 80110
15934 60483
15934 5279
15934 81422
6101 41123
6101 46290
6101 3948
6101 67007
6101 76412
6101 6101
6101 766
81151 81151
81151 76593
81151 3460
81151 1465
75293 75293
75293 41291
75293 20302
75293 81135
75293 10909
40804 80916
29241 36563
29241 29241
81903 5712
81903 16510
394 65756
394 3684
394 82132
81626 11540
3460 12156
3460 37434
3460 47294
3460 3460
3995 36946
3995 763
3995 3995
3995 23141
65899 35687
65899 32972
65899 36146
65899 41970
65899 51223
65899 23571
2837 13113
5697 22277
8628 61536
8628 2384
8628 4614
8628 297
8628 13265
8628 6066
8628 22277
8628 26039
8628 8628
8628 1492
8628 22989
8628 9025
8628 3206
8628 41291
8628 75
8628 6325
8628 18606
8628 2233
8628 19885
8628 6794
2893 12178
12120 66623
12120 81143
12120 15570
12120 37366
2363 31356
102 766
27164 27164
28104 81103
28104 34538
28104 24669
28104 43138
28104 81011
28104 81947
28104 55889
28104 6794
28104 78328
28104 5585
28104 416
28104 1568
28104 81530
28104 56920
28104 26778
28104 82095
28104 69558
28104 23197
28104 3684
28104 34149
28104 39815
28104 32325
28104 79979
28104 26522
28104 34682
28104 81709
28104 80134
28104 1056
28104 78228
28104 28104
28104 17492
28104 12610
28104 3651
28104 48278
8027 51
2095 80104
16510 81052
16510 17773
16510 8201
16510 64384
16510 16510
4987 4987
43889 70119
1465 34579
1465 12178
1465 36561
1465 81745
1465 25510
1465 3621
1465 1465
2618 20781
48826 3621
3803 30726
3803 3545
3803 3803
3803 48554
3803 2481
3803 42690
297 13972
297 51478
297 297
297 13113
297 12178
297 1703
297 11919
297 18060
297 44812
297 2043
297 26522
297 36735
297 81448
297 81529
297 81528
297 22
297 14830
297 82139
297 1056
297 10898
297 22131
297 3272
74411 4002
9617 30827
23572 5712
5371 58307
5371 5371
892 39082
1573 33064
1573 1573
1573 6872
1573 6666
1573 37103
1573 3684
52936 14547
52936 25511
22131 2273
22131 38085
22131 5810
22131 19949
22131 37366
22131 82096
22131 34686
22131 69037
22131 778
22131 46290
22131 14111
22131 35353
22131 58682
22131 36688
22131 5690
22131 22131
22131 73660
22131 80028
22131 10007
5091 9417
5091 38624
5091 12138
5091 74600
5091 54552
5091 9072
5091 5091
5091 12176
5091 23501
21051 21051
21051 66622
21051 58682
21051 36688
21051 1131
21051 30516
21051 24953
21051 52890
21051 81044
21051 9652
21051 81148
21051 14319
21051 766
26847 82171
1094 41103
10909 2384
10909 1056
10909 10365
10909 5690
10909 52890
10909 9550
10909 11926
10909 18060
10909 80794
10909 10909
10909 81804
1233 1233
29316 3684
38600 80390
38600 25510
38600 37103
38600 38600
18406 78761
18406 30643
47116 25510
47116 13972
47116 47116
82045 6348
82045 37103
81533 81520
82037 82037
82037 11260
82037 11919
82037 4614
82037 7687
437 49
437 360
437 1877
437 644
437 11640
14233 317
2042 37861
2042 13625
1234 75338
10941 70593
66623 37103
66623 16659
9736 13972
9736 21123
37103 51
37103 66622
37103 7330
37103 57571
37103 3324
37103 80361
37103 4312
37103 9072
37103 82056
37103 10591
37103 25510
37103 3948
37103 82074
37103 37103
37103 10898
37103 3206
37103 70355
37103 425
37103 3272
37103 20302
37103 14551
31134 13113
31134 31134
31134 35587
31134 38624
19186 6872
19186 51223
14551 14549
14551 14551
14551 21870
35840 65937
35840 80571
35840 81468
35840 81077
35840 78228
35840 80975
35840 22846
35840 15735
35840 14340
35840 35840
35840 75890
35840 13641
35840 36370
81854 16302
81854 11926
81854 81854
81854 9072
81854 3959
7507 70355
1384 5712
1384 6269
1384 42690
22846 4231
22846 33757
22846 8419
22846 22846
10206 3684
10206 20302
31371 31371
31371 5712
4086 62810
4086 11260
4086 4086
6506 6506
6506 15242
6506 23501
6506 5101
81636 38324
70618 7206
70618 81461
70618 38866
70618 41807
70618 3684
70618 27459
824 32660
69143 2233
22758 58682
22758 22758
81148 81148
81148 81044
81148 5690
81148 8430
450 41291
47945 47945
47945 32803
69505 10718
69505 10475
4298 21907
35529 5712
35529 2273
35529 35529
35529 766
35529 10035
17581 81197
17581 2912
17581 17581
17581 16537
17581 20598
17581 78
17581 81838
17581 50796
17581 81011
17581 11926
17581 4312
17581 39717
17581 34538
17581 38851
17581 74453
17581 4556
17581 2384
17581 80248
17581 9025
17581 10898
17581 68663
17581 41291
17581 17599
17581 81305
17581 18606
17581 78525
10475 81409
2653 70593
2653 74500
2653 19088
2653 2653
2653 66528
2653 81443
2653 63877
2653 43198
2653 23501
2653 13113
2653 37110
82132 8857
82132 20302
21146 10591
21146 11926
50796 1056
50796 13650
50796 50796
68440 4333
68440 13265
51223 35687
51223 39747
51223 51223
51223 36146
51223 41979
10194 2383
57278 57278
57278 6269
21870 14549
21870 21870
81017 3684
58777 2415
58777 9161
58777 733
58777 58777
32261 66536
644 6666
644 644
53163 53163
19276 4149
19276 57398
19276 60986
29625 69850
40644 13904
40644 26039
40644 40644
15488 36563
15488 15488
13265 82007
13265 4333
13265 13904
13265 5101
13265 70593
13265 81928
13265 43501
13265 23758
13265 76104
13265 13113
13265 46290
13265 46578
13265 61462
13265 43198
13265 80000
13265 184
13265 70211
13265 54369
13265 21574
13265 36688
13265 81674
13265 32151
13265 23980
13265 81016
13265 80622
13265 5031
13265 36563
7813 81273
1310 42690
78647 54628
6647 2689
40 72288
11145 57583
11145 26319
11145 11145
11145 81583
11145 11115
74026 10898
33927 75
33927 33927
80607 2191
74500 74500
5627 43266
5627 75682
1946 48792
1946 5810
1946 7206
1946 38866
1946 14302
1946 82056
1946 22277
1946 81349
1946 6794
1946 41953
1946 36561
1946 18128
1946 26319
1946 1946
1946 31026
1946 5690
1946 75063
71040 11945
71040 69931
71040 71040
8639 11100
6531 80963
2191 31724
2191 2191
2191 5101
81416 2273
76748 9485
8887 81164
8887 65972
29341 11084
81197 81197
81197 3684
8838 143
70211 56505
70211 11926
70211 70211
81601 33039
81978 11926
81978 13650
81978 81978
78539 1898
78539 78539
26039 81269
26039 25145
26039 80361
26039 38869
26039 27249
26039 26039
19088 18060
19088 19088
19088 70593
2384 431
2384 47396
2384 2384
2384 41291
2384 12176
2384 49
2384 4312
2384 11919
2384 1492
2384 26522
2384 80192
2384 9025
2384 47484
2384 11926
1266 81011
1266 80931
75685 36185
75685 75685
75685 454
15242 15629
15242 5101
15242 15242
15242 23291
15242 81349
15242 25198
15242 11926
15242 81332
15242 80090
4391 58158
1508 1508
38267 38267
38267 34180
75 81529
75 5690
75 75
75 35158
75 43266
75 13650
75 13113
14515 56819
14515 14515
14515 13972
14515 21123
69725 69725
69725 6494
47958 47958
47958 75735
20729 927
16979 39764
81490 26522
81490 13168
46578 4333
46578 70739
46578 46578
46578 10076
46578 36720
81263 5712
81263 11260
81263 81263
81263 70355
36302 40883
47482 8430
47482 11260
47482 8799
59335 11260
80985 21684
9534 21574
10031 70808
749 64529
749 1231
2689 7206
2689 14340
2689 17836
405 22721
405 9118
80248 2954
80248 27013
80248 80248
47345 11640
8103 6319
8103 6646
8103 398
8103 8103
76115 763
31475 317
81936 81011
81936 70146
81936 1492
21291 81168
5034 37026
5034 7206
80622 80622
75614 13576
81420 8250
81420 15388
81420 81420
10774 22277
45855 4312
70593 70593
70593 11640
51478 70808
51478 13972
51478 51478
51478 41291
51478 9091
81838 801
81838 81838
3324 70119
3324 3684
3324 68663
3324 3324
82102 39082
82102 1345
82102 13972
82102 25510
82102 82102
64141 36688
64141 70808
64141 64141
15197 24221
15197 15197
38816 77923
81629 8430
51428 51428
80751 35419
1056 1483
1056 81507
1056 79906
1056 60732
1056 21491
1056 82020
1056 1056
1056 81013
1056 9025
1056 45057
1056 3684
1056 82007
1056 766
40212 76593
40212 40212
32151 5516
32151 32151
50409 10605
50409 50409
10443 1345
39421 76593
39421 81051
75735 34538
75735 75735
47499 75420
82007 82007
82007 37026
82007 11100
82007 2290
13168 65972
13168 78400
13168 13168
13168 21574
2622 82048
2622 2622
2622 36554
2622 10898
2622 51137
50658 23141
27816 6646
27816 81000
27816 41970
27816 27816
27816 40835
27816 2362
27816 25511
27816 12166
27816 184
27816 32972
27816 43326
27816 3709
27816 79949
50754 41970
50754 20302
50754 69747
82057 20026
76318 9652
76318 76318
76318 3948
76318 5690
76318 30684
41593 38624
41593 3684
34766 5690
73791 38523
2503 184
2503 24965
2503 2503
2503 11640
2503 43687
50610 70355
66558 66558
66558 3206
66558 3959
66558 9072
7092 70355
42161 5701
54536 81051
78588 1537
12178 17440
12178 78
12178 13972
12178 12178
12178 3901
81561 11618
69850 47396
69850 11877
69850 30827
6756 38624
6756 41291
6756 48554
56188 35660
56188 81899
77923 34082
77923 20302
12176 431
12176 1131
12176 74453
12176 630
12176 38624
12176 17773
12176 12176
34483 11054
14972 2273
81167 416
36146 40883
36146 3075
36146 36146
2481 15629
2481 9317
2481 70751
2481 5712
2481 42690
2481 13113
2481 16419
2481 48554
2481 2481
2481 26522
34180 15503
15782 3333
56847 56847
56847 57164
56847 11054
56847 81807
56847 81883
56847 3106
10368 76593
10368 23141
61389 1131
4720 5429
81588 81588
3272 60596
3272 75338
3272 70739
81122 81122
2480 80950
75826 33804
81229 28128
81305 81305
63877 23291
63877 81332
63877 2290
63877 63877
63877 1149
81011 4312
81011 2233
81011 81011
3106 22971
3106 3684
3106 81349
3106 7126
3106 33039
3106 3106
3106 1492
3106 51685
3106 81051
80912 8430
80912 75420
80912 51780
80912 80912
81433 76593
81433 14974
81433 81433
79906 2233
79906 9025
79906 9072
5585 8799
41827 11054
41827 3621
41827 41827
11877 4231
11877 81400
4923 8430
4923 4923
4923 26522
4923 3143
4923 3684
4923 38624
18739 23291
18739 18739
18739 8419
18739 1131
18739 5101
18739 74330
18739 4312
18739 40213
27398 18060
27398 27398
75338 75338
2233 82095
2233 1492
2233 4312
2233 20186
2233 2233
65937 12310
65937 43560
65937 65937
10059 81136
10059 41291
10059 10059
3172 13972
23197 11260
23197 23197
1540 81111
60892 60892
60892 4312
3969 2273
27013 766
69681 25011
32389 21349
32389 9292
32389 81051
4312 1441
4312 13972
4312 5712
4312 68732
4312 4312
4312 12337
4312 67007
4312 81709
4312 82095
4312 20186
4312 9118
4312 81671
4312 80819
4312 1131
4312 3143
4312 37421
13625 9072
13625 13625
13625 10591
11540 3075
11540 2273
11540 2954
11540 11540
11540 81400
12138 31469
12138 39362
12138 10898
12138 70355
21724 18698
82171 76593
81016 81016
16023 38085
58125 58125
58125 78525
58125 31310
58125 3684
25199 5031
25199 25199
25199 3684
9161 9161
80950 5263
33039 3
33039 33039
33039 11260
33039 2954
33039 13650
33039 5712
34082 48526
34082 1459
34082 8799
34082 34082
34082 43941
6972 82076
81220 81220
81220 51164
5784 30721
5784 81899
21349 81136
21349 70808
21349 22277
21349 51137
39713 39713
39713 66
39713 5279
2149 20302
40090 40090
40090 14830
5417 80000
17188 17188
33854 35482
18060 69868
18060 46290
18060 81155
18060 76479
22810 4975
45125 2415
46573 46573
46573 12337
46573 20302
46573 25622
46573 2954
46573 78525
39026 52842
39026 39026
39026 9025
39026 3206
454 11100
454 34538
454 81758
454 82074
454 39362
454 56819
454 10898
454 9025
454 41807
12905 43871
46298 46298
22055 43266
80559 5690
23980 23980
23980 54311
7294 21907
1537 70808
1537 1537
37214 12166
7269 3711
76593 848
76593 81307
76593 81901
76593 81920
76593 81143
76593 37366
76593 81680
76593 81036
76593 651
76593 76593
76593 81577
81013 41291
62562 76479
76570 25145
76570 75290
32022 2362
2 2
22019 6794
50856 4961
50856 13972
50856 50856
81461 9652
81461 81461
81573 8430
81573 25743
3948 11100
3948 55865
3948 47973
3948 80894
3948 36688
3948 51137
3948 67007
3948 80744
3948 80970
14111 12166
3546 78440
41291 398
41291 41970
41291 5712
41291 3684
41291 7076
41291 25510
41291 38851
41291 38468
41291 68305
41291 36688
41291 1261
41291 81100
41291 41291
41291 70808
41291 2383
32972 6646
22606 81928
22606 13972
22606 48006
22606 9485
43687 25122
21059 81051
10365 34538
18756 1306
12858 81674
12858 3684
82162 11926
82162 5101
76665 11260
76665 16739
41123 41123
38866 38866
39297 39297
4572 4002
8857 8857
8857 78465
8857 2383
8857 66009
57280 11640
57280 57280
36720 46856
36720 36720
82095 82095
82095 1131
23202 7076
23202 23202
9072 81052
9072 81389
9072 9072
9072 10898
9072 81349
9072 3684
9072 15735
9072 5690
9072 10591
9072 81051
9072 78525
1568 23291
1568 1568
1568 82048
1568 17294
16739 16739
16739 8799
16739 76479
2383 30726
2383 1441
2383 13972
2383 4737
2383 1261
2383 4961
2383 2043
2383 10266
70119 70119
70119 31469
827 45932
81819 763
6262 68468
69558 4231
2415 2415
2415 18128
2415 67193
2415 20033
81307 41654
81307 10718
20787 1441
20787 20787
25256 5712
25256 25256
25256 13251
82042 7031
14302 56947
30827 30827
36886 48356
36886 14549
36886 36886
36886 20302
36886 12156
36886 75422
81000 3901
39115 66009
39115 39115
39115 16659
76506 76506
45861 45861
5279 3075
5279 5263
5279 5279
5279 22971
68468 11640
68468 68468
82020 2807
82020 82020
75422 81508
75422 76412
75422 74268
75422 76296
75422 80361
75422 81143
75422 81632
75422 67007
75422 75422
75422 80970
47823 5017
81677 12248
11100 11100
11100 9025
11100 2641
11100 81927
11100 18583
80916 80916
80916 13119
14181 23501
24953 24953
24953 47510
25726 47687
60986 62810
60986 81169
60986 21574
60986 60986
69747 69747
30726 4231
30726 30726
30726 10898
23661 81488
23661 29697
23661 23661
4737 12156
58096 11417
58096 13113
22277 6249
22277 22277
22277 81400
22277 5690
22277 3206
81489 81489
81489 78
81489 1176
30516 9652
14875 81051
80819 9025
80819 80819
80819 43266
80741 20302
80741 80741
7076 39163
7076 7076
7076 2807
7076 2290
26778 11260
81224 3206
18974 68305
18974 18974
250 47973
431 630
9317 4231
9317 69289
9317 81051
78400 40950
78400 21574
81354 81354
81354 68305
5712 5690
5712 51685
5712 81094
5712 18698
5712 1703
5712 13650
5712 10503
5712 9924
5712 5712
5712 1898
5712 11025
5712 2039
5712 39163
5712 60732
5712 41585
5712 20302
5712 11260
5712 38624
39815 6794
35486 1688
30967 51137
62639 62639
76025 1131
36735 11919
33064 33064
33064 6646
33064 70808
15517 1459
15517 934
57699 11260
14830 17773
14830 14830
14830 11919
14830 48554
14830 78525
58682 58682
1703 44949
1703 25511
1703 26522
1703 1703
80940 80940
425 41301
6325 47795
6325 6325
17907 3503
81243 8430
81243 81243
81401 81401
32454 36687
81986 13767
81900 22989
25511 2273
25511 25511
25511 12166
25511 20302
25511 317
25511 2502
73437 20302
81206 81206
27249 1898
27249 27249
27249 3684
81389 81389
81389 11926
81389 3684
82048 21265
82048 1441
82048 1073
1131 1131
1131 59189
1131 81688
1131 39212
1131 23291
1131 21907
68663 11926
15551 40883
3959 15735
81332 81663
81332 5101
81332 81332
45846 360
81313 35313
81313 81313
81313 78525
3503 81051
3503 3684
10503 5267
10503 35482
10503 36561
10503 767
37695 4231
11640 43795
11640 24965
11640 2362
11640 3684
11640 11640
11640 81223
11640 12204
11640 81287
23758 23758
5420 5420
52890 8702
50091 8430
19885 1492
19885 19885
19938 70808
60985 80028
5429 1345
5429 2836
69931 69931
1017 4528
10400 47762
76541 76541
55865 18048
55865 80744
15819 34444
15819 15819
45057 11054
45057 70355
45057 45057
24706 24706
24706 956
8032 76483
8032 8032
1826 70875
80013 81368
80013 2954
80013 4600
80013 80013
121 44949
121 45532
121 13113
121 6671
121 22989
121 74564
121 1
13268 468
13268 798
7666 4333
7666 5101
801 81468
24078 70808
4961 37338
4614 43364
39212 70190
39212 39212
75420 81093
64615 13650
51685 51685
80388 1176
20026 20026
20026 76167
5516 43198
36185 36185
36185 50145
81273 7631
81273 2954
81273 81273
47763 9485
37861 37861
81077 81077
7368 7368
7368 3206
12310 12310
81530 81530
81530 22989
2954 44949
2954 13650
2954 81488
2954 81368
81508 81508
48006 48006
48006 23571
3684 1847
3684 6269
3684 42690
3684 81136
3684 4600
3684 469
3684 3206
3684 11054
3684 11417
3684 3684
3684 81168
3684 21090
3684 81349
3684 41585
3684 62471
3684 78525
14340 14340
26522 13904
26522 26522
26522 42690
26522 11926
26522 76479
26522 10591
69037 69037
69037 763
766 2273
766 70739
766 3206
766 8430
766 70190
766 18263
766 31469
766 9025
766 4600
766 58307
41979 76104
41979 41979
69977 69977
5701 23141
48792 7206
48792 48792
48792 11025
1162 11966
1162 25510
1162 3651
1162 1162
9118 17114
9118 11260
9118 9118
37366 8430
37366 37366
20302 59142
20302 47294
20302 81349
20302 81520
20302 81174
20302 18938
20302 81649
20302 81745
20302 36688
20302 18263
20302 20302
20302 81039
20302 70921
20302 12156
20302 81488
50901 80970
80774 44539
630 81192
630 4600
398 398
398 81860
75616 54369
75616 4144
75616 21564
11919 81052
11919 11919
11919 48554
11919 31356
11919 42690
11919 76479
12156 52860
12156 80110
12156 26069
12156 12156
81745 5690
81745 81745
14447 2362
59189 59189
4144 70739
4144 2290
4144 13113
4144 4144
4144 51164
438 16183
74453 13650
5101 8419
5101 5101
5101 4333
5101 73972
81856 81856
10076 77919
10076 5259
10076 9485
4463 4463
4463 5259
48745 70808
55893 55893
45947 81488
45947 78525
2807 81349
2807 81507
2807 2807
2807 763
17836 17836
23291 44293
23291 70751
23291 3206
23291 23291
23291 38889
13641 13641
82056 6794
70925 70925
36972 35419
402 41686
402 402
402 78
402 5690
402 49927
39754 82111
81553 11260
81553 81553
35158 81177
35158 35158
651 651
651 35520
38624 38624
38624 13113
38624 48554
38624 81899
46536 763
39082 81773
39082 70808
39082 9485
20233 41970
81649 4696
81130 11260
81130 81130
54458 8799
80886 80886
22989 82143
22989 22989
22989 81760
45932 9652
45932 45932
4042 11500
4042 49927
81414 80891
81414 81414
81414 13972
57583 15735
57583 6794
81488 78525
81488 81488
728 43266
11966 25510
11966 58307
11966 11966
11966 8799
11966 3651
29697 29697
29697 81052
29697 1176
29697 7434
29697 76479
29697 80058
29697 13650
2273 2273
2273 360
2273 13491
2273 5690
2273 184
2273 1176
2273 12547
76412 81632
6032 81051
69868 6794
69868 5810
49668 41644
317 317
317 36155
1073 34538
1073 74600
1073 76479
1073 42690
35508 44539
1345 50629
1345 80361
1345 37434
1345 1345
1345 9485
763 22052
763 7591
763 38085
763 82165
763 763
763 81051
763 62810
763 78228
763 36688
763 81400
763 6666
763 61993
763 81906
763 74564
763 80661
81051 6269
81051 25510
81051 81051
81051 60435
81051 6518
81051 81366
81051 14915
81051 8719
81051 81373
81051 11260
81051 78525
54369 35353
54369 54369
26208 4231
81169 80361
81169 50438
81136 81136
74268 74268
74268 11054
74268 66009
24309 70808
24309 80891
16139 80058
8799 15629
8799 8430
8799 46551
8799 8799
15629 15629
15629 48554
15629 11260
15629 11765
81421 80891
81421 70808
32325 32325
80966 80966
60618 70964
10898 8430
10898 10898
70355 81232
70355 13904
70355 59215
70355 6976
70355 3206
70355 70355
70355 81412
70355 11115
70355 81095
81671 81671
39602 81349
81663 81663
76479 8430
76479 13113
76479 11926
76479 1459
76479 11054
76479 25
76479 3206
76479 35733
76479 11260
76479 76479
3651 3651
4433 4433
4433 5690
360 2362
360 360
38361 38361
1 81168
1 80661
1 38912
1 1
41301 4231
70190 81412
82096 82096
81095 11054
81095 81095
3315 3315
4556 4556
75063 75063
8938 65756
8938 8938
8938 6671
81686 4231
81686 81686
41953 7206
41953 41953
41953 11115
78465 66009
6671 6671
6671 30889
56819 5810
56819 56819
66009 11054
66009 66009
81860 81860
81860 10266
81738 8430
81269 81269
81901 11260
81901 81901
68399 68399
40950 40950
40950 21574
73972 2362
78 2900
78 78
78 1688
78 43198
78 36688
78 41970
81107 25510
61462 61462
5897 37902
81927 9025
81927 81927
81468 81468
81468 10266
9694 7079
36688 39747
36688 36688
36688 5690
36688 13113
36688 70808
36688 61993
36688 50438
26069 66777
26069 26069
3206 13972
3206 3206
3206 81349
3206 81168
3206 12337
3206 1176
3206 5263
3206 36561
3206 41928
3206 27459
47795 82104
47795 11765
47795 33128
70808 75217
70808 81730
70808 14102
70808 2672
70808 41686
70808 46290
70808 80110
70808 81164
70808 9928
70808 82059
70808 70808
70808 39004
70808 21564
75246 4600
9485 9485
24386 37902
1441 16183
1441 1441
1441 81174
1441 82032
8419 4231
21574 21574
37212 68732
143 375
12128 58307
80794 80794
42804 13972
42804 42804
31310 31310
31310 81412
41585 41585
6518 42690
1261 1261
37110 37110
22721 18606
22721 54628
43364 4231
43364 43364
35687 41970
75217 75217
81730 66607
81730 81400
81730 81730
10847 10847
18606 1492
184 5690
81147 5690
5263 17592
5263 3400
5263 81483
5263 62810
5263 33757
36575 11260
56505 4096
22971 81349
22971 6269
22971 22971
9025 62086
12166 2362
12166 80028
9091 13972
9091 9091
38434 1459
38434 8991
80661 80661
51137 43324
51137 51137
70739 70739
70739 2290
70739 75536
1061 81520
81192 4600
79949 11926
12337 12337
12337 81758
12337 81520
12337 35593
80970 16659
44905 2344
21564 63996
47396 47396
14508 62810
14508 14508
4807 4807
4807 303
80744 80744
11115 7206
11115 18128
11115 11115
81216 47144
81216 1445
6269 81349
6269 6269
6269 78525
1688 1688
81598 11260
81143 30684
81143 81143
42440 42440
5015 81180
46290 46290
46290 4890
303 303
70964 81613
66777 66777
81311 10591
81311 2290
11054 3400
11054 11054
11054 3621
11054 40213
11054 15570
11054 81529
6517 6517
14024 37902
17408 17408
32332 32332
40883 40883
65972 65972
81287 49
81528 11260
46856 13972
62810 6666
62810 62810
59234 81164
33128 33128
6666 81223
6666 51164
3280 11500
22052 22052
22052 7591
41970 41970
8430 81232
8430 56076
8430 81349
8430 8430
8430 13972
8430 25510
8430 4600
8430 11260
8430 43941
38085 23141
38085 38085
81052 81052
81052 11260
81052 2290
31774 64496
80925 35520
4002 2362
4002 4002
81906 81906
10266 12610
10266 10266
13650 81857
13650 25510
13650 56553
13650 37087
13650 13650
13650 81520
6319 6319
6319 61536
6319 23571
57571 57571
81758 81758
78065 2362
17440 80739
7591 7591
60732 60732
6348 11417
6348 6348
6348 36931
43198 43198
12204 12204
23501 23501
23501 2290
47973 47973
65756 65756
4333 4333
4333 58688
50629 50629
78525 78525
11260 42851
11260 81988
11260 81409
11260 4231
11260 13904
11260 6085
11260 8369
11260 48554
11260 11260
39004 39004
39004 2672
20995 61536
81232 81232
66536 2290
13042 1407
35419 35419
35419 12978
35419 4600
81349 21684
81349 5690
81349 11926
81349 25510
44539 30889
44812 11417
44812 57398
2290 81180
2290 2290
2290 10591
21907 21907
81039 81039
81039 13972
81520 81520
51164 51164
39747 39747
39630 61630
81164 81164
36367 21684
36367 36367
25510 52860
25510 81920
25510 25510
25510 4600
6205 6205
30889 30889
21596 42690
81529 81529
16419 16419
16419 48142
2672 13767
2672 2672
34538 17164
34538 34538
43501 43501
32216 13972
63996 63996
9652 81988
9652 15570
34686 34686
34686 61536
4231 79979
4231 15735
4231 4231
4231 48554
4477 4477
80110 80110
80110 5690
25622 25622
82111 82111
13653 81583
58307 15570
58307 1459
17773 17773
81422 81422
11546 11546
25011 1492
25011 25011
81044 81044
81044 18943
12978 4600
31469 31469
31469 42690
35353 81773
35353 5690
35353 35353
44949 44949
1492 1492
81899 6096
43795 43795
62735 62735
21684 21684
47294 47294
3400 3400
78228 78228
40213 40213
35080 13972
81093 81093
64384 64384
81368 81368
74389 74389
15129 54263
81709 81709
15570 15570
61536 61536
61536 16183
5810 5810
16183 68708
16183 805
18116 18116
1450 6085
3 22878
468 11926
46551 46551
23141 23141
68305 68305
1674 81103
81583 81583
81583 71011
81674 81674
16659 16659
74274 74274
2039 7721
5010 5010
49927 49927
11417 11417
11417 13113
11417 54795
42851 42851
80361 80361
5690 2362
5690 13113
5690 5690
5690 13767
8435 34444
82165 82165
17592 17592
15735 15735
81174 81177
3545 3545
59142 81998
48554 48554
82104 11926
68732 68732
68732 43438
11926 11926
11926 12610
11926 42690
11926 43066
4639 22
2386 34444
13767 13767
13767 22
13972 30172
13972 13972
13972 81290
36554 36554
80058 80058
7206 7206
7206 18128
38889 38889
35482 4600
51107 51107
25 25
22 22
66528 66528
66622 66622
13904 13904
70751 70751
2641 2641
6085 6085
2362 18263
2362 2362
71011 6794
67007 67007
47704 4149
10591 10591
21491 21491
80975 80975
61630 61630
81773 81773
81876 81876
18128 18128
81177 81177
13113 13113
13113 10007
49 49
732 732
39362 39362
81155 12301
6794 6794
12610 12610
81869 81869
4600 4600
42690 42690
62471 62471
13530 13530
18048 18048
35593 35593
4149 4149
54263 54263
1176 1176
1176 10007
39717 39717
81400 81400
67002 67002
82143 82143
56553 56553
26319 26319
81412 81412
