17787 290
17787 42278
17787 17787
85198 12643
85198 18662
85198 85198
85198 29491
85198 22277
85198 18465
33672 48839
33672 33672
33672 85015
33672 25510
33672 84768
33672 16702
64444 13650
64444 763
64444 13360
64444 64444
2733 1222
2733 85140
85187 33141
85187 11260
85187 25510
85187 12166
382 23015
382 25980
382 70019
54780 35687
54780 35508
54780 54780
54780 13022
54780 40883
54780 69850
62673 8430
62673 62673
62673 70809
39521 84431
14257 8628
85461 1650
75968 7294
75968 48839
75968 75968
5498 17988
13015 425
13015 4312
13015 8176
13015 1306
13015 6084
13015 35593
13015 13015
13015 44291
13015 14094
10366 56938
10366 10366
10366 51223
10366 6671
10366 1573
2623 16762
74104 17047
74104 20302
82067 85761
82067 26415
82067 45057
37822 3124
37822 50562
37822 85348
37822 19593
37822 6101
37822 8385
37822 34096
37822 37822
37822 41619
11142 37103
11142 85411
11142 40381
11142 73384
11142 57771
11142 1465
11142 3503
11142 84272
11142 85361
11142 18000
11142 3684
11142 14835
11142 85847
11142 4312
11142 4803
11142 84210
11142 84120
11142 85008
11142 3199
11142 33064
11142 23064
11142 12138
11142 85818
11142 4832
11142 85578
11142 25511
11142 82840
11142 11142
11142 10304
11142 11552
11142 85783
11142 25011
11142 70355
11142 1650
11142 84430
11142 14094
11142 83633
11142 12481
11142 74600
11142 85220
11142 85651
11142 84454
11142 85086
14454 17773
14454 81169
14454 48334
14454 8385
14454 28128
14454 43122
14454 2954
14454 14454
2823 2383
9449 69037
9449 13265
9449 40038
5034 1516
38490 38490
38490 45118
19593 19593
19593 2554
76479 29697
76479 44293
76479 2954
76479 8385
76479 9025
76479 955
76479 9091
76479 6094
76479 3106
76479 6442
76479 8008
76479 81332
76479 290
76479 2233
76479 1688
76479 76479
76479 12481
42160 2000
42160 8133
36862 11856
36862 83670
36862 36862
10957 14094
12489 12489
11856 11856
11856 58719
9114 1532
50356 297
50356 7108
50356 766
3698 20729
1811 1811
1811 16183
38448 85427
38448 41075
38448 37691
38448 2318
38448 3106
38448 70808
38448 2622
38448 38448
38448 11260
38448 5690
12481 21157
12481 36579
12481 1715
12481 57139
12481 12481
12481 41283
12481 70355
12481 78423
12481 3106
12481 43266
12481 83880
12481 10035
12481 25104
68384 14226
38805 78061
6316 6101
8494 28128
85707 4333
85707 4721
44206 2926
44206 21615
41139 66
41139 31102
4433 15629
4433 37103
4433 11260
4433 3272
4433 4721
353 85847
353 85411
353 85181
353 84759
23850 31310
1532 7206
1532 26536
1532 8628
1532 36414
1532 56094
1532 9025
1532 20595
1532 1532
85430 11054
85640 12166
57405 11546
57405 1015
57405 2926
20796 84872
78314 78314
78314 81332
5281 2807
10446 24078
10446 290
10446 11877
10446 23141
10446 34538
6377 19885
6818 6818
6818 22
6818 85970
3462 43354
4362 41075
4362 8157
4362 75496
85211 46460
85211 85711
85211 2926
85211 24757
75500 82843
75500 75
75500 8628
75500 75500
9022 85422
1027 39836
85239 50868
85239 56624
85239 85239
85239 14830
85239 36707
85239 46852
84834 4231
84834 6827
85966 5091
85966 76593
85966 85966
85966 16537
48481 8628
48481 48481
48481 84885
20729 13265
20729 20302
20729 20729
20729 84914
20729 11260
16678 22989
16678 20598
85230 2926
582 41301
582 1048
76284 76284
76284 3684
50409 360
35869 6129
4753 15293
24541 6094
24541 613
24541 19885
24541 24309
43108 43108
43108 43076
84989 20597
84989 12705
35872 303
84700 84700
84700 1463
84700 14094
84700 2383
84700 19075
84700 40520
84840 3272
84840 11919
51484 2622
51484 51484
31807 1152
31807 43354
84558 84557
31102 14094
31102 1441
31102 2926
31102 50846
31102 31102
4040 9652
4040 4312
4040 1306
4040 3106
4040 25510
4040 40023
4040 4040
4040 3032
2627 84272
38744 1946
38744 38744
38744 1358
38744 17581
38744 7092
85989 76593
85989 2926
85989 1229
5098 2415
68910 10718
68910 45600
68910 68910
9942 45600
6575 74879
6575 11260
6575 6575
9502 42774
9502 2900
9502 30827
52982 40297
52982 52982
84243 73784
57842 11919
30366 30366
30366 70808
30366 51325
85220 13265
85220 17581
4832 76453
4832 238
4832 62049
4832 32355
4832 85652
4832 85355
4832 6429
4832 83887
4832 763
4832 85045
4832 84961
4832 4832
4832 69194
4832 82843
4832 6043
4832 812
4832 82510
4832 14581
4832 1459
4832 85055
4832 2386
44881 78554
85319 25104
83501 5200
83501 85554
66195 40804
66195 28128
66195 1465
6043 290
6043 18739
6043 11919
6043 18571
6043 17218
6043 2954
6043 10898
919 56217
82616 84990
82616 6671
82616 82616
20597 20597
20597 35344
20597 5917
20597 1176
20597 43322
20597 36103
20597 22277
20597 8133
20597 11115
6950 10333
6950 6950
6950 23950
6950 1310
20584 3859
2554 41619
2554 2554
31814 11260
31814 48334
31814 11919
31814 47692
2362 35349
14740 85932
250 250
250 3272
250 62593
250 21684
250 5690
250 84753
10280 39082
40297 8799
40297 28128
40297 7460
40297 84990
40297 85711
40297 9379
40297 42804
40297 297
40297 40297
40297 85595
40297 19272
40297 69037
40297 43122
40297 2095
40297 85918
18889 22277
18889 17836
2106 17581
73784 85406
73784 73784
73784 763
40888 82672
85594 56624
80604 2622
10304 6094
10304 9025
7710 2384
7710 1050
8212 4312
391 38468
391 84664
391 1441
391 13265
391 4312
391 19864
391 76541
391 25256
391 5690
391 69850
4789 43122
76299 84071
76299 1688
458 458
458 62593
8846 2738
8385 85406
8385 84664
8385 13904
8385 8385
8385 74330
8385 2926
8385 16183
8385 1688
8385 4619
8385 13625
8385 8799
8385 5015
8385 2384
8385 28128
8385 82179
8385 6094
8385 78554
8385 8875
8385 2954
8385 3402
8385 38624
27398 27398
27398 5516
27398 13265
27398 81332
48585 2900
32898 32898
32898 16537
6566 75670
6566 763
6566 26039
6566 85509
50846 69037
50846 41075
50846 10300
50846 15242
50846 4961
50846 85659
50846 50846
50846 85244
50846 85222
50846 85579
50846 50437
50846 54788
50846 12547
50846 85320
50846 25696
38386 2807
38386 78061
85529 82666
15293 7206
15293 82843
15293 15293
15293 9269
15293 26935
15293 62810
15293 12705
15293 5442
15293 3502
15293 5984
44291 8176
84752 4312
84752 7732
85535 75616
85535 85535
85535 1
12898 75382
12898 26039
12898 85428
12705 82420
12705 85776
12705 11115
12705 82179
12705 23869
12705 85834
12705 83598
12705 3106
12705 1946
12705 70015
12705 84587
12705 9896
81562 1688
42278 43783
42278 14450
42278 1306
42278 38624
42278 290
42278 42278
42278 36721
42278 85599
42278 18583
42278 70355
85386 82691
66434 8719
66434 66434
25527 84837
699 36688
75309 46460
36212 9025
85244 14094
85244 4696
38068 4231
38068 12858
38068 4653
38068 13268
7721 7721
7721 51164
3041 3106
3041 84390
3041 12603
3041 85403
3041 2874
85294 69775
37691 24309
37691 3959
37691 37691
85242 17773
85242 4312
85242 405
85242 2233
85242 9025
85242 85242
85242 3402
85242 5963
41283 1266
41283 17581
41283 1306
41283 2233
41283 9025
41283 41283
17276 11260
14497 22131
14497 40782
14497 9401
14497 763
14497 36688
14497 83246
82122 4312
82122 9091
85969 4312
85969 11115
34445 38101
1610 32592
49045 6101
49045 49045
49045 37103
22620 18526
22620 22620
22620 2954
22620 70355
21753 613
21753 21753
21753 13972
84881 13650
84881 9091
9136 18756
84955 21051
84955 84955
84955 48839
57025 439
33064 1441
33064 1573
6827 1441
2162 56921
81090 8799
81090 16659
25121 8628
25121 25121
29992 70211
29992 13972
7576 11260
7576 7576
84637 17773
84637 40564
84637 45564
84637 84637
84637 74651
73886 3948
7206 3199
7206 85427
7206 2415
7206 61426
7206 16537
7206 2926
7206 43354
7206 8133
7206 85140
7206 7206
7206 15735
7206 43322
7206 9269
7206 30186
7206 3106
7206 1946
7206 11115
50614 83153
50614 50614
8737 83457
8737 8737
15780 58682
31233 19414
4953 32389
4953 5712
4953 30186
5690 78
5690 21339
5690 56938
5690 72288
5690 2669
5690 4149
5690 62272
5690 4231
5690 85136
5690 36886
5690 402
5690 84390
5690 85329
5690 5690
5690 53091
5690 22131
5690 85259
5690 15155
5690 6030
5690 69850
41274 70618
20521 85578
22722 22722
22722 2954
4767 4231
4767 317
4767 57609
4767 85272
4767 14443
4767 1688
55934 28128
290 56938
290 42571
290 6206
290 83050
290 85403
290 78
290 32355
290 11640
290 297
290 82229
290 10273
290 39717
290 85593
290 69850
290 85508
290 35360
290 22810
290 38145
290 46290
290 13251
290 14450
290 41873
290 84390
290 74936
290 51164
290 2701
290 81773
290 21564
290 41075
290 70498
290 30186
290 290
290 2383
290 36688
290 3901
290 85011
47248 82358
70060 766
66559 29783
66559 8628
16524 14094
14653 13700
381 82229
18050 4696
83050 83050
83050 1898
83050 763
23835 70618
4053 12978
84664 6094
84664 84664
84664 84833
84664 1098
84664 64294
16702 33741
16702 2384
16702 12120
16702 13972
16702 35593
16702 1688
16702 46104
16702 48745
16702 23141
16702 1
16702 13034
16702 4696
16702 16702
16702 69194
4177 30186
4177 4177
4177 80296
4177 1573
4177 28128
6451 21800
2051 85988
2051 1650
2051 38889
2051 28128
2051 2051
2051 40023
2051 53091
45653 75274
45653 11260
45653 45653
24993 14450
44022 74606
44022 21146
44022 35416
44022 44022
36579 4312
36579 36579
36579 18739
67002 67002
80710 84966
5239 40564
5239 84290
5239 3684
3753 17308
3753 78248
65995 28128
70498 20302
13215 47638
13215 22337
13215 13215
76453 613
76453 76453
76453 8887
69880 72273
56938 41654
56938 2837
56938 13972
56938 85531
56938 56938
56938 613
85361 84120
85361 20302
8133 66044
8133 34859
8133 28128
8133 82843
8133 5917
8133 81529
8133 2000
8133 83955
8133 8133
8133 1946
8133 15735
8133 17064
8133 5442
8133 14340
51420 82843
51420 37103
85350 13265
43681 43681
43681 39421
69792 6101
344 51164
351 2926
351 34538
85202 37103
85202 1184
40782 40782
40782 8857
40782 78061
40782 33047
613 28128
613 82843
613 43122
613 85466
613 80361
613 25051
613 41259
613 3377
16888 2273
16888 8628
348 7108
4685 1816
85847 1688
85099 9652
85099 8430
85099 85160
85099 85099
83955 33039
83955 83955
83955 34859
45600 69850
85768 21684
85768 6205
43954 43954
43954 16537
74564 14094
9269 15735
9269 6794
9269 71011
9269 38866
9269 9269
9269 3106
9269 83598
85570 79911
85570 58993
40832 9317
1409 37919
1409 41075
1409 42690
42511 24309
42511 42511
42511 6101
65800 14233
11674 5010
25028 10881
25028 85349
25028 4312
43076 64639
43076 45057
43076 82843
43076 12905
43076 74411
43076 26415
43076 40023
43076 84272
43076 43783
43076 84179
43076 25854
43076 40322
10605 6249
50437 50437
37580 37580
37580 14450
30500 14319
38816 763
85136 6249
85136 69037
85136 11540
85136 2095
5740 15629
5740 31016
83 13326
29783 84090
29783 4312
29783 21339
29783 29783
29783 9025
29783 41593
29783 11632
29783 57782
85970 13915
85265 13265
85265 85265
81605 85259
41051 80160
40381 1345
85586 85379
84990 38468
84990 84990
84990 1306
46852 36707
85168 70808
85168 1688
461 2383
12605 3106
85288 13650
85288 14450
8112 2
8112 56571
22389 955
68302 23444
16321 47795
16321 81311
75619 6094
75619 2233
75619 75619
81776 5712
68722 85693
15155 83633
31016 2233
31016 31016
60457 4312
60457 31469
46785 85303
11145 11115
85120 8508
28037 9025
36707 38851
1463 1463
1463 60483
1463 85427
10273 18739
10273 1306
10273 14450
10273 1310
10273 2530
10273 10273
3132 31469
33820 46460
62680 6101
62680 62680
62680 3684
62680 38624
62393 70808
62393 8857
62393 62393
15482 23291
85789 1946
85789 23141
85789 85789
13168 47692
14094 44172
14094 8588
14094 1441
14094 6206
14094 21339
14094 50893
14094 85582
14094 12978
14094 69681
14094 69289
14094 85101
14094 46290
14094 13625
14094 84393
14094 85682
14094 21985
14094 83645
14094 45
14094 46104
14094 60483
14094 28128
14094 22989
14094 17503
14094 64005
14094 14094
14094 57583
14094 19075
14094 38889
14094 43783
14094 83382
14094 78061
14094 8176
15934 74300
15934 3005
15934 85143
6101 84747
6101 16183
6101 45242
6101 4312
6101 18060
6101 84872
6101 71045
6101 20994
6101 454
6101 13650
6101 36688
6101 70355
6101 21123
6101 84272
6101 7294
6101 12755
6101 6101
6101 14319
5094 82179
5094 13265
40804 41873
394 22810
394 11877
394 394
15214 15214
15214 1131
32355 454
32355 32355
85595 85595
50309 1898
50309 2926
50309 50309
50309 84849
50309 29887
2837 69037
2837 28128
45 17064
45 45
45 3402
45 10503
80668 2530
13824 83382
8628 3075
8628 83060
8628 58682
8628 955
8628 75
8628 2060
8628 4312
8628 8628
8628 2233
8628 43266
8628 2954
8628 34341
8628 12120
12120 8799
12120 81143
12120 85674
20994 5263
20994 24309
20994 12178
20994 4312
85073 454
85073 11260
85073 2954
85073 85073
6129 25510
6129 51389
1047 1047
102 2926
28104 28104
28104 23869
28104 84911
16557 11054
16557 85170
16557 83314
25051 26935
25051 21684
25051 25051
59023 8430
59023 11260
59023 75422
59023 1688
39836 728
23444 21907
85406 52860
85406 24179
85406 36517
85406 52903
85406 85348
85406 34096
85406 66033
85406 41619
1847 3106
1847 40564
1847 85616
1847 36886
1847 85729
85281 20507
85281 11260
85281 85281
1465 85580
1465 1650
1465 9417
1465 73384
1465 85427
1465 1465
1465 50796
1465 41075
1465 6671
1465 85259
1465 85059
1465 2954
1465 84120
1465 84454
25494 59205
82650 9652
82650 20507
82650 22055
82650 82650
82650 20302
3803 2481
3803 70355
35344 35344
84120 1650
85077 19949
84071 84071
6936 85059
6936 74411
48562 85181
48562 1345
48562 15743
23476 23476
23476 20302
21931 6429
22131 22131
22131 13360
22131 84390
22131 763
2123 20302
5091 4312
5091 74600
21051 80289
21051 22277
85531 26935
85531 85531
84952 84952
84952 1148
84919 11260
84919 84919
84919 763
85982 82179
85982 763
10909 38468
10909 10696
10909 23869
10909 10909
1233 78312
1233 7294
1233 85329
1233 21349
84813 4312
34461 2954
34461 22277
34461 405
34461 34461
85303 24611
85303 50758
85303 9101
658 48334
57114 82843
3922 3922
3922 84454
3922 1573
83670 83670
83670 76593
83670 763
69696 69696
69696 11054
69696 2954
84510 84431
37103 69078
37103 82843
37103 83183
37103 37103
37103 10898
37103 40023
37103 62560
37103 65913
37103 4312
37103 85829
37103 766
37103 69931
37103 85086
4653 38145
8875 7092
8875 3684
85585 62593
85585 85585
19186 19186
19186 3901
84454 1573
84454 13119
84454 4961
84454 84454
35840 11100
35840 35360
35840 81169
35840 60483
35840 19075
35840 40520
35840 8799
35840 23827
35840 35840
35840 3032
57771 297
85834 13650
22846 22846
22846 68519
11262 4572
8157 9652
8157 84768
8157 8157
59012 75
318 14286
318 41075
85682 85682
85682 1306
39342 74936
70618 58682
70618 70618
85019 22051
17644 1306
519 4096
40023 84951
40023 1898
40023 1306
40023 6348
40023 82179
40023 2530
40023 40564
40023 10898
40023 40023
40023 8430
40023 84179
40023 9652
40023 25510
40023 763
85320 85320
42137 16537
83457 85616
83457 81838
83457 37850
83457 34483
10696 38145
10696 3485
10696 2841
4298 4312
4298 21907
4298 56624
4298 69850
38085 38085
38085 36687
31310 6094
31310 4312
31310 31310
31310 84759
31310 11978
41873 41873
41873 48745
41873 8003
41873 5263
41873 10503
41873 21271
41873 36146
7443 40723
7443 7443
7443 14450
21146 72273
21146 56617
21146 21146
21146 17907
21146 48142
50796 24309
50796 25510
64404 4149
64404 1688
327 4312
327 74600
6278 69037
6278 4096
6278 84144
8345 85582
85322 85322
85322 2039
60841 4020
44651 37354
5274 82179
5274 13265
5274 11682
5274 5274
5917 8991
5917 23141
5917 83598
13265 13972
13265 68399
13265 10898
13265 81332
13265 74411
13265 69852
13265 85693
13265 46448
13265 62798
13265 82229
13265 13265
13265 10333
13265 69037
13265 42804
13265 37861
13265 76541
13265 85811
13265 82179
13265 24706
13265 4096
13265 85020
13265 6671
13265 12395
13265 51389
13265 47692
85027 766
1573 46290
1573 73384
1573 60483
1573 1573
1573 15743
1573 84914
1573 78554
1573 85653
1573 85045
1573 4354
1573 21564
1310 15242
1310 24706
38145 81332
21800 7031
21800 750
21800 56980
21800 21800
21800 2233
21800 20803
21800 69850
3927 3333
1587 6249
1587 34859
85599 297
85599 85599
85599 2807
48334 17773
48334 48334
48334 20302
48334 75274
1946 83742
1946 12976
1946 2926
1946 81529
1946 65900
1946 23141
1946 1946
1946 85130
1946 85610
1946 11115
48737 11260
1098 85554
1590 15629
85428 1281
85428 30684
85428 85428
1778 4
8887 43122
85022 2233
85022 85022
85022 2954
85022 4312
85022 1266
2146 17988
76541 76541
76541 69630
85079 2926
7437 454
82743 24309
78539 9652
78539 29887
78539 8008
78539 78539
26039 48839
26039 69194
26039 26039
19088 80051
2384 85804
2384 38624
2597 49
2597 36146
2597 19949
2597 2597
2597 51164
2597 3502
1266 9025
1266 1266
84896 7732
15242 24706
15242 80000
85509 55893
85509 76593
85509 85509
75 23141
75 14319
75 22989
75 3402
75 36688
75 22277
75 4600
58211 26935
12755 84788
12755 20302
47958 51389
30186 40324
30186 72273
30186 62593
30186 74600
30186 11115
30186 83598
30186 81529
73530 454
73530 2000
73530 48839
73530 4600
44864 12905
44864 44864
26415 26415
44169 75496
8032 33141
8032 46230
8032 8032
8032 54788
85042 25510
85042 70808
85554 2233
85554 3077
85554 85554
43322 43322
43322 43354
82229 82229
28209 3621
28209 28209
85593 43054
85593 36625
85593 2503
35349 35349
35349 10007
81838 81368
81838 56624
81838 36155
81838 2954
81838 81838
84944 70808
84944 84944
85988 20302
39082 1593
405 405
405 3684
8103 22810
8103 12156
8103 41075
8103 17260
8103 6249
8103 8103
30790 17064
1358 297
1358 7108
1358 12178
1358 11260
1358 12156
121 74411
121 10035
5486 6094
5486 85329
31475 31475
31475 13119
85608 20026
85608 85608
1816 1816
70593 70593
48839 24078
48839 85336
48839 21907
48839 82358
48839 21339
48839 81633
48839 48839
48839 4600
48839 4312
48839 85295
38236 46573
3324 11926
3324 3324
3324 38624
3324 45057
80578 2481
80578 80578
85212 83633
85212 28128
85693 11926
85693 85693
4069 46460
4069 47692
4069 81332
23077 25256
6466 5442
1056 15735
1056 4312
1056 85578
1056 1056
1056 82179
1056 85379
1056 20803
1056 85277
1056 34341
75422 83183
75422 82505
75422 85895
75422 6084
26579 2530
8794 81143
362 2481
362 362
362 5279
362 84144
2095 6348
2095 12166
2095 82179
2095 73972
2095 17988
2095 2095
83060 83060
36721 29697
36721 33741
36721 3027
36721 2954
36721 82358
36721 21339
36721 36721
36721 77923
36721 12176
36721 4312
36721 26591
36721 48635
36721 50901
36721 52834
36721 83385
36721 9025
36721 37850
38566 77923
21252 15629
21252 21252
21252 36035
21252 1688
84179 85811
84179 9072
84179 6518
84179 19475
84179 69037
36527 2383
84714 13972
41593 33333
300 69747
7687 2954
83645 31883
1176 28128
2503 24965
2503 2503
2503 24706
2503 69037
2503 43395
7092 84874
7092 40863
34180 42586
34180 22051
34180 2954
34180 4312
34180 34180
12178 51685
12178 4312
12178 12178
85369 31058
84885 8008
84885 14450
84885 9025
84885 38624
84885 3402
84885 3684
69850 85616
69850 50893
69850 22337
69850 78
69850 41301
69850 11877
69850 69850
2868 4096
2868 24913
2868 2868
77923 10365
77923 77923
77923 85395
12176 61426
34483 85578
34483 34483
75735 61479
36146 11260
36146 85508
36146 6646
2481 11417
2481 14830
2481 6084
2481 85711
2481 5743
2481 297
2481 41075
2481 18060
2481 2481
2481 84144
745 28128
79942 79942
79942 12138
79942 40983
79942 17581
79942 14830
79942 85402
79942 2954
79942 3402
79942 44797
54821 46460
85045 1540
85045 14319
85045 763
85045 85045
56059 70808
56059 21574
56059 13972
82840 3503
82840 81311
47391 70808
17988 17988
17988 27807
17988 81332
5407 7732
18571 62593
3272 6094
3272 84272
3272 25510
6360 84768
6360 6360
85674 17261
85674 85674
48522 48522
20781 9025
4262 49
85804 7110
85804 76593
85804 85804
3106 4231
3106 28128
3106 10503
3106 85140
3106 3106
3106 25510
14286 6646
14286 14286
25256 25256
25256 13904
25256 20302
25256 82179
25256 763
25256 12138
24757 5015
36886 20026
36886 4721
36886 36886
36886 62810
36886 1688
24014 763
24014 24014
58790 43122
53091 28128
53091 53091
11877 11877
11877 83246
4923 82510
4923 84549
4923 37919
4923 4312
4923 4923
4923 81633
4923 9025
4923 4987
19444 19444
2233 29697
2233 85776
2233 2233
2233 37432
2233 70190
2233 85258
2233 82845
83382 4312
83382 58682
83382 84390
83382 83382
83382 763
83382 81400
83382 84847
14379 4231
14379 36035
1693 51685
5831 19475
3402 17064
3402 85427
3402 85122
3402 2841
3402 14450
3402 84430
3402 74330
3402 9025
3402 3402
3402 70508
3402 4312
3402 85047
3402 6094
3402 78061
3969 22989
83515 9072
74411 74411
74411 5081
4312 74330
4312 24309
4312 85402
4312 85093
4312 83134
4312 79906
4312 22989
4312 84509
4312 36688
4312 11552
4312 4600
4312 70355
4312 70508
4312 1737
4312 630
4312 85610
4312 9924
4312 56624
4312 74651
4312 85592
4312 85182
4312 84759
4312 4948
4312 45242
4312 4312
4312 70464
4312 25510
4312 85379
4312 83519
4312 31469
4312 8430
4312 1840
4312 75382
4312 58096
4312 49208
4312 10265
4312 56553
4312 85047
4312 21907
4312 11260
4312 9025
4312 37850
47510 47510
47510 69194
13625 13625
13625 2954
13625 55853
13625 78061
13625 1688
83385 25510
83385 763
83385 78061
83385 83385
45722 46460
12138 18060
12138 70508
42774 17901
2318 4890
630 8008
630 3959
630 18060
630 9025
630 630
630 85801
630 766
25199 13650
25199 37436
25199 14830
25199 25199
441 1593
85269 32389
6084 11417
6084 84430
6084 85877
6084 9652
6084 6084
6084 763
6084 42571
19322 2117
85860 14450
10744 51685
10744 85916
17261 2622
17261 766
74330 2273
74330 48503
74330 14830
74330 74330
74330 10503
74330 2926
74330 3206
74330 297
74330 3199
83270 9025
83270 83270
85652 76593
85652 85652
85403 82179
85403 1688
18060 6094
18060 80000
18060 10333
18060 18060
18060 9025
18060 84966
18060 22810
22810 22810
22810 69037
22810 82179
22810 26935
22810 70808
22810 17047
22810 20302
22810 450
46573 6094
46573 85130
13552 13552
13552 18512
454 85427
454 85043
454 2926
454 15129
454 454
454 15735
454 58682
454 11260
454 14319
454 85916
12905 18739
12905 19885
22055 9025
7294 85055
7294 84846
70808 24078
70808 21157
70808 6249
70808 13972
70808 40640
70808 360
70808 85170
70808 85856
70808 85355
70808 11540
70808 51325
70808 84874
70808 41686
70808 46290
70808 76239
70808 763
70808 43122
70808 81773
70808 41075
70808 85277
70808 85259
70808 84939
70808 70808
70808 1459
70808 2612
70808 3377
85365 20302
76593 84872
76593 85182
76593 7591
76593 76593
76593 40322
76593 85008
76593 85606
83183 83183
83183 1441
22019 22277
62798 62798
85181 13972
85181 28128
85181 85181
85181 15743
38590 73384
85011 10503
85011 85011
85011 1306
14105 14105
14105 23141
56669 1459
56669 56669
3948 84288
3948 85537
85055 85055
41291 70018
41291 41686
41291 38851
41291 85984
22606 21399
45005 28128
84245 37555
85427 85427
85427 2954
78785 43122
2689 2415
38866 38866
38866 43354
4572 85466
4572 47973
4572 4572
85508 85508
85508 12166
70508 70508
70508 14450
36720 23758
9072 4231
9072 78
9072 9072
54316 73593
26935 41654
26935 26935
21684 51325
21684 15743
21684 21985
58340 85578
35360 14450
2383 4231
2383 56901
2383 85818
2383 28128
2383 45057
2383 78061
2383 17440
2383 54268
2383 81332
2383 40564
2383 2530
2383 3824
2383 85471
40983 8008
6262 49
11417 2273
2415 2415
2415 57583
2415 2926
2415 14915
2415 3684
36601 84867
6494 85578
37432 85776
79906 79906
8508 8508
70190 85411
85537 8430
30827 10076
85372 2039
21985 21985
41259 20302
23317 2926
13525 10266
85711 3384
85711 4333
85711 85711
85711 11919
85711 2290
85711 3684
1650 1650
85101 85101
85101 1688
31058 11028
21157 21157
11100 801
11100 11100
6206 6206
63913 10365
63913 63913
38851 14450
38851 19885
38851 11260
38851 1345
38851 3684
69037 43054
69037 586
69037 10503
69037 1841
69037 52890
69037 3901
69037 733
69037 4144
69037 69037
69037 17907
69037 3502
58096 58096
58096 9025
22277 24078
22277 1058
22277 4903
22277 22277
22277 11115
85783 13650
30516 75496
7076 84430
18739 18739
18739 1131
18739 2530
1708 10035
30721 21339
9317 85435
85560 297
85560 25510
5712 6094
5712 61426
38101 9652
38101 38101
82691 2926
82691 1306
82691 82691
84802 84802
84802 1131
84872 25510
69194 14319
83519 83519
83519 2954
85776 85776
74773 2954
74773 85651
74773 74773
14830 15629
14830 2926
14830 14830
14830 11552
14830 70355
297 85592
297 7108
297 51325
297 297
297 19075
297 25510
297 766
297 20104
4423 2954
4423 4423
82505 82505
47305 47305
47305 11926
84778 11640
2578 2954
40932 2954
40932 13650
85582 85582
2926 2926
2926 70464
2926 85379
2926 26080
2926 22989
2926 34538
2926 28128
2926 85140
2926 81529
2926 11546
2926 85539
2926 21339
2926 5200
2926 85205
57609 1688
7325 40640
10333 10333
57888 70015
57888 11115
7717 56921
75382 81645
75382 13972
75382 50901
85334 56624
4333 4721
1131 17773
1131 1131
51450 68232
41075 41075
41075 12166
41075 83633
41075 80891
41075 21564
3959 74600
81332 84743
81332 46460
81332 84914
81332 80739
81332 81332
81332 25854
81332 84144
85610 85610
85610 23141
85610 5442
75853 36688
75853 75853
85180 43122
85180 28128
85180 13972
85180 15743
20302 24078
20302 85818
20302 2149
20302 36931
20302 56980
20302 20302
20302 60731
3503 5015
3503 3503
3503 70925
3503 28128
46460 10547
46460 15629
46460 19475
46460 12235
10503 2883
955 24494
955 17581
955 1492
955 955
11640 5181
11640 11546
11640 85539
11640 11540
11640 84804
85355 81488
13700 85455
19885 3684
19885 19075
19885 14450
19885 84430
19885 19885
19885 45615
19885 82845
37436 61426
69931 1688
58057 4721
58057 5516
85578 85578
85578 13650
85578 47467
45057 45057
24706 24706
24706 62675
85325 56624
30954 67162
13268 13268
13268 85653
62560 76600
62560 62560
62560 63927
85047 2954
85047 85047
14319 4231
14319 14319
3901 7108
3901 73384
3901 51164
24078 24078
24078 2060
24078 3995
24078 1688
51325 85592
51325 51325
84431 85539
84431 28128
4614 317
4614 34538
78061 2954
78061 13904
78061 78061
78061 11260
78061 48827
78061 85471
85653 43122
85653 85653
85653 25309
5516 62675
85157 20507
36185 36185
36185 17581
11540 6249
11540 402
11540 85259
11540 11546
11540 76500
11540 11540
1106 84577
40821 25854
47763 1459
47763 11025
47763 47763
1516 1840
47692 47692
12310 78
12310 85059
2954 17773
2954 85402
2954 9025
2954 70355
2954 78554
2954 21339
2954 82990
2954 2954
2954 13650
2954 85471
2954 9417
2954 61426
2954 84759
2954 41666
2954 78387
2954 3027
2954 10365
2954 9896
4854 85916
84743 84743
72288 26522
72288 72288
3684 6094
3684 85379
3684 40520
3684 3684
3684 70355
3684 10035
3684 27459
4690 1441
4690 4690
26522 84272
2530 45242
2530 43364
2530 1306
2530 40564
766 42571
766 766
766 61028
2807 40564
2807 1306
5701 21339
82843 13972
82843 82843
82843 11115
17907 17907
17907 62471
17907 18583
52918 38468
85007 1688
50901 84961
50901 50901
398 398
85533 7460
11504 6094
12156 17440
12156 56980
12156 51223
12156 11260
12156 80483
12156 85395
12156 21574
14447 6249
4144 21574
4144 63996
61149 84768
64639 19729
64639 14450
64639 64639
84549 35593
84549 13650
84549 83134
76239 8430
76239 11260
76239 76239
76239 1898
22337 22
22337 1306
22337 11260
22337 78
22337 22337
19272 1107
19369 58203
55893 1688
55893 6671
55893 85277
82990 9025
82990 82990
85651 85651
11233 15735
7460 69852
7460 85579
7460 48866
7460 5496
7460 46104
17836 82420
46448 46448
23291 23291
23291 8799
23291 9401
23291 6671
72273 56617
65913 65913
84210 84210
84210 763
70925 70925
36972 70355
12858 82420
12858 69289
12858 18583
402 11546
402 6249
48127 42371
38966 11115
38624 17773
38624 11926
38624 38624
65972 21574
84587 84587
85801 13042
85801 85801
6104 82588
21349 11260
21349 28128
85402 9025
68232 11260
68232 68232
17064 17064
17064 2805
17064 83598
54458 85245
2149 21574
22989 2841
22989 22989
22989 3199
16785 6249
23827 23827
83598 2000
83598 83598
83598 28128
83598 12978
81488 81488
42571 23141
42571 9652
42571 763
42571 42571
2738 2738
29697 29697
29697 52834
2273 3075
2273 35779
2273 2273
2273 9025
2273 16537
2273 9840
2273 49
2273 8538
2273 70015
2273 4354
2290 84874
2290 70464
2290 2290
12978 15629
12978 763
85245 14450
2938 36035
1345 85222
1345 51203
1345 4707
1345 83581
74367 11260
1048 18512
1048 1048
85920 85920
85920 12166
82179 37555
82179 82179
85272 85272
85272 81457
26208 26635
81169 8799
81169 21574
56094 1492
23971 32332
2386 2386
34859 6094
75970 42804
24309 24309
8799 16659
8799 14450
8799 8799
8799 763
15629 15629
15629 56624
15629 36035
15629 11919
15629 85471
84961 43122
84961 84961
84939 84939
10898 5101
10898 84772
10898 10898
70355 70355
70355 45242
6094 47638
6094 84759
6094 6094
6094 85411
6094 25510
27742 4354
74600 76600
74600 74600
74600 11260
74600 1898
74600 9025
49753 49753
49753 13650
49753 30684
84747 37555
360 17440
360 360
1898 85729
1898 85037
1898 25510
1898 55853
1 1
80289 80289
80289 17581
22429 84768
3502 3502
41619 41619
43247 21574
45242 45242
43122 46290
43122 28128
43122 43122
43122 15743
43122 13972
43122 85681
78465 78465
78465 21339
5621 84966
70015 70015
66009 11054
66009 66009
8176 34538
60731 85395
3077 66536
43054 6249
6999 85918
68399 68399
78 26080
78 11546
78 22
78 78
48084 3032
6671 7732
6671 6671
6671 763
6671 13093
80891 85613
4721 85592
4721 4721
4721 5101
4721 13972
67066 4231
14450 84772
14450 3032
14450 14450
14450 40723
14450 85379
14450 84272
14450 19075
14450 20104
23297 21339
78554 78554
1441 1441
1441 28128
1441 16183
8419 21574
3032 3032
3032 1306
18269 66
18269 18269
85258 85258
85258 801
51323 11115
42804 13972
42804 5101
42804 42804
85122 1459
85122 85122
1306 1306
1306 21907
84768 24611
85411 85411
51223 85580
51223 11546
51223 28128
35687 35687
66774 6506
18583 18583
184 81773
85856 85856
85729 11260
85729 317
85729 85729
85818 11260
85818 85818
47638 47638
9025 9025
9025 8008
9025 9896
9025 11054
9025 81633
9025 7732
9025 48278
12166 85580
12166 6249
12166 36688
12166 12166
12166 54788
12166 763
12166 10035
12166 10007
9091 13650
9091 9091
4020 4020
84272 84272
84272 9924
51137 2622
51137 51137
85086 9924
85086 85086
85086 8430
76006 6085
21339 21339
21339 74138
21339 1840
21339 11054
2900 2900
2900 13972
2900 10035
69289 69289
20507 85877
85379 85379
42395 42395
17581 43266
10365 5373
10365 3199
85140 3199
85140 13530
85140 42676
85140 85140
83671 11260
23141 16537
23141 1688
23141 33449
23141 85616
23141 23141
23141 84390
23141 763
34341 43266
34341 34341
6506 6506
62675 62675
11115 11115
35779 38783
50893 50893
2000 15735
2000 8991
2000 84804
2000 28128
2000 16537
81143 1445
56617 56617
10718 34538
19475 19475
57782 57782
5015 70751
46290 46290
46290 28128
303 303
84390 84390
84390 763
84390 1688
9401 4231
9401 763
9401 9401
8008 8008
81311 81311
11054 11054
32332 84772
84966 84966
84966 11919
40883 85616
84759 84759
41666 41666
85550 85550
85592 47741
317 4231
317 6249
450 450
85037 85037
37555 37555
20104 20104
62810 85471
84914 84914
84914 25510
84914 11260
15743 15743
15743 28128
1840 85984
1840 12395
1840 763
1840 11260
40723 84772
43354 18128
43354 43354
33047 33047
3377 21574
76600 85681
1688 82420
1688 14725
1688 83246
1688 18116
1688 1688
1688 80361
1688 31327
1688 4231
1688 36688
85784 763
85784 85784
55853 55853
8430 2841
8430 8430
8430 9652
8430 78387
8430 10035
22971 17773
22377 20803
12878 48142
81773 81773
38192 43266
10266 19075
10266 10266
13650 13650
13650 23935
13650 11260
13650 85606
85580 85580
56624 56624
7591 33449
6348 6348
33377 7031
2841 2841
65756 9652
65756 763
81633 81633
78387 11926
75274 75274
11260 6646
11260 85466
11260 85182
11260 65922
11260 11260
11260 75496
51389 51389
66536 66536
33449 33449
2622 85616
2622 2622
85435 11926
3333 5292
36688 36688
21907 21907
21907 21574
85222 85222
43266 81529
43266 1492
43266 43266
51164 51164
85606 85606
62593 62593
40564 17773
40564 36779
40564 10035
40564 40564
70464 38468
70464 70464
12547 12547
12547 6249
25510 16183
25510 12565
25510 9652
25510 25510
25510 82358
25510 11552
25510 10035
81529 81529
10035 763
10035 10035
34538 34538
34538 22
34538 84772
40520 40520
63996 63996
9652 16183
9652 34490
85681 85681
4231 4231
4231 37026
4231 85811
4231 4149
4231 84820
82358 82358
9924 9924
17773 17773
73384 83633
8003 8003
11546 11546
37026 37026
14915 15735
1492 1492
33333 33333
80739 80739
26080 49
81368 81368
7108 7108
7108 85259
7108 763
36931 21574
36931 36931
763 85616
763 39717
763 763
763 85471
84430 84430
84430 25104
19075 19075
25104 25104
21574 21574
4183 6249
61426 61426
16537 16537
16183 28128
16183 16183
36687 49620
36687 36687
5181 5181
5181 2039
2039 85259
58682 58682
82420 82420
84772 84772
83246 67162
85579 11926
15735 6794
15735 15735
15735 6085
85918 85918
69775 69775
14354 4639
11926 11926
46495 46495
46495 13972
4639 4639
1149 46189
13767 22
43783 43783
5442 28128
6249 6249
6249 57280
13972 13972
13972 28128
85616 85616
38889 38889
11919 11919
22 22
84509 84509
20803 20803
2805 2805
12395 12395
70751 3384
70751 70751
28128 28128
28128 4600
48142 48142
84874 84874
49 49
25854 25854
36779 36779
11552 11552
4600 4600
66 66
66 85143
85259 57280
38468 38468
19949 19949
85182 85182
4149 4149
39717 39717
3384 3384
4096 4096
48278 48278
10007 10007
