1391 1741
3 1784
3 146
1540 1725
518 1830
1543 1637
1543 1831
1543 1865
1543 1675
1543 1870
1543 1839
1543 536
1543 405
1543 1861
1543 1847
1543 1848
1543 1855
523 1592
1038 132
1049 1050
1050 1454
27 1220
27 620
27 1079
1052 635
1052 420
1565 970
32 1807
32 1856
32 1829
32 1857
32 1675
32 1838
32 1167
1075 1624
1573 1127
44 1800
44 1850
44 1851
44 1846
1072 1158
51 1775
1843 95
61 492
1601 1872
1601 973
1601 114
1601 1875
1601 1859
1601 1505
1601 1624
1601 1402
1601 1279
1601 1858
1601 701
1603 980
69 652
1608 1362
1097 456
586 396
1720 429
1624 645
1624 1862
1624 1864
1624 1866
1624 1868
1624 1678
1624 1871
1624 1811
1624 725
1624 1175
1624 281
1624 346
1624 155
1624 479
1624 544
1624 1700
1624 805
1624 1704
1624 398
1624 1783
1624 1657
1624 1727
90 398
95 1840
95 1649
95 1842
95 1767
95 1849
95 1452
95 924
95 1837
95 697
1127 1227
1639 1737
1644 1758
1248 131
1845 1844
1657 366
652 1208
652 1372
1676 183
143 201
145 810
451 1874
673 1587
673 1783
1190 792
1190 394
697 808
697 1852
697 1319
699 1836
1724 785
1724 1315
1217 1344
1217 1841
710 1283
199 959
1741 1832
1236 1237
1237 398
1752 1831
1756 1833
1756 503
224 1854
1249 1836
1246 1783
1781 469
1321 1836
298 323
1834 843
1285 1000
1291 1836
1807 289
1815 1338
1835 843
1836 1863
1836 398
1836 1393
1839 1844
1839 509
1332 1737
821 483
317 367
1343 1359
1860 993
1860 494
1860 1873
1862 1869
1867 969
983 985
1167 1853
316 509
372 429
747 492
1413 969
398 828
398 1013
1434 1535
463 492
