1 312
1 42
3 1192
3 1249
3 42
3 618
6 201
6 122
6 1020
6 212
6 578
8 105
9 1184
9 514
9 771
9 1452
9 1420
9 834
9 1261
9 977
9 1198
9 1401
9 1444
9 1434
9 1453
9 477
9 1445
9 32
9 1121
9 34
9 1188
9 997
9 1265
9 1450
9 1323
9 1196
9 1197
9 366
9 177
9 1521
9 1332
9 318
9 1206
9 56
9 313
9 1451
9 638
9 127
10 1258
11 400
12 480
12 1252
12 103
12 300
12 1387
12 588
12 1106
12 689
12 140
12 148
12 757
12 1433
12 857
12 634
12 319
13 400
15 400
19 65
19 331
19 1221
19 1098
19 1015
19 1133
19 1299
19 1207
19 1016
19 410
19 1435
19 764
19 1483
19 389
20 400
26 194
27 42
27 1162
29 850
29 1394
29 389
30 103
32 1497
32 67
32 68
32 105
32 780
32 1234
32 430
32 1519
32 1232
32 274
32 1395
32 926
32 1336
32 281
32 1211
32 349
32 638
32 1385
34 351
34 335
36 400
36 129
36 614
36 879
36 828
36 511
38 475
39 400
41 481
41 610
41 805
41 1041
41 105
41 746
41 811
41 1040
41 529
41 754
41 1182
41 184
41 638
41 863
42 1280
42 1284
42 1414
42 257
42 1288
42 394
42 142
42 1357
42 1428
42 302
42 790
42 922
42 1308
42 669
42 415
42 291
42 1190
42 1191
42 296
42 1031
42 1415
42 1266
42 942
42 1309
42 176
42 1178
42 952
42 1337
42 955
42 573
42 961
42 1346
42 1091
42 325
42 1505
42 1224
42 1226
42 1355
42 1356
42 333
42 1229
42 163
42 1294
42 1307
42 1354
42 1418
42 1509
42 1482
42 353
42 1506
42 483
42 1062
42 488
42 233
42 620
42 1005
42 1262
42 189
42 752
42 1512
42 242
42 1477
42 767
44 400
44 232
48 323
50 481
51 502
52 1508
52 103
53 416
53 1202
53 325
53 54
53 855
53 1432
53 1388
53 1314
58 103
59 400
60 194
61 827
61 103
62 162
62 103
63 400
63 290
63 1271
63 1114
63 95
64 400
67 1496
67 806
67 1137
67 424
67 713
67 74
67 236
67 1000
67 172
67 533
67 1430
67 1417
67 88
67 1501
67 1427
69 357
70 400
72 883
72 611
72 103
73 372
74 635
74 537
74 860
75 475
76 400
78 968
79 220
80 194
81 400
83 194
84 321
85 400
87 475
90 105
94 176
96 105
97 400
97 104
97 469
97 191
98 194
99 194
100 101
101 400
101 370
101 190
102 323
103 256
103 513
103 260
103 266
103 215
103 525
103 270
103 277
103 534
103 282
103 795
103 1312
103 801
103 475
103 1060
103 549
103 1329
103 553
103 554
103 1280
103 815
103 1072
103 561
103 306
103 1078
103 569
103 577
103 1313
103 1334
103 839
103 1097
103 843
103 1100
103 593
103 345
103 1118
103 1126
103 874
103 1231
103 957
103 372
103 1342
103 377
103 379
103 1130
103 128
103 132
103 1302
103 134
103 393
103 652
103 143
103 658
103 917
103 920
103 409
103 1181
103 928
103 929
103 930
103 931
103 932
103 938
103 1195
103 175
103 688
103 948
103 183
103 185
103 954
103 699
103 445
103 1215
103 1216
103 1217
103 1244
103 967
103 456
103 969
103 204
103 462
103 975
103 465
103 978
103 211
103 1236
103 983
103 986
103 731
103 988
103 479
103 1510
103 1255
103 1256
103 489
103 1002
103 500
103 503
103 765
105 1152
105 1027
105 263
105 1033
105 343
105 1036
105 1039
105 563
105 1156
105 1050
105 1051
105 1055
105 288
105 487
105 1068
105 1069
105 814
105 1373
105 307
105 308
105 1246
105 1338
105 1083
105 317
105 576
105 1353
105 1099
105 332
105 1102
105 1103
105 1104
105 1105
105 339
105 1108
105 654
105 1111
105 1116
105 1117
105 606
105 1122
105 1123
105 1125
105 871
105 1129
105 1131
105 1132
105 1134
105 367
105 624
105 1138
105 1139
105 1141
105 1142
105 1143
105 1144
105 1145
105 1146
105 1147
105 1148
105 1149
105 1150
105 1151
105 128
105 1153
105 644
105 1157
105 1421
105 398
105 1423
105 915
105 404
105 155
105 674
105 1463
105 679
105 739
105 704
105 716
105 632
105 209
105 212
105 1402
105 990
105 992
105 993
105 482
105 995
105 337
105 1276
105 498
105 1107
105 1372
105 252
105 1021
108 400
109 400
112 266
114 400
118 120
118 194
119 321
121 194
123 400
124 323
125 194
128 1409
128 1513
128 934
128 235
128 685
128 846
131 194
133 437
135 400
135 1486
138 302
140 276
141 345
142 329
142 1277
143 1094
144 400
144 1200
144 1408
144 1017
144 921
144 442
144 1278
145 254
146 308
147 191
149 400
151 400
151 982
152 400
154 400
157 341
158 400
161 323
161 221
165 400
166 400
168 400
172 531
172 820
172 684
172 638
173 400
174 260
180 242
181 194
183 916
191 347
193 502
194 768
194 516
194 389
194 271
194 515
194 283
194 1056
194 289
194 422
194 295
194 555
194 303
194 944
194 755
194 1085
194 949
194 575
194 448
194 322
194 836
194 453
194 199
194 203
194 334
194 1362
194 355
194 342
194 228
194 222
194 1248
194 356
194 357
194 1084
194 234
194 619
194 1004
194 237
194 241
194 1086
194 375
194 509
194 254
194 1279
195 415
198 204
199 1364
204 432
204 1239
204 1500
212 597
212 1289
212 696
212 703
212 413
212 309
214 266
219 321
220 400
224 400
239 342
243 266
244 448
245 309
248 482
248 374
249 1504
249 357
249 1304
249 1485
249 861
249 1470
249 581
250 400
250 1112
250 405
251 400
252 472
252 387
252 935
254 344
254 408
259 289
261 353
263 989
263 647
265 400
266 627
266 368
266 677
266 691
266 552
266 650
266 695
266 653
266 694
266 680
266 692
266 661
266 663
266 574
266 693
269 482
272 308
273 522
277 496
277 321
277 497
277 468
277 1054
277 518
277 423
277 1320
277 414
277 1438
278 372
280 321
281 1140
282 1327
283 628
284 400
285 323
286 400
288 470
292 520
293 463
294 400
297 372
297 327
298 323
299 400
302 1392
302 558
304 400
305 521
305 306
306 1120
306 388
306 438
306 1115
306 1228
308 336
308 849
308 1110
308 352
308 759
308 520
308 316
308 638
309 937
311 400
314 400
315 400
317 1011
321 359
321 550
323 1347
323 966
323 865
323 1164
323 678
323 400
323 1044
323 341
323 1047
323 346
323 1007
323 350
323 418
323 421
323 557
323 431
323 1073
323 1267
323 373
323 1237
324 400
325 625
325 1283
325 326
325 760
325 1243
325 1292
325 941
325 559
334 1442
338 475
338 1155
339 493
341 1437
342 364
342 1462
343 1242
345 946
345 947
346 1419
346 837
348 481
353 665
354 398
357 1431
357 1161
357 1375
357 638
357 501
358 400
358 1484
360 400
361 1436
363 475
365 400
365 399
368 401
368 604
371 400
371 789
372 385
372 1412
372 769
372 1352
372 1163
372 595
372 407
372 536
372 473
372 1377
372 494
372 818
372 1268
372 761
372 826
372 508
372 1214
372 1209
376 400
378 400
378 425
382 400
386 400
388 638
389 1472
389 1283
389 467
391 400
392 400
393 1516
394 395
396 400
398 1013
400 512
400 513
400 517
400 519
400 528
400 904
400 538
400 541
400 543
400 544
400 888
400 564
400 566
400 570
400 572
400 523
400 583
400 584
400 587
400 592
400 596
400 598
400 599
400 600
400 601
400 527
400 605
400 607
400 613
400 617
400 626
400 639
400 908
400 621
400 659
400 673
400 675
400 676
400 551
400 682
400 683
400 686
400 798
400 698
400 700
400 701
400 707
400 708
400 711
400 712
400 721
400 890
400 734
400 735
400 891
400 743
400 747
400 753
400 894
400 758
400 766
400 773
400 774
400 776
400 898
400 783
400 784
400 788
400 799
400 802
400 809
400 816
400 817
400 819
400 822
400 825
400 556
400 832
400 840
400 841
400 823
400 844
400 852
400 853
400 859
400 862
400 864
400 866
400 868
400 882
400 886
400 887
400 889
400 831
400 892
400 893
400 895
400 896
400 897
400 899
400 900
400 901
400 902
400 905
400 907
400 909
400 910
400 911
400 402
400 579
400 411
400 419
400 420
400 428
400 429
400 436
400 437
400 441
400 447
400 449
400 451
400 452
400 454
400 459
400 460
400 973
400 974
400 463
400 464
400 466
400 474
400 476
400 484
400 495
400 499
400 502
400 504
400 835
402 1201
402 1250
407 461
413 690
415 808
426 427
439 513
440 513
460 608
462 742
463 1009
463 1010
474 951
475 1064
475 821
475 1273
475 1180
475 591
477 526
481 638
495 585
498 1135
498 1293
498 985
502 1233
509 872
513 514
513 723
514 1398
516 1405
517 1048
517 709
523 524
523 565
523 791
530 1269
532 638
535 713
536 1240
539 713
540 638
542 729
542 638
545 713
546 1380
546 638
547 1283
548 713
555 1019
560 638
561 1177
561 956
562 638
563 1159
567 763
567 638
568 765
571 638
576 1488
580 679
582 1212
582 598
586 804
586 1029
586 616
586 1316
586 589
586 638
590 638
594 840
596 1179
596 631
598 1474
598 1403
598 1022
598 1303
598 649
598 1290
598 1070
598 1006
602 638
603 722
603 638
606 1503
609 638
612 626
615 713
615 1331
616 623
617 1171
617 854
620 1030
622 638
625 945
626 856
626 1523
626 1269
626 648
626 1193
626 655
629 713
630 655
633 655
635 812
636 638
637 638
638 1285
638 778
638 779
638 1492
638 1038
638 1042
638 1045
638 1049
638 794
638 687
638 797
638 1059
638 1317
638 1066
638 1325
638 1326
638 1071
638 1080
638 1081
638 1340
638 1034
638 830
638 1093
638 940
638 1101
638 847
638 1113
638 1379
638 1124
638 870
638 881
638 884
638 1300
638 1406
638 640
638 642
638 643
638 646
638 651
638 913
638 1175
638 1185
638 1186
638 1189
638 681
638 939
638 943
638 950
638 697
638 1370
638 706
638 964
638 1480
638 719
638 1235
638 724
638 725
638 726
638 727
638 984
638 1371
638 733
638 1158
638 991
638 736
638 1507
638 996
638 744
638 1001
638 1014
638 980
641 713
644 1251
645 1283
652 756
655 656
655 657
655 662
655 664
655 672
655 668
655 670
655 671
660 1283
666 713
667 840
673 702
679 833
679 962
679 851
679 1363
679 1174
679 1095
679 787
679 1176
679 923
687 936
687 785
687 876
697 1076
701 858
704 1026
704 1092
704 1286
704 971
704 1487
704 1296
704 1489
704 1298
704 1306
704 924
704 1053
704 1247
704 848
704 1478
704 1322
704 1067
704 1324
704 813
704 1393
704 1257
704 1400
704 1467
704 1468
704 958
705 712
705 803
706 1219
708 1058
708 1075
708 918
710 1283
713 770
713 1028
713 1127
713 1416
713 781
713 1517
713 1043
713 750
713 1052
713 1311
713 1441
713 1449
713 927
713 842
713 751
713 1476
713 714
713 715
713 717
713 718
713 1165
713 720
713 1367
713 1241
713 737
713 994
713 740
713 1381
713 1154
713 999
713 748
713 749
713 878
713 1263
713 762
721 867
728 730
728 1283
732 1281
733 1426
738 1283
739 745
740 1404
741 1283
747 796
753 1410
765 1089
770 960
770 1283
770 1491
770 903
770 1384
770 963
770 873
772 1018
774 775
777 840
781 1461
782 1283
783 1025
783 786
787 1490
792 1283
792 1446
793 1236
797 1473
797 1464
797 1465
797 1466
797 1471
799 1475
800 1281
805 807
808 845
809 1494
810 1281
814 925
815 1305
817 1199
819 829
823 1369
823 869
823 1222
823 959
824 1236
830 880
830 877
831 1057
834 1024
834 1074
835 1245
838 840
840 1328
840 933
840 953
843 1424
843 885
847 1514
853 976
853 906
859 1522
869 1205
871 1376
871 981
871 1351
871 1223
871 1365
874 875
881 1090
881 1218
912 1236
914 1236
919 1283
928 965
934 1096
938 1396
970 1021
971 972
978 979
986 1425
987 1283
998 1283
1000 1035
1000 1003
1004 1008
1006 1448
1012 1185
1014 1046
1018 1440
1018 1399
1018 1283
1018 1335
1021 1422
1023 1281
1026 1119
1031 1109
1032 1283
1033 1443
1034 1128
1034 1166
1037 1072
1042 1330
1061 1062
1062 1455
1063 1283
1065 1281
1076 1082
1077 1185
1078 1079
1087 1088
1087 1283
1097 1170
1113 1160
1113 1348
1127 1203
1136 1283
1138 1389
1142 1368
1145 1333
1158 1498
1167 1283
1168 1283
1169 1283
1172 1173
1173 1281
1181 1194
1183 1360
1183 1225
1183 1283
1183 1230
1183 1361
1185 1220
1187 1283
1189 1481
1189 1282
1189 1238
1189 1407
1199 1204
1208 1283
1210 1280
1213 1281
1224 1321
1227 1283
1234 1254
1236 1413
1236 1259
1244 1275
1253 1281
1260 1283
1264 1283
1269 1456
1269 1457
1269 1459
1269 1460
1269 1301
1269 1502
1269 1458
1270 1283
1272 1281
1274 1281
1280 1283
1281 1345
1281 1283
1281 1349
1281 1287
1281 1429
1281 1291
1281 1397
1281 1499
1281 1374
1283 1297
1283 1310
1283 1315
1283 1350
1283 1382
1283 1295
1283 1339
1283 1341
1283 1343
1283 1344
1283 1378
1283 1358
1283 1359
1283 1386
1283 1383
1283 1390
1283 1391
1317 1318
1319 1402
1338 1447
1354 1439
1365 1366
1400 1411
1402 1479
1437 1454
1440 1495
1449 1493
1463 1469
1509 1515
1509 1511
1513 1520
1514 1518
1522 1524
