214 652
214 1117
1038 781
212 9
212 741
212 532
212 306
212 439
819 822
211 36
762 402
762 143
42 1031
42 483
42 1091
42 474
768 501
765 1033
765 425
765 191
1119 1026
498 1068
498 449
498 194
498 3
498 495
498 256
135 250
494 389
495 884
495 1049
495 871
495 542
495 181
495 400
32 1042
32 638
32 598
32 317
32 281
32 546
32 683
32 9
32 430
32 644
338 1107
338 1104
1 36
26 194
26 679
697 250
697 549
697 1023
697 1034
980 638
980 598
1110 658
927 600
1072 770
1072 1023
1072 29
1072 567
1072 640
1072 325
1072 1033
1072 681
1070 598
1070 204
1071 638
1071 598
1071 282
1071 652
542 1069
542 598
542 460
542 504
542 549
288 249
405 950
405 777
405 250
938 201
938 12
938 67
938 327
938 87
546 1005
546 372
402 881
402 12
402 249
342 638
342 598
342 544
400 607
400 598
400 908
400 799
400 392
400 396
400 474
400 358
8 986
8 634
283 652
283 583
549 830
549 368
814 377
814 603
68 323
817 194
995 644
997 19
997 1042
997 12
1097 194
1097 250
991 19
991 654
991 12
991 986
679 903
679 317
679 986
679 673
679 393
679 474
679 9
679 149
679 372
679 161
719 753
719 635
719 986
719 323
719 644
719 358
676 859
714 600
999 928
999 297
712 1042
263 297
915 598
260 1107
260 250
260 1104
260 509
325 598
325 1049
325 532
1118 560
1118 640
1118 1034
128 573
128 934
69 1034
176 871
544 296
1069 308
1069 559
1069 878
1069 1023
1069 560
1069 317
1069 98
1068 12
1068 105
1060 590
1060 199
1060 859
1060 567
1060 422
1060 377
1062 640
50 626
50 1100
53 250
928 652
928 67
536 372
536 1113
536 12
536 884
534 625
738 626
532 882
532 364
1122 306
48 377
296 199
296 194
296 550
296 445
296 295
296 172
296 516
297 598
373 638
372 393
372 638
372 859
372 1111
372 437
598 560
598 878
598 834
598 19
598 944
598 523
598 1113
598 67
598 252
598 250
598 194
926 557
926 12
822 704
822 652
590 753
590 835
590 859
590 3
590 194
988 357
318 1042
595 252
595 308
198 101
597 44
599 12
599 41
194 586
194 794
194 560
194 944
194 1101
194 986
194 567
194 62
194 644
194 181
194 509
194 83
194 1004
194 482
311 350
1123 1036
190 652
193 658
193 233
393 462
88 367
277 605
277 1054
277 1023
277 615
277 252
277 1032
277 254
80 12
87 654
87 502
770 903
770 841
726 316
96 781
834 753
834 1024
834 142
834 323
834 168
834 474
834 9
415 377
317 1111
317 333
525 19
525 73
3 371
527 19
1019 551
523 440
1014 323
1014 851
422 386
847 63
1103 640
1103 509
586 513
309 638
309 1113
309 600
309 1125
449 1042
583 19
583 557
583 483
583 509
440 681
305 475
306 777
306 1115
306 1117
306 509
306 377
371 377
445 614
388 638
388 859
389 1042
389 12
389 509
101 250
784 1042
903 841
903 792
901 19
901 67
901 884
781 986
781 755
841 792
841 103
841 475
783 357
783 1004
783 871
418 543
418 323
909 250
788 9
788 681
788 1034
36 1033
36 189
998 475
641 475
640 638
640 475
640 687
643 638
645 323
377 755
377 1117
377 343
468 502
1008 1004
437 1033
513 990
513 1101
1004 1032
1004 394
430 63
431 605
339 63
339 462
626 1052
335 174
337 1042
454 509
607 67
574 1042
144 1111
102 316
63 560
63 1114
97 252
97 644
1120 545
67 282
67 1034
252 1026
252 9
708 1052
250 154
250 316
250 204
250 1053
250 1112
250 753
250 569
250 143
250 616
250 1026
250 1100
250 475
250 358
1026 172
1026 934
256 19
600 632
289 1126
975 509
851 162
543 356
175 224
175 986
316 777
704 1100
1039 234
1039 12
1039 72
1039 1034
652 753
652 322
652 986
652 73
652 103
1108 615
795 555
509 1111
509 1117
1032 735
1032 1056
504 341
308 1056
341 323
753 758
753 986
753 984
753 1100
753 1033
569 12
632 323
1042 1056
1042 802
638 12
638 41
638 475
986 12
986 835
986 19
986 357
758 323
758 12
142 9
142 1121
462 605
787 720
220 103
821 475
12 343
12 282
1021 1104
1023 605
1023 1117
19 874
502 1049
1124 323
1124 72
1034 853
1101 72
1101 475
1036 323
728 617
605 73
555 1047
557 323
545 1047
609 1113
1054 687
950 893
1121 9
41 1111
41 1043
41 1041
1111 777
1113 990
1116 615
9 771
9 282
9 683
201 143
777 204
617 681
617 73
72 1045
573 687
