1788 1543
768 1280
1781 67
1786 1344
1786 1585
494 1436
27 652
1542 818
1543 1553
1543 318
1543 697
1543 852
1543 1282
1543 443
1543 561
1543 302
1543 952
1543 39
1543 798
1543 974
1543 735
1543 835
1543 1395
1543 483
1543 1565
1543 617
818 32
818 1127
341 1792
342 561
1675 67
283 277
997 12
997 1127
1798 1797
1310 561
1310 1792
1792 1285
1792 620
1796 95
1796 67
59 1741
1416 969
1081 1342
393 1750
391 1741
277 1741
398 105
3 1
523 1741
1338 1750
105 1349
105 1724
105 713
105 140
784 1741
840 1741
1724 431
36 1
1246 1750
1349 1183
626 1741
1344 1434
975 1741
652 1565
504 1740
561 727
561 95
8 1799
1029 1741
605 1698
1167 713
884 713
1168 1750
1799 1750
1059 713
44 1
42 144
1756 713
1562 898
144 1472
