1789 32
1807 32
1807 3
1781 415
1781 1783
1781 105
697 1624
1783 523
561 1543
1554 1546
393 1285
1059 713
585 523
277 1688
175 810
175 105
1436 518
492 1253
1546 1786
856 1398
27 1285
696 713
1716 1796
1730 105
44 105
1585 105
1585 1280
1585 1332
574 1791
1793 1474
1373 1792
1373 105
1255 32
1375 1474
1675 32
1675 1543
503 1756
361 1749
308 967
1645 19
1343 415
1312 12
1312 1543
443 19
1796 95
615 105
125 32
95 1624
95 1246
105 1624
105 783
105 32
105 639
1806 19
19 1046
19 1624
19 1749
19 1246
19 434
1808 1543
1493 1474
1543 639
