215 62
215 51
212 252
212 6
212 254
212 48
212 34
211 288
211 260
211 228
211 251
211 284
211 232
127 260
127 63
132 189
135 9
135 289
135 105
27 221
20 275
289 220
288 51
288 204
97 41
281 254
8 164
8 189
8 276
8 254
283 176
282 34
285 36
284 176
284 204
68 101
68 204
68 277
286 221
263 277
263 191
263 222
263 254
263 239
262 204
261 256
260 144
260 12
260 199
260 51
260 181
260 259
260 267
260 79
260 9
260 103
260 287
267 51
267 256
267 176
267 103
266 204
265 19
265 103
265 41
264 158
129 44
269 176
268 149
69 104
69 271
69 293
69 254
58 199
51 204
51 294
51 86
258 76
53 253
53 291
52 19
52 103
52 48
259 256
298 204
296 295
297 191
292 291
290 44
290 63
291 32
291 36
199 279
198 256
270 176
270 41
270 103
271 101
271 204
271 220
88 32
88 44
273 272
274 48
276 204
176 63
176 72
176 101
176 256
176 248
176 166
278 140
81 204
86 103
175 12
143 32
3 221
247 144
247 248
242 34
103 63
103 228
103 177
103 166
103 256
101 12
101 208
101 34
101 32
101 41
249 63
248 41
32 9
36 6
36 236
36 222
36 254
177 9
177 181
67 256
67 220
250 41
251 9
251 41
256 48
256 41
256 79
257 204
255 1
180 181
6 140
6 122
6 221
6 96
168 12
168 95
166 79
221 204
221 220
114 124
239 236
280 41
48 204
48 44
204 79
70 124
