214 282
212 263
212 48
212 211
212 303
212 472
212 321
212 388
212 372
212 481
212 480
211 1
211 194
132 149
131 368
498 495
498 97
499 194
134 19
134 103
134 398
494 429
494 389
494 63
494 445
494 463
495 181
495 321
495 424
496 389
496 454
496 475
497 405
497 302
490 321
491 321
492 389
492 343
493 128
493 329
27 414
27 184
223 194
300 468
29 443
407 357
407 236
407 41
407 396
407 431
345 518
345 56
405 263
405 38
405 310
405 357
405 321
405 508
405 398
405 424
402 281
402 321
342 194
342 454
400 157
400 454
400 314
400 61
400 396
400 82
400 428
400 429
400 323
400 343
400 188
400 365
400 144
400 443
400 441
400 446
400 445
400 444
400 389
400 504
400 392
400 52
400 472
281 308
281 323
281 145
281 317
8 357
8 9
8 321
8 409
8 479
283 260
282 9
282 34
348 321
348 338
349 391
349 321
349 62
349 409
409 357
409 38
409 19
409 302
409 413
409 263
409 6
286 416
286 468
336 333
522 273
221 368
299 399
263 308
263 344
263 454
263 460
263 332
263 472
263 391
263 321
263 257
263 316
263 297
263 389
263 479
263 69
263 503
260 236
260 448
260 51
124 69
124 452
124 396
124 323
264 453
128 62
128 325
422 365
422 460
302 393
302 19
302 372
51 466
51 447
51 149
51 120
51 476
51 489
51 294
51 314
53 254
53 481
52 201
52 321
52 425
379 289
379 450
379 74
379 432
378 425
378 396
378 67
416 274
298 204
296 60
296 194
296 44
297 289
297 75
297 248
297 272
297 234
297 372
297 172
373 308
372 447
372 466
372 461
372 460
372 44
372 429
372 392
372 355
372 321
372 508
372 484
372 482
372 431
376 6
376 321
376 274
376 350
521 305
303 194
313 321
313 34
194 60
194 368
194 209
194 456
194 344
194 9
194 62
194 184
194 182
191 236
191 321
316 355
316 321
316 317
193 63
314 228
392 30
392 466
392 289
392 228
392 321
392 423
392 502
391 234
391 9
391 289
273 272
274 462
274 74
274 6
274 481
396 67
396 398
396 425
276 323
176 453
176 463
176 445
398 72
398 468
398 480
398 465
398 6
398 463
398 431
398 74
398 97
398 164
398 175
398 365
398 254
398 471
84 6
143 32
344 321
429 209
429 32
429 317
429 357
520 32
334 437
334 62
368 309
368 468
368 441
368 460
368 62
368 321
368 517
368 475
368 359
368 236
368 483
423 464
423 454
423 343
365 38
365 321
365 350
424 175
424 343
308 140
308 317
308 435
309 502
309 321
309 317
309 352
449 289
448 352
516 453
443 19
442 441
440 513
440 439
447 325
447 456
447 34
447 6
447 172
446 19
306 438
109 19
386 387
388 513
389 9
389 467
389 454
389 41
389 62
389 68
389 236
101 515
294 181
38 464
38 288
38 437
38 478
32 154
32 209
32 451
32 453
32 474
32 67
177 9
34 44
519 19
511 44
437 209
437 41
437 357
437 74
437 68
437 103
437 321
513 514
432 44
432 181
432 204
430 164
431 454
458 323
459 74
450 69
450 321
451 67
454 510
454 103
454 181
454 509
454 357
454 62
454 321
455 323
456 465
456 474
456 457
62 465
62 236
62 502
62 481
65 357
65 289
68 517
175 321
175 485
175 395
174 321
174 70
172 488
172 460
172 486
172 321
172 277
289 517
289 97
517 359
288 321
88 323
88 321
88 220
6 472
6 343
6 481
506 321
507 321
505 220
502 321
503 41
500 321
501 236
469 463
468 475
465 9
317 479
466 357
466 9
460 357
460 321
460 9
460 359
463 41
463 228
463 9
98 323
168 357
228 321
102 355
504 321
19 478
19 512
19 44
19 481
343 321
103 464
103 480
464 357
464 321
395 323
277 482
277 481
277 352
278 321
278 479
236 474
236 321
70 482
472 321
472 9
44 74
470 140
41 473
1 477
321 209
321 325
321 75
321 72
321 489
321 358
321 487
321 482
321 481
321 480
321 120
321 476
321 352
321 479
201 140
475 481
74 474
483 479
481 479
480 357
120 357
357 476
474 359
479 358
