1227 1039
1348 546
768 1616
768 1700
768 1444
768 1280
606 128
708 281
1056 341
598 615
337 1598
1168 1540
607 1185
1648 105
393 1686
239 1328
1704 1598
252 281
469 463
174 1434
1705 783
1700 1362
27 1285
973 1697
1616 357
1616 1601
1616 812
1616 1173
300 1702
1113 1468
1113 815
482 463
1 36
3 36
1468 1235
1468 1554
1403 1313
1118 249
361 389
361 463
9 1647
1217 357
1701 357
1701 209
1701 52
317 307
281 1281
711 1623
249 1598
1598 357
1598 1039
1285 52
1608 1647
1647 32
1703 1183
1624 357
53 357
357 809
357 1244
357 1248
