768 1280
620 1487
198 809
749 1647
309 1467
1781 32
1781 1624
1342 1332
1343 12
766 1513
193 233
1127 1350
1474 598
1474 1493
273 1002
234 3
234 1778
175 95
233 1676
1775 51
1517 1562
975 342
1545 1332
1636 1551
483 431
44 95
44 1406
1398 856
429 494
3 754
3 928
3 2
3 687
3 1461
1255 431
1440 1782
9 1313
1675 32
1034 1313
1313 19
1313 1312
1313 1332
1312 12
1312 105
1312 431
674 1724
674 70
639 105
1190 1285
95 868
1562 1565
105 494
105 474
1285 1021
1624 1686
32 1565
32 377
1724 516
1282 1741
1565 296
