1304 768
768 1253
228 1565
228 523
1269 818
219 1594
219 32
132 1491
578 1576
498 495
495 1630
495 741
495 831
495 1213
495 950
495 933
495 103
871 297
871 1603
871 183
1546 1619
1 161
27 620
27 1158
1542 1282
697 1631
1072 800
818 372
818 1539
1373 354
321 392
321 277
546 713
547 32
547 711
342 1050
342 389
342 809
342 1578
1379 1565
1378 1635
812 1616
812 708
282 1543
282 193
1253 1365
1315 392
1314 781
1314 1346
1313 507
679 919
679 963
676 1206
714 713
713 842
713 878
713 884
713 749
713 271
713 509
713 912
712 1619
711 1623
711 509
967 620
967 193
1069 1339
1069 1539
1553 1113
1393 1365
1393 95
1189 483
1189 1407
1189 502
1065 538
53 1623
53 1636
53 1585
1297 800
928 1009
1419 103
63 1543
63 193
298 573
298 323
299 1175
299 1539
297 557
1412 810
1413 800
821 483
1184 1522
708 249
594 752
704 1603
704 1231
704 617
704 734
704 1565
67 1565
67 523
193 1633
193 233
193 523
193 118
193 85
1578 847
1487 749
1487 161
69 1127
582 1616
582 143
1489 878
398 405
830 389
793 863
378 32
1636 984
1636 1383
1634 555
799 1608
799 302
257 809
3 1510
1255 1539
919 103
919 303
1521 852
1522 809
1522 175
1522 859
523 615
523 870
1396 1618
422 1299
913 1162
1339 605
1339 323
1339 1231
1339 474
302 249
1238 1227
1238 103
1588 517
1136 1052
1545 259
810 1624
810 233
103 605
103 874
103 462
103 72
103 437
103 1603
249 1608
249 1629
249 1362
1543 475
1434 174
346 1616
32 1338
1637 878
1637 1539
36 1539
177 1539
177 1009
1537 329
1537 324
518 1488
643 1365
1244 234
1244 338
1009 752
1009 463
1246 605
601 1539
432 1587
1252 1616
1539 154
1539 599
1539 1206
1539 1169
1539 1346
1539 1299
1539 1632
1539 1056
1539 1639
1539 1196
1539 1039
1539 753
1539 1338
1539 1021
1539 1640
1539 1510
431 605
620 233
389 950
68 323
176 1565
174 1565
172 1603
254 1616
254 973
600 1454
1632 1039
1633 1638
1503 1502
859 725
1585 1043
735 1575
734 605
734 617
509 1026
509 840
1033 1281
1034 1576
1507 42
757 687
1042 1568
560 1629
463 609
840 1105
155 1196
234 1248
1616 201
1616 1601
1616 940
1616 1173
1616 687
950 323
203 475
143 357
1248 1576
1282 1601
