214 584
214 512
214 583
212 67
212 6
212 48
212 597
212 289
212 303
212 305
212 263
212 73
212 368
212 509
212 388
212 372
212 119
212 480
622 623
622 607
622 592
622 596
614 36
621 593
621 48
199 536
132 103
132 449
132 589
131 548
620 27
620 70
498 495
494 389
495 549
495 321
495 540
495 585
495 181
495 372
495 424
497 551
27 414
27 422
624 437
624 452
161 162
289 569
289 449
289 600
289 389
289 599
289 598
289 596
289 454
289 306
289 149
289 391
289 463
289 517
289 437
289 371
289 69
289 504
289 97
573 70
573 242
540 571
540 6
540 538
404 368
546 454
341 578
401 368
400 429
400 396
400 36
8 520
283 144
283 375
283 248
283 445
283 220
282 456
282 462
285 62
285 422
285 97
285 306
337 605
409 586
409 147
409 19
409 542
409 9
409 103
618 3
454 363
454 62
454 321
454 368
454 509
454 514
263 605
263 297
263 527
263 277
12 569
12 593
12 142
12 300
12 391
12 148
12 355
12 527
12 402
12 343
12 389
12 175
12 480
575 576
127 313
127 392
127 9
127 63
128 236
128 38
128 324
176 598
176 607
176 101
176 515
176 603
365 555
365 399
365 372
415 143
57 596
51 561
51 302
51 502
51 294
51 601
50 62
53 456
363 475
414 607
414 277
536 336
536 422
536 532
532 463
298 204
299 399
371 308
371 306
371 368
371 95
371 481
297 272
297 422
373 321
372 569
372 508
372 598
372 391
372 445
372 538
372 437
372 527
372 489
372 389
372 103
372 375
372 514
372 97
372 233
539 396
538 586
538 563
538 567
538 368
538 103
591 475
586 607
586 300
586 460
586 589
586 481
586 252
586 389
593 19
593 193
593 357
593 321
593 228
593 103
592 38
592 74
592 350
595 567
594 90
594 502
594 468
594 368
594 475
309 391
313 34
313 398
598 542
598 567
598 19
598 32
598 67
598 36
598 41
598 321
598 9
598 103
598 423
67 607
317 571
317 368
316 102
316 355
193 389
193 355
393 555
392 321
392 228
392 172
272 605
272 617
272 509
619 97
619 475
274 32
274 462
396 456
440 587
440 588
440 590
394 398
394 395
83 551
83 386
399 76
399 386
398 144
119 69
119 145
119 596
143 103
378 38
527 38
527 19
527 34
527 9
527 103
520 220
520 291
368 604
368 514
368 300
368 447
368 52
368 388
368 69
368 482
368 162
423 437
422 449
422 62
422 391
422 549
427 88
427 426
308 605
308 583
308 617
308 566
308 456
308 69
308 549
449 302
449 609
449 456
449 266
582 581
583 34
583 325
583 234
583 172
580 418
300 321
300 468
302 605
302 38
302 456
302 1
302 296
302 249
303 204
447 95
306 551
306 321
306 239
306 438
306 103
386 38
386 609
386 387
102 98
389 9
389 41
389 542
389 252
615 616
104 97
242 607
38 52
38 502
32 474
30 103
36 601
36 73
36 547
36 511
177 9
34 335
191 347
191 204
437 482
437 321
437 325
437 514
513 514
512 418
514 388
514 9
514 256
517 555
72 611
72 617
72 596
579 418
578 6
590 555
336 569
577 103
576 350
456 204
456 551
456 553
456 44
60 62
388 555
388 596
62 607
62 596
62 551
62 463
62 567
62 266
62 343
65 19
103 569
103 601
103 462
103 391
103 402
103 489
103 561
103 149
252 463
252 6
174 569
174 260
172 502
542 607
542 142
542 596
542 567
542 325
542 97
596 41
6 48
6 343
189 144
502 567
502 9
502 41
402 321
569 606
569 9
469 463
468 277
560 607
561 99
561 144
561 41
460 608
460 41
463 555
463 228
567 602
567 325
567 548
90 41
97 325
97 9
19 601
19 480
391 609
391 325
343 73
607 609
607 555
607 321
607 325
607 9
601 9
603 41
551 147
553 325
552 266
236 147
236 266
280 321
48 474
41 609
321 609
321 480
324 329
325 610
9 482
147 145
144 142
204 609
204 481
612 613
350 480
475 266
