1142 990
1305 815
1306 704
1306 990
1307 42
212 760
212 678
1302 1315
1302 678
1302 198
1302 704
1302 42
1302 1126
1302 871
1302 67
1302 103
1302 249
1302 338
1303 598
1131 1187
1195 103
1261 9
1261 725
1260 1042
1260 719
1260 32
1260 871
1260 725
1260 547
1260 398
1308 42
1309 42
1264 699
1268 1313
498 823
495 1050
949 1215
871 1026
871 969
871 978
871 392
871 1103
871 502
871 926
697 912
697 719
697 782
697 67
1078 103
526 477
1076 1082
160 964
1298 704
1298 994
1298 394
1071 598
1326 1325
938 1323
341 1118
341 1280
341 323
342 142
342 815
342 544
343 350
933 1214
1252 1231
931 719
282 109
282 1327
815 423
815 950
409 1032
409 687
408 781
1317 638
1317 72
1317 781
1317 1244
1317 1318
994 1118
997 142
1314 942
1314 53
1158 713
719 644
719 1246
719 257
1310 1281
1310 561
1310 63
1310 474
1310 1246
1310 802
1310 220
675 462
713 1311
713 249
713 41
713 1241
713 733
713 1036
712 95
1319 224
12 598
12 1042
12 142
12 415
378 193
128 242
269 90
329 415
329 142
1295 249
57 596
1189 375
1189 1236
1189 899
1189 969
1189 598
1189 483
50 102
50 1190
50 481
53 646
536 423
536 1224
298 573
298 323
298 687
1187 1284
1187 353
1187 1183
372 473
372 353
375 1185
375 912
1087 1270
1087 1284
1087 1132
308 739
1320 952
1321 198
199 1237
199 848
1324 704
1324 249
596 605
596 1284
596 782
596 704
596 193
704 1322
704 1286
704 598
194 586
194 1279
194 1004
194 353
194 1270
706 484
545 1328
193 63
193 233
985 983
393 394
392 1315
392 321
392 353
392 72
272 605
585 1284
1037 143
1304 249
69 357
69 1296
1173 60
1173 654
80 309
398 771
398 834
398 1215
398 465
398 725
398 503
525 357
770 114
797 63
793 1284
793 1230
792 1185
792 841
834 1280
834 1246
415 42
415 142
415 1246
799 103
1256 800
209 1255
209 242
3 176
3 323
1255 356
1255 41
919 1248
919 942
919 644
1253 357
1253 1287
1253 72
1253 644
523 724
422 1041
422 386
425 1103
441 1272
1312 103
1312 1313
1312 1091
586 1316
1236 1185
1237 91
1237 1227
1231 557
1231 249
302 1272
1130 103
1136 739
617 103
306 616
242 454
598 878
598 357
598 560
598 62
598 652
598 84
103 1313
103 1215
103 853
103 954
103 1126
103 1216
103 503
615 257
249 605
249 454
249 886
249 817
249 547
249 358
105 621
105 1181
1190 738
1190 254
782 721
840 1274
32 358
32 67
644 1279
644 277
644 1118
1246 963
1246 801
1227 1185
621 958
621 48
454 1043
454 1127
63 942
63 42
63 41
63 95
67 1296
509 758
175 733
175 224
1176 856
257 142
257 1178
254 358
974 357
974 778
733 638
733 1244
733 475
654 563
1039 1316
738 394
281 323
281 1271
281 1280
281 358
503 1316
503 41
503 74
503 739
1034 1118
1329 1271
1329 477
544 1273
1214 1113
1284 357
1284 353
1284 283
1284 481
465 679
142 144
142 1121
462 605
462 638
1273 1274
1021 810
502 41
1185 555
725 638
725 835
1103 1118
638 1113
638 357
990 1113
950 1281
44 1271
42 72
954 679
1 1271
323 758
323 1297
9 1279
1271 477
357 358
356 474
