214 1644
620 1644
155 3
626 95
312 1
191 429
1346 1314
1288 3
393 1190
393 193
277 1713
234 3
1295 431
1489 1588
1312 1543
1713 561
1713 525
1713 809
1713 70
1713 282
1713 1565
1713 1463
1111 1190
1543 1715
1543 852
1543 1719
1543 969
1543 525
1543 809
1543 502
1543 1565
1543 1280
790 3
1183 3
1190 429
3 1208
3 1154
3 32
3 778
3 611
3 641
3 1373
3 509
3 824
3 504
3 800
3 105
799 1362
1500 144
1255 361
342 1362
1118 95
1463 308
361 538
1285 1313
1408 1720
1042 32
561 95
447 95
710 727
124 1644
95 1578
847 809
1431 431
