768 586
768 621
768 679
768 924
768 874
768 214
768 34
768 819
768 72
768 801
768 422
768 483
769 183
212 765
212 639
212 303
212 439
955 42
760 325
214 101
214 859
214 44
660 595
549 830
131 686
131 734
131 439
498 194
498 389
495 103
495 41
495 400
492 835
626 738
626 681
691 345
758 638
289 183
819 621
819 400
346 345
346 474
938 95
938 325
546 598
546 583
342 797
342 598
400 852
400 639
400 676
400 70
400 700
400 859
400 673
400 97
400 396
400 721
400 484
400 823
400 517
933 903
932 103
548 913
548 823
163 249
814 925
814 913
936 687
935 252
598 830
598 794
598 259
598 103
598 172
598 74
679 903
679 174
679 792
679 949
679 393
679 404
679 474
679 923
679 851
719 621
719 145
719 838
719 474
719 802
719 924
719 44
719 913
675 462
370 278
712 753
712 189
712 834
711 741
711 237
711 249
263 393
651 942
260 950
260 174
265 953
378 103
378 644
378 396
128 629
128 715
128 944
128 934
765 568
765 615
283 194
283 853
283 445
283 297
51 638
51 525
51 919
51 913
52 103
379 357
379 103
379 74
536 921
536 927
535 440
532 882
920 103
921 882
922 882
922 42
923 721
375 296
375 194
375 68
375 32
925 826
823 915
823 309
538 586
538 431
308 586
308 237
308 583
308 638
308 561
308 863
308 929
308 185
308 931
308 930
308 254
308 431
862 915
862 189
708 918
708 834
708 770
198 204
597 853
824 774
704 605
704 924
704 919
704 852
194 621
194 884
194 42
194 463
194 928
194 355
194 913
194 325
194 296
194 422
194 97
67 683
191 874
191 928
191 913
191 371
191 738
191 97
316 355
393 834
393 944
393 915
393 87
393 431
68 599
68 173
272 605
272 509
396 770
396 254
276 903
276 924
69 687
831 103
797 454
797 913
928 794
928 770
928 41
928 732
928 184
928 915
928 725
928 482
830 468
830 952
830 454
830 389
830 924
830 913
792 903
792 339
834 621
834 44
834 36
835 590
835 422
838 853
27 184
27 949
953 954
953 85
429 950
525 865
915 901
915 886
915 841
915 654
915 437
599 103
599 41
422 386
913 309
913 795
913 339
913 884
913 88
913 41
913 99
913 950
913 242
913 462
913 638
646 942
586 952
309 937
309 848
583 557
939 638
445 296
445 42
445 199
445 557
296 355
296 781
857 72
306 103
386 103
386 770
242 389
242 809
388 882
388 408
389 41
847 474
847 97
785 786
843 777
781 233
783 103
783 325
32 940
32 926
36 189
36 940
924 185
924 325
926 557
926 941
926 325
438 517
437 625
437 934
513 557
513 74
513 770
513 509
514 555
517 950
517 570
431 617
588 950
151 907
621 774
621 470
621 686
620 288
620 654
620 473
339 42
338 454
625 945
573 809
573 42
454 733
454 942
518 345
60 605
103 886
103 853
103 874
103 345
103 734
103 930
103 72
103 220
103 948
103 929
103 686
173 770
172 638
254 874
254 408
873 224
851 852
579 189
859 325
859 681
654 738
654 632
735 189
734 617
650 942
738 42
189 868
189 44
189 802
189 682
199 949
632 42
638 744
638 355
638 940
638 727
638 724
639 401
460 934
787 720
226 882
95 345
97 559
97 770
97 687
97 934
816 941
345 946
345 947
555 482
561 74
951 474
874 74
874 325
42 942
42 41
42 72
41 901
327 774
325 941
770 686
770 484
617 73
376 687
74 940
74 73
72 942
482 901
942 943
