319 1127
1208 984
1308 1716
749 1647
1758 1644
1758 144
67 1042
67 256
67 1344
67 474
67 1675
1344 1312
271 277
63 127
175 810
256 1686
1669 44
679 1773
1713 525
1713 809
1713 1493
1713 617
1713 1585
1 312
27 12
27 1565
1771 1281
48 1624
1772 1395
1731 9
1731 42
1059 713
429 191
525 1756
1253 674
1253 673
9 1118
9 32
9 97
9 8
1756 1644
1756 1130
1756 286
189 144
1034 1313
308 1762
1545 809
144 430
1313 1312
245 1762
561 431
8 430
1118 1667
1118 105
1667 942
1667 105
105 1644
105 474
105 1624
12 32
1489 1533
809 642
430 72
