346 713
346 817
341 1087
341 1093
341 1136
341 307
341 323
341 686
342 638
342 1039
342 626
343 357
343 1110
343 350
810 99
810 1184
814 603
815 1189
815 1113
815 277
815 252
815 495
815 364
595 1087
595 199
595 1189
716 713
714 713
714 460
714 1189
713 1165
713 214
713 199
713 884
713 749
713 609
713 250
713 87
713 950
713 1018
713 1036
713 1158
713 999
713 998
713 462
713 124
713 249
713 1042
713 781
713 1189
713 1185
713 725
713 1101
713 370
713 687
713 681
712 753
712 1042
712 309
712 189
712 105
711 1034
1069 19
1069 878
1060 199
1066 495
1066 840
1066 277
296 1083
296 199
296 118
297 640
297 249
297 1158
297 1001
297 615
1087 1187
590 638
590 654
590 440
590 1185
199 569
199 1139
199 971
199 840
199 509
199 652
199 598
199 546
198 101
596 1179
1121 142
191 1097
191 396
193 378
193 302
193 483
193 658
193 149
1127 536
1127 372
1127 1137
272 605
272 337
277 605
277 594
277 993
277 1189
277 704
277 615
277 1014
277 80
277 41
277 254
277 770
194 3
525 211
526 477
1018 252
1018 1173
1018 697
1018 41
1019 1136
523 308
449 263
448 831
448 454
448 314
440 555
440 513
440 1097
440 681
103 841
103 211
103 840
103 1072
103 954
103 617
103 114
103 260
103 475
103 1181
101 1113
105 308
105 1189
105 704
105 758
105 638
105 498
105 739
39 609
32 9
32 8
32 1034
32 430
908 777
908 1004
30 1
30 161
30 679
36 189
36 770
34 313
34 483
642 323
642 547
642 325
439 514
437 1033
437 1113
437 1158
434 19
430 857
430 63
430 598
431 617
431 823
431 307
339 323
337 263
337 352
333 308
332 281
332 352
332 840
856 1176
856 122
856 377
856 7
852 1180
853 881
859 19
6 201
6 794
6 212
6 704
6 1180
6 90
8 834
8 615
90 598
97 726
97 1189
741 928
555 802
555 1167
555 1173
555 843
557 323
234 183
233 797
1050 372
1198 9
1052 1184
1056 687
1058 1142
1190 9
1190 288
1190 50
1190 1034
1190 394
1193 288
1192 3
1195 704
1194 1181
1197 9
1196 9
1177 561
1175 638
1175 561
1174 302
1173 402
1173 1172
1173 626
1171 617
1170 1097
616 586
616 118
616 306
617 966
617 704
617 73
617 734
617 9
617 681
149 823
949 260
1191 9
1191 42
1191 1189
1059 542
685 128
687 753
687 639
687 409
681 513
681 758
683 72
683 679
683 67
498 753
498 881
498 831
498 639
498 378
498 654
498 495
498 823
494 454
494 1189
495 586
495 884
495 1185
495 542
495 121
495 1113
495 181
495 546
495 68
26 372
29 1136
939 537
939 1029
939 1021
402 372
400 570
400 396
400 799
379 542
379 41
378 586
378 396
378 372
378 254
372 753
372 569
372 212
372 1163
372 766
372 1189
372 454
372 765
372 473
372 483
372 482
823 1113
823 242
823 1032
376 212
376 1117
704 958
704 1183
704 1131
704 1181
396 586
396 1113
394 306
142 323
142 840
142 244
142 1113
142 9
80 1189
398 260
398 546
398 1136
143 201
143 357
143 479
793 1187
798 878
586 1029
586 570
586 1136
586 1178
586 481
583 283
1132 9
1132 950
1132 725
1132 1136
1131 1093
1130 1185
1137 762
1136 309
1136 48
1136 19
1136 306
1136 50
1136 950
1136 739
242 454
242 1178
615 569
615 204
615 1178
615 536
615 1117
615 422
615 249
249 318
249 598
249 44
249 779
249 1181
249 72
1006 323
513 318
1004 60
1004 1072
1004 1103
1004 302
1128 1034
621 772
626 189
626 1189
454 1043
454 546
454 1036
176 928
176 1161
176 840
175 224
594 535
594 53
654 1045
654 302
654 1181
654 254
181 605
181 766
181 53
652 753
652 954
598 12
598 1189
598 209
598 1185
598 1070
598 560
598 487
598 9
189 44
189 635
658 1110
1124 638
1126 289
12 415
12 926
19 211
19 986
881 638
884 536
884 1097
884 840
323 753
323 966
323 779
323 632
323 1113
323 367
323 1036
325 479
777 405
777 204
777 315
204 1189
772 768
779 381
779 600
779 475
72 3
72 1039
72 679
1043 840
1042 389
1042 318
1042 781
1041 357
1041 41
1044 753
609 784
609 1182
1142 990
667 600
214 1181
697 469
697 870
542 1158
542 1070
546 1189
547 1169
545 368
545 992
520 1168
68 638
997 415
991 1094
993 364
992 726
992 357
124 114
1023 734
928 9
415 538
415 377
415 840
317 308
317 477
830 389
834 53
3 477
388 405
388 1185
389 509
781 739
783 1032
570 306
62 843
62 53
63 847
250 954
254 840
254 986
254 1039
1039 1036
1039 423
734 605
509 260
1033 479
1033 1072
1033 1158
1033 1188
1031 1180
638 753
638 1158
638 462
638 726
638 1113
462 675
161 679
465 679
1104 1021
878 482
878 1189
870 475
870 840
9 1181
9 1188
9 1183
9 1169
357 1184
357 840
357 1182
357 306
357 1181
357 1111
357 114
357 1118
353 1187
353 42
350 753
350 1168
768 1189
212 306
765 425
1077 1185
1070 118
288 470
288 42
288 1183
281 308
281 1110
1083 679
1083 1181
679 50
679 954
679 720
679 1178
676 306
50 755
536 1189
536 532
536 423
114 1189
422 308
308 726
309 1186
309 950
309 1182
309 1113
309 307
302 155
305 306
843 1167
840 1167
840 48
840 1186
840 950
840 1189
840 1113
840 725
377 48
377 755
377 1117
569 1189
560 600
224 220
220 1189
1189 483
1189 482
1189 1181
1185 605
1185 721
1182 1113
1182 41
1183 1180
1180 600
1180 475
605 479
1163 41
