818 357
345 346
346 837
340 809
341 605
341 638
341 697
342 638
342 598
342 698
342 544
342 364
342 815
343 624
343 74
343 688
343 386
343 9
343 431
810 349
811 41
811 58
811 376
812 635
813 704
814 47
814 3
814 826
814 603
349 511
816 357
816 586
816 363
816 824
816 542
817 103
817 41
719 753
719 708
719 638
719 676
719 758
719 712
719 504
719 686
715 128
714 679
713 586
713 842
713 603
713 498
713 644
713 48
713 95
713 363
712 705
712 640
712 124
712 644
712 400
712 189
711 644
299 357
299 705
296 781
296 835
296 194
296 355
296 63
296 375
296 823
297 573
297 733
297 321
297 234
297 250
297 422
297 683
590 795
590 681
590 626
590 835
592 74
592 834
199 638
199 72
199 823
198 204
596 388
596 605
596 57
596 617
596 400
599 250
599 41
598 9
598 124
598 644
598 68
598 389
193 595
193 701
193 233
272 605
272 632
272 448
272 617
273 308
274 645
274 212
274 805
274 639
277 448
278 27
525 19
527 12
449 132
449 794
449 74
448 784
448 372
448 244
448 389
448 365
448 375
448 823
442 605
442 753
442 144
442 635
440 795
102 638
103 701
103 843
103 841
103 840
103 839
103 454
103 617
103 799
103 462
103 835
103 688
103 391
103 801
103 815
101 847
101 12
101 514
101 770
39 644
32 605
32 708
32 859
32 825
32 826
32 681
30 644
36 73
36 644
36 828
34 843
34 313
34 859
34 351
34 815
34 538
641 555
640 605
640 543
640 783
640 638
640 617
640 323
640 389
640 175
643 638
642 638
642 781
644 59
644 378
644 838
644 183
644 708
644 859
644 389
644 617
644 659
438 754
439 795
439 212
439 540
649 626
437 625
437 624
194 605
194 586
194 203
194 836
194 679
194 755
194 555
194 456
194 99
194 847
194 355
194 683
194 422
194 375
194 482
194 823
194 583
431 727
431 323
431 617
431 52
826 372
339 830
339 493
337 605
337 777
337 769
337 771
337 72
854 617
855 53
856 626
857 72
850 29
851 852
851 679
851 162
852 704
819 825
819 621
819 829
819 822
858 701
859 704
859 679
90 617
95 638
95 753
95 175
95 63
97 847
97 726
96 12
96 828
815 586
815 214
815 351
815 498
815 364
815 687
741 607
741 212
741 758
741 767
741 41
741 474
744 638
555 391
557 605
557 302
557 708
557 583
557 679
552 769
236 617
233 481
1 146
1 159
155 308
144 805
142 762
142 9
140 12
617 605
617 201
617 704
617 250
617 26
617 734
617 400
617 688
617 308
617 770
617 728
617 683
617 462
617 74
617 124
617 249
617 161
617 12
617 350
617 73
617 681
617 514
617 805
689 12
689 626
687 586
687 832
687 757
687 783
687 785
687 463
687 252
687 843
687 283
687 823
686 542
686 131
686 400
681 605
681 795
681 12
681 626
681 52
681 654
681 9
683 413
683 379
683 400
683 9
132 3
131 753
131 125
498 69
498 831
498 495
495 263
495 181
495 831
26 823
27 9
29 605
29 389
29 697
29 823
407 425
405 793
402 357
402 12
401 639
400 783
400 708
400 626
400 638
400 639
400 44
400 466
400 323
400 396
400 474
400 721
400 250
400 504
400 286
408 254
379 51
825 67
825 12
825 705
824 823
827 61
372 605
372 569
372 621
372 831
372 835
372 560
372 761
372 766
372 701
372 765
372 429
372 391
372 844
372 508
372 128
372 823
372 220
821 805
820 172
823 308
823 12
823 302
823 809
823 325
823 482
708 224
708 834
708 57
708 357
708 473
708 733
708 74
708 9
708 189
704 605
704 835
704 839
704 798
704 72
704 504
704 848
700 68
700 654
700 626
700 481
701 48
701 72
392 475
391 309
391 609
391 289
391 73
391 325
391 422
176 603
87 638
87 475
795 605
795 777
795 626
795 562
794 308
794 638
794 549
793 785
792 679
790 386
799 514
798 777
798 843
798 57
798 357
798 327
798 68
798 513
7 679
586 832
586 183
586 244
586 504
582 581
581 328
588 846
588 12
589 327
244 415
244 808
241 805
249 654
249 163
249 454
249 659
513 263
513 626
514 832
514 835
514 561
514 256
621 542
621 774
626 770
626 733
625 534
624 8
454 467
454 181
454 770
595 321
175 834
183 41
654 632
654 679
654 762
654 733
654 738
654 220
181 204
651 474
651 765
189 774
658 163
12 784
12 308
12 830
12 757
12 569
12 288
12 389
12 8
12 753
19 114
860 74
63 313
63 801
63 547
809 281
809 325
323 638
321 774
321 311
321 460
321 765
327 784
327 774
327 316
325 542
325 805
777 784
771 473
771 504
771 364
204 830
75 120
74 753
74 605
74 607
74 635
74 840
74 788
74 463
74 460
74 474
74 389
73 605
73 787
73 697
72 861
72 250
697 638
697 475
697 9
542 753
542 783
542 460
542 128
542 729
540 831
547 154
547 725
8 9
8 67
120 222
120 488
124 474
418 475
313 801
311 308
317 605
317 307
316 355
316 770
832 68
833 679
830 468
830 765
830 389
830 364
830 502
835 861
835 289
835 388
838 853
839 214
364 429
364 509
365 770
386 387
387 252
387 481
785 786
785 53
780 805
782 721
783 843
783 357
576 843
259 256
67 843
67 679
67 806
68 638
68 475
250 536
250 475
250 638
250 260
250 502
250 805
256 9
256 48
603 157
733 639
733 302
733 761
733 168
733 475
734 605
509 306
504 679
469 806
469 463
637 638
638 753
638 758
638 269
638 160
638 646
460 289
460 770
462 605
462 282
462 675
9 753
9 569
9 607
9 212
9 844
9 802
9 601
9 282
646 220
808 845
802 57
800 766
807 805
805 41
769 766
212 757
212 48
212 305
212 765
212 678
766 41
766 283
766 482
765 532
765 539
679 308
679 841
263 605
53 847
52 309
252 757
308 849
841 848
758 728
567 47
224 605
728 607
