199 1060
346 817
341 1132
341 793
342 638
342 319
342 1039
342 713
343 12
343 338
343 53
343 67
343 377
343 105
813 939
814 12
814 63
814 603
814 105
815 495
815 939
719 697
719 219
716 105
714 928
714 460
714 284
713 950
713 545
713 41
712 1042
712 189
712 758
1158 498
1158 325
1069 542
1069 317
1069 325
1068 250
297 598
297 1113
297 12
297 999
294 1113
1128 1034
1129 42
1129 105
595 308
595 172
198 101
596 605
596 590
596 724
596 105
1120 306
1120 408
194 118
1122 377
1122 105
1123 105
1124 105
1125 105
193 483
193 118
193 658
1127 449
1127 971
1127 1137
1127 144
1127 36
1127 654
1127 123
1127 265
1127 405
272 377
273 1002
277 423
277 1004
277 1054
277 615
525 19
525 155
525 36
526 477
527 19
1019 590
523 598
523 724
523 440
523 105
1012 1107
449 67
440 605
440 1131
440 1097
440 1103
103 841
103 983
103 556
103 1072
103 36
103 617
103 114
103 1118
101 118
101 1002
101 105
105 1142
105 1143
105 1141
105 212
105 1147
105 1144
105 1145
105 1148
105 1149
105 132
105 1146
105 540
105 404
105 8
105 995
105 990
105 993
105 992
105 674
105 1157
105 1156
105 1151
105 1150
105 1153
105 1152
105 263
105 938
105 598
105 314
105 393
105 175
105 724
105 367
105 308
105 1139
105 1132
105 1131
105 1130
105 1134
105 388
105 675
105 783
105 32
105 36
105 640
105 644
105 339
105 626
105 624
105 337
105 454
105 332
105 63
105 252
105 250
105 654
105 1039
105 1033
105 1036
105 1034
105 632
105 638
105 563
105 701
105 90
105 96
105 1107
105 1104
105 1105
105 1102
105 1103
105 1100
105 1108
105 155
105 603
105 884
105 679
105 1050
105 1051
105 41
105 1111
105 323
105 1117
105 1116
105 144
105 209
105 1099
105 72
105 487
105 482
105 475
105 683
32 605
32 704
32 1132
32 698
32 430
32 377
32 67
32 281
32 638
32 1034
908 1004
36 1033
36 189
34 282
34 189
34 1130
34 483
34 288
641 859
640 42
644 481
644 617
644 97
439 212
439 514
437 1033
437 1113
431 605
431 727
431 617
431 840
338 1155
334 429
337 605
337 281
333 317
332 281
332 481
855 939
853 881
853 514
853 1034
97 252
97 1043
97 726
555 1117
749 173
557 323
557 302
557 926
234 183
1050 939
1052 1118
1052 175
1052 708
1052 626
1054 212
1056 687
1056 609
1058 1142
144 975
144 189
145 1042
145 609
143 201
143 163
617 966
617 834
617 704
617 74
617 681
617 728
711 591
154 357
687 753
687 605
687 1097
687 876
687 598
687 463
687 367
687 1004
681 590
681 758
683 48
132 1039
131 314
498 1135
498 378
498 1100
498 495
498 823
498 204
495 884
495 191
495 540
495 542
495 1113
495 181
495 68
495 546
492 1105
26 679
27 1162
939 831
939 59
939 1092
939 537
939 466
939 707
939 765
939 380
939 1040
939 1103
939 1138
939 1021
939 977
402 762
408 590
408 306
378 396
378 254
373 308
373 638
372 314
377 755
377 288
822 704
704 605
704 958
704 1141
704 1131
701 915
88 323
396 1113
396 191
394 1111
80 1041
80 463
398 260
398 771
84 1103
795 388
794 1113
793 950
793 1131
793 1093
792 308
792 679
790 42
790 735
586 626
586 50
586 481
586 1136
1139 309
1139 42
1139 72
1139 53
1133 19
1132 1093
1132 19
1132 325
1132 67
1131 1087
1131 950
1131 191
1131 50
1131 19
1130 19
1130 834
1137 546
1137 67
1136 181
1136 50
242 389
513 388
513 514
513 318
513 990
513 1101
1004 783
1004 463
1004 1032
514 590
514 840
514 1102
514 388
621 924
44 19
44 189
44 770
627 388
627 590
627 212
626 590
453 679
454 777
454 509
177 9
176 840
175 224
975 509
971 609
654 254
654 1045
181 605
652 753
652 73
652 954
184 1026
598 560
598 980
598 1070
598 1071
598 542
598 573
598 209
598 325
598 9
598 367
598 250
598 254
658 1110
659 357
191 1097
191 1049
1089 882
12 308
12 569
12 1153
12 415
12 389
19 986
862 224
865 323
865 63
867 721
866 203
881 1154
884 536
323 1164
323 285
323 73
323 68
323 367
323 250
323 1036
325 1049
325 1072
774 1113
777 605
777 405
777 204
563 1159
204 250
779 638
779 600
75 1041
72 1039
72 679
1042 308
1042 389
1042 318
1041 546
1041 41
1047 545
1140 281
1144 590
667 540
665 353
697 487
542 314
542 1070
544 567
545 308
8 986
8 634
8 834
549 969
995 42
997 415
991 1094
990 969
992 317
128 250
928 1113
415 1121
415 840
416 53
311 1034
317 605
317 679
317 840
317 1111
317 3
317 477
314 9
830 389
830 840
836 609
834 168
834 1118
834 220
839 224
368 1021
388 638
388 306
389 509
389 1113
787 679
781 739
781 50
781 755
783 1113
151 609
1166 1034
63 560
67 938
67 1039
67 1103
252 1026
252 463
252 1103
1160 1113
250 958
250 954
250 53
250 114
250 405
250 1118
254 986
254 1039
254 1103
254 281
1161 1113
1162 288
405 950
1039 509
1039 801
734 605
734 1023
509 1103
739 1113
739 53
1031 42
1031 840
1034 1118
468 475
463 469
462 675
161 679
163 308
1104 1021
1103 539
1103 475
1100 753
1100 674
1101 53
679 42
679 483
679 481
878 1072
876 1091
9 282
673 724
673 725
673 1113
357 1118
809 482
352 840
806 469
769 302
212 590
212 289
212 532
762 758
765 425
1070 118
289 1126
281 308
281 263
50 755
536 532
983 985
980 600
984 753
770 1118
422 308
308 1110
308 1118
309 1113
309 600
309 474
309 840
841 1165
840 1032
753 590
758 1023
224 220
1026 609
1023 1117
607 1113
1163 41
959 958
953 954
42 1113
42 483
