620 27
191 429
652 1130
749 1647
394 1190
1344 1312
1770 67
1052 1238
1052 697
132 1491
543 1513
67 1775
67 1777
67 1776
67 710
67 9
234 1778
175 810
175 95
32 1731
32 443
32 9
32 1281
32 377
172 1748
525 1756
1713 561
1713 1493
1713 1195
1774 697
697 642
1773 679
1773 1253
1772 1395
1190 1285
44 95
312 1
1 1779
852 1775
1253 674
1758 1644
9 8
9 1387
9 1313
8 19
1395 1686
1034 1313
1545 809
1237 843
1310 561
561 431
561 95
1238 1472
710 1686
710 970
1756 1403
1756 474
95 1387
1716 1308
12 1387
48 1624
19 1181
1231 1168
970 1748
809 642
1762 431
