1142 1043
1227 204
768 797
212 309
212 1289
212 1507
211 36
983 985
1536 518
1328 239
375 1101
132 30
132 1339
131 1181
620 27
498 708
495 1213
495 1517
495 172
495 1433
495 1367
871 988
1033 1496
1539 938
1539 617
734 605
980 194
323 42
323 341
323 298
643 1365
735 276
1075 708
507 1313
542 379
405 1507
1255 462
1375 1529
1468 704
1468 640
1468 1235
342 1015
342 1406
342 1497
281 1190
1520 716
1520 1513
283 1502
283 1393
282 9
285 1284
285 823
285 1497
1019 1507
1317 1284
1317 652
595 1526
779 713
1313 569
1313 733
990 864
993 639
716 713
341 1423
714 1400
714 713
713 1165
713 1101
713 1339
713 781
713 878
713 1042
713 249
713 615
713 271
713 1189
713 1441
713 749
713 1379
713 41
713 1528
713 87
713 1416
713 842
998 194
710 646
263 337
366 12
261 835
1285 1021
1496 67
1497 309
128 847
128 677
128 509
69 42
1523 1518
1523 626
118 194
1136 376
329 1537
676 394
1533 1489
1215 1083
1528 781
1189 454
1189 626
50 1190
50 1487
52 1042
502 778
370 1417
373 1338
1381 277
377 942
1383 749
1383 1127
586 145
988 781
1532 852
199 1339
594 1472
596 1187
596 1179
704 297
704 1509
598 1517
598 1080
706 740
706 1236
706 1531
981 817
191 1021
701 654
701 326
701 193
893 68
893 733
1127 1015
1127 194
392 321
392 1295
518 1488
1487 312
276 1339
276 852
277 797
277 1508
277 41
194 794
194 560
194 245
194 465
194 353
194 1178
194 1379
194 1004
582 626
1489 209
1489 1289
1489 42
1489 1038
1489 67
398 1526
398 354
85 733
928 1406
794 1401
1402 95
792 1036
838 1338
1525 249
1526 783
1526 42
1526 447
1526 615
1526 640
1526 394
1527 144
919 1393
919 733
919 42
919 1449
1521 1508
1521 645
1522 8
1522 97
1522 220
1132 1425
312 146
1393 1365
1393 1180
912 1513
308 739
309 639
309 754
1236 1026
1339 316
1338 99
1338 67
1338 1508
1338 1036
442 1184
442 654
442 852
303 72
1440 1509
1440 42
778 517
386 781
297 738
1178 1051
249 402
294 1438
105 1444
847 600
821 483
1434 1535
38 561
38 852
1433 639
1433 635
1430 19
783 733
32 1518
32 773
32 460
908 352
36 189
1534 42
1534 1507
316 509
1530 1192
114 770
1406 1224
431 605
679 1176
1493 1113
573 61
573 42
332 352
1377 1211
606 1502
1385 95
67 1501
67 1507
67 1538
708 1508
250 617
173 749
311 95
254 1190
1421 1356
1356 1509
1356 1281
1356 852
1423 733
1424 1167
852 966
1426 781
1038 781
193 233
1502 1503
654 1173
1501 9
1507 42
1507 1117
509 1026
1508 1184
1508 1021
1508 358
1509 1179
1037 1517
1244 1275
753 6
781 1042
781 1365
781 1515
469 463
635 224
635 725
463 609
810 233
163 1281
546 725
546 1362
504 1517
964 42
1026 615
1026 1517
1021 1449
271 899
1184 1472
1185 41
1518 944
1517 449
1517 601
1517 1113
189 307
1167 483
749 474
394 42
950 353
1217 322
1217 473
1199 831
878 1362
42 43
42 72
41 473
144 733
1105 475
