768 1033
768 593
768 483
1038 1026
1038 1039
1038 502
1038 402
1038 145
212 303
212 321
212 439
667 391
667 686
667 204
915 901
766 12
662 625
375 603
765 830
765 181
765 425
765 84
132 67
1059 638
498 495
498 449
498 815
498 204
135 1000
494 389
495 1050
495 448
495 560
495 41
495 181
495 800
495 1000
871 377
626 224
626 440
626 50
626 350
27 686
27 794
27 481
697 725
697 645
740 615
927 536
209 991
209 242
312 1014
289 391
289 377
762 713
939 638
939 975
938 41
938 67
938 9
938 103
938 1034
938 1035
546 809
546 1053
546 1041
546 823
546 475
342 969
342 588
342 460
400 543
400 323
400 463
400 114
400 391
400 168
400 396
400 392
400 428
400 286
281 561
281 67
8 1000
548 1033
282 101
814 603
815 996
815 1022
815 334
815 714
815 176
815 283
816 810
286 1000
286 991
995 346
995 318
964 555
997 12
997 142
996 638
996 144
996 63
991 144
991 638
991 986
991 1004
991 78
679 60
992 555
992 1000
341 323
341 686
714 928
999 297
999 969
999 323
712 325
712 250
712 189
712 1037
712 1000
711 249
767 63
366 1000
1026 487
1026 176
1026 1000
124 114
127 63
128 934
219 242
69 1004
777 405
777 204
777 307
1018 502
55 621
825 32
825 1000
57 596
1022 598
1022 144
50 654
479 144
928 296
928 176
928 770
378 644
410 1000
296 975
296 974
296 1000
297 337
297 252
297 176
297 283
297 482
372 536
372 391
372 595
372 314
924 686
419 1000
823 1033
823 242
291 393
586 1039
586 616
586 460
586 517
988 634
862 1000
595 41
596 73
704 958
598 542
598 176
598 752
311 770
311 1037
311 567
707 725
707 1037
986 752
701 858
701 60
701 640
701 88
701 72
701 1006
701 1000
193 686
193 118
314 9
314 228
393 800
391 12
391 609
391 9
391 555
391 325
391 68
145 1033
145 349
274 1037
277 605
277 468
277 41
277 271
277 103
277 176
277 283
277 1004
277 423
277 990
277 770
318 9
318 966
318 72
318 325
392 1054
392 321
392 998
392 228
118 1000
204 456
204 725
204 250
379 1033
379 1037
830 605
830 549
831 1050
831 1031
831 1057
834 144
834 758
834 168
536 336
513 752
1053 201
527 1042
527 12
527 32
520 308
368 966
1044 323
1044 758
1014 1
1014 851
1014 1046
420 1000
422 386
422 394
523 549
1013 673
308 990
448 244
345 1058
581 779
442 1041
442 143
302 557
721 781
447 1037
244 142
244 808
109 1000
242 454
103 638
101 1002
101 770
249 779
105 713
105 1055
847 868
847 471
785 786
783 1025
783 1004
783 770
783 481
783 1000
32 1039
32 1034
30 162
36 770
643 638
643 323
643 758
642 758
645 323
1006 323
1005 878
1004 1008
1004 1032
1002 334
1000 154
1000 65
1000 1035
1000 1034
1000 140
1000 480
1000 1041
1000 1040
1000 686
622 638
549 63
549 969
338 454
1056 1033
456 394
332 63
317 394
63 770
63 73
63 67
97 559
176 975
176 603
176 983
176 250
250 561
250 323
542 1033
542 325
542 460
975 144
975 770
975 41
974 567
851 162
272 605
272 632
900 1037
175 770
602 151
602 567
482 377
654 619
1039 1042
1039 41
1039 72
1032 752
1032 1008
1033 325
1033 437
1036 1034
1037 143
1037 460
1037 682
753 323
632 323
981 1021
755 377
638 758
638 394
638 236
758 741
460 1023
460 934
463 687
98 323
966 323
966 617
12 617
143 201
143 1042
840 74
88 323
725 952
658 990
658 884
969 557
728 617
605 810
605 557
1048 517
603 475
189 144
189 44
557 926
810 323
236 1043
1052 72
1054 639
1054 687
950 377
44 770
42 325
41 1040
41 1041
323 1042
323 431
873 144
325 1049
9 686
144 142
1051 377
563 683
617 681
617 74
377 1047
377 790
377 475
377 941
1040 1045
802 681
