768 774
211 1742
42 1731
42 443
42 1329
42 1255
42 105
494 389
27 1285
27 582
1075 1748
1678 711
810 175
8 1756
1676 233
1677 1290
995 318
1314 1346
1313 12
1312 1756
1312 12
1310 561
1758 144
1758 167
713 271
713 105
710 67
710 970
298 970
312 1
191 429
271 638
271 277
1713 561
1713 809
1713 1195
3 32
1253 1744
1253 1765
1403 1756
308 1762
1338 1042
1130 652
105 1644
105 1624
1644 1756
1641 970
644 143
431 561
1343 9
1343 12
67 1042
67 1768
67 1769
67 1749
67 9
67 1760
67 1767
172 1748
970 1748
970 774
1730 1042
1509 1744
1023 1766
1624 48
19 1181
727 1280
1748 1440
72 1765
1281 1762
