26 122
29 58
8 19
8 99
8 67
8 87
8 84
8 105
119 120
119 58
120 75
120 118
121 108
123 1
124 96
125 126
118 100
59 32
59 44
59 41
59 67
59 83
59 104
58 87
58 38
58 48
58 19
58 32
58 51
58 36
58 41
58 71
58 103
58 9
58 83
58 80
58 34
58 79
55 36
54 53
57 56
56 36
56 41
56 61
56 68
56 90
56 105
51 44
51 70
50 62
50 36
50 44
52 19
52 32
52 41
115 101
114 105
117 44
116 44
111 112
110 36
113 36
82 19
80 41
81 91
81 105
81 41
86 48
86 84
87 63
84 44
84 36
84 3
84 69
84 94
85 19
108 34
109 36
109 79
109 34
102 44
102 97
103 72
100 101
106 72
107 105
104 36
105 33
105 36
105 61
32 12
32 36
32 41
32 77
32 67
32 68
32 96
36 60
36 88
36 89
36 90
36 93
61 68
61 41
63 79
63 41
64 9
64 19
64 41
65 41
66 12
67 69
69 95
98 97
91 47
91 92
92 44
97 48
96 88
14 44
19 72
48 79
49 9
44 75
44 79
43 41
41 76
41 78
9 76
74 73
72 71
70 79
