1142 1368
1304 1598
768 1253
768 886
768 1217
212 1056
667 1598
1262 1598
1497 762
1497 1594
1497 41
1614 1603
1265 938
1265 986
1265 1598
765 425
1195 843
1195 1598
1610 257
375 912
495 1043
871 1608
1546 1436
1111 1582
27 1031
1542 1598
1542 1282
1540 1601
1540 994
1540 372
1540 29
526 1329
95 561
95 1580
95 1246
95 712
95 1365
95 299
95 1118
95 1393
95 1385
95 1251
1075 319
1072 1158
29 569
1548 1063
1548 303
542 1594
762 1585
762 514
762 1496
938 1165
546 598
546 1489
546 1005
341 1598
342 1362
334 1603
810 735
810 233
8 12
8 1522
8 1189
283 1556
220 1522
286 202
700 337
1314 252
1314 1346
1313 569
1313 9
1313 1579
1313 67
1313 1014
1313 507
1313 483
1158 1594
1158 1585
1533 1489
1154 1105
714 713
714 1585
713 1379
713 716
710 610
710 1598
710 1489
967 549
967 1598
967 303
124 449
124 447
1285 1600
1285 1021
1285 97
1496 1598
1561 1598
328 581
1472 1375
1472 1598
1551 53
1551 350
1068 1562
329 615
58 1326
646 53
1556 1586
1556 1281
1558 9
1558 1598
50 1487
50 1598
53 1349
1419 1440
298 518
299 1598
299 1013
1386 1580
1387 67
1387 12
1387 105
821 483
823 549
822 751
594 752
1176 1598
704 958
704 1585
704 475
194 482
1329 1598
986 679
986 1598
986 163
701 317
984 1598
393 1190
393 942
393 1598
68 323
88 1598
1174 1598
1487 1598
1485 1598
277 1598
278 1039
1339 543
1489 1588
1489 482
1489 1013
398 1598
1520 449
1520 451
1520 460
1520 513
1520 1036
1520 1513
85 1598
831 1199
974 778
792 557
536 372
1359 1598
525 1601
3 1609
3 1440
1255 1332
919 103
919 303
919 42
919 1598
919 870
1521 847
1522 1587
366 1349
1402 1447
1402 1539
847 1578
582 626
1231 67
581 1602
302 1362
303 1215
303 1585
303 1118
1136 1598
245 883
1252 1598
912 63
1436 421
1190 1582
1190 1598
1190 1585
841 1598
32 1577
32 1598
32 430
32 1196
36 189
518 1488
1534 317
645 1598
1246 801
1246 1598
1246 547
1006 1598
1417 942
932 1562
282 66
1539 1024
1539 708
1539 1056
1539 1582
1539 1039
1539 437
1227 326
1227 1598
621 1165
621 470
625 1598
337 1598
1344 1598
1346 1562
332 1598
430 67
63 1517
63 1604
389 950
389 482
252 1362
708 1598
708 949
257 809
254 1598
1208 474
1447 1570
1393 1365
1393 1613
852 1440
345 1598
1582 1526
1582 42
1580 1352
1585 1043
1585 357
1585 1033
313 801
654 1598
1039 1598
735 1598
735 1575
598 1292
598 1562
598 1598
598 1576
502 933
658 1598
568 1598
751 1578
1217 322
1215 793
1215 1598
560 1598
1612 1611
1597 1598
1596 1607
1591 1598
1033 1605
1599 1598
1598 881
1598 155
1598 777
1598 1107
1598 44
1598 322
1598 327
1598 549
1598 632
1598 475
1598 1282
1598 1187
1598 1168
1598 356
1598 1514
1598 801
1598 1479
1021 322
1189 322
1189 878
19 639
272 632
1105 1440
1517 1603
885 1606
1608 1362
679 1574
42 1440
12 1297
774 1601
779 1605
617 357
617 1601
1042 681
1282 1601
