1142 357
1142 1058
1142 990
1304 249
392 321
392 72
1038 638
212 681
212 321
212 1289
212 6
1301 1297
1302 704
1302 103
1302 198
233 193
1263 713
666 713
666 1276
760 590
1260 1042
1260 1052
1260 142
1260 1189
1260 32
1260 725
1260 547
1260 249
1260 87
1260 254
219 1127
498 1293
1300 638
41 928
41 1255
41 502
41 823
26 404
697 105
878 1255
878 848
540 778
699 1281
699 1264
1298 704
1298 994
542 1069
542 1216
762 713
346 1248
346 220
346 1284
1255 209
1255 733
1255 704
1255 1113
1255 285
546 638
546 454
547 63
547 713
547 249
547 1246
544 980
1279 644
810 708
810 626
810 576
919 713
282 1236
282 109
282 34
349 32
408 306
994 1284
994 145
994 639
994 1126
994 536
994 315
997 415
997 12
997 701
1158 713
1158 152
1158 924
1158 1136
1158 840
719 621
1093 1206
714 1284
713 749
713 1185
713 1127
713 1241
713 950
713 325
713 1036
712 640
712 95
711 1034
263 281
263 908
1292 1033
1062 1190
325 1181
903 1297
128 12
154 95
269 90
269 1045
1264 1283
176 561
1161 794
585 495
933 1214
528 357
963 393
963 1246
50 234
50 1253
1019 1185
379 32
415 12
415 1231
298 323
298 687
298 303
298 1127
48 621
48 152
48 1286
297 999
923 527
823 448
823 1185
823 615
538 781
590 638
590 555
590 681
1244 103
1244 781
1176 30
704 958
704 1231
704 42
704 700
704 1296
704 1295
194 271
194 42
194 569
194 1127
700 605
701 1051
701 372
701 1281
701 1185
701 341
701 1021
701 224
701 105
193 1299
193 523
193 658
1127 1284
1127 152
1127 1137
1127 840
1127 474
1127 802
1127 1291
393 679
114 770
272 605
272 654
272 468
1237 1227
1237 199
440 555
277 1186
277 778
142 257
398 1291
84 598
204 1189
831 42
974 778
792 357
792 1297
792 841
834 1234
834 621
834 1196
835 725
19 525
19 1207
19 1299
551 1190
1256 615
525 103
525 1246
3 555
527 12
1018 1227
1253 586
1253 605
1253 1287
1253 644
1253 1173
1253 468
1253 1284
1253 357
1253 640
1253 72
1253 781
1014 30
1014 474
367 323
422 386
425 753
425 1103
912 1285
309 1103
1236 1227
1236 1224
1236 1217
1236 1185
1236 487
1236 103
1236 1005
1231 103
1231 733
1231 1286
779 809
302 749
302 733
302 1185
1136 739
588 1185
778 638
778 438
306 616
242 209
242 42
598 357
598 12
598 1303
598 1189
389 12
389 1189
1178 1189
249 1295
249 358
105 621
105 1021
105 1181
105 1246
1190 42
1190 254
372 473
843 357
781 1287
781 1280
781 281
840 12
32 1227
32 626
32 220
36 1281
640 474
645 1246
644 42
644 654
644 1281
1246 652
1246 95
511 1280
1248 654
1248 1281
1248 966
1248 1100
291 1281
1003 1199
514 853
431 605
1227 1185
1227 333
1227 1117
621 958
621 772
1224 536
1224 42
1224 483
626 733
741 323
741 1280
573 42
454 1043
454 733
576 1167
859 318
859 95
60 63
63 95
318 802
67 938
252 1056
199 1234
199 1051
199 1185
199 1183
199 1105
199 483
175 12
257 1214
254 638
1208 733
1080 1207
733 1056
733 654
733 475
733 1291
599 12
652 954
739 317
1033 1211
377 1283
502 42
502 1189
753 323
1216 1113
468 475
638 609
758 12
758 509
758 357
758 323
758 646
758 681
758 683
462 605
462 1299
281 1280
227 1234
224 220
221 1282
964 800
964 1202
12 605
12 617
1188 1114
1189 882
1189 899
1189 44
1189 483
1189 689
1189 475
1189 600
1186 1056
1187 474
1185 899
1185 144
1185 615
1185 681
1183 234
1183 42
103 954
394 42
686 234
686 950
605 1290
600 42
749 474
1207 1113
1206 9
1050 42
950 1281
42 1280
42 483
42 1288
42 323
42 474
1196 9
323 308
1113 1294
1113 70
9 477
9 1280
9 683
1290 617
1291 1281
1291 357
1291 1295
1294 482
145 1042
1173 1281
770 1280
646 474
617 681
615 1042
308 1281
1287 1280
1281 1283
1283 687
1105 475
