52 1543
621 830
621 1647
620 27
1340 1127
1781 1756
1781 755
557 561
1783 710
1308 9
1127 1771
132 1
132 1038
1237 843
503 1756
67 1675
975 1543
312 1
635 1052
429 1700
429 1756
429 372
429 1720
1052 1792
1052 420
1052 1624
27 652
27 42
1836 536
1836 398
1811 1624
970 1641
1190 9
44 1
44 1800
1839 9
42 1724
1 1626
3 146
3 1649
725 1624
1255 9
1758 1644
810 1624
1756 1675
105 1624
1657 1624
1750 561
847 1132
1838 32
398 1624
1312 1434
1312 1332
755 1624
561 431
561 95
1800 1801
9 1644
109 1543
1675 1543
95 697
95 1624
697 1517
697 808
843 1406
1282 1543
1637 1543
