214 396
212 372
212 51
212 303
212 394
212 289
212 388
212 416
212 321
212 413
212 9
212 422
212 387
212 376
132 3
132 404
131 393
131 191
67 378
67 410
67 396
27 414
27 406
289 371
289 392
289 419
406 194
405 357
405 38
405 310
405 191
405 263
405 321
405 9
405 103
405 398
405 424
404 6
403 344
403 8
403 69
402 281
402 12
401 36
400 32
400 396
400 323
281 308
281 145
281 317
281 314
281 263
281 323
281 352
281 435
8 189
8 395
8 19
8 432
8 342
8 32
8 9
8 423
8 398
8 249
8 409
283 144
283 260
96 74
409 194
409 413
409 191
409 50
409 149
409 263
409 260
409 6
409 372
408 74
263 145
263 335
263 311
263 391
263 41
263 393
263 72
263 176
260 386
260 424
266 62
126 399
420 19
128 423
128 36
129 44
69 6
69 356
69 75
69 228
69 373
69 418
423 410
423 97
422 335
422 194
59 399
58 32
58 430
415 329
57 56
56 345
56 340
56 154
51 429
51 3
51 419
51 294
50 335
52 9
52 201
52 321
379 74
378 32
378 325
378 357
378 228
378 74
378 396
378 6
378 398
378 425
378 254
417 103
417 277
410 201
411 9
411 321
412 321
299 399
296 194
296 36
297 234
297 62
297 272
294 288
294 204
294 368
372 429
372 311
372 407
372 392
372 72
372 368
372 389
372 236
372 233
372 97
372 376
375 399
374 144
374 204
376 350
376 191
376 6
68 389
194 342
194 1
194 184
311 308
311 48
311 321
311 228
311 399
311 365
311 373
310 97
191 393
191 396
316 355
316 390
315 424
314 228
393 103
393 357
392 228
392 41
392 321
392 103
392 176
88 9
88 3
88 145
88 431
397 1
396 414
396 103
396 74
396 19
396 209
396 32
396 41
396 357
396 321
396 176
396 399
396 425
396 254
394 368
278 335
83 368
399 386
399 149
399 76
399 382
399 364
399 365
398 209
398 368
398 6
398 335
174 335
344 103
344 321
344 172
344 325
429 32
429 309
429 242
428 36
3 308
368 309
368 307
368 236
368 221
421 323
367 323
365 38
365 95
365 79
365 431
424 144
424 175
424 236
427 426
308 32
308 317
308 332
308 373
308 435
308 220
300 384
300 41
303 389
303 6
371 103
371 62
371 321
371 431
109 19
386 338
386 228
242 44
102 323
102 62
389 357
389 62
389 321
389 254
373 335
373 220
38 177
38 288
38 175
32 63
32 430
32 431
30 72
36 413
34 9
391 234
436 350
434 433
432 44
430 164
430 63
431 407
338 144
335 115
335 19
335 350
335 60
335 356
335 72
335 6
334 358
337 323
337 63
62 220
63 357
63 342
103 343
177 9
177 321
176 419
175 9
175 12
413 144
413 323
413 6
256 48
254 220
407 41
162 161
6 48
6 350
6 325
189 358
343 357
166 234
224 220
97 327
19 44
19 419
272 273
419 41
419 74
48 144
323 356
321 72
321 359
