199 1244
1263 713
346 1248
341 323
341 1093
341 1181
342 1268
342 600
342 323
342 1039
342 1244
342 173
343 1242
343 350
810 654
919 713
349 32
817 1248
817 118
817 1215
719 1260
719 1251
714 1236
714 1214
713 740
713 884
713 706
713 1059
713 547
713 1036
713 994
713 142
713 1158
713 999
713 779
713 124
713 249
713 1042
713 1189
713 1186
713 1066
713 1241
713 474
713 350
713 372
713 539
711 1034
606 821
606 105
1069 542
736 617
1062 9
1062 42
1258 10
298 323
298 687
299 1083
296 194
296 295
296 50
297 999
297 884
297 1189
297 1158
297 615
1087 1187
1087 1136
590 964
590 513
1083 679
594 840
596 654
596 249
596 50
599 12
598 704
598 1071
1126 289
1126 1178
1127 641
1127 1269
1127 697
1127 32
1127 1137
1127 322
1127 536
1127 2
272 654
272 468
273 308
273 1002
149 823
277 1186
277 1213
277 830
277 468
277 770
278 1248
278 1215
525 1246
527 19
527 12
527 372
1018 547
523 357
1015 19
1016 19
1010 463
1234 32
1234 1254
1234 644
1236 152
1236 1214
1236 536
1236 209
1236 67
1236 1153
1236 41
1236 640
1236 487
1236 368
1236 437
1236 252
1236 1118
1236 1259
1237 871
1230 1187
1231 704
1231 1118
1231 1252
1231 367
1231 552
1233 502
440 1244
447 350
1239 990
1239 1214
1239 886
103 605
103 1195
103 617
103 1256
103 1255
103 1002
101 370
101 118
105 964
105 569
105 621
105 155
105 697
105 323
105 638
105 42
105 317
105 701
105 1276
105 1181
105 288
105 463
105 475
105 307
105 32
105 899
32 1211
32 638
32 1190
32 1260
32 799
32 1255
32 353
32 118
32 220
30 1176
36 189
36 779
36 770
36 211
34 1042
34 282
1240 536
1243 1059
1243 325
1245 835
1244 1280
1244 704
1244 1275
1244 372
1247 704
1246 704
1246 99
1246 372
1246 249
1249 3
1249 881
437 1033
437 878
437 1189
431 605
431 727
431 627
431 617
431 859
339 323
339 463
337 281
337 605
856 1176
853 514
859 357
859 547
6 687
6 439
97 407
97 994
815 509
740 1256
741 323
749 302
749 700
749 783
557 605
234 1248
234 50
152 1153
232 44
233 1113
233 42
233 1037
233 193
1054 994
1056 1033
1056 687
1056 1042
1195 1167
1196 9
1196 834
1 1271
1 477
1278 144
144 834
144 1185
144 644
144 921
144 189
144 377
1174 700
142 42
142 1260
142 1277
142 415
142 257
143 1037
1171 966
1270 42
1270 1136
1272 887
1272 53
1272 265
1273 1274
1273 475
617 704
617 73
617 350
1178 679
1178 1158
1281 60
1281 644
1280 704
1280 9
1280 1210
1280 770
1002 1185
1059 389
1059 325
687 642
687 463
681 1118
681 402
683 758
683 1189
131 1248
620 42
498 639
495 68
495 542
495 1185
27 87
29 1248
405 388
402 1250
629 899
379 357
372 454
372 928
372 473
372 353
372 1117
823 308
823 1139
823 1211
823 1185
823 998
823 615
823 242
823 41
822 679
708 357
1279 9
1279 1248
1279 644
704 958
704 1214
704 700
704 1257
704 1255
704 1248
706 484
706 194
706 1219
706 1256
706 128
706 800
706 502
700 605
701 357
393 1111
393 963
391 1154
145 994
145 1042
394 576
80 928
80 1248
398 313
398 72
797 63
797 1268
794 1161
792 846
586 899
586 626
586 1253
1132 9
1131 309
1136 249
1136 1158
1136 48
588 1185
245 699
245 1264
615 1213
615 204
615 1256
615 536
615 1103
615 377
249 626
249 1260
249 1103
249 1117
513 388
513 762
513 994
621 958
621 834
621 48
1224 536
1224 62
627 779
646 53
454 1043
595 1189
975 760
654 563
654 353
654 1253
654 1251
654 1248
652 9
194 560
194 1248
658 193
12 569
12 1042
12 415
12 128
19 886
883 72
886 1113
323 753
323 966
323 48
323 642
323 950
323 42
323 1267
323 732
323 367
327 1255
327 1103
327 463
325 1260
325 1248
329 415
204 1189
779 969
779 809
779 118
72 679
72 357
72 1039
72 1253
70 1113
1042 1260
1045 269
1142 990
667 600
1262 809
1261 9
1261 725
1261 1189
1260 770
1260 357
1260 415
1260 725
1260 505
1266 42
1265 928
697 127
542 128
542 1216
542 314
547 1021
545 1185
8 357
994 536
994 893
994 1103
997 415
990 1113
128 569
128 846
128 573
928 964
928 42
928 362
415 1121
415 377
1187 302
924 1158
318 802
317 281
317 263
317 479
834 474
835 308
835 725
835 1189
3 487
3 1113
3 377
367 479
367 1248
364 509
1238 302
388 639
781 307
781 538
783 1186
114 770
576 1167
60 1248
60 63
62 605
63 963
67 1255
252 463
252 481
252 350
250 53
250 475
254 281
1039 357
509 758
1033 1211
1034 1189
1213 1186
1213 502
1211 1163
1214 1113
1214 475
1214 68
1214 502
638 725
1219 1256
463 1185
462 675
462 282
462 913
964 800
966 1248
962 1204
969 51
1103 309
1103 1189
679 9
878 1255
9 1206
644 899
644 1099
644 1251
1248 50
1248 560
357 605
357 802
357 474
357 118
353 950
800 569
800 1256
768 1189
212 678
765 425
288 470
285 1255
1093 950
118 1189
118 222
770 44
770 1255
1255 1189
1255 41
1255 1113
425 753
302 1185
843 1167
377 755
377 1185
377 1117
569 1181
1189 502
1189 482
1184 1181
959 958
