1142 540
1142 249
214 697
768 1280
494 389
495 741
495 1406
1568 1585
27 1285
27 620
697 67
1540 1520
1540 48
1072 1158
1548 1713
1255 1342
281 708
1673 95
1673 249
678 249
1158 474
719 95
719 1346
713 1059
52 249
52 1698
1665 1713
1387 1713
1387 1285
1387 95
377 95
708 1285
708 1713
708 557
599 1713
312 194
312 1728
193 393
193 1434
193 233
393 1190
394 1190
1713 1647
1713 1026
1713 1280
1713 561
1713 1733
1713 143
1713 36
1713 1346
1713 1585
1713 525
1713 462
1713 474
1713 1652
1713 617
1717 1739
1716 1026
1408 1624
1520 63
1395 249
1237 843
1231 1738
1231 249
1231 984
1509 1285
447 95
1136 249
598 652
389 249
249 1739
249 42
249 44
249 865
249 1181
249 518
249 561
249 1280
1644 1285
1644 557
1644 620
843 557
1727 143
437 1285
431 1295
620 1181
626 95
1342 1343
1343 9
1346 1472
504 1740
189 483
561 95
1647 1688
1647 482
1647 1282
95 960
95 1161
97 726
163 1026
32 474
557 1280
277 1688
1313 1285
1240 809
1190 1111
1190 1285
