199 1060
199 295
818 1269
819 822
346 366
346 986
346 204
346 1189
341 1437
341 1423
341 1138
341 1338
341 1132
341 1373
341 831
342 1097
342 626
342 1302
342 1431
342 598
342 783
342 314
342 239
342 495
342 502
342 1462
1441 983
1441 840
719 753
719 1420
719 1036
719 249
716 42
714 204
714 1189
714 639
714 277
714 316
714 438
714 1376
714 495
714 517
713 1241
713 271
713 372
713 1158
712 704
712 1398
711 12
711 19
711 1184
711 317
711 1373
711 644
711 257
711 105
710 1382
1069 542
1393 1235
1393 1427
1393 576
1393 332
1393 1364
1393 1365
1393 283
1168 686
1168 317
1062 42
1062 1455
1062 1444
1062 353
1062 1451
1062 1453
1066 1072
1391 586
1391 309
1391 709
296 1236
296 1138
296 1339
296 194
296 1184
296 986
296 1181
296 1083
297 334
297 283
297 733
297 254
297 1189
294 580
592 377
592 545
1083 1287
1083 105
594 1038
596 994
596 1290
596 249
596 57
596 1179
599 12
598 1285
598 794
598 582
598 603
598 1093
598 502
598 325
598 870
598 128
598 62
598 27
598 645
598 1377
598 488
598 9
598 1006
598 1403
598 475
1123 1325
191 1420
191 1060
190 101
1089 1365
1089 765
1127 322
1127 318
1127 454
271 194
277 1241
277 1438
1274 792
525 19
1409 1105
1457 1269
1018 281
1018 288
1018 1217
521 305
523 706
523 249
523 770
1403 704
1403 1272
1403 1335
1403 781
1402 1269
1402 994
1402 667
1402 68
1402 254
1402 322
1402 733
1402 9
1402 507
1402 1290
1402 425
1402 1235
1402 124
1402 224
1402 249
1402 481
1402 105
1402 12
1402 1044
1402 357
1402 640
1402 642
1402 644
1402 431
1401 9
1406 605
1406 1213
1406 1313
1406 194
1406 616
1406 316
1406 771
1406 843
1406 821
1406 105
1404 740
1234 124
1235 52
1236 1026
1236 479
1236 914
1236 706
1236 615
1236 769
1236 392
1236 1237
1236 327
1236 1374
1236 544
1236 176
1236 1006
1236 1413
1236 481
1236 912
1237 843
1339 474
1339 822
1338 12
1338 878
1338 1189
1338 193
1338 1447
1338 9
1338 733
1338 642
1338 353
1338 67
1338 252
1338 283
1338 479
1338 681
1338 105
1232 1269
1449 681
1335 569
1335 1359
1335 1399
1335 1117
1335 1006
1453 9
1239 204
1332 9
103 954
103 617
100 243
101 176
101 1269
101 243
105 605
105 621
105 626
105 337
105 454
105 576
105 398
105 1312
105 1423
105 831
105 871
105 1373
105 1372
105 1215
105 317
105 463
105 1118
105 367
105 1027
105 52
105 439
903 733
903 1294
903 754
901 67
1448 1006
32 1211
32 1184
32 799
32 9
32 128
32 1395
908 332
36 1269
36 189
36 985
601 400
1241 840
1241 706
1241 1219
1241 615
640 784
642 194
642 1444
642 963
645 1260
645 353
645 1302
644 995
644 1184
438 878
649 498
437 546
437 1189
433 252
431 605
431 1091
431 1215
431 617
431 1117
431 738
338 1302
334 540
334 1442
337 605
332 919
332 377
1372 1269
856 1117
345 141
859 725
343 350
1464 797
97 124
97 1438
97 481
96 1269
1466 797
1463 60
1463 308
1463 1281
1463 50
740 639
740 706
740 800
740 1375
741 542
741 758
1217 242
1217 1189
1316 1269
449 993
749 128
749 317
749 475
557 128
556 797
238 1189
991 986
236 128
236 1421
152 357
990 706
1050 9
1053 1269
1190 393
1190 62
1190 615
1195 843
1196 770
1 146
1 42
1 477
146 679
1279 194
1279 781
1279 254
1174 1434
1174 63
142 1281
1271 63
1271 477
1272 983
1272 697
1273 1285
616 509
617 704
617 681
617 734
615 1026
615 1425
615 1063
615 1181
615 823
376 481
513 303
513 306
513 993
1285 1021
1284 194
1287 1039
1286 1342
1286 1231
1281 12
1281 679
1281 1283
1281 1429
1281 317
1281 1373
1281 62
1281 1374
1281 1033
1281 9
1281 1006
1281 225
1281 1291
1281 683
1280 725
1280 1189
1283 1383
1283 835
1283 1260
1283 987
1283 53
1283 1373
1283 738
1283 1295
1283 538
942 1118
942 1422
942 42
681 1042
683 824
683 479
683 770
1306 1373
1306 733
1306 1113
1302 29
1302 733
1302 176
1308 42
131 1434
131 792
498 1434
498 194
498 3
498 1444
498 495
498 823
135 42
135 770
495 794
495 1433
495 950
495 3
495 871
495 1367
495 1113
495 181
495 172
25 797
27 1434
1451 9
407 378
1373 753
1373 62
1373 1295
938 733
938 67
1375 1269
1377 1033
400 822
933 1214
932 1269
457 1269
379 1433
1060 1187
1060 1117
1060 871
371 1269
824 731
824 774
372 639
372 843
372 569
821 483
823 1268
823 1163
823 50
823 542
823 1113
823 1033
823 80
823 482
823 1369
1177 561
709 517
704 605
704 958
704 1423
704 1231
704 1395
706 840
706 1397
706 63
706 128
706 800
707 993
701 174
392 261
392 1295
88 220
394 652
398 679
398 1215
398 465
398 502
398 317
398 354
398 483
86 1269
797 832
797 621
797 1121
797 698
797 1343
797 304
797 768
797 849
797 1392
797 1363
797 1336
797 1465
797 1207
797 804
794 1381
794 204
793 783
792 576
792 1446
792 1006
792 1413
799 994
610 1291
1138 995
1138 53
1138 1367
1138 124
1138 249
1138 1416
1132 1156
1137 67
1136 739
249 1421
249 569
249 1430
249 783
249 44
249 1260
249 1006
249 725
249 547
249 1376
1436 361
1437 1454
1437 1211
1434 881
1434 155
1434 1312
1434 732
1434 865
1434 1110
1434 725
1434 547
1434 1379
1434 1313
1434 174
1435 667
1435 1033
1432 53
1433 753
1433 975
1433 12
1433 639
1433 1072
1433 1444
1430 19
1430 67
1438 639
1438 502
1438 53
1439 1354
1006 841
1006 919
1005 42
1004 128
1349 366
627 306
626 1269
626 1189
626 350
1340 840
1340 454
1340 1325
454 1369
1228 306
176 1423
176 81
175 1421
175 12
172 128
970 1021
194 356
194 980
194 503
194 1362
194 479
189 802
189 307
193 118
12 1420
12 1214
12 834
12 366
12 1118
12 118
19 1260
19 220
864 993
887 1269
323 1113
323 42
808 415
327 463
325 1211
325 1158
777 377
770 1021
770 204
770 840
770 463
770 114
770 1103
770 1248
74 561
72 224
72 42
1223 1269
1223 871
1042 52
1045 1026
1044 1184
1044 758
1142 733
1142 42
1142 1269
1269 987
1269 764
1269 69
1269 635
1269 544
1269 1460
1269 204
1269 1092
1269 380
1269 123
1269 8
1269 166
1269 52
1269 1456
1269 1452
1269 530
1269 1458
1269 1459
1268 1326
1262 635
1262 1417
1260 470
1260 733
1260 725
1267 128
697 542
697 425
526 477
542 546
542 204
540 502
546 532
546 1189
544 923
544 733
549 1413
1461 781
68 871
994 993
994 639
994 315
994 1395
997 415
997 1413
997 1425
1313 507
1313 1387
1313 871
1312 1091
993 784
993 893
993 639
993 315
1310 679
120 118
124 986
128 980
128 569
128 302
128 1101
128 733
128 1153
128 1113
128 1354
128 738
128 502
128 1415
928 733
317 605
317 1184
317 307
317 281
317 9
317 367
317 538
314 834
1231 1359
1231 1255
830 389
830 260
830 871
835 261
835 1189
838 481
3 1110
3 257
366 9
362 1421
386 422
389 252
389 609
784 42
783 733
783 1113
783 1032
576 1189
576 1038
576 1033
576 254
575 1424
575 1427
63 1110
67 1427
69 733
257 809
254 605
254 1211
254 1184
254 986
254 1039
1421 309
1421 1328
1420 9
1420 468
1423 1292
1423 1033
1423 9
1422 1021
1425 1415
1424 1167
1424 1427
1426 733
1426 1326
1428 42
733 987
733 840
733 1376
733 475
733 502
734 605
509 204
502 1189
502 1416
503 352
1359 1399
1211 871
469 463
639 878
639 980
639 1033
639 160
1376 871
463 1185
463 609
463 871
1379 118
161 679
1450 9
1103 425
1452 9
1091 876
878 1417
874 919
871 306
9 1445
9 1444
1246 224
638 225
357 1208
357 986
357 1169
357 1253
809 1072
353 725
353 42
800 1072
358 847
212 204
1033 1443
1446 841
1072 1189
1445 1444
288 1440
285 843
1153 475
53 1118
536 532
1413 1219
1413 1444
1413 1416
1416 475
538 42
1326 952
1325 983
1325 1036
1328 952
986 725
984 1255
116 1365
118 302
204 42
204 482
1255 980
913 41
305 306
843 1189
840 1113
1417 1189
224 605
224 220
1189 473
1189 1444
1036 1184
1184 605
1184 479
1183 42
1183 1440
605 1290
959 958
1117 1295
