995 1644
995 27
995 318
995 1749
768 1280
318 67
346 1655
312 1
312 3
1343 9
997 1127
1346 518
1346 1314
1346 1678
1761 144
1387 12
395 447
277 1741
494 389
142 1121
175 810
175 95
1585 1568
118 193
233 810
1713 1313
27 1285
1731 1285
1731 9
249 447
249 1497
749 474
1375 1756
1255 9
1255 12
1678 475
1253 673
1758 144
810 1338
8 1285
1395 1113
1754 1644
1312 12
1673 1741
308 674
308 1762
1756 1644
1756 713
1313 12
713 67
509 1026
1158 1497
9 1467
9 1655
1493 1113
1497 431
1127 1665
97 67
1281 1762
