214 274
214 712
212 678
212 48
212 704
212 303
212 712
212 703
212 388
212 757
212 236
212 480
127 561
127 707
127 713
660 725
133 437
132 589
131 753
498 495
134 357
134 103
495 372
495 181
495 424
495 254
496 316
26 679
27 278
697 741
697 698
697 74
697 73
697 644
697 9
697 422
697 254
698 586
698 514
698 34
699 245
699 9
699 74
699 678
758 753
758 741
758 712
758 48
758 640
542 741
542 583
542 638
542 598
542 317
542 460
542 368
542 325
542 252
542 686
540 616
540 588
404 679
404 368
404 6
340 617
547 644
331 19
400 659
400 621
400 638
400 598
400 713
400 617
400 323
400 63
400 396
400 474
400 721
400 437
400 513
400 224
400 683
400 286
281 337
281 317
281 36
281 272
281 332
8 99
8 12
8 520
283 260
283 713
282 9
282 256
349 147
409 74
409 191
595 321
595 567
717 713
678 572
678 707
678 323
678 72
678 475
678 570
678 437
679 372
679 688
679 162
719 712
719 323
719 63
719 274
719 686
719 358
718 713
674 302
716 713
715 128
715 713
714 713
713 740
713 339
713 156
713 748
713 749
713 706
713 388
713 90
713 67
713 252
713 236
713 172
713 325
713 161
713 184
713 738
713 363
713 751
713 750
713 737
713 712
713 462
713 74
713 124
713 720
713 242
713 102
713 103
713 482
713 105
713 17
713 32
713 726
713 724
713 351
713 372
713 681
713 359
712 704
712 733
712 6
712 103
712 95
712 728
711 704
711 32
711 357
711 644
711 276
711 9
711 728
673 586
673 199
673 454
673 554
673 337
673 551
673 702
673 88
673 413
673 103
673 422
263 638
263 513
263 686
263 337
263 277
752 502
260 571
260 567
260 688
260 509
260 103
260 174
260 236
124 323
124 605
124 551
124 617
266 254
242 638
128 334
128 236
128 38
129 36
69 649
69 727
423 598
423 101
736 368
365 191
415 244
737 388
737 627
54 393
527 746
51 525
53 325
52 681
52 644
52 646
536 12
536 199
536 204
536 356
536 532
536 539
63 704
63 193
63 313
63 724
63 725
63 385
63 95
63 514
63 728
532 638
532 364
532 325
413 605
413 654
413 659
296 194
297 234
297 727
297 272
297 683
297 602
294 513
372 753
372 454
372 385
372 437
372 482
590 513
590 440
590 551
590 583
590 439
594 468
594 475
597 274
596 644
704 707
704 72
598 289
598 337
598 259
598 357
598 351
598 252
598 422
598 482
706 484
707 586
707 705
707 34
707 652
707 74
707 325
707 644
707 509
707 176
707 725
707 41
700 481
701 254
701 481
703 274
392 228
272 605
272 617
145 479
145 254
274 201
274 645
274 644
274 720
274 6
274 385
396 514
396 378
396 67
396 482
396 481
277 602
277 609
277 518
277 649
277 422
277 172
194 99
194 619
194 482
194 303
83 551
398 465
119 617
738 654
738 191
522 394
378 103
378 481
628 603
429 481
3 68
3 385
534 625
520 638
368 605
368 401
407 425
407 461
364 334
424 343
586 616
586 402
586 252
586 687
586 589
586 481
587 103
583 739
583 337
583 342
581 328
300 12
302 557
302 652
302 617
302 509
440 555
588 560
588 727
589 513
589 327
385 638
386 514
387 481
389 12
389 727
389 725
389 73
389 236
389 482
101 12
101 184
101 462
342 658
729 728
560 728
32 708
32 681
639 632
639 401
639 481
639 509
36 73
36 317
177 514
34 551
391 73
640 686
640 617
191 569
191 239
642 323
642 481
645 325
644 626
644 518
644 654
644 102
644 72
644 97
316 509
316 462
316 726
316 355
316 325
316 102
316 482
646 638
646 323
646 683
646 220
649 632
649 626
649 337
649 723
649 513
437 631
513 723
299 321
299 431
299 254
299 462
515 603
514 617
514 463
307 317
740 615
339 686
339 256
626 99
626 73
626 228
626 681
626 254
625 605
625 631
573 325
337 605
337 632
337 617
337 739
337 220
454 509
454 181
454 482
742 462
456 638
456 551
456 394
102 98
102 323
102 355
102 439
102 97
62 236
62 551
259 617
97 726
97 181
97 325
67 683
252 638
252 463
252 73
252 481
176 184
254 605
254 638
254 561
709 689
289 638
183 234
745 739
743 41
743 325
733 561
733 502
731 103
710 705
654 99
181 204
652 571
652 756
734 727
6 739
6 481
739 308
739 754
739 616
739 317
735 343
308 317
658 487
658 73
658 351
658 163
402 728
753 48
569 606
632 350
221 161
221 747
468 502
468 617
439 545
754 755
638 744
638 603
638 602
638 571
638 110
638 323
638 9
638 462
638 98
638 95
638 726
638 687
317 605
317 726
317 617
317 680
509 616
509 306
460 73
463 687
463 74
463 73
462 617
462 103
99 351
708 9
708 74
38 502
38 475
90 70
161 617
161 162
12 479
19 233
88 605
726 605
727 561
725 607
722 603
723 648
723 627
103 686
103 204
103 617
103 683
659 357
659 681
728 323
728 617
728 730
605 74
607 74
154 705
561 350
561 9
545 627
399 76
233 732
48 683
599 74
1 323
323 617
323 68
321 686
327 617
9 683
611 72
617 350
617 74
617 73
74 73
72 686
72 683
481 687
687 479
