768 924
768 72
1308 779
199 63
199 1413
131 1248
135 257
495 172
1196 9
1447 1500
1545 1580
1542 1383
1343 193
1343 1113
1343 1253
1343 276
1343 281
1343 1406
3 1
543 1189
346 393
1408 1253
1679 474
342 544
281 708
1520 716
1520 919
1520 1513
1520 912
1676 1580
1316 1039
1314 1346
1313 9
1313 1403
1313 1387
679 620
1344 1690
713 1326
713 1158
713 884
713 41
713 1373
713 250
1402 1681
1402 1185
1402 1539
1402 1619
128 606
128 1189
1256 1680
176 1565
1554 1189
1060 191
1189 878
1189 1282
1189 523
1189 1688
1189 1489
1189 1665
50 1253
53 234
1657 300
537 777
537 1522
536 193
1668 454
1667 1231
1665 250
1387 12
1383 1601
598 1474
706 800
700 822
193 1647
393 1190
393 1686
392 72
272 1253
1487 42
277 1688
277 687
475 727
1568 429
799 1608
799 1475
1254 1234
1255 1359
1255 250
1255 1231
919 1514
919 1598
1253 1272
1253 1685
1253 1688
367 337
1237 1029
1339 474
1231 234
307 317
810 1365
389 1688
249 1692
249 1021
249 547
1644 812
1647 1608
1647 621
1646 462
840 172
32 1689
32 1021
1648 481
1005 1688
516 453
620 605
337 1624
172 1603
1423 1158
1638 462
1580 9
1580 1586
1500 144
547 1443
933 1687
220 1686
1021 322
862 1601
1029 41
728 1573
606 1362
1161 42
398 1013
42 1689
42 1690
42 1691
41 1681
616 615
