1200 144
346 995
346 590
346 323
341 1087
341 323
341 145
341 1072
341 1181
342 797
342 638
342 713
342 1136
342 379
342 1039
342 495
342 502
343 1242
343 350
810 323
810 654
810 626
814 823
815 1113
815 609
815 1066
817 1199
595 199
595 1189
719 1236
719 1184
719 12
719 1136
719 725
716 713
714 713
714 460
713 740
713 1042
713 199
713 1158
713 878
713 1215
713 762
713 999
713 462
713 357
713 362
713 884
713 1036
713 687
713 250
713 95
713 681
712 309
712 189
712 95
711 591
711 12
711 1034
1064 1216
1066 638
1066 475
298 687
502 1174
502 1233
297 1158
297 999
297 615
297 640
297 733
297 249
290 44
290 63
290 144
290 408
1087 1187
1087 1183
1087 307
590 194
590 893
594 555
594 209
594 535
594 1171
596 605
596 234
596 733
596 9
596 1153
599 12
598 12
598 1216
598 878
598 9
598 62
598 652
598 487
598 90
193 378
193 658
193 1215
1127 536
1127 144
1127 697
1127 1203
271 194
272 308
273 1002
149 770
149 823
277 605
277 687
277 830
277 1224
277 770
277 993
277 1186
277 706
277 1185
277 779
277 1236
277 980
277 615
277 1113
277 80
277 172
525 19
525 211
527 357
527 12
527 372
1018 1227
1018 781
1018 42
1018 53
1018 234
1018 252
1018 220
1014 312
1014 1194
1010 463
1234 704
1234 254
1234 615
1235 638
1235 323
449 67
1237 323
1237 1236
1237 1167
1237 871
1230 1198
1230 1183
1231 32
1232 32
442 143
440 513
440 758
440 681
440 1215
1238 1189
1239 204
109 9
109 12
109 282
103 605
103 378
103 638
103 617
103 954
103 114
101 176
101 198
105 128
105 915
105 938
105 317
901 67
901 884
32 1211
32 638
32 42
32 1099
32 1196
32 494
32 377
32 1217
30 161
36 189
34 9
34 313
34 1042
1241 800
640 638
640 1236
640 323
642 687
645 1236
645 144
644 144
644 1216
646 1021
437 1033
430 857
431 605
431 823
431 853
339 323
339 1236
338 128
333 308
851 162
853 881
853 514
859 19
6 687
6 1174
90 269
90 793
90 697
90 48
95 63
97 407
740 615
741 928
741 758
741 1208
741 697
555 1173
555 1187
555 306
555 3
555 802
749 969
557 302
551 1117
234 144
234 638
234 50
234 323
152 1158
152 372
152 48
152 1153
152 1185
233 797
233 1037
1199 1204
1199 1049
1199 1006
1199 1003
1198 898
1198 9
1198 41
1052 1184
1056 1042
1056 1186
1056 252
1056 176
1056 1032
1056 1033
1056 687
1056 1004
1058 1142
1190 393
1190 708
1190 306
1193 626
1196 155
1196 834
1196 669
1196 1189
1196 704
1196 9
1 477
155 308
1050 1146
144 398
144 224
144 1185
144 42
144 189
145 1042
145 830
1173 402
143 201
143 1037
617 704
617 966
1178 194
1178 878
944 1236
944 697
944 70
768 621
768 1189
1059 542
1059 389
687 1185
687 252
687 479
687 481
681 513
681 402
683 758
683 72
498 639
498 626
498 495
495 542
495 1113
495 546
495 68
495 652
626 1236
626 1189
626 1136
626 249
27 87
625 534
625 662
29 1136
405 388
938 67
938 12
402 1201
400 776
408 317
379 283
378 586
372 1209
372 1214
372 473
372 454
372 928
372 536
372 919
372 396
372 389
823 1211
823 1222
823 1163
823 209
823 1185
823 1113
823 615
823 242
823 1032
823 41
376 1136
704 605
704 776
704 1209
704 1183
704 919
706 638
706 194
706 1219
706 615
706 484
1174 1132
1174 547
176 12
176 840
80 194
398 758
398 1136
794 194
793 1224
792 356
586 1029
586 1136
587 1185
582 861
582 1212
582 1210
582 779
582 328
583 283
583 1185
1132 950
1132 725
1137 67
1136 48
1136 654
1136 739
1136 1158
588 846
242 180
242 454
615 605
615 204
615 536
615 1117
615 422
615 308
249 605
249 1209
249 886
249 1214
249 44
511 638
1004 194
1227 72
1226 540
1226 1185
1225 1183
1224 62
1224 260
627 1185
1221 19
1220 1185
454 1043
454 546
454 1036
1229 42
1228 306
1083 1181
172 840
975 609
975 1089
1080 128
1080 1207
654 42
1120 317
180 1214
181 194
652 954
194 567
194 679
194 465
194 1185
194 560
194 3
194 1101
194 128
869 1205
12 308
12 569
12 1042
12 1188
12 8
12 926
19 389
19 1207
866 203
881 1218
885 576
884 536
323 753
323 966
323 950
323 350
323 758
323 42
323 732
323 325
323 1047
325 760
325 1169
201 607
770 114
770 44
209 1072
209 1217
779 56
779 697
779 1181
73 605
72 1223
72 679
72 42
72 1039
72 9
70 1113
70 163
1043 1072
1042 1034
1041 41
1040 41
1045 269
609 63
1142 990
1146 861
697 915
542 1158
547 63
990 1113
993 364
992 762
992 470
128 878
928 9
317 308
317 605
317 479
317 739
1236 41
1236 726
1236 532
1236 368
1236 252
830 389
836 1240
835 357
835 1189
362 1213
386 422
389 1213
389 509
783 1186
576 1167
576 212
576 394
576 575
576 733
576 350
576 254
575 1114
62 843
63 963
67 1216
67 1184
67 1206
1209 1033
250 358
250 53
250 475
254 739
254 1215
254 1181
1161 357
1161 1113
1032 1213
1033 1211
1033 1188
1034 1189
1213 1186
1213 306
1213 479
1211 1163
1216 214
1216 1113
1217 1189
1217 41
1217 725
1217 482
1215 41
638 964
638 1185
638 1189
638 1186
638 560
638 725
638 1093
638 269
639 212
462 675
161 679
964 800
1101 809
878 1189
878 1072
1240 536
9 753
9 607
9 1181
9 601
9 679
9 1183
9 1184
9 1206
9 1169
9 308
9 282
9 569
9 477
898 1185
394 1111
394 212
353 1187
353 42
352 760
350 605
800 422
212 303
761 482
1110 281
1110 474
1077 1185
1072 1189
1070 118
288 470
1097 1189
679 465
679 50
679 720
1093 1206
51 919
50 919
53 1202
777 204
204 1189
919 41
308 753
308 1185
308 306
309 848
309 307
307 1183
843 1167
841 848
840 1167
840 1189
840 1186
840 1185
840 42
377 755
732 958
1188 1114
1184 48
1183 42
1167 475
1163 475
959 958
42 488
