214 525
214 512
215 51
215 67
212 289
211 44
549 103
549 325
134 103
496 454
497 302
491 321
429 400
27 414
542 61
542 41
542 543
542 546
542 368
542 325
542 513
542 548
542 97
288 38
288 67
405 456
541 74
541 532
546 454
546 532
546 97
547 311
342 502
400 378
400 441
400 454
400 428
400 168
400 396
400 365
400 502
400 286
8 9
8 67
282 9
282 456
282 34
285 536
285 62
409 357
409 19
409 302
409 413
522 273
263 257
260 241
260 67
128 103
128 62
128 236
128 97
537 536
537 74
365 38
365 350
365 321
365 67
365 103
365 422
415 329
302 12
302 119
302 509
528 9
528 74
528 51
528 41
51 523
51 553
51 530
51 529
258 76
53 254
52 32
379 74
379 432
379 482
378 425
378 396
378 74
378 67
535 67
534 509
534 67
533 67
532 536
532 482
532 463
531 172
413 36
371 67
297 234
297 75
297 482
294 423
294 456
372 375
372 474
372 233
375 62
375 41
539 502
539 368
291 393
291 520
68 308
68 61
68 321
68 48
68 97
313 67
313 38
313 34
67 88
67 273
67 236
67 172
67 527
67 521
67 502
67 424
67 440
67 72
67 242
67 482
67 74
67 529
67 475
191 536
316 355
193 355
193 63
193 502
193 149
393 32
392 228
276 140
277 352
278 62
399 76
398 308
398 465
398 144
398 502
398 509
119 144
119 145
119 447
119 36
119 321
84 321
204 540
204 432
204 456
536 289
536 41
536 509
536 422
524 523
428 357
526 477
527 32
527 456
527 41
527 74
527 9
520 292
368 62
368 441
523 325
523 41
423 454
422 97
424 389
308 540
308 538
309 352
440 513
447 34
447 48
447 325
306 551
109 19
109 325
241 501
386 38
386 387
242 236
242 321
103 556
103 61
103 465
103 554
103 452
103 466
103 456
103 62
103 168
103 553
103 358
103 502
103 503
103 500
103 538
38 168
38 475
38 177
38 502
32 209
32 451
32 474
36 73
519 74
519 469
377 551
513 41
513 98
513 325
513 545
432 44
517 481
451 19
452 41
454 321
454 509
456 143
456 209
456 175
456 553
456 457
456 389
456 501
61 325
62 554
62 465
62 475
62 483
62 481
389 467
389 509
389 482
177 9
176 502
175 12
203 321
543 9
538 19
538 41
509 555
509 272
509 236
509 97
502 12
502 41
502 357
502 363
503 74
501 357
501 236
469 97
469 463
544 74
465 9
464 41
545 551
460 359
168 357
228 475
224 551
97 352
97 325
529 41
550 321
552 236
44 74
41 76
41 355
321 359
321 480
325 72
325 482
9 76
201 143
209 355
75 475
74 474
74 475
