662 625
768 621
768 770
768 34
768 393
768 355
768 801
768 924
768 481
769 481
212 67
212 741
212 199
212 303
212 439
212 678
313 801
767 42
375 68
375 32
765 800
765 425
765 594
132 263
132 42
131 686
498 881
498 199
498 204
498 840
498 194
498 874
498 393
498 274
498 389
498 495
498 686
498 256
498 823
495 181
495 871
41 151
41 144
41 59
41 42
41 943
41 969
41 928
41 277
41 389
41 283
41 978
41 815
41 913
492 835
338 454
27 953
27 652
27 970
697 966
697 725
697 341
758 741
94 928
94 965
94 320
289 599
289 183
289 835
345 103
345 346
345 95
939 638
404 679
546 831
546 460
546 823
402 103
402 400
400 974
400 601
400 676
400 447
400 859
400 168
400 70
400 973
400 823
400 517
400 396
933 903
283 853
283 194
283 928
283 277
283 297
283 815
282 67
814 928
814 913
815 586
815 950
815 176
815 364
934 460
934 97
679 851
679 949
679 306
679 396
679 72
679 67
679 341
719 635
719 969
675 423
714 297
714 713
713 629
713 940
713 124
713 325
713 95
712 124
712 448
712 95
711 19
711 356
711 341
871 831
871 783
871 466
871 942
871 969
871 840
871 277
871 437
263 393
263 42
263 840
121 144
124 617
346 977
346 654
69 448
977 644
299 448
59 777
59 448
53 250
53 953
52 103
52 448
52 940
928 965
928 884
928 573
928 334
928 42
928 725
928 67
928 915
928 176
928 194
378 644
378 396
410 19
532 364
536 840
536 782
536 940
536 67
296 194
296 355
297 777
297 448
297 337
297 242
294 831
923 721
924 19
924 68
924 686
924 276
925 826
823 309
823 950
823 193
823 277
823 915
291 42
308 586
308 561
199 569
199 975
199 971
199 949
199 952
199 858
199 460
199 978
199 355
594 882
597 635
587 103
587 448
599 68
599 770
598 19
598 940
980 831
981 831
317 777
364 509
193 302
193 63
271 277
88 952
448 601
448 626
448 194
448 454
448 254
448 831
448 973
448 971
448 569
448 561
448 244
448 967
448 969
448 809
448 371
274 48
274 940
396 372
277 830
277 770
277 884
277 194
277 777
277 254
279 967
244 142
392 475
204 176
204 777
204 181
204 303
379 74
830 621
830 840
830 454
830 809
830 389
830 913
794 42
836 687
834 708
834 168
834 36
835 733
173 68
173 194
784 640
784 619
799 103
798 940
429 777
525 19
525 103
527 19
520 638
520 964
915 626
915 841
917 103
917 67
913 884
913 950
913 949
913 795
913 940
913 462
913 242
913 826
586 840
586 952
586 969
586 978
586 654
586 538
583 557
302 42
303 840
588 953
371 191
181 967
181 454
242 454
242 63
242 389
242 256
388 681
103 601
103 63
103 957
103 708
103 975
103 256
103 795
103 853
103 938
103 561
103 617
103 931
103 967
103 841
103 840
103 969
539 840
104 638
104 97
972 971
847 140
847 97
901 704
901 482
781 721
840 590
840 573
840 334
840 68
840 950
840 953
840 341
840 777
840 770
840 74
840 724
840 725
840 352
32 654
32 957
32 940
788 9
788 770
36 19
36 189
36 940
36 770
177 9
640 638
74 44
644 943
646 942
437 625
513 777
376 687
517 950
516 194
605 704
605 272
621 194
621 686
44 770
549 969
626 859
626 9
626 733
626 738
626 681
573 809
334 194
337 966
454 950
454 942
454 940
454 770
144 189
144 142
144 805
61 770
61 940
63 949
63 963
63 95
67 475
67 460
67 978
67 721
67 683
68 952
68 969
68 323
176 777
176 42
176 975
176 978
978 974
978 704
978 979
256 770
203 194
203 866
976 853
974 971
851 787
851 601
851 852
971 151
971 704
859 19
859 325
859 551
859 733
859 9
859 189
482 809
183 956
733 502
938 95
652 194
652 149
652 322
652 831
652 9
652 389
734 617
194 619
194 770
194 42
194 355
194 97
341 157
341 950
341 460
569 949
638 964
638 323
638 95
142 9
708 95
708 940
787 720
97 687
967 72
960 770
961 42
961 969
962 616
19 957
19 654
19 806
143 201
968 78
969 557
725 952
721 777
721 782
728 607
728 617
239 950
151 940
601 9
600 42
884 809
884 556
557 561
557 926
561 956
561 727
926 325
926 941
389 619
959 958
958 704
950 687
952 42
952 325
42 353
42 801
809 771
809 777
9 683
770 686
140 704
704 617
704 943
617 73
72 942
72 683
483 782
473 687
