214 297
214 1072
214 1068
212 211
212 303
212 1054
212 439
762 713
955 316
765 252
765 362
765 830
765 425
498 495
498 881
498 389
498 204
498 194
495 560
495 181
495 41
626 357
626 590
626 738
27 481
697 73
697 1070
160 783
698 990
1071 282
542 598
542 1033
542 713
542 543
542 783
667 389
667 204
938 9
938 357
341 686
342 502
342 588
400 592
400 853
400 713
400 463
400 85
281 561
283 72
283 815
283 277
282 34
814 603
815 915
934 128
934 460
997 415
997 142
991 194
991 986
679 60
992 377
716 713
713 884
713 629
713 609
713 950
713 1032
713 738
713 363
713 209
713 325
713 998
713 124
713 242
713 95
713 105
713 1043
713 842
713 1028
713 940
713 479
712 189
711 591
673 687
263 176
915 901
915 841
915 639
915 701
915 536
915 297
124 114
129 44
176 1026
1069 586
1068 357
1068 32
1061 1062
1060 377
1063 835
1062 9
1065 586
1065 517
50 102
50 654
53 250
53 1018
1066 339
536 372
413 659
296 194
296 42
297 609
297 999
297 242
377 103
377 1019
377 790
586 194
586 616
586 394
988 777
199 971
709 517
313 34
194 794
194 463
194 289
194 121
194 181
194 72
194 1004
194 482
194 817
311 1037
311 567
67 1042
986 752
986 48
701 617
701 840
193 233
1064 475
1064 783
391 68
391 9
391 325
1067 704
85 953
830 389
836 609
791 523
3 42
3 72
3 488
1018 502
523 724
1014 308
364 509
583 509
244 142
242 209
242 389
242 454
388 551
388 681
388 439
103 783
149 1033
840 74
840 609
32 1042
439 590
437 1033
1004 463
252 783
339 463
338 595
590 595
590 371
590 681
590 408
454 509
456 204
102 943
389 509
68 783
595 72
595 1037
595 659
250 204
602 151
316 355
704 1053
704 617
654 357
1039 9
1039 1042
1039 72
1039 357
1033 145
189 44
189 72
502 777
658 884
659 944
569 944
632 323
632 97
468 475
460 1023
463 687
98 323
964 357
1026 487
1026 1050
1026 609
1026 950
783 609
725 204
728 617
151 609
882 777
609 1056
543 356
1054 639
1056 687
42 325
323 687
818 357
616 517
