1304 1644
1305 1103
768 801
768 1280
768 886
768 1598
766 252
766 878
214 1598
199 544
135 1356
494 389
495 1332
1568 1255
1568 249
1568 1585
27 1285
27 620
27 1598
1540 856
1540 1283
1540 50
1540 193
1540 518
1540 1373
1540 1695
1540 810
1540 367
1540 249
1079 1078
1072 1158
1254 1234
1548 1598
161 162
1326 713
546 1644
546 544
544 797
544 1285
544 1667
544 1413
400 1343
400 1681
400 536
400 1255
400 474
400 502
400 1598
281 1
281 708
281 1281
1520 716
1520 919
1520 1513
1676 686
1676 1431
549 1413
549 325
1342 1285
1113 1647
1113 1493
1113 990
995 42
1313 1285
1313 507
1313 1387
1313 1403
679 1487
679 1281
1344 1598
1440 687
1440 1647
713 462
711 1623
710 1270
1026 361
1402 1619
1402 249
1402 361
1121 797
1121 12
1121 142
1189 1015
53 1667
52 1285
52 966
52 1237
52 1598
928 249
415 841
298 518
1668 454
1667 605
1667 447
1667 617
1667 734
297 337
1387 12
822 700
1130 60
593 1283
593 1619
1675 201
598 160
598 303
598 249
311 361
144 1657
144 193
193 1647
193 1343
193 394
193 118
393 1516
272 1253
1487 42
1487 1598
503 605
276 1343
394 1601
1066 1426
537 1270
537 777
537 1522
537 1228
1669 1434
48 1346
429 1598
3 1285
3 44
3 36
1255 1359
1255 509
1255 1694
1255 234
919 249
919 1598
1522 1580
1522 1598
523 1269
1657 1647
1657 1565
1657 1346
913 361
1013 1696
309 234
1237 1029
1339 504
1231 1601
1335 1694
302 1698
447 1285
447 249
1423 41
1136 234
1136 781
1136 41
1252 1616
389 1285
389 1413
389 249
389 361
249 1647
249 1619
249 44
249 1426
249 1359
249 1181
249 1118
249 734
249 474
249 502
249 1629
1644 474
1434 174
1413 1285
1413 800
1413 552
1413 1585
32 1647
788 361
36 1
518 1488
1328 239
431 617
1227 1039
620 654
338 63
176 1285
176 1565
973 1697
1426 1699
1582 1598
632 1598
1585 1368
1039 1598
1039 342
734 605
509 1603
1033 1281
1033 1355
1509 1356
1655 1598
1359 1694
1217 1285
460 361
810 1365
1598 357
1622 42
1021 1285
1626 1624
1647 1608
1647 621
1647 878
1647 9
1647 1516
1629 1619
1365 1285
605 617
277 687
361 773
361 1056
1619 802
950 42
42 474
1690 1601
1565 1285
617 1285
1281 1283
