768 1280
214 1644
214 525
1 312
27 1285
1543 525
1543 1724
1543 1565
1543 1485
1543 1280
1072 1713
1072 1158
346 8
1255 124
1468 1554
400 474
1314 1346
1313 1285
719 644
674 1068
711 642
711 547
263 308
124 1644
124 1565
1554 1713
1060 249
537 1522
378 1713
296 1346
822 727
822 1642
598 652
1329 1644
395 447
277 1713
277 1688
85 1713
1713 1215
1713 1624
1713 1231
1713 638
1713 639
1713 1724
1713 1346
1713 1585
1713 525
1713 63
1713 652
1713 1652
1713 1181
1713 44
1713 1565
1713 561
1717 784
1717 908
1717 353
1408 1720
1522 1618
1393 1225
1339 474
1231 1667
447 95
1238 95
1238 249
1136 249
1136 1627
242 783
249 843
249 63
249 1244
249 474
249 1565
105 1281
847 809
1647 1688
32 1675
32 67
1722 353
1723 1190
1721 61
642 1346
431 1346
431 1295
454 482
1346 1688
67 1042
175 224
852 634
1190 1111
353 950
