1383 749
1302 338
1260 317
765 532
765 1089
132 30
131 125
135 1486
497 1491
322 1056
322 85
699 1283
1072 370
1072 1158
1371 643
543 1189
540 1281
341 1423
341 6
400 776
400 396
400 822
933 1214
811 58
282 101
282 249
1317 536
1317 1244
994 9
994 378
994 632
994 502
1313 507
1158 1498
993 536
993 864
993 1402
1154 713
1440 1105
1440 1018
1440 1495
713 1476
713 1449
712 189
1490 787
421 323
421 1395
261 835
1493 1449
1493 1474
1494 809
1496 824
1496 50
128 1381
1395 509
1472 389
1018 1335
1018 1491
1018 1485
1018 755
58 1340
1393 1364
1393 1365
1393 1492
1168 1444
1168 520
50 1190
52 1235
52 509
52 681
52 32
536 795
298 323
298 257
297 738
297 795
1413 792
1413 509
85 1236
1184 250
1184 1406
1323 1173
1321 198
198 101
704 1478
704 1487
704 1489
598 488
706 1236
191 245
701 782
1127 1169
1483 19
1482 42
272 1296
272 306
1480 97
1487 844
1487 249
1487 1406
1485 249
1484 358
142 792
142 1415
1488 576
204 1227
204 542
204 645
797 1207
793 1284
793 863
792 1036
835 1189
799 32
172 1497
919 60
1253 1281
1253 72
523 1189
1403 357
364 509
364 871
1407 1189
912 375
1236 1043
1339 1491
1339 576
1491 871
542 809
1397 473
1136 357
245 1049
245 1283
1252 787
389 830
249 1359
847 358
843 575
781 1038
32 1497
643 1365
645 144
644 1420
1246 224
538 48
516 94
578 1284
578 6
452 871
1344 1283
575 1468
67 809
252 1291
250 871
250 1056
250 475
254 758
1423 325
1422 1021
654 9
6 753
6 1020
1468 755
468 329
638 1492
638 1101
758 741
738 871
97 770
220 482
1189 1282
502 998
862 1272
560 809
1103 1441
609 80
42 358
1 1271
1449 809
