1142 1415
211 525
219 1737
495 1406
1545 1332
1540 48
160 429
346 1346
1255 1342
1255 124
1255 1231
1255 1737
341 1395
281 708
8 430
812 378
1313 1285
1158 474
1157 1737
714 1647
713 727
713 1059
713 884
938 1713
1069 1727
1069 1717
537 1009
537 468
537 878
415 1737
1667 144
1667 799
708 557
708 249
598 652
191 429
191 595
1127 1737
1127 1251
394 249
582 861
1488 32
1488 249
1488 518
1713 27
1713 143
1713 1029
1713 1342
1713 788
1713 1026
1712 1572
792 1036
1408 1737
1408 1624
1237 843
1339 518
447 95
1136 249
27 1285
27 1009
249 868
249 1731
249 1343
249 518
249 725
847 809
1434 81
843 557
1727 143
788 9
788 67
1240 809
1009 1346
1009 1585
430 144
620 1181
1342 1343
1343 9
1346 1472
1346 518
1632 1039
1731 9
1737 277
1737 1513
1737 220
1509 1624
561 95
32 474
1562 809
1285 1190
