199 1060
212 555
212 639
212 439
212 306
212 394
667 658
765 191
765 1089
131 194
131 394
498 449
495 1050
495 884
495 41
26 645
26 53
697 542
697 12
697 1034
1078 19
878 1069
1072 777
1072 560
1072 704
1072 29
1072 542
1072 19
1072 1105
1072 341
1072 1033
1072 482
1070 204
542 638
542 598
542 460
542 314
542 546
542 1103
542 128
542 297
543 356
543 12
540 309
540 990
540 754
540 638
540 191
540 1104
938 201
938 103
938 12
938 357
938 67
546 281
341 686
342 1068
342 319
342 969
342 544
545 1069
545 1060
545 676
545 713
545 1019
992 1108
549 830
549 969
814 603
815 915
815 422
817 12
817 357
817 1100
817 509
817 915
817 176
817 539
1094 143
1095 679
1096 934
1097 884
1097 127
1097 191
1097 1104
1097 103
1097 437
1090 881
679 12
679 194
679 673
679 346
679 149
1092 67
1093 701
1093 277
675 462
999 928
999 297
999 881
999 713
998 12
673 687
263 394
915 143
915 598
915 928
915 69
1026 934
124 713
716 713
128 934
269 1045
69 252
1068 19
1060 103
1060 422
53 250
536 884
532 325
296 194
296 295
297 609
297 733
294 42
374 248
926 557
376 194
319 12
319 713
592 624
595 252
595 67
595 624
595 509
1080 12
599 103
599 12
599 41
598 19
598 32
598 252
598 67
701 1034
271 194
391 234
149 193
277 1032
277 950
277 830
277 254
771 9
80 12
80 615
984 638
770 841
792 228
834 626
790 735
724 523
429 950
526 477
527 19
527 12
527 934
1018 713
1019 439
523 1049
312 1014
422 394
363 713
646 1031
586 1107
586 12
586 394
583 557
1098 19
302 1033
658 193
974 103
445 614
242 252
242 713
102 1069
102 645
103 988
103 12
103 143
103 841
103 783
103 460
103 566
103 462
103 1100
103 173
1014 638
1014 851
903 357
939 460
939 783
38 783
38 713
38 94
38 626
843 1051
842 713
32 12
32 143
32 1099
32 462
32 1103
32 67
32 9
32 681
32 194
32 1034
36 1033
177 9
34 335
34 713
641 713
642 949
539 1103
439 350
513 990
513 1101
1004 687
433 252
1000 252
339 63
626 733
335 350
335 174
451 67
629 713
654 254
62 949
63 73
63 990
67 462
67 282
252 1069
252 463
252 687
176 502
173 12
975 552
857 12
851 162
853 1034
733 713
1039 12
650 1031
194 949
194 944
194 357
1032 687
1033 145
1031 840
1031 651
1031 1109
1037 233
1034 462
1034 1036
468 475
1042 615
638 1045
638 950
638 236
509 713
566 9
462 713
708 1052
193 233
228 1100
90 48
163 143
12 603
12 609
12 142
12 140
12 73
12 1106
12 1102
12 475
392 950
19 140
19 1099
1036 713
1036 609
840 74
1102 350
1101 687
154 357
884 1069
884 713
555 352
557 561
997 9
399 76
1050 42
1054 687
719 635
1056 41
950 713
42 1
42 1049
873 144
41 1041
41 713
201 143
201 140
142 482
713 567
713 1043
713 1049
713 940
1069 74
1069 687
617 73
