199 212
199 971
346 598
346 1283
346 220
341 323
341 353
341 701
342 784
342 495
342 1097
342 626
810 1351
810 1021
919 1248
919 942
919 1283
814 1281
814 603
815 950
815 423
815 42
595 871
719 1336
719 1246
714 843
713 1158
713 1283
713 842
712 640
712 95
660 1339
660 1283
1068 1334
1060 191
1065 586
1065 1281
1065 517
298 573
298 323
298 758
298 1283
299 1083
296 194
296 1127
296 353
296 1244
296 569
297 560
297 547
297 1183
297 1283
297 1101
1087 1132
1087 353
1087 1283
1129 1323
1083 323
1083 175
1083 1215
594 283
594 242
596 1290
596 193
194 1270
194 1004
194 353
194 228
1122 408
1123 1036
1123 1325
191 1097
193 378
193 658
193 233
1127 415
1127 318
1127 1189
1127 639
272 308
272 605
272 654
272 509
277 1328
278 63
278 1283
1018 725
1018 1281
1018 1283
523 176
1235 638
1339 1286
1339 1231
1339 1283
1339 1344
1339 189
1339 221
1338 1173
1338 1189
1338 209
1338 32
1338 471
1338 254
1338 9
1338 1034
1233 1299
1335 1286
1335 1255
442 1247
1337 569
1337 42
1336 32
1336 725
1336 770
1331 1168
1330 1042
1333 1145
1332 1255
1332 600
1332 754
109 282
109 991
103 973
103 1280
103 1334
103 1342
103 617
103 114
103 1312
101 770
101 1283
105 1353
105 621
105 1021
903 754
32 379
908 1354
908 332
36 1059
640 569
640 617
640 1253
643 638
643 323
643 1283
642 323
645 1283
1244 53
1244 1283
1247 704
439 212
1248 679
431 605
431 59
431 617
339 323
334 245
334 1283
337 1283
333 1227
856 555
856 1117
859 1287
859 95
859 50
6 753
99 1246
90 1283
95 1246
97 1043
97 67
740 639
741 323
741 1283
994 145
994 831
555 352
749 474
551 1190
997 415
997 142
234 686
234 1183
990 1142
990 1306
1050 495
1051 392
1051 1283
1058 1142
1190 144
1190 1281
1190 288
1190 378
1190 738
1195 1283
1196 770
1196 834
1 312
1 477
1176 26
144 142
144 873
144 1283
1174 1132
142 12
142 1283
142 617
142 654
142 514
1270 1283
1271 281
1271 1329
1271 477
1272 1260
1272 1346
1272 1246
616 666
617 734
617 644
617 681
617 503
615 1026
615 1072
1005 482
1284 42
1284 481
1287 1253
1287 1215
1286 1342
1281 605
1281 1325
1281 701
1281 50
1281 131
1281 495
1281 422
1281 1173
1281 1215
1281 1345
1281 74
1281 73
1281 781
1281 1042
1281 1280
1281 1283
1281 88
1281 53
1281 475
1281 1004
1280 1317
1280 621
1280 497
1280 1326
1280 1283
1280 547
1280 372
1283 498
1283 27
1283 543
1283 547
1283 1341
1283 1315
1283 1097
1283 1158
1283 1310
1283 998
1283 121
1283 128
1283 1264
1283 986
1283 53
1283 415
1283 590
1283 319
1283 1326
1283 1325
1283 704
1283 598
1283 317
1283 85
1283 792
1283 835
1283 368
1283 422
1283 586
1283 1231
1283 447
1283 1136
1283 245
1283 242
1283 389
1283 249
1283 843
1283 782
1283 1246
1283 513
1283 1227
1283 1340
1283 1342
1283 1343
1283 252
1283 254
1283 975
1283 654
1283 1039
1283 1032
1283 502
1283 1034
1283 753
1283 468
1283 1215
1283 560
1283 561
1283 758
1283 163
1283 1187
1283 1183
1283 1105
1283 728
1283 1167
1283 1208
1283 603
1283 1168
1283 1169
1283 950
1283 323
1283 1113
1283 325
1283 1118
1283 1297
1283 644
1283 1350
1283 770
1283 482
1283 470
1283 353
1283 475
1283 802
1283 801
944 840
944 70
687 409
681 402
1348 1113
1302 176
1302 468
1302 1126
1302 871
1224 536
498 495
498 1101
498 228
495 1043
495 585
495 770
495 950
495 1328
495 1185
495 42
495 871
495 542
495 1113
495 646
495 68
495 539
26 63
29 443
938 770
400 443
933 1113
933 1214
408 53
408 781
408 306
454 1043
454 249
372 569
372 1189
372 766
372 473
372 353
375 1189
375 871
375 912
377 704
704 958
704 1231
704 986
700 605
700 1253
701 308
701 1021
701 50
393 738
392 1315
392 42
392 871
392 321
392 72
145 1042
394 738
394 676
80 609
80 600
398 771
398 1215
797 63
793 353
799 42
799 482
586 1316
1132 725
1137 67
1136 739
589 666
245 309
245 881
245 1146
245 1264
245 60
245 388
245 163
242 209
242 488
249 654
249 1255
249 1295
513 871
514 1102
514 44
514 654
514 626
516 564
1227 50
1227 1253
1349 366
621 958
621 48
620 1118
620 53
626 42
626 350
1340 638
1340 42
1342 1343
1346 950
1346 1314
1346 42
1347 323
174 1260
172 638
975 53
971 609
971 871
654 782
181 766
652 954
184 1026
598 770
598 1189
598 9
598 353
598 644
598 325
598 1032
598 1118
12 415
19 443
323 991
323 950
323 42
323 367
770 1291
770 1216
770 1217
770 114
74 561
72 1317
70 1113
1043 42
1142 871
1268 644
1146 1110
1265 9
697 923
697 782
697 67
542 314
546 482
547 838
547 63
520 1168
548 42
68 638
1317 753
1317 758
1317 781
1316 1039
1314 53
1312 9
1310 561
1310 986
1310 220
128 569
415 475
924 1158
926 319
317 307
314 1296
314 834
1231 1252
1231 67
831 1187
831 1049
834 1246
835 725
838 257
838 644
839 735
3 482
1334 1255
1334 42
445 871
388 639
389 1189
782 483
63 228
67 1296
257 42
257 1294
254 605
254 503
254 358
734 871
509 758
739 308
739 503
502 1189
502 41
503 1217
503 41
1213 1032
1213 1026
1214 1113
1215 1350
638 1325
638 42
638 725
638 1101
638 285
1351 871
1350 871
1350 1185
463 469
160 964
964 42
1103 1118
1103 425
679 50
871 1097
871 260
871 843
644 986
644 1253
644 1295
1246 228
357 358
809 42
353 1113
353 950
353 1326
358 281
768 1189
212 303
1113 1255
288 470
283 843
285 1328
1097 42
50 758
50 481
536 423
539 1021
1326 1325
1325 42
1329 477
1255 42
1255 41
843 42
843 1114
840 560
569 1352
1032 1186
228 44
1021 1189
1189 483
1183 42
1168 1298
42 1117
42 1294
42 488
42 475
42 479
472 479
