768 1280
212 303
212 249
495 741
1546 249
27 430
1542 249
1540 518
1540 781
1540 48
1540 1738
1072 1158
1548 1713
8 430
1673 249
997 249
1314 1346
1312 249
719 1346
714 1647
713 462
260 430
537 468
536 1713
536 430
1667 447
297 430
1665 249
375 167
318 1736
312 32
393 32
393 249
396 431
1485 249
277 430
1488 32
1713 1647
1713 1644
1713 975
1713 598
1713 1629
1713 1130
1713 1029
1713 969
1713 1346
1713 462
1713 378
1713 809
1713 1737
1713 474
1713 1730
1713 1118
1713 1733
378 249
525 32
525 155
1409 167
1255 249
1395 249
1237 843
1231 32
245 615
109 1736
242 1178
598 249
249 1730
249 1111
249 569
249 843
249 1624
249 32
249 1629
249 969
249 809
847 809
847 969
1647 482
843 557
1431 431
32 474
1725 969
430 144
430 323
430 638
430 194
430 44
430 475
430 72
430 69
430 175
430 220
430 97
620 1181
1343 9
1346 1472
1731 9
739 969
1509 42
561 95
1624 725
394 1190
