133 36
133 135
132 30
131 30
130 32
137 138
137 96
136 9
136 62
135 1
135 124
135 9
135 103
135 105
134 36
139 19
22 9
8 9
8 124
120 9
120 19
120 75
121 9
121 144
124 140
124 36
124 61
124 109
124 72
124 69
124 85
126 99
127 44
127 36
128 36
129 44
58 9
58 3
58 142
58 79
58 105
56 68
56 105
51 101
52 19
114 105
117 103
116 44
111 19
112 36
82 19
81 38
81 95
81 36
81 48
86 38
3 155
109 36
109 34
109 9
109 103
109 95
102 44
103 63
103 72
103 101
101 38
101 34
104 36
105 144
105 140
105 44
105 36
105 61
105 63
38 61
32 9
32 44
32 143
32 96
36 156
36 147
36 60
36 99
36 73
60 44
63 95
69 95
69 79
6 146
99 144
90 44
95 145
95 96
96 48
19 158
88 44
151 9
150 9
153 9
152 9
154 9
157 9
48 145
44 74
44 141
44 79
9 76
9 148
9 149
72 71
