768 1280
212 1343
211 36
211 1742
127 1050
127 1198
127 1021
127 1338
127 1724
127 1072
127 809
127 495
127 1312
127 233
498 3
495 1406
26 3
27 1285
1542 249
697 3
1540 1669
1072 32
1371 3
288 3
346 1644
341 1338
400 601
281 708
8 1285
8 644
812 378
408 3
1317 3
1315 3
1314 1346
1312 12
1344 1713
1344 3
674 168
674 1338
1154 3
711 3
1497 1741
176 3
317 319
933 3
1189 3
537 1741
1669 1423
1669 974
1669 454
1667 1579
297 1741
1412 3
1655 1397
1655 1641
374 3
823 3
822 727
319 95
1185 3
700 3
1127 3
68 3
1487 974
1487 620
1487 1520
277 1741
1489 249
1489 878
398 447
1231 3
1713 561
1713 1724
1713 3
794 3
790 3
3 740
3 1349
3 881
3 1167
3 199
3 569
3 1340
3 62
3 394
3 252
3 173
3 172
3 752
3 731
3 1190
3 42
3 2
3 652
3 1117
3 1440
3 810
3 477
3 1335
3 1751
3 308
3 1110
3 1237
3 1270
3 302
3 545
3 72
3 243
3 242
3 224
3 249
3 482
3 1415
3 846
3 1620
3 1281
3 782
3 840
3 32
3 865
3 1662
3 640
3 645
3 1103
3 475
3 687
3 800
3 681
3 1352
1339 474
1338 67
1338 9
1338 1750
1132 1285
1132 32
1132 9
1136 233
1436 1734
1644 557
1644 431
1647 1282
783 1741
788 9
644 1749
431 1579
431 561
431 1624
1343 9
1343 1359
739 969
504 1740
189 44
847 969
561 95
1434 85
969 234
1741 1282
1741 899
1741 475
749 474
394 1190
9 1752
