216 176
216 41
217 176
214 44
214 215
214 109
215 103
215 41
215 62
215 67
212 209
213 211
210 103
210 199
211 93
211 101
211 85
218 176
219 124
132 176
132 103
132 41
130 32
135 105
134 41
26 32
20 9
20 176
20 199
162 161
8 58
8 164
8 176
8 9
8 129
8 189
163 72
163 96
120 176
120 41
121 191
123 204
124 109
127 103
127 63
128 38
129 204
129 44
129 36
129 105
58 199
58 32
58 176
58 103
58 9
56 154
56 41
56 68
56 103
56 172
56 171
56 170
51 101
51 157
50 175
90 41
199 189
199 209
199 194
199 63
199 176
199 101
198 176
198 32
200 176
195 194
194 206
194 207
194 149
197 176
178 164
191 175
191 78
190 103
190 101
190 176
190 193
190 109
193 149
192 103
192 176
192 41
177 32
177 41
177 180
177 176
177 164
177 103
88 101
82 103
86 176
86 41
85 103
3 32
3 185
109 38
109 19
109 32
109 36
109 185
109 103
102 97
103 63
103 168
103 188
103 101
103 173
103 97
100 101
101 208
101 34
101 184
101 176
101 68
104 204
105 36
32 9
32 155
32 179
32 185
32 164
32 175
32 174
36 209
36 147
144 189
61 9
61 176
63 155
63 46
63 185
63 41
63 184
63 176
63 174
63 161
179 164
67 154
176 196
176 175
176 180
176 181
176 184
176 185
176 188
176 201
176 203
176 202
176 149
176 72
176 166
176 97
175 189
182 180
183 184
180 181
180 41
186 41
186 187
186 185
184 204
185 147
185 140
185 41
185 97
188 41
168 41
169 41
164 161
164 96
165 9
165 41
166 41
167 41
160 72
157 41
159 1
44 74
41 76
205 204
