768 1280
495 1713
495 741
495 249
495 1406
495 456
27 1079
1542 1118
699 710
1072 1158
1072 878
1255 42
1255 1339
1255 970
1520 63
1520 1181
282 9
1317 652
1314 1346
1313 9
1313 507
1313 1403
711 642
710 1562
710 1113
710 1283
1493 1713
1493 1113
1493 1656
1556 1732
1393 1225
298 323
1667 1231
1667 1181
199 1624
191 429
193 1647
1183 1727
393 1190
394 1190
1489 249
1713 525
1713 44
1717 908
792 1036
172 1647
525 557
525 44
1408 1624
1018 1644
523 176
1395 1113
1395 249
1406 1362
361 1727
582 1436
1238 1272
1130 19
447 95
245 1283
249 1644
249 1021
249 1280
249 783
249 1353
249 1343
249 1585
105 1727
1647 1282
1641 970
788 9
848 1282
1582 1585
644 1568
626 95
1342 1343
1343 9
1343 1113
176 898
176 1585
176 969
257 42
970 1513
1731 9
1500 144
189 483
561 95
1622 9
1624 725
969 1113
990 1113
