27344 2192
2192 2192
2192 904
2192 10542
485 25424
10417 51240
10417 2819
742 619
742 8848
742 605
91778 914
6 281
6 191415
6 406
6 48977
13567 1091
13567 3995
13567 6953
13567 24905
13567 424
13567 13522
442 74234
442 22126
442 139057
442 14370
442 12913
442 2925
442 442
6776 989
3091 4977
41594 3035
84793 2511
203 989
401 2090
37768 2374
37768 11560
63 2090
2114 2589
9637 23864
32071 5002
2117 2061
2435 44396
2435 41468
1758 1255
1758 2433
2545 64323
2545 29551
2545 23990
7099 1117
340 1987
4412 18466
56337 914
4567 23864
113052 2511
19945 47811
30687 1807
1091 11043
1091 4827
2016 1
2197 2090
2090 4197
2090 270
2090 15123
129780 26963
18466 18466
1973 10542
2737 25424
1 1807
1 1987
7872 1117
49588 1602
49588 7589
1770 1117
2374 53981
989 123564
989 3276
989 44566
989 40886
989 146239
989 162404
989 15704
8913 2433
4932 44396
11560 1573
11560 2378
29100 904
3225 3225
3225 1606
1835 2511
4977 1606
20586 53981
51240 904
51240 53981
605 182
2061 611
2836 1760
2836 1987
4238 53981
219 6902
29551 2511
1807 1807
1807 1267
1807 361
1807 99757
1807 1409
40670 53981
2539 2539
2539 17586
216 2511
2378 23864
47811 1785
47811 87767
297850 2511
1987 4759
1987 37946
23864 23864
23864 904
1304 1409
41468 44396
1267 1409
2511 25649
2511 6953
2511 64323
2511 23990
15082 44396
15082 15082
13550 904
2720 105
2720 2589
2720 9195
2720 1254
2720 1573
141 2433
143 424
4606 914
483 50265
44396 14657
1606 37946
5383 25424
2582 1617
6331 3276
2433 37946
50265 944
5371 25424
46882 9063
904 146239
26850 25424
25424 25424
