1018 13663
1018 9556
4774 4774
4774 16806
14887 1831
14618 2626
14618 5144
14618 21496
14618 21515
14618 8672
14618 10674
14618 14618
14618 9824
14618 1931
14618 22336
18547 7226
18547 10165
18547 10694
18547 11531
18547 10554
3473 20037
3473 10804
3473 5001
3473 14851
3473 3473
22251 5125
22251 51893
1148 1503
21992 11380
21992 17373
19986 1548
19986 19968
19986 19986
19986 11967
19986 6536
21406 90
7995 13751
7995 10618
7995 3818
7995 20665
1658 13201
21170 4859
21170 21178
22296 11495
187 482
187 187
187 7581
8984 8672
8984 8984
22657 18082
22657 1931
22657 9203
522 78230
522 1
522 8672
522 5791
522 11204
522 12485
522 4377
522 6734
522 7544
522 4386
522 1174
522 22097
522 9556
522 289
522 18891
522 11771
522 3119
522 19943
522 11495
522 19542
522 522
522 3981
19639 13142
2129 18891
2129 904
2129 6554
2129 1
2129 2855
2129 15990
2129 22864
2129 4530
2129 13655
2129 103
2129 2130
2129 20454
2129 3279
2129 11550
2129 19382
2129 2129
13167 4969
11392 16130
1502 10165
1502 18089
1502 1931
1502 20500
1502 4102
1502 20088
21682 22569
21682 16699
21682 21682
21682 21785
21682 9452
21682 2926
21682 19752
11546 11999
11546 20140
11546 1931
11546 11546
11546 17428
11546 3230
11546 3998
11546 21515
11546 16213
11546 22912
11546 6197
18888 17340
18888 23047
22487 2182
22487 20294
22487 21984
22487 22511
22487 1931
22487 11512
22487 22487
22487 16039
22487 12255
2859 2859
2859 13431
2859 22507
856 1931
856 10554
856 15255
856 2179
856 12567
856 856
856 978
856 10131
856 10220
856 4386
856 4859
856 10092
856 20867
856 13539
1844 15114
1844 1100
1844 34
7380 9203
7380 38386
7380 1503
7380 3110
7380 13767
7380 14610
7380 23225
7380 4515
7380 4377
7380 5396
18763 18763
5535 5535
5535 5424
5535 12773
23179 17458
23179 13168
23179 17166
8040 1931
8040 9556
21037 7194
21037 15200
15088 15088
15088 62
4653 12399
15794 289
22535 8672
22535 4375
22535 1931
22535 12786
8238 4732
8238 22443
1085 6244
3221 19382
3221 4386
3221 263
3221 11710
8736 7025
15371 4804
19279 12399
19279 1688
22496 1931
5125 482
5125 4969
5125 17835
5125 22246
5125 13018
5125 20665
7698 66879
20140 3430
20140 3722
20140 16039
20140 18894
20140 2405
20140 2717
20140 20140
20140 13084
20140 10551
20140 16533
20140 4386
20140 17166
20140 21480
9860 4386
9860 22720
18801 49470
18801 23922
1174 11204
1174 1174
1174 19542
5214 5214
5214 12890
5214 9404
5214 679
5214 1457
5214 2108
5214 11771
5214 21373
5214 80757
2844 11952
8352 21411
8352 24196
2145 5199
2145 20037
2145 17281
2145 840
2145 16712
2145 11366
2145 21819
2145 10554
2145 12603
2132 8672
6715 16463
6715 2005
6715 679
6715 978
6715 7503
6715 13663
6715 19493
6715 6715
6715 791
24224 13753
143 19999
12766 21524
12766 19943
22004 1346
22004 2513
22004 95411
22004 74041
22004 20618
22004 9154
22004 15774
20480 21510
1040 1040
11923 35
11923 20694
3005 1962
19797 12567
19797 12786
19797 19512
19797 17896
19797 6811
19797 19797
19797 2275
7025 19382
7025 679
7025 7025
7025 12166
7025 21951
7025 534
7025 9824
19948 5761
19948 14890
19948 11070
19948 21430
19948 2864
19948 12890
19948 16114
19948 2579
19948 5083
19948 8544
19948 4386
19948 65660
19948 7583
19948 3981
4626 1088
4626 2991
4626 4626
4626 4284
3230 13905
3230 10165
3230 19314
3230 14587
3230 17281
3230 8296
3230 18053
3230 4386
3230 6830
3230 48806
3230 20758
3230 2430
3230 19047
3230 18095
3230 19772
3230 22864
3230 8435
3230 13655
3230 2958
3230 22849
3230 2724
3230 2963
14830 1931
14830 12786
14830 22610
7745 8544
7745 826
7745 1943
7745 10827
7745 11718
7745 3310
7745 5001
7745 18834
1461 657
1461 2416
1461 7946
1461 21216
1461 12786
9605 8672
9605 19497
9605 12216
9605 4190
9605 5509
9605 4386
9605 9605
9605 1931
53911 19645
53911 32035
21677 21190
21677 310
21677 21677
21677 12786
21677 15275
21677 15286
21677 12579
21677 11495
21677 1302
21677 14303
21677 11144
21677 13315
21677 1958
21677 3212
947 21123
947 4386
947 2013
947 18265
947 10551
7528 4386
7528 14387
7528 11495
7528 7886
7528 3183
14946 18891
14946 4386
14946 591
14946 14946
14946 15812
14682 4386
14682 9231
14682 7813
20881 739
20881 11371
7878 21030
1140 14634
1140 12760
1140 21679
1140 8672
1140 12579
1140 16479
1140 19943
1140 791
7493 17134
7493 18726
976 15149
9666 6465
5791 10892
5791 19999
420 4386
1346 8514
1346 19169
1346 10804
6322 15947
6322 2860
6322 4129
12038 6760
12038 8485
12038 2649
12038 679
12038 13567
19187 19187
2294 7018
2294 1931
2294 20054
2294 5129
2294 3508
2294 2294
13437 13437
13437 6837
13437 14390
13437 13669
13437 11662
13437 20085
13437 22179
13437 15966
13437 2855
13437 20076
13437 16130
17458 4386
17458 17458
11209 17925
11209 33335
11209 14303
11209 12786
11209 12838
11209 11209
11209 591
11209 19558
11209 18834
20402 51042
6786 100
46705 8551
17757 4377
17757 2130
590 14390
20317 679
7467 307
7467 12894
7467 8672
7467 18342
7467 4386
7467 7581
7467 7562
7467 7467
18135 17259
18135 4240
18135 12786
18135 15958
18135 4149
18135 10554
18135 6998
20460 20460
20460 16039
20460 21377
20460 14664
18502 15966
18502 8672
18502 18502
18502 4515
235 22179
16909 21123
16909 2489
16909 1931
16909 16909
16909 4386
16909 8672
16909 4515
16909 6998
20798 5266
20798 10232
20798 17400
20798 15341
20798 1931
20798 17294
20798 18521
20798 11070
20798 32035
20798 4358
20798 20771
20798 4666
20798 6722
20798 9203
20798 20798
20798 8069
20798 16265
20798 2999
20798 3655
20798 55
20798 18894
20798 12652
20798 1938
20798 9121
20798 13663
2036 1931
1305 6386
18500 13443
18500 2805
18500 9512
18500 1931
18500 14372
8416 13753
8416 4386
10980 1849
10980 9266
10980 6164
10980 22700
22246 16188
22246 8784
22246 1573
10146 1931
10146 19841
10146 16039
10146 19943
10146 10146
10146 12567
10146 6091
10146 17281
10146 17723
10146 19402
10146 15995
10146 4386
10146 6371
10146 15786
10146 840
16441 12938
12280 8672
12280 1086
12280 12280
12280 4386
5816 497
5816 679
9309 21480
9309 19223
9309 9309
21434 953
8427 16829
679 2489
679 10165
679 289
679 679
679 12786
679 427
679 1104
679 11070
679 16294
679 19263
679 9766
679 19943
679 6998
679 9887
679 1156
679 14390
679 3958
679 12618
679 3713
679 8128
679 9350
679 22403
679 6251
679 7902
679 10554
679 2553
679 2416
679 693
679 5603
679 17723
679 22849
679 3508
679 791
679 80757
23108 2938
4129 4375
4129 1931
4129 17967
4129 18907
4129 10976
4129 4129
4129 18451
4129 1356
4129 9369
4129 20436
4129 5147
4129 4386
4129 4317
4129 10551
4129 20976
4129 6251
4129 20037
4129 3906
4129 3700
4129 8090
4129 33335
4129 2130
4129 10827
4129 7730
4129 434
4129 15310
4129 1764
20226 15200
22353 8610
21251 21251
16533 16533
16533 13539
16533 2127
5605 12952
10475 8672
10475 22179
10475 6164
10475 12786
10475 10475
10475 3903
10475 4386
10475 22720
10475 8695
10475 13539
19645 2890
19645 21843
19645 2293
19645 7872
19645 19645
19645 9291
19645 1162
19645 21366
19645 11426
19645 11028
19645 17281
19645 765
19645 10829
19645 11374
19645 16996
19645 16130
3471 5199
3471 6887
3471 6554
3471 3471
5255 20384
5255 3765
5255 1931
5255 3183
5255 1339
5255 7096
5255 146
5255 5255
10073 10073
10073 12872
10073 19561
20962 9076
20962 20962
20962 9694
20962 1931
20962 10551
17947 20294
14485 21515
1155 1155
1155 2013
1155 2416
1945 10452
1945 4804
1945 6830
19821 19841
19821 4859
19821 791
1062 1062
1062 4097
1062 14547
1062 6887
1062 723
1062 5626
1062 105
1062 6998
17527 14217
17527 2119
17527 14013
17527 10551
4835 289
15916 11651
15916 18332
15916 20085
15995 1931
15995 5878
15995 2013
15995 21951
15995 2422
15995 953
15995 4530
15995 17281
15995 20389
15995 35950
15995 9203
15995 4386
15995 4969
15995 9556
15995 15116
15995 13751
15995 13213
15995 15134
15995 20076
15995 33335
15995 18211
15995 21747
15995 4464
15995 22631
15995 15774
23103 3110
16987 9242
32 2432
14520 8347
3072 302
3112 8732
3112 18050
3112 3981
523 8526
523 3279
523 3502
3309 8463
3309 14101
3596 10618
20505 5745
20591 18495
20591 13343
21729 2182
21729 4386
21729 1931
21729 21747
21729 12166
21729 8306
21729 9632
21729 1880
21729 13539
21729 9556
21729 22329
165319 6998
20570 1931
20570 9556
20771 17294
6833 3782
17135 4946
17135 5129
17135 17135
17135 17373
17135 5222
17135 18532
17135 19451
9760 5199
9760 2127
9760 12786
9760 20087
9760 3171
9760 45518
1529 15966
1529 14306
1529 15310
1529 1529
1457 5408
1457 9556
1457 15013
5185 1931
1551 22350
1551 3680
330 5682
330 330
330 4804
11560 15373
11560 7375
20454 10926
20454 17303
311 21515
14720 14720
14720 20299
14720 1931
5165 21190
5165 1931
4317 8672
4317 4317
4317 19285
20472 293
20472 6214
15894 15894
2334 20037
2334 3685
20213 11970
20213 9996
12894 9660
12894 15903
12894 7902
12894 12894
12894 9824
12894 2182
12894 4402
15652 15365
2371 18082
2371 4952
2371 2371
2371 17835
18992 5684
18992 20444
18992 19608
19600 19600
19600 10554
19312 8672
21186 2586
21494 21494
21494 1931
15522 11366
15522 4499
15522 2406
293 1528
21408 21510
21408 16208
21408 15310
18305 19926
18305 10241
18305 11402
18305 19781
18305 15149
18305 2432
18305 18305
18305 1311
18305 7583
9461 310
9461 16039
9461 2883
9461 4386
4082 4388
4082 5682
4082 16196
840 13084
840 840
840 6782
840 48219
840 10766
840 4585
840 6574
840 2649
840 7946
16260 23993
3552 1024
17373 5598
17373 9766
17373 11771
17373 17373
17373 19382
17373 2855
17373 21377
17373 20037
17373 20076
17373 14390
17373 1695
17373 7544
17373 9203
17373 6496
17373 4860
7851 372751
7055 9694
7055 12786
7055 7055
93621 1931
11725 2180
11725 17835
4928 62839
4928 34550
837 22056
8433 8433
8433 307
8433 13567
8433 9203
18662 2702
18662 18662
18662 7902
18662 1931
18662 995
18662 4530
18662 18521
18662 781
18662 2531
18662 5199
18662 4566
18662 517
18662 12889
18662 18768
18662 19055
7659 1339
7659 19737
23701 3110
23701 2213
23701 2123
24348 23217
24348 21254
24348 9203
22383 32690
9766 1752
9766 1224
9766 4515
9766 13027
9766 18894
9766 17281
9766 7338
9766 9302
9766 10926
9766 15114
9766 1156
2017 1931
2017 10131
2573 18213
2573 10618
2573 2573
2573 22179
2573 4386
2573 9556
2573 912
939 2127
939 11028
939 23252
939 482
8107 11204
8107 4732
8107 20616
8107 3526
8107 6998
17011 263
15769 3007
15769 1931
15769 3981
14691 8672
6777 11821
3858 5495
3858 18471
3858 8672
1833 16485
2996 289
23217 23217
7556 5667
3011 3011
3011 11204
3011 18115
3011 5314
3011 1429
3011 3928
3011 1931
344 3526
344 12786
344 8672
344 16039
344 6998
344 20037
344 20519
344 6886
344 6371
344 4792
344 13560
344 15791
344 3109
344 9571
344 21085
344 9411
344 11690
344 344
344 13751
344 885
344 11231
344 5745
23993 21211
10842 19931
10842 10842
19010 16582
9824 15903
9824 3046
9824 20877
9824 18782
9824 22580
9824 781
9824 6998
9824 1431
9824 12567
9824 6734
9824 4386
9824 12337
9824 32648
9824 10804
9824 9824
9824 7071
9824 10220
9824 20228
9824 15966
9824 3394
9824 8463
9824 11495
9824 12569
9824 18472
9824 11144
9824 21488
2499 1931
16954 19756
6968 13655
6968 4804
6968 6554
8273 3608
8273 8829
15082 14936
6393 2119
6393 22067
6393 19263
12187 1931
12187 760
11366 7375
11366 12786
11366 11366
11366 16819
11366 2855
11366 12938
11366 14059
11366 2182
11366 8672
11366 4386
11366 11073
11366 6998
11366 1339
11366 22912
14395 14395
14395 1931
19930 2136
20842 15026
475 11028
475 1910
475 8544
475 9529
475 6599
475 13567
10101 3981
6527 5026
4058 4058
4058 4386
4058 9556
4058 2553
8982 19382
8982 8982
3157 19709
3157 6998
3157 12786
3157 5314
3157 10076
3157 18115
2058 9571
2058 16829
2058 2058
15958 16333
15958 9571
15958 2113
2337 16829
1356 2553
1356 2054
1356 1931
1356 15332
1356 1429
1356 4386
1356 2013
1356 3138
1356 1356
1356 15134
11610 8672
11610 497
19931 1687
44999 20189
21374 21374
21374 19999
37946 1931
11080 4273
11080 11402
11080 9352
11080 6171
11080 8610
16134 2489
395 18891
395 13767
395 3110
395 21762
395 9556
888 6554
4404 2116
13842 37697
14216 20694
14216 51952
14789 4459
7197 5199
7197 22690
7197 7197
7197 12567
7197 4386
7197 11771
7197 22694
21073 7349
21073 14827
2493 11949
2493 11412
15269 15269
80757 21123
80757 289
80757 6251
80757 8306
80757 23153
80757 2855
80757 19943
80757 830
80757 8296
80757 1100
80757 8672
80757 80757
80757 17428
23048 1104
8992 8535
8992 8784
8992 1931
8992 8992
10232 13609
10232 10232
10232 3248
10232 17400
10232 2490
10232 16039
10232 4874
6957 6091
21359 90
17346 19676
17346 17346
18247 5130
5010 6811
5010 19055
5010 20087
19870 12317
19870 9571
3856 9556
2991 1919
2991 18695
2320 16039
2320 15896
413 372751
413 12968
11373 1383
13929 20719
13929 20877
13929 34
19087 3526
388 7096
22066 4386
1112 11204
1112 19473
1112 1112
1112 20722
1112 1086
520 5264
520 19516
17742 2013
17742 6998
13226 4386
13226 4377
13226 19198
13226 1931
13226 21625
31894 1637
16581 16581
16581 3304
16581 14187
36930 1503
3171 21715
3171 1050
3171 7581
46424 19646
444 14306
444 8672
444 16701
444 11495
757 20037
757 13239
20519 13609
20519 20384
20519 12786
20519 1889
20519 781
20519 20519
3584 19302
3584 8924
3584 20299
3584 19678
578 7880
8069 693
6937 19382
6937 20037
6937 4386
45993 9495
45993 2182
45993 20715
45993 1931
45993 21570
45993 45993
45993 19968
45993 2650
18472 5667
18472 8400
18472 14942
5509 21123
5509 5509
5509 14390
5509 1931
5509 12786
5509 4386
5509 8672
5509 978
21149 1182
21149 4989
21149 4804
20608 10483
20608 12786
20608 8672
20608 2119
20608 781
20608 19516
20608 10078
20608 18891
20608 20823
20608 20389
20608 6244
20608 6371
20608 18806
20608 12073
20608 4161
20608 7581
20608 21190
20608 16373
20608 1946
20608 12457
20608 2213
20608 2328
20608 123
20608 20037
20608 12889
20608 10710
20608 4386
20608 21285
20608 11550
20608 6197
20608 22522
20608 6948
20608 23133
20608 2445
20608 7277
20608 1931
20608 14013
20608 12773
20608 1938
20608 13751
20608 11780
20608 20608
20608 5001
20608 18993
20608 20965
3632 5001
49053 12838
7375 5947
7375 162
7375 7375
7375 904
7375 919
7375 1129
7375 14306
7375 20037
7375 14726
7375 3004
7375 2213
7375 2098
7375 6118
7375 9242
7375 2864
7375 15310
7375 16130
22890 8672
22890 6091
22890 5745
22890 6386
109891 13281
2259 16039
2259 22398
2259 21967
11113 9694
7349 2263
7349 3304
7349 14827
7349 7349
7349 19999
14303 13514
14303 12786
14303 17896
14303 9698
14303 16294
14303 10709
14303 20037
14303 14390
14303 14303
14303 15149
14303 10829
14303 4386
14303 18806
20054 2870
20054 12347
20054 371
20054 14182
20054 47946
20054 6203
20054 13751
20054 17389
20054 17281
20054 20054
20054 2549
20054 8544
20054 4792
20054 20166
20054 21239
7192 5001
7192 1931
13798 13798
15116 21515
15116 22912
15116 6484
5040 21138
5040 7902
1138 3279
1138 5206
11144 21685
1117 4386
1117 19512
1117 14631
963 21059
963 963
19678 14964
4456 289
17210 16188
17210 497
4848 13834
16201 2054
44587 2098
44587 1931
44587 11412
991 7778
991 482
991 1931
5878 17705
5878 6887
5878 2331
17820 17820
11436 17304
3697 1215
9288 9288
9288 907
9288 6164
9288 8934
8776 1931
2286 2416
5483 5745
9513 289
9513 21377
9513 15134
21975 15966
21975 21975
21975 20074
21975 1100
21975 5745
22522 2474
22522 22522
22522 1931
22522 4386
22522 16886
22522 2119
22522 16829
3801 1276
20361 1931
23133 1958
23133 23133
23133 23153
23133 15841
23133 23175
23133 16699
23133 21488
23133 8762
23133 20134
23133 4386
23133 2108
23133 2185
23133 9556
9469 15310
4182 2213
4182 6998
7503 8382
7503 5199
7503 6091
7503 10554
7503 7263
5392 2695
5392 649
5392 978
5392 5392
5392 4386
5392 45144
5392 2185
5392 13018
5392 9350
689 22916
689 5682
689 21562
689 23047
21535 9694
17104 11771
17104 1931
2823 2823
15767 15200
29956 20134
29956 2127
29956 409
19992 13237
18266 11371
3628 3971
3628 9694
3628 12786
3628 21625
20055 13751
20055 20055
20055 6007
7015 2086
1076 6998
16208 8581
16208 20930
1879 8544
1879 11550
1879 1321
22559 4386
22559 21148
22559 1094
22559 22559
11072 15013
8435 4386
8435 10554
8435 2474
18400 1931
5190 8544
5190 19772
5190 1156
5190 14741
6580 1931
820 20693
820 3277
820 21602
820 8672
820 16373
820 18726
820 15779
820 8169
820 9825
820 14308
820 7902
820 12773
820 10953
820 2780
820 10829
820 3248
820 9404
820 21518
820 18211
820 1943
820 820
820 4235
820 7498
23068 21542
23068 5377
23068 5374
5948 21785
21190 21190
21190 21873
21190 1276
21190 21697
21190 2293
21190 19516
21190 48159
21190 828
21190 1643
21190 6722
21190 13539
21190 21700
21190 6921
21190 2115
21190 18080
21190 9556
21190 11412
4335 8202
4335 13663
4335 2086
4335 2860
70 70
10976 22507
10976 10976
10976 3680
10976 7730
10976 18451
10976 5603
10976 13539
13895 21429
13895 13895
13895 1931
4103 26873
2566 23088
2566 6164
2566 3004
22770 4386
22770 22770
175044 71750
175044 3559
2869 5667
21034 2127
21034 3508
21034 12786
6652 5197
6652 2724
1835 19865
1835 9371
1835 9404
1835 11336
89383 486
14322 5199
14322 4386
14322 11134
14322 14322
14322 14631
20329 289
19198 8544
19198 12166
19198 10825
19198 596
9255 4040
9160 16582
9160 9160
9160 9571
9160 5033
1156 2127
1156 10165
1156 4386
1156 15966
1156 21685
1156 48159
1156 16829
1156 19772
1156 35950
1156 9203
1156 48219
1156 8122
1156 20363
1156 12920
1156 804
1156 12966
1156 19441
1156 21625
1156 13350
1156 15114
1156 1156
4698 8672
4698 16644
4698 2275
6605 542
919 9076
919 19999
919 4265
919 20087
919 2490
919 919
919 2432
919 6784
919 18894
919 20037
919 542
919 9203
919 13239
919 8128
919 1572
919 13350
22720 2127
22720 18894
22720 1931
22720 12786
22720 9365
22720 11718
22720 2855
22720 19593
22720 33335
22720 4257
22720 22720
22720 2474
22720 6554
22720 21807
20989 20869
18048 38386
18048 21377
18048 2855
18048 18048
18048 32035
18048 5642
18048 21510
18048 20701
18048 20166
19502 8139
5828 5828
5828 1845
5828 6998
20049 2517
20049 20062
20049 346
1980 2780
4816 8382
4190 2136
20780 2553
20780 19169
6837 8382
6837 8544
6837 1943
6837 1209
6837 9556
6837 1829
51 11724
51 767
51 20228
51 6528
51 15200
51 51
51 4752
51 14059
20576 24353
20576 15786
20576 18832
20576 10165
20576 12786
14306 11028
14306 19729
14306 4846
14306 18521
14306 8598
14306 19055
14306 23047
14515 289
14515 2489
14515 1931
14515 9117
14515 23680
14515 1540
14515 14515
14515 6998
14515 1267
14515 605
14515 18211
14515 2790
14515 10131
14515 4386
14515 23080
14515 11550
14515 21268
14515 22958
14515 7096
12546 2724
12546 3117
20111 20111
20111 3680
20111 15114
20111 21366
20165 21123
20165 8672
20165 11651
20165 534
12675 21789
4573 20076
4573 9352
10112 49713
10112 10112
2866 474
22141 7902
22141 1048
22141 10131
22141 8672
22141 22141
22141 3562
19756 8382
19756 7131
19756 2919
19756 315836
14631 4351
14631 34168
14631 12786
14631 759
14631 8544
14631 16188
14631 1134
15074 21843
15074 13818
15074 12838
15074 2098
15074 1943
15074 21625
378 62
10709 16654
10709 10709
10709 11495
10709 2777
10709 19750
10709 22552
1584 1584
1584 386
10892 20228
10892 1048
10892 4516
10892 15013
10892 21353
10892 6515
10892 19999
21341 34
12920 1931
5264 5264
5264 16701
5264 11412
5264 15200
5264 2180
5264 3007
5264 19862
2322 289
2322 4386
2322 2322
2322 2553
2322 4585
17970 1931
18776 22017
11595 22772
11595 5526
21137 12691
21119 2127
21119 21119
21119 9270
7242 8750
8737 19608
4464 20389
4464 1931
4464 11662
4464 1104
4464 4464
4464 4386
4464 6371
4464 7755
4464 20633
9369 17330
9369 10900
9369 542
9369 9369
9369 8672
9369 18014
885 1752
885 104
885 20877
885 3526
885 5672
885 2213
885 1686
885 3117
885 12044
885 9203
885 19493
885 1995
885 885
8551 17980
8551 5667
8551 12838
8551 2491
18213 1573
986 20483
986 1548
986 986
986 20602
2777 17835
20274 10131
2388 1591
781 20476
781 64996
781 3526
781 2127
781 8672
781 781
781 4948
781 35950
781 20555
781 13609
781 19685
781 605
23175 3110
23175 3562
23175 9231
23175 13027
48371 20965
8154 7490
7204 4377
7204 7204
7204 45675
13315 1643
13315 12786
13315 13315
13315 22927
13315 9556
4388 1548
4388 10586
4388 1931
4388 16039
4388 7490
23092 22916
23092 22912
4397 289
4397 20037
4397 2203
4397 4375
4397 2127
4397 18373
225 8672
2884 34550
20180 12031
2639 2628
2639 2841
9905 11771
9905 9905
9905 1540
20087 10165
20087 5070
20087 3601
20087 11718
20087 20037
20087 11698
20087 9912
20087 7614
20087 3370
20087 4096
20087 949
20087 15351
20087 20087
20087 2553
20087 11374
20087 14078
20087 542
20087 16188
20087 19845
20087 12356
19936 10554
21562 19999
4516 17389
4516 2855
4516 21211
13265 21651
2057 14909
2057 19074
2057 13669
2057 19291
14155 17780
14155 15149
45675 18894
45675 1505
45675 101
45675 19493
45675 2860
45675 45675
13964 12501
8924 13905
8924 289
8924 9270
8924 3110
8924 2127
8924 17980
8924 8924
8924 15275
8924 2373
8924 2113
8924 4444
8924 7076
8924 12077
8924 15114
8924 12340
8924 14741
8924 4491
8924 15310
14530 14530
12482 3089
1739 1931
1739 1739
3650 57263
1919 9814
1919 8769
1919 1931
10444 1698
133 8634
20299 20299
20299 20085
20299 16493
20299 16829
20299 2130
29 6528
29 20025
29 29
29 3981
17958 6064
4788 27076
22502 1931
3771 12764
3771 3771
3771 5745
21278 15966
21278 12567
19737 20228
19737 20093
19737 19737
16582 15903
16582 6588
16582 13547
16582 2130
16582 11494
16582 16039
16582 1931
16582 11204
16582 19450
16582 307
16582 263
16582 11780
16582 16582
16582 10245
16582 7946
16582 6171
16582 2059
16582 3981
15786 1687
15786 16742
19749 13294
19749 16039
3212 1931
15774 1931
15774 8672
15774 22064
15774 23030
3304 1431
3304 1931
3304 3337
21121 12786
21121 13669
21121 16578
21121 21121
21121 1931
83450 315836
83450 16316
4385 9694
4385 4385
22584 1503
22584 10452
22584 62839
22584 23634
22584 22584
22584 22500
2695 4515
15990 4885
15990 15966
15990 18891
15990 107
51042 15966
51042 5001
51042 1931
51042 18914
33523 2568
2275 17389
2275 2275
2275 19512
22056 302
22056 4969
22056 1086
22056 4386
22056 12302
22056 791
7425 4386
7818 1931
12760 21984
12760 6588
12760 17666
12760 12773
12760 12760
12760 6197
12760 19516
12760 4761
12760 1365
14503 2855
14503 6164
14503 17236
14503 8934
134 18891
134 1931
12952 2918
1702 1702
5425 15799
13101 21824
13101 13663
13101 13101
13101 21178
18342 941
18342 1931
18342 18342
18342 8672
18342 20500
18342 6998
25124 160438
12501 2328
17671 4503
17671 17671
17671 23083
14882 21178
14882 1931
14882 7490
19130 20511
13733 14243
15552 9042
15552 4480
21925 17340
5278 8672
5278 10165
5278 5278
5278 1540
23059 9076
23059 23059
23059 23097
23059 11305
1246 5199
1246 12567
1246 1246
1246 7902
1246 12786
4235 949
4235 18021
4235 90
7560 13767
13000 7597
13000 13000
13000 10092
13000 8672
13000 4515
13000 16130
13000 10551
3430 16819
3430 6354
3430 13609
3430 3430
9749 1943
9749 2054
9749 1931
3007 3007
3007 18703
13084 494
13084 21373
13084 4386
6734 289
6734 15382
6734 17734
6734 11494
6734 372751
6734 828
6734 826
6734 12652
6734 18891
6734 2553
6734 6734
6734 15200
6734 1339
6734 3183
14610 1548
14610 16373
14610 21549
14610 8672
14610 20944
14610 10076
14610 1306
14610 2213
14610 13567
14610 123
14610 19473
14610 14610
14610 13889
14610 107
14610 22097
14610 8485
14610 7049
14610 372751
14610 22744
14610 11495
14610 2232
14610 1302
14610 9404
14610 5668
14610 15114
14610 21373
18373 5199
18373 4444
18373 20500
4876 15310
12652 19382
12652 11550
12652 10554
12652 9203
6832 8672
6832 6947
6832 18265
19808 19808
19808 18521
19808 19781
24676 17835
13536 1931
19999 224
19999 48159
19999 6409
19999 21154
19999 2490
19999 9266
19999 2432
19999 21579
19999 2154
19999 18690
19999 22915
19999 20589
19999 4952
19999 11205
19999 21148
19999 18995
19999 20228
19999 1343
19999 19999
19999 22648
19999 22179
19999 3685
19999 19263
19999 6515
19999 16147
19999 13655
19999 2130
19999 8354
19999 22658
19999 19473
19999 15310
14726 20085
806 11495
19727 12786
21861 21872
13018 12773
22022 3714
22022 22022
2779 21789
2779 5070
2779 2829
2779 2226
2779 15310
2779 2779
2779 18832
2779 263
2779 10131
2779 2959
2779 1687
2779 3370
307 11966
307 2999
307 4375
307 107
307 18782
307 2828
307 6171
307 2864
307 20037
307 307
307 18211
307 101
307 12302
307 804
307 12560
17909 4518
17909 1687
8894 2328
13871 10804
13871 5273
13871 13871
7850 33335
236784 28665
236784 7807
723 3279
20944 20942
20944 1931
20944 20823
20944 8672
20944 21263
20944 6998
20944 8463
20944 19893
20944 263
20944 9203
20944 4386
20944 8024
20944 20965
20944 6056
18061 4530
18061 7755
18061 19893
13391 4377
13391 9203
13391 10554
20546 20546
20546 1931
4377 2127
4377 7825
4377 12786
4377 8672
4377 11070
4377 6203
4377 22827
4377 13567
4377 6329
4377 517
4377 14741
4377 4491
4377 12302
4377 19212
4377 6905
4377 6689
4377 6554
4377 19072
4377 828
4377 18358
4377 9265
4377 5048
4377 23131
4377 8128
4377 21807
4377 16130
4377 8847
4377 15114
4377 20294
4377 9080
4377 4167
4377 11670
4377 554
4377 20380
4377 20037
4377 4377
4377 8670
4377 263
4377 2474
4377 2430
4377 18825
4377 8451
4377 2005
4377 2860
4377 21651
4377 2380
4377 10576
4377 10554
4377 14400
4377 8099
4377 13045
4377 8460
4377 1943
4377 21625
4377 17716
4377 15310
4377 5745
21984 21377
21984 2724
21984 1931
21984 2780
21984 11550
21984 7581
22604 5745
1242 22569
1242 2269
1242 3526
1242 4515
1242 3971
1242 18894
1242 10078
1242 1887
1727 9302
1727 5579
16996 9076
16996 5598
16996 21377
16996 16130
16996 8651
16996 19926
16996 926
16996 16996
16996 2938
8958 4386
14134 685
22839 22839
22839 7096
9193 6091
10554 17705
10554 2127
10554 8598
10554 12216
10554 19927
10554 15966
10554 1943
10554 2855
10554 2611
10554 19179
10554 5199
10554 17340
10554 65660
10554 19867
10554 17862
10554 17389
10554 13514
10554 1088
10554 18095
10554 19729
10554 9694
10554 10220
10554 19838
10554 310
10554 8652
10554 1931
10554 2005
10554 1711
10554 8382
10554 20159
10554 19473
10554 17281
10554 19082
10554 4386
10554 20037
10554 4240
10554 17896
10554 2553
10554 11771
10554 10554
10554 2032
10554 17304
10554 18870
10554 17428
10554 8544
10554 21625
10554 15114
1146 362
1146 8382
1146 21843
1146 6899
1146 2182
1146 2855
1146 9371
1146 10931
15286 15286
15286 1931
15286 4969
15286 1048
47946 7776
15288 15114
19302 3089
19302 23826
916 916
4489 794
15180 14920
15180 4386
15180 5682
2926 1931
10446 2127
10446 15232
10446 10446
10446 1637
4547 3110
2226 17259
2226 14396
2226 482
2226 2226
2226 1548
492 4386
492 492
492 12786
492 18914
3601 14827
2432 13663
2432 2553
2432 2432
2432 11073
2432 14390
2432 2055
2432 1339
2432 1734
238 2032
238 2130
16199 22080
21662 8672
8127 8127
3893 12786
11512 1573
11512 6171
11512 1931
11512 20294
37827 9121
20808 19752
10836 10836
6886 4386
6886 6998
6886 4948
6886 9203
2089 21625
2089 16039
17619 2115
13447 34168
16769 6899
22805 2724
568 1429
7206 13767
22248 4386
22248 9694
15608 2515
14015 1104
14015 1718
1055 11495
1055 12603
13539 15307
13539 2127
13539 12302
13539 1931
13539 12786
13539 11771
13539 20864
13539 13142
13539 2293
13539 17651
13539 6722
13539 19926
13539 19212
13539 13539
13539 4240
482 20976
482 22158
482 1931
482 2780
482 8306
482 90
482 1880
482 16147
482 21666
482 18296
482 8672
482 7022
482 20037
482 482
482 6554
19342 20037
19342 1048
19342 4732
12858 13574
12858 4386
4518 826
11670 21689
15812 6500
11455 5745
11455 20225
11455 15134
12938 942
12938 11485
12938 19263
12938 12938
554 263
554 978
554 21178
17166 15966
17166 14368
2086 18891
2086 4386
2086 21239
22345 21771
2364 18358
282 1531
1962 20037
1962 6998
2472 12216
2472 8769
2472 14958
2472 1162
9352 8169
784 2591
339 339
18179 18179
18179 778
18179 1931
2549 596
2549 8544
2549 791
2549 15310
2549 2864
7911 18993
23680 2489
23680 10674
17459 6267
9 494
9 1931
9 3279
9 4386
9 1687
9 17328
9 19993
22915 22915
21216 21123
21216 7946
21216 1931
21216 21178
21216 2855
21216 4200
2098 11116
2098 10165
2098 13767
2098 1931
2098 12786
2098 8672
2098 14664
2098 2182
2098 21689
2098 12838
2098 9121
2098 2098
2098 794
2098 9459
2098 6171
8812 28665
6056 13609
6056 2130
6056 5682
6056 6337
6056 6056
11334 2855
1041 1041
1041 21570
1041 21951
3065 4386
3065 20602
1162 912
1162 14197
1162 11884
1162 5667
1162 1162
1162 11204
1162 15200
1162 4386
1162 9536
1162 14068
1162 1339
6536 6536
15764 15764
15764 2984
15764 12838
20765 6767
6760 20088
6760 8672
6760 6354
6760 19943
6760 7581
17260 20867
104 270
104 4386
104 13932
104 22694
104 6496
102 8652
17379 33335
4761 4386
22224 4386
22224 22224
22224 22153
5894 11204
5894 19422
1311 3041
11481 16039
10900 8672
10900 10900
18954 18954
18954 15149
22569 22415
22569 2855
15298 3183
15298 1931
7581 1931
7581 10483
7581 8672
7581 10058
7581 2864
7581 1799
7581 7544
7581 13743
7581 6371
7581 11550
7581 2112
7581 3183
7581 4356
7581 12062
7581 7902
7581 6554
7581 13417
7581 19263
7581 19943
7581 18532
7581 22350
7581 2292
7581 16188
7581 10127
7581 4480
7581 2963
7581 7581
14706 19688
14706 22153
8934 22610
8934 1913
8934 6164
8934 23051
8934 3685
8934 11073
8934 8934
8934 11651
8934 22153
20954 90
2935 2579
989 8672
10220 19382
10220 19729
10220 1943
10220 5667
10220 10076
10220 20604
10220 13567
10220 10220
2312 2650
34211 15724
20430 6244
7096 6253
7096 8652
7096 8847
7096 1931
7096 2489
7096 16188
7096 19489
7096 20371
7096 146
7096 2213
7096 1316
7096 6164
7096 13213
7096 20589
7096 11557
7096 310
7096 4844
7096 2864
7096 22676
7096 2504
7096 14958
7096 2079
7096 15172
7096 22744
7096 10988
7096 21625
7096 7096
7096 4459
2018 18089
6548 22658
19646 19646
3630 3630
3630 20037
3630 14390
3630 7768
3630 34
660 21117
660 1302
660 9404
660 1973
660 3279
660 660
660 19688
10718 2570
477 2005
10313 19865
10313 19516
10313 17980
1223 2553
1223 2180
1223 12786
1223 2790
1223 4386
1223 9556
1223 1931
2973 21857
6218 19772
6218 1931
6218 596
6218 2553
14369 14369
14369 20965
14369 12838
15903 15903
15903 5070
15903 20037
15903 9866
15903 14587
15903 20184
15903 13520
15903 263
15903 20294
15903 2860
2116 1443
2631 7149
2631 10131
329 329
6121 10926
1987 16039
1987 11374
1987 1048
22928 22928
20085 14201
20085 10036
20085 10076
20085 2115
20085 14596
20085 20363
20085 4319
20085 19473
20085 33335
20085 263
20085 17428
20085 1943
20085 20085
20085 11651
20085 4459
20085 15495
7562 6203
16409 2855
6332 16039
2841 1880
2841 10586
17811 16699
10075 9536
10075 4530
10075 11073
10075 20076
10075 10075
57742 2032
57742 23030
23040 16196
23040 12786
19393 5744
16752 372751
6947 4954
19263 11966
19263 2127
19263 19629
19263 2119
19263 17300
19263 19263
19263 6998
19263 12567
19263 4386
19263 6371
19263 9556
19263 1931
19263 415
19263 16467
19263 11771
19263 17188
19263 11220
19263 33335
19263 11132
53054 5966
53054 1224
53054 20972
11949 1711
11949 14827
11949 11949
11949 11412
4386 3183
4386 2127
4386 10165
4386 9231
4386 7813
4386 18019
4386 2855
4386 18316
4386 35950
4386 5199
4386 21918
4386 21377
4386 15896
4386 6244
4386 3107
4386 9506
4386 18768
4386 1209
4386 2430
4386 4328
4386 12968
4386 927
4386 4040
4386 21726
4386 21431
4386 101
4386 23153
4386 2059
4386 22952
4386 53929
4386 1931
4386 20294
4386 2115
4386 1528
4386 27284
4386 16072
4386 8963
4386 16190
4386 18014
4386 20867
4386 14201
4386 16875
4386 33546
4386 11134
4386 804
4386 15134
4386 16130
4386 20500
4386 10381
4386 4787
4386 8847
4386 3981
4386 5070
4386 1935
4386 13027
4386 17887
4386 11204
4386 12555
4386 8296
4386 1698
4386 10520
4386 18806
4386 6554
4386 529
4386 13655
4386 47184
4386 18211
4386 1339
4386 13350
4386 2458
4386 20633
4386 22910
4386 6998
4386 19709
4386 18782
4386 4009
4386 6171
4386 1887
4386 20037
4386 22772
4386 11550
4386 7730
4386 14936
4386 23327
4386 18894
4386 14390
4386 1302
4386 15114
4386 14372
4386 13905
4386 1548
4386 22158
4386 11771
4386 12786
4386 13239
4386 19516
4386 13567
4386 10076
4386 9203
4386 6622
4386 10193
4386 371
4386 20587
4386 11690
4386 21680
4386 4804
4386 34
4386 8463
4386 6465
4386 10723
4386 2130
4386 8535
4386 21488
4386 10827
4386 8128
4386 4207
4386 19055
4386 791
4386 14596
4386 14729
4386 13241
4386 3109
4386 21515
4386 2213
4386 12993
4386 4792
4386 12742
4386 18000
4386 6921
4386 11492
4386 263
4386 4585
4386 8691
4386 6938
4386 62
4386 7946
4386 7076
4386 22342
4386 2553
4386 13751
4386 22750
4386 19621
4386 265
4386 3004
4386 18119
4386 2479
4386 19382
4386 22756
4386 10078
4386 6006
4386 4515
4386 17773
4386 9571
4386 1686
4386 1697
4386 6203
4386 8169
4386 19893
4386 6552
4386 7201
4386 14741
4386 48159
4386 6371
4386 8672
4386 1094
4386 6682
4386 18095
4386 21875
4386 19303
4386 828
4386 2649
4386 21409
4386 1365
4386 8762
4386 1738
4386 5130
4386 22064
4386 19356
4386 14587
4386 289
4386 494
4386 14345
4386 5023
4386 18115
4386 4386
4386 1958
4386 7132
4386 13237
4386 9080
4386 2805
4386 21570
4386 1237
4386 18060
4386 10131
4386 3559
4386 20285
4386 6442
4386 8544
4386 5001
4386 4860
4386 21373
4386 2579
213 20037
213 2805
213 1540
4999 2490
18834 18891
18834 18834
18834 12838
22694 22694
14013 1540
1477 6784
2729 8610
5947 8128
22293 12786
2486 6091
21679 6887
21679 15134
21679 21679
13062 1540
14595 17389
14595 6098
2373 2373
22807 1931
729 729
17887 2870
17887 1121
17887 19968
17887 20767
17887 4284
9536 8719
9536 20610
9536 14197
9536 8610
9536 16945
9536 22170
9536 6528
9536 9536
9536 13241
9536 9395
2273 14639
2273 22067
2273 15310
9632 16147
9632 2724
9632 16216
2430 1097
2430 4585
2430 21583
2430 18961
2430 15114
2430 791
4 12773
7755 20390
7755 1931
7755 10092
7755 18656
7755 791
20651 20651
20587 977
20587 2553
20587 23047
22646 22646
22646 1931
21496 21496
664 46214
1316 1316
1316 23033
1316 20076
1316 22912
19926 310
19926 11531
19926 12786
19926 19926
2013 17259
2013 1931
2013 1
2013 16039
2013 22318
2013 13567
2013 22632
2013 13743
2013 9101
2013 20228
2013 3110
2013 2864
2013 265
2013 21373
2013 3971
2013 5626
2013 6290
2013 20965
8303 21651
21189 13239
2673 11550
2673 9556
21579 2653
21579 1339
21579 14345
21579 9350
22631 22916
22631 289
22631 34
22631 22631
18014 4530
18014 10483
18014 18914
18014 20159
18014 21430
18014 22097
11625 23097
11901 19497
20530 20384
20530 4530
20530 13241
16578 14308
16578 10076
16578 21480
16578 14243
16578 10165
16578 12786
16578 6766
16578 5199
16578 19893
16578 4666
16578 21488
16578 7946
16578 20867
16578 11550
16578 16578
19928 43413
3685 8350
3685 4577
3685 6528
3685 10551
3685 3685
3685 11374
3685 55
3685 11651
517 6682
517 1931
517 19867
517 7946
517 19223
4043 4043
20764 20764
20764 1209
16130 1548
16130 10165
16130 5070
16130 19629
16130 3928
16130 6290
16130 1540
16130 2115
16130 2213
16130 13027
16130 2182
16130 8544
16130 22221
16130 1048
16130 14741
16130 13743
16130 21268
16130 16130
16130 9242
16130 9556
16130 7902
16130 2130
16130 19700
16130 2828
16130 20826
16130 18894
16130 1931
16130 6830
16130 10131
16130 265
16130 8651
16130 4100
16130 6618
16130 20417
20500 14634
20500 20294
20500 12347
20500 4969
20500 995
20500 8672
20500 11718
20500 20500
20500 1686
20500 123
20500 4143
20500 6337
20500 16673
20500 4491
20500 5001
20500 9302
20500 18891
10926 11412
10926 17723
10926 1931
10926 3559
10926 16039
10926 591
10926 10926
10926 11246
10381 5199
10381 9887
10381 21651
10381 176
10381 13753
10381 2213
10381 16225
10381 9694
10381 6203
10381 21774
10381 10381
4872 5495
4872 21377
4872 14243
3713 16541
3713 3713
772 6998
17330 21430
17330 16829
21353 1548
21353 3110
21353 3067
21353 6554
21353 9365
21353 22318
21353 253
21353 10367
21353 6998
21353 22222
21353 21429
21353 7891
21353 10827
21353 21353
21353 6887
20985 12803
2345 20262
2345 2345
2345 35950
6397 12786
6397 5745
5361 18211
21781 21781
21781 21651
436 6478
436 12838
436 13142
1573 529
1573 8485
1573 22580
1573 3494
19291 28013
48655 3967
48655 8059
48655 1321
11027 19841
11027 1943
11027 14199
11027 12786
11027 19587
22690 9265
21207 21218
21207 15200
2748 3928
2748 542
2748 2748
21685 22472
21685 21685
21685 828
21685 15114
1190 18891
1190 22916
1190 12567
6251 9495
6251 289
6251 6998
6251 2416
6251 9556
23080 289
23080 23080
23080 21219
23080 10131
9126 10827
12399 1931
22864 22864
22864 18095
22864 9117
22864 19516
22864 4459
16196 2127
16196 10580
12235 21094
8826 8769
8826 1931
8826 17734
21697 21388
21697 21697
21697 828
21697 16039
21697 19516
78230 16926
20269 7825
6 4530
6 11073
1863 18471
1863 1048
1637 310
1637 17566
23150 2115
9388 795
4149 2490
4149 4149
4149 7902
6528 16903
6528 591
6528 14059
6528 11204
6528 15200
6528 15149
6528 731
6528 11073
6528 64304
6528 18942
6528 2616
6528 4752
4985 4985
4985 5281
456 15114
10553 12803
10553 11246
10461 6830
10988 310
10988 16039
10988 14827
10988 10674
10827 10165
10827 1758
10827 3526
10827 4902
10827 494
10827 6091
10827 10827
10827 1943
10827 22097
14142 14142
14142 6887
4224 21948
5730 19772
5730 17340
5730 3526
559 9076
559 4375
22950 22901
826 12786
826 18332
826 1931
13415 21954
13415 3778
13415 22205
13571 13827
13571 1686
2790 19382
2790 10165
2790 9571
2790 1931
2790 18914
2790 18894
2790 6998
2790 263
2790 2180
2790 2790
2790 20826
2790 107
2790 18942
2790 11449
2790 62
13889 1272
13889 15134
13889 7263
13889 11538
13889 18471
13889 13559
13889 13889
13889 1931
9242 7505
9242 64057
9242 1540
9242 12579
9242 9242
9242 20363
9200 1931
9200 6203
22317 10217
49713 22355
49713 4503
3299 21771
3299 4530
3299 22580
3299 3299
9452 6164
9452 1931
9452 12786
9452 9452
9452 5682
9452 23047
5667 18091
5667 9879
5667 20483
5667 5667
5667 13731
5667 20037
5667 13567
719 494
719 302
2189 11336
2189 64996
2189 7435
22415 19473
22415 10812
9133 11204
9133 1931
9133 16226
9133 3651
9133 8672
9133 21430
9133 14199
9133 4827
7882 21586
7882 7882
11290 21986
11290 4515
1321 791
1321 14827
1321 20549
1321 14101
19031 82049
15275 310
15275 15275
15275 21625
15275 19228
7280 2628
7280 7730
7280 3998
48159 21951
16945 4952
2422 993
2422 1764
2422 9556
2422 2422
4048 8544
4048 13767
4048 1505
7061 1931
2653 19441
2653 1931
2653 16480
15707 9088
8786 289
2901 1440
8651 310
8651 8651
8651 15170
8651 1931
1440 20732
1440 13669
1440 1440
1440 8392
1443 2054
1443 263
1443 494
1443 7730
1443 19867
20325 21553
1131 22016
6440 21402
493 21915
493 6998
20476 8672
20476 20476
7448 21651
7448 11492
21686 16039
21686 21686
14387 19845
2394 22329
22011 21625
5814 5814
13687 9694
13687 534
21967 19838
1343 21915
1343 1931
2805 6682
2805 2805
2805 8672
2805 13609
2805 33335
2805 9556
2805 15200
2805 9203
2805 7778
2805 1339
2805 16814
2805 7821
2805 6830
2805 1931
1121 12786
1121 13567
1121 4515
13234 11426
35448 18665
417709 101202
3310 22916
3310 2127
3310 6091
8125 8672
9404 12786
9404 10694
9404 2213
9404 11204
9404 10165
9404 4865
9404 18532
9404 20965
7498 21123
6442 6442
6442 19772
6442 12786
6442 263
6442 494
6442 18894
6442 20114
6442 4585
6442 2650
3614 1931
15382 1814
15382 12567
15382 21625
5478 9277
5478 10670
3277 289
3277 11204
3277 494
3277 12141
3277 10551
1460 7813
1460 1460
1460 14396
2855 1548
2855 12786
2855 15966
2855 2119
2855 2855
2855 24524
2855 17340
2855 14741
2855 22105
2855 6371
2855 16927
2855 12347
2855 3943
2855 6938
2855 18914
2855 20539
2855 4328
2855 20972
2855 269529
2855 33335
2855 13655
2855 21123
2855 1503
2855 1931
2855 5023
2855 2650
2855 27284
2855 1286
2855 16517
2855 6496
2855 11550
2855 5026
2855 6830
2855 13237
2855 18891
2855 8104
2855 6091
2855 265
2855 21178
2855 3981
2855 5001
2855 15114
8607 13663
8607 15055
14909 2213
20515 20618
20515 10076
845 22096
8950 13751
8950 4463
20107 20107
20107 18942
22849 22849
22849 21377
22849 21625
22849 21268
22849 2763
20483 20225
20483 1931
22350 22350
22350 22365
4865 289
4865 2127
4865 6091
4865 241
4865 4865
4865 10131
4865 21524
4865 2119
4865 1572
4865 6354
21431 11204
21431 7902
21431 6540
21431 494
21431 6371
21431 6584
21431 2726
855 19382
9295 1548
9295 9295
4974 11550
4974 3109
5263 18656
21491 15200
21491 767
21491 17304
1931 742
1931 21737
1931 7226
1931 5199
1931 2054
1931 6244
1931 21819
1931 18768
1931 18267
1931 16225
1931 8485
1931 19733
1931 2591
1931 12968
1931 9265
1931 3564
1931 26373
1931 2059
1931 10076
1931 1495
1931 2579
1931 346
1931 9411
1931 2416
1931 21377
1931 15134
1931 3248
1931 21625
1931 20091
1931 20805
1931 4531
1931 13743
1931 6371
1931 16467
1931 13550
1931 8634
1931 13655
1931 15200
1931 10080
1931 8920
1931 18782
1931 20103
1931 51893
1931 1887
1931 16373
1931 1540
1931 4946
1931 4615
1931 22174
1931 17353
1931 8306
1931 2176
1931 1548
1931 22158
1931 16167
1931 20251
1931 9087
1931 5448
1931 22827
1931 4989
1931 9203
1931 15642
1931 1695
1931 4752
1931 19420
1931 21753
1931 16747
1931 21680
1931 11371
1931 14782
1931 7490
1931 21488
1931 386
1931 2489
1931 20610
1931 3109
1931 6618
1931 372751
1931 2213
1931 12742
1931 1799
1931 6899
1931 6197
1931 22080
1931 5682
1931 20134
1931 18119
1931 14243
1931 15966
1931 8672
1931 13663
1931 18726
1931 14741
1931 13514
1931 64996
1931 34550
1931 2032
1931 828
1931 22179
1931 11495
1931 89491
1931 10181
1931 2582
1931 14308
1931 6164
1931 182
1931 1958
1931 13547
1931 2942
1931 4952
1931 2005
1931 22064
1931 2724
1931 3738
1931 12603
1931 21747
1931 20618
1931 19794
1931 5001
1931 15310
1931 10165
1931 13168
1931 21918
1931 12753
1931 1429
1931 1995
1931 11622
1931 21281
1931 16147
1931 9076
1931 978
1931 19668
1931 13239
1931 1931
1931 20127
1931 12166
1931 1327
1931 15741
1931 9584
1931 19280
1931 16072
1931 8775
1931 14958
1931 2077
1931 2780
1931 2531
1931 12286
1931 18894
1931 1943
1931 5745
1931 8652
1931 8535
1931 2471
1931 10674
1931 6905
1931 1878
1931 15307
1931 20976
1931 12790
1931 18583
1931 32690
1931 21002
1931 14526
1931 20633
1931 17967
1931 2650
1931 20037
1931 21138
1931 2730
1931 6713
1931 14537
1931 249308
1931 7829
1931 3279
1931 15114
1931 12786
1931 15813
1931 2293
1931 3928
1931 16039
1931 5835
1931 20823
1931 20417
1931 6203
1931 38271
1931 7902
1931 22718
1931 13201
1931 11690
1931 11771
1931 4804
1931 19943
1931 3700
1931 20159
1931 22153
1931 19055
1931 2130
1931 8847
1931 22318
1931 12993
1931 6998
1931 19473
1931 15495
1931 1688
1931 12773
1931 13751
1931 7730
1931 8926
1931 2616
1931 11412
1931 6006
1931 1686
1931 18891
1931 20285
1931 5526
1931 18082
1931 48228
1931 289
1931 434
1931 1711
1931 9879
1931 21397
1931 17980
1931 45144
1931 21365
1931 20380
1931 22795
1931 4809
1931 16644
1931 13237
1931 21294
1931 20228
1931 2860
1931 21651
1931 22580
1931 8544
1931 21510
1931 20924
1931 21875
12166 12166
12166 1339
12166 21747
12166 2269
80839 2119
80839 3186
80839 1839
21951 535
21951 2054
21951 21863
21951 33335
21951 21951
23047 289
23047 23047
23047 12786
23047 4804
23047 23125
23047 269529
23047 23131
23047 9584
1528 1548
1528 20877
1528 10131
27284 6496
27284 20076
20262 6354
4954 20294
19706 13767
19223 4566
19223 2005
19223 14259
19223 6899
19223 1943
19223 7946
19223 12751
19223 19223
16316 2465
967 967
967 6998
14958 19382
14958 14958
14958 263
14958 10551
14958 13559
14958 765
2123 2870
2123 11240
2123 7018
1649 13751
2531 11204
2531 289
2531 21651
2531 8610
2531 2531
20184 6887
2061 20076
20573 8672
20573 10674
20573 2213
804 6091
804 2416
804 3564
804 804
804 2724
7606 11494
18348 18348
18348 2780
2471 17517
2471 2471
2471 15200
9244 2182
9244 4952
12302 289
19228 8672
19228 2489
19228 33335
19228 1048
19228 21625
19228 19228
6905 2182
6905 19382
6905 89491
6905 791
6905 4732
6905 6554
6905 6905
6905 4792
18806 978
18806 14068
18806 17896
18806 13751
12189 59079
5579 1339
5579 14390
5579 5579
2828 2999
2828 14390
2828 1889
2828 7946
2828 14372
21002 953
21002 2127
21002 6998
21002 289
21002 2054
21002 4416
21002 21002
21002 12803
21002 6830
21002 7946
5113 2999
5113 5113
5113 18782
5113 19733
5113 712
5113 19055
6622 19772
4655 15898
3262 767
3262 15200
3262 16493
3349 10565
19688 18451
19688 697
14059 11806
14059 4416
14059 20953
14059 21785
22867 3680
16333 12742
16333 16701
16333 16039
16333 9556
16742 791
7583 21804
20091 18532
15253 8672
15253 16039
22279 22279
22279 11771
22279 9556
4896 18360
4896 5001
479 12786
479 20602
11402 2618
11402 11402
1558 12872
1558 1558
1558 3958
1001 6529
1001 7226
7821 8672
7821 12579
7821 9350
7821 1339
7821 3117
20665 21789
20665 20665
20665 11690
20665 18894
22507 2724
22507 18451
15813 8672
18911 10092
18911 2127
23153 23153
23153 3958
1711 2005
1711 15724
1711 12786
1711 14827
1711 22067
1711 23252
1711 64304
1711 82049
1711 14526
1711 21268
2115 7902
2115 19608
2115 19733
2115 4503
2115 21219
2115 22017
2115 12872
21313 5404
5375 14396
5375 12993
5375 11083
11643 28665
4200 2130
20363 19772
20363 9694
20363 8672
20580 20580
22581 19422
3615 16188
4804 12786
4804 4804
4804 2213
4804 19943
4804 21377
4804 265
4804 13305
4804 10452
4804 7247
4804 19516
4804 21625
4804 3110
3012 17980
4859 12786
4859 18521
4859 372751
4859 6784
4859 1630
4859 20389
4859 4585
4859 4859
4859 791
6465 7902
6465 2213
21666 22580
16188 10165
16188 4902
16188 16188
16188 16039
16188 27165
16188 21377
16188 265
16188 8672
16188 4491
16188 6998
17723 8382
17723 6091
17723 20390
17723 1799
21917 21488
7505 7505
7505 21515
7505 22335
5178 21689
17323 995
3526 657
3526 22844
3526 1503
3526 3526
3526 12786
3526 11204
3526 4530
3526 2726
3526 48228
3526 13434
3526 7343
3526 17307
3526 11446
3526 19422
3526 6349
6906 20746
6906 18922
6906 13016
6887 6887
6887 6722
6887 20417
6887 6998
93273 561
22318 2127
22318 1799
22318 3971
22318 22318
22318 6998
11226 6998
1994 1548
8382 13450
8382 10076
8382 8382
8382 8664
8382 2724
8382 15310
16701 13905
16701 7018
16701 8829
16701 19382
16701 3928
16701 1880
16701 20864
16701 6998
16701 20159
16701 1799
16701 14634
16701 1943
16701 2182
16701 16701
16701 10426
16701 2590
16710 3248
3064 2182
3064 18360
3064 19943
3064 1086
8122 10165
4240 17259
4240 19473
4240 13142
4240 19968
4240 4240
4096 14128
1688 7247
12773 14625
12773 12773
12773 8672
12773 19538
12773 18891
12773 20076
12773 10618
12773 10092
12773 20390
12773 10674
12773 9556
12773 10551
94 9694
28013 21715
28013 20076
9085 27076
5603 13559
5603 2280
18922 17925
18922 12567
18922 18922
18922 7730
535 6938
535 12838
627 2195
627 13560
627 19943
627 9556
11355 16294
19807 6070
19807 4946
19807 13567
4480 41241
4480 21628
4480 5668
765 18267
765 8829
8184 9571
180 8672
5418 16039
4358 7730
13669 1276
13669 12786
13669 18894
18082 4952
18082 17294
18082 11771
18082 22576
18082 15966
18082 18894
18082 20719
18082 12567
18082 21117
18082 19518
18082 497
18082 9203
18082 18082
21774 21651
18265 21377
18265 1197
47184 263
2999 12594
2999 1682
2999 6998
19716 1665
19716 5001
19716 18532
19716 19716
18095 289
18095 7544
18095 17896
18095 7326
18095 19862
18095 18095
21524 21524
21524 12141
5668 8664
5668 5668
5668 20701
5668 2914
649 978
8318 21689
14911 12764
343 11374
343 5314
45144 14405
1758 20037
9291 15200
21365 1339
21365 15310
21365 9203
19772 2435
19772 542
19772 12786
19772 20680
19772 14390
19772 19772
19772 10551
19772 19676
14345 1339
14345 1995
14345 2640
4517 2127
4517 17980
22029 22029
2001 2001
20196 5199
20196 20196
20196 10013
20196 2649
20196 12838
19729 19473
19729 17148
19729 17230
19729 9203
19729 19729
3757 8672
3757 9350
20758 20758
20758 2780
20758 7730
20758 15310
20758 9371
20758 11246
20758 18532
21689 14782
21689 21689
21689 2938
21689 6899
21689 15310
21689 6830
21689 14664
11211 265
11211 3109
11211 2780
10058 11370
4860 8544
4860 591
4860 1495
4860 23089
4860 4860
19700 15966
19700 15134
8840 18782
8840 8840
8840 21480
19849 289
19849 19849
2977 6091
2977 9571
10131 2870
10131 18894
10131 7813
10131 12786
10131 8847
10131 13807
10131 22017
10131 13567
10131 1129
10131 451
10131 2054
10131 3971
10131 19787
10131 289
10131 2717
10131 10719
10131 64996
10131 16269
10131 15226
10131 2385
10131 13655
10131 14782
10131 2130
10131 11010
10131 19422
10131 19055
10131 19382
10131 15373
10131 20088
10131 287
10131 1527
10131 14061
10131 10131
10131 6938
10131 15495
10131 11204
10131 3054
10131 15200
10131 22106
10131 1943
10131 21625
10131 15114
10131 21373
7226 12603
7226 19785
3958 9076
3958 23122
3958 16517
3958 21586
35950 2780
35950 6171
35950 1383
35950 11204
35950 14390
35950 20225
35950 35950
15896 15896
15896 6554
15845 9203
15845 19055
15845 2650
13743 1548
13743 13743
13743 8672
13743 2724
4434 103
6298 912
22300 17812
136093 40281
22077 13818
4416 494
4416 6830
4416 4416
10626 18891
15495 9556
26478 2474
14625 16517
13357 22043
1 23122
1 18726
6209 22238
6540 2870
6540 21604
6540 1808
6540 494
6540 6540
6540 18961
1005 5199
1005 5495
1005 791
8664 4615
8664 20202
18532 2489
18532 13239
18532 19865
18532 1086
18532 18521
18532 9948
18532 17328
18532 1686
18532 6998
18532 123
18532 8544
18532 20389
18532 15332
18532 794
18532 10829
18532 107
18532 18532
18532 9101
18532 2005
18532 13514
18532 5103
18532 6354
18532 15134
18532 12603
18532 16639
18532 5064
18532 14526
18532 2853
18532 2938
18532 4463
10551 18521
10551 9371
10551 10165
10551 2113
10551 4666
10551 13560
10551 2108
10551 9101
10551 10551
10551 7189
10551 828
10551 21625
10551 22403
10551 19710
5891 11966
5891 18521
5891 15134
1712 12786
1712 3998
12141 2860
6574 3248
6574 20114
6574 9556
14851 7891
1207 494
1207 1207
1207 22772
11651 11651
11651 2073
17780 11070
224 224
390269 390269
19785 2870
19785 19785
16313 16829
9447 44425
2490 20823
2490 591
2490 2628
2490 5745
2597 2597
2597 17967
11028 11495
11028 8672
1580 2213
9506 20088
9506 21651
20370 20380
16269 48219
7351 21285
7351 19865
21892 19055
22552 23030
22552 22552
9519 830
5314 289
5314 1548
5314 13034
5314 5314
5314 5024
1930 14782
14996 19893
20103 20093
9371 289
9371 11204
9371 15966
9371 13751
9371 9371
9371 5495
9371 6998
9371 10426
9371 22153
1887 15480
123 20037
123 33335
123 18914
123 20924
12485 8544
12485 18759
12485 4969
2940 16600
2940 2940
2940 9556
6588 12044
3193 11590
3067 6554
5026 14199
5026 2180
7730 657
7730 21843
7730 11324
7730 372751
7730 1048
7730 9076
7730 8173
7730 13514
7730 4566
7730 6354
7730 19943
7730 8463
7730 7730
7730 7946
7730 20924
7730 19055
16814 14936
4476 10245
6354 16225
6354 7813
6354 13807
6354 6354
6354 19943
18932 1339
18932 6164
18932 15200
18471 33335
10009 1493
14372 20037
14372 14372
14372 15310
14372 2213
8581 8581
8581 18628
8581 20872
8581 16039
8581 591
22158 22158
22158 54834
22158 5812
5934 14390
1910 12691
1910 2649
1910 1910
1738 8169
1738 13567
13567 11724
13567 20159
13567 21094
13567 17281
13567 8672
13567 10217
13567 13567
13567 3117
13567 20037
13567 14390
13567 263
13567 6496
13567 6998
13567 22097
13567 10193
13567 6938
13567 13751
13567 4503
13567 4257
13567 15310
13567 11495
13567 9694
13567 19422
13567 9076
13567 20227
13567 289
13567 22064
11449 5001
6329 5745
6329 19943
6329 6998
6763 20037
6763 20470
15332 263
19867 3370
19867 182
19867 2380
19867 494
19867 19867
19867 8652
19867 16098
4752 289
4752 15200
4752 15966
4752 6164
21805 18192
22443 1197
21424 21432
15172 21625
15172 15172
1828 21515
16877 21430
16877 16877
38271 17304
38271 9203
8922 15149
8922 2553
8922 22772
8922 13751
2130 657
2130 20088
2130 4515
2130 6998
2130 18891
2130 4530
2130 10092
2130 48228
2130 9556
2130 289
2130 19943
2130 13655
2130 2130
8128 21402
8128 21388
8128 14664
8128 8463
8128 2649
8128 1943
8128 8672
8128 8544
8128 8128
7996 8301
7996 23474
17134 19685
17134 8054
17134 15351
21726 2182
21726 9556
21726 21726
22700 22352
22700 22700
5867 19943
1306 8691
15706 18352
4792 10024
11305 17340
21586 21586
21586 16147
22536 22536
22536 375
8359 19845
62 2127
62 23135
62 21920
62 8672
62 6998
62 21377
62 1048
62 20159
62 62
22364 978
2084 767
20150 14201
4948 13751
4948 6998
48903 22064
346 2517
346 346
18332 14390
18332 6070
18332 4040
18332 12786
18332 4390
12890 22153
21986 3680
21986 8306
20701 10702
20701 11550
4963 4963
4963 12786
19893 20076
19893 2650
19893 20037
19893 19893
19893 8544
19893 302
19893 5745
16555 11495
14741 3093
14741 20088
14741 3002
14741 6998
14741 18891
14741 3559
14741 15149
14741 13609
14741 10686
14741 3714
14741 22772
14741 2180
14741 14741
14741 1938
14741 5745
14741 10076
32648 21771
12803 8672
12803 12803
2185 2553
2185 3110
2185 9203
2185 8672
2185 791
2185 6830
2185 6998
21771 21771
21771 717
182 6998
182 2212
18753 14517
16498 22678
23597 15947
12077 12077
20783 20076
20783 15149
19542 8672
22927 4143
22927 7902
37916 20159
11648 13663
6765 22827
15373 14827
10181 20161
22634 10452
8400 21915
8400 8400
22016 3714
6164 3903
6164 12786
6164 372751
6164 6164
6164 22956
6164 21513
6164 18942
6164 1995
6164 596
6164 20025
6164 11495
6164 16147
6164 20076
6164 19441
6164 4459
21366 21523
21366 4969
21366 26672
21366 7946
1237 15966
1237 942
1237 1237
14199 11204
14199 6091
14199 1938
14199 6893
118205 10165
118205 14390
17353 8719
17353 12567
15310 9660
15310 2127
15310 10165
15310 2761
15310 15966
15310 8672
15310 6998
15310 17281
15310 1503
15310 1505
15310 14402
15310 9270
15310 31075
15310 19943
15310 15310
15310 21625
15310 591
15310 16039
19199 22067
21604 21604
21604 21603
21604 15134
21603 6371
5207 289
5207 591
5207 16644
22226 16039
20864 12786
19993 20690
19993 20872
19993 12786
19993 4412
19993 13201
19993 21598
19993 13663
19993 1995
12286 12286
8323 8323
4257 22221
9614 8829
9614 20166
2313 5129
13841 8104
3680 2780
3680 23826
3680 11550
3680 3680
3680 1995
3680 19838
2649 2649
2649 16806
2649 19968
4040 8169
19979 9350
4229 519
1327 16039
1327 2416
1327 1327
15741 15741
19000 8672
7544 21123
7544 20037
7544 1276
7544 263
7544 17259
7544 17980
7544 8104
21513 21513
21513 11480
21480 19629
21480 19608
22473 12645
1000 8634
1000 6006
1000 13336
11134 11134
11134 11780
11134 1548
4503 2127
4503 7902
4503 2269
4503 4503
4503 16829
4503 6998
8104 8104
8104 1276
8104 15514
8104 21715
8104 16772
8104 3183
15055 11069
15055 25361
15055 794
15055 315836
15055 26873
5399 9365
5500 32690
12079 24524
12079 12786
12079 12079
14942 10804
18703 16639
18703 995
2119 2380
2119 18677
2119 2119
2119 1849
34168 9694
34168 34168
1100 20470
1100 1938
1100 1548
1100 21747
1100 15114
1100 894
12158 13655
6439 3183
4086 21373
434 9694
434 6830
2475 2730
2865 474
2865 21510
21380 16225
21380 13997
32690 32690
82049 42
82049 21835
82049 1845
2327 21515
13574 13574
13574 16039
13574 22336
310 2005
310 14827
310 2269
310 12786
310 19516
310 11412
310 17281
310 9203
310 21625
310 310
310 16039
1134 9694
22438 7368
2730 2962
2730 1943
2730 8672
2730 2730
5404 22179
5404 2127
5404 33335
5404 22064
1548 9203
1548 1548
1548 12039
1548 15966
1548 8672
1548 19422
1548 8802
1548 19450
1548 6244
1548 21860
1548 20294
1548 17304
1548 16554
1548 20166
1548 17230
1548 13655
1548 542
1548 8544
1548 10882
1548 2860
1033 2127
7843 995
8173 8173
8173 15114
8173 12786
19074 17281
10618 289
10618 3782
10618 20225
10618 10618
10618 16039
10618 10078
10618 697
4165 15947
17116 8544
17116 6283
17116 15134
20693 16039
3002 18782
2293 6244
2293 2293
2293 7813
20955 5408
19516 14308
19516 20088
19516 4515
19516 22179
19516 19516
19516 20037
19516 2127
19516 12838
19516 7902
19516 18451
19516 21875
38730 5070
38730 38730
20823 20823
20823 20088
20823 1665
14768 2213
9556 13905
9556 10165
9556 2127
9556 11485
9556 5682
9556 23211
9556 2182
9556 20389
9556 9203
9556 6371
9556 9556
9556 9350
9556 12786
9556 17304
9556 17835
9556 9270
9556 43413
9556 20555
9556 6004
9556 529
9556 11495
9556 19422
9556 21488
9556 2032
9556 8596
9556 11718
9556 2963
9556 270
9556 17967
9556 21549
9556 494
9556 6171
9556 9415
9556 6998
9556 1799
9556 5745
9556 13547
9556 18782
9556 4566
9556 9080
9556 21570
9556 18894
9556 22174
9556 18993
9556 12569
9556 11231
9556 3279
9556 2860
9556 6349
9556 15114
3394 9694
3394 3394
3334 19668
731 731
731 13237
731 15200
2963 2182
791 15966
791 12579
791 4444
791 3117
791 4530
791 21628
791 2054
791 2179
791 4952
791 7263
791 3971
791 6998
791 13237
791 289
791 9311
791 8059
791 20225
791 21373
791 978
791 791
22844 2989
20523 1493
20523 22067
13559 2005
13559 33335
13559 3109
13559 14390
13559 13559
6998 12786
6998 13239
6998 9311
6998 13609
6998 7902
6998 21219
6998 19943
6998 2059
6998 362
6998 942
6998 2179
6998 6998
6998 11492
6998 263
6998 20294
6998 13767
6998 20933
6998 13913
6998 4969
6998 13751
6998 1943
6998 11412
6998 8672
6998 22017
6998 1686
6998 11204
6998 289
6998 10719
6998 3183
6998 6004
6998 18782
6998 21785
6998 18211
6998 2724
6998 13350
6998 788
6998 9080
6998 17980
6998 17424
6998 20037
6998 14390
6998 2590
6998 19832
6998 18891
6998 2860
6998 10686
6998 14201
6998 17885
6998 18894
6998 5745
16888 21154
4105 21625
1682 2127
1682 12889
1682 13751
22912 22916
22912 2553
22912 6944
22912 20371
22912 18995
22912 2182
21915 13514
21915 270
21915 21863
530 1339
530 265
530 21651
530 2269
530 15200
17896 14936
17896 10719
17896 3782
17896 17896
17896 21284
17896 21510
17896 10829
17896 14131
17896 474
17896 591
17896 24524
17896 18115
8306 289
8306 12786
8306 6554
8306 15966
8306 8306
8306 21377
8306 542
8306 16517
16699 16699
16699 3742
265 10076
265 89491
265 5448
265 265
265 2860
265 13663
265 2942
19838 1943
19838 52570
1831 5682
4097 1540
4515 9076
4515 4515
4515 15966
4515 74
4515 16829
4515 14308
4515 14634
4515 18894
4515 15134
4515 11495
4515 2989
4515 23219
4515 14101
4515 16039
4515 22910
22017 4143
22017 18894
22017 5092
22017 8672
22017 16039
22017 2366
22017 22017
13142 1101
13142 13142
13142 4402
20436 16039
20436 20436
430 591
430 828
19402 14596
19402 720
19402 19082
19402 19402
22301 9076
3302 19303
3302 3302
16926 5309
1737 8672
3109 10165
3109 20088
3109 21402
3109 34
1752 1752
1752 19777
1752 12039
1752 1799
20722 13751
20722 1878
4265 4265
16226 1659
3738 22067
4902 2127
4902 12786
4902 21625
4902 4902
1808 8672
1808 12872
725 11492
6618 6171
6618 20435
5048 20555
1687 12786
1687 17980
1687 18894
1687 1687
1687 13514
15307 5199
15307 8672
15307 1540
16886 23405
6722 6722
6722 12786
6722 2054
6722 18894
11083 11495
11083 11083
22097 7902
22097 3279
22097 8544
22097 1943
22097 2628
22097 8596
22097 22097
20228 20076
20228 14390
20228 767
20228 21281
591 15026
591 19229
591 13913
591 13045
591 20037
591 9203
591 591
591 16644
591 19710
17536 4952
12987 8672
8544 10165
8544 15966
8544 16039
8544 795
8544 2054
8544 8169
8544 1429
8544 5966
8544 1995
8544 289
8544 12786
8544 43413
8544 8463
8544 4585
8544 3046
8544 19865
8544 912
8544 17428
8544 17389
8544 18360
8544 18115
8544 1540
8544 20037
8544 16644
8544 21651
8544 4946
8544 596
8544 4530
8544 13827
8544 22331
8544 12603
8544 4969
8544 8544
8544 5001
8544 12177
8544 6229
6921 21953
6921 6921
21510 33335
21510 21625
21510 20166
4116 22580
9231 23178
9231 12786
9231 2954
23135 19498
20826 8847
20826 17092
20826 2924
20826 14259
20826 14537
16373 12786
16373 16039
3494 3494
6244 8672
6244 3298
6244 21117
6244 21377
6244 6244
6244 6496
3647 19055
7731 13655
18267 18267
18267 12838
15780 15780
10674 5281
10674 20976
10674 11374
10674 2780
10674 11622
10674 3763
10674 7338
10674 6371
10674 15149
10674 5617
10674 10674
529 289
529 529
2591 13751
2591 2591
16139 16139
9265 21625
3564 3564
2938 13609
2938 21377
2938 8672
2938 16039
2938 2938
17294 17294
17294 4952
17294 6784
20869 14402
3562 3562
22344 1438
1505 21123
1505 289
1505 7902
1505 20037
1505 5495
1505 16644
1505 2213
5872 12603
5872 534
1493 5335
17303 21625
17303 9694
11994 11994
11994 1673
14201 20076
14201 21377
66879 14525
15351 14390
15351 3651
15351 13751
15351 17835
15351 20616
15351 14664
1489 8672
2570 20294
4969 4444
4969 14308
4969 11622
4969 21373
10167 2127
4787 4787
4787 14936
8847 289
8847 8847
8847 8672
8847 7597
8847 12567
8847 6496
12098 10694
22682 2127
22682 18894
22682 22718
10483 20037
10483 3589
10483 2127
10483 4585
8503 8503
12495 9694
13913 21715
13913 1048
14664 11724
14664 20976
14664 7902
14664 2416
14664 14664
14664 21488
14664 6830
16654 16654
16654 16653
16654 8672
16654 21625
16654 22153
6632 1686
6632 2914
2984 1021
11531 11531
3289 3559
4491 9203
10157 8672
10241 10279
21284 178203
21284 17835
21284 21284
21606 907
21606 2860
21606 2479
16466 13995
20094 21651
20094 1048
6004 10165
6004 1302
6004 6349
6004 5745
9694 4351
9694 9076
9694 8598
9694 14390
9694 953
9694 6203
9694 15291
9694 289
9694 5835
9694 6689
9694 879
9694 20037
9694 13109
9694 9042
9694 2864
9694 19441
9694 9694
9694 497
9694 15114
9694 2650
9694 5745
4546 2054
15200 15149
15200 20371
15200 21651
15200 5199
15200 20037
15200 16493
15200 4952
15200 11073
15200 10804
15200 1995
15200 14787
15200 372751
15200 1348
15200 14827
15200 9423
15200 4577
15200 15200
15200 17517
15200 1339
15200 26373
15200 2079
15200 2520
15200 3275
2799 21625
2799 18832
23405 2474
21583 19382
21583 21583
21583 9203
6349 21377
6349 21115
6349 21819
6349 6171
6349 6682
6349 6349
22096 7149
19709 8624
7597 13609
7597 7597
3117 289
3117 1643
3117 8672
3117 3117
3117 4530
3117 542
3117 15026
22221 21377
22221 7880
22221 6554
22221 16829
4444 18891
4444 2127
4444 3110
4444 2162
4444 6411
4444 1811
1540 21123
1540 23097
1540 8672
1540 6203
1540 17281
1540 1540
1540 1989
1540 3700
1540 3248
1540 1943
1540 21373
22315 22315
13601 14703
596 596
596 10825
596 1880
19956 21268
270 21123
270 11780
270 10202
1734 362
1734 1734
17130 2650
20251 11662
20251 16577
20251 12786
20251 2685
20251 20965
5666 20877
21396 14890
21396 18625
6070 16225
6070 21218
9203 20470
9203 14243
9203 12786
9203 2127
9203 1686
9203 9203
9203 19306
9203 19303
9203 11495
9203 19055
9203 8652
9203 18782
9203 20037
9203 19781
9203 105
9203 9311
9203 18894
9203 23089
1695 1695
22145 22403
22145 17400
22145 22145
22145 14703
1165 1165
1165 20649
20872 18628
20872 16039
35 35
35 20694
35 9246
35 16918
43413 13751
43413 5745
7776 7776
7776 6203
927 927
14782 21430
21488 289
21488 17304
21488 15966
21488 1849
21488 21625
21488 4952
21488 21488
21488 5001
14593 14593
14593 2610
14593 1365
14593 17967
2489 22916
2489 2489
2489 23122
2489 12786
2489 22580
2489 1686
2489 19558
2489 21377
2489 1690
2489 21625
2489 10092
2489 22610
14729 6866
19659 12966
19659 19659
19659 20965
19659 21178
14180 19668
14180 19422
9585 1339
9585 17304
6938 935
6938 912
6938 13751
6938 6203
6938 11204
6938 2553
6938 6938
21305 8634
21565 22067
9814 289
3810 21625
9232 5199
20075 22354
19968 7018
19968 19473
19968 8769
11806 7778
14959 14390
8672 2127
8672 23097
8672 21918
8672 113
8672 22310
8672 22105
8672 21219
8672 20539
8672 1973
8672 1359
8672 16875
8672 2162
8672 9411
8672 22064
8672 2054
8672 20633
8672 3981
8672 12555
8672 22403
8672 107
8672 13213
8672 22975
8672 8634
8672 18211
8672 22034
8672 5745
8672 21123
8672 3645
8672 4375
8672 19608
8672 20037
8672 34
8672 23327
8672 18894
8672 2032
8672 2479
8672 5508
8672 14848
8672 15114
8672 12786
8672 3928
8672 13239
8672 22827
8672 2628
8672 18694
8672 19420
8672 19306
8672 16644
8672 11771
8672 9270
8672 14182
8672 4756
8672 16690
8672 4284
8672 13336
8672 21515
8672 17773
8672 14352
8672 10349
8672 20846
8672 4577
8672 22750
8672 5682
8672 9042
8672 23089
8672 19391
8672 605
8672 20965
8672 14545
8672 15966
8672 8672
8672 13663
8672 1686
8672 18891
8672 15252
8672 13514
8672 19217
8672 11495
8672 21646
8672 2182
8672 10625
8672 11370
8672 787
8672 2310
8672 2661
8672 472
8672 13434
8672 9076
8672 9080
8672 1199
8672 21570
8672 8628
8672 12177
8672 21115
8672 1938
8672 20746
8672 19794
8672 22196
12579 15966
12579 20088
12579 1048
12579 8552
12579 7778
12579 12579
6784 13292
6784 19450
6784 942
6784 17967
6784 6784
18726 2127
18726 20189
14099 6554
22331 289
22331 22331
4952 2724
4952 8483
4952 6944
4952 12786
4952 14390
4952 4952
4952 1339
4952 22153
4952 18942
74818 2860
10766 978
14308 14308
14308 12786
14308 5682
14308 146
14308 20076
14308 21625
14308 20114
14308 20756
13514 13514
13514 1686
21409 11495
21409 21651
64057 14936
12838 12786
12838 16039
12838 3846
12838 9714
12838 8054
12838 19166
12838 2005
12838 7902
12838 18914
12838 7768
12838 3982
12838 17430
12838 2611
12838 2232
12838 7891
12838 12838
12838 14144
12838 33335
2253 10616
19809 12567
19809 14464
4513 4513
14848 14848
12073 12073
995 995
995 18914
2292 13645
1024 7435
9961 289
9961 9961
9961 6682
12718 11070
15013 9365
15013 2903
15013 6944
15013 4292
64996 2127
13547 16467
13547 19450
13547 13751
13547 16039
13547 2136
2942 2474
2942 21747
22916 22916
22916 7902
22916 22957
22916 20371
22916 1429
2269 21651
2269 21785
2269 7880
2269 3971
2269 21148
2269 2269
906 906
906 21651
21954 21388
7155 7201
13995 20384
13995 16264
13995 13995
22170 22170
22170 1339
4593 4593
6091 15966
6091 16039
6091 24524
6091 14243
6091 15134
6091 6091
6091 20549
6091 5745
11952 2553
11952 8486
10165 2127
10165 10165
10165 18894
10165 15966
10165 16039
10165 12555
10165 21377
10165 12618
10165 15791
10165 3183
10165 17553
10165 34550
10165 12968
10165 12786
10165 1673
10165 20037
10165 2310
10165 21651
10165 22080
10165 21863
10165 22580
10165 21625
10165 19203
7813 20088
7813 7813
7813 22034
7813 2179
7813 605
7813 6573
7703 20037
2876 6496
2876 14197
2876 828
2876 34
2876 1086
5254 49024
9698 21377
9698 11622
13254 22098
12618 2780
12618 2724
12618 542
18942 11495
18942 16747
18942 18942
18942 1339
18942 9423
21219 289
21219 720
21007 14390
21007 12786
20649 5070
10245 350
10245 1129
17734 16554
17734 17259
17734 17734
22303 19317
22865 5617
57039 57039
15948 14390
2162 11771
2162 3778
21268 21294
21268 4273
21268 1097
21268 12526
21268 2474
21268 21268
4844 4585
4844 22430
4844 494
16918 20694
16875 21123
16875 16875
16875 15966
16875 8628
1771 22772
5495 2127
5495 16167
5495 19644
5495 5199
5495 5495
5495 4666
5495 2860
5495 19317
12031 23122
17500 17862
1097 11550
1097 12603
19512 2005
19512 16639
19512 19512
19512 17259
19512 20924
427 15966
13486 4732
13486 14703
20088 289
20088 19420
20088 20088
20088 5745
20088 8169
20088 22493
20088 18119
20088 5001
14123 1339
14123 9395
14123 14123
14123 1048
2726 2726
2726 494
5617 15966
5617 22750
15134 12786
15134 494
15134 13609
15134 4143
15134 17281
15134 48219
15134 15134
15134 8610
15134 20887
15134 5682
15134 269529
15134 17307
15134 33335
15134 497
15134 11543
15134 16479
15134 2458
3183 17835
3183 8169
3183 542
3183 2180
3183 21715
8526 3651
8526 8526
2611 2611
22474 3248
16225 16225
16225 2044
16225 6944
16225 3971
9080 5408
9080 11550
9080 18993
3248 17705
3248 9571
3248 21515
18211 11846
18211 18211
18211 7768
4732 2864
4732 19681
4732 4732
4732 21411
4732 6782
4732 2213
20867 12786
20867 13751
20867 7768
13350 21117
13350 5070
12356 1339
12356 3054
12356 12356
12703 2079
13941 13941
22352 22354
21843 21843
21843 1048
21843 21625
1673 6203
1673 1673
1673 2650
20527 13609
20527 7902
10804 21430
2328 2445
22403 912
22403 15966
2072 9571
3665 13450
1383 1429
1383 2054
1383 1383
8188 15966
8188 22336
22354 104171
22354 19945
22354 22653
13079 6171
15114 15966
15114 6171
15114 1686
15114 4530
15114 263
15114 5424
15114 6899
15114 289
15114 19162
15114 15114
15114 22179
15114 21625
15114 22064
19927 11771
14716 289
14716 14716
14716 19943
3928 2032
3928 2380
3928 3928
20470 2127
20470 20470
20470 20037
7247 13292
7247 11771
23085 11557
16493 16493
5966 5966
5966 55
5966 12177
16639 16639
8463 8463
8463 20076
8463 12216
8463 19750
3629 16554
3629 16039
3629 22756
18896 16039
4566 19862
4412 13767
4412 4412
27076 11771
7585 20159
7585 2127
7585 21824
16479 11371
16479 16479
16479 24196
362 5044
362 6554
362 534
23156 12786
2179 12567
2179 978
2179 12786
2179 9948
2179 19558
2179 2179
6285 6285
18360 18360
12889 19382
22956 12786
26373 4577
26373 7880
4577 14390
4577 4577
4577 11073
4577 6830
19684 19684
3998 21115
3998 2650
1925 21123
21873 15541
7548 2127
7548 2848
7548 7548
7548 2054
2366 21515
2366 2366
2366 5001
2366 13767
16815 19947
16815 16815
7076 20942
7076 20668
10342 2054
10342 12786
1690 2127
7778 7778
8105 48228
2361 22756
16462 12567
2924 2924
19303 11780
19303 263
19303 19303
19303 1686
21785 20025
21785 22772
21785 21515
22064 21377
788 289
788 788
788 9411
19865 16903
19865 19865
17300 1429
17300 5526
20114 20114
21411 11495
7823 12968
8059 11073
22795 21921
2346 18115
8347 15149
7132 13239
7132 7132
7132 2032
10798 12567
10798 10798
21651 2860
21651 742
21651 21549
21651 21678
21651 18656
21651 5199
21651 11371
21651 15791
21651 9076
21651 21651
21651 4825
21651 1197
19938 372751
19938 23030
19938 9423
2702 2702
2702 12603
13970 17835
13970 12786
13970 18914
13818 13818
717 717
5829 2182
5829 5829
21373 289
21373 17980
21373 21373
21373 302
21373 11412
2870 18914
2870 3731
2280 2054
162 162
5199 3337
5199 12786
5199 21549
5199 95411
5199 5199
5199 18891
5199 8769
5199 1938
20694 105
20694 9246
21819 17835
11073 22179
11073 22772
11073 2860
18961 289
18961 4585
18961 697
22351 4499
22351 15365
8485 8485
7049 7049
7049 5745
904 289
14131 16903
25758 2860
101 350
935 15563
935 5745
1101 2127
1101 19082
13213 3110
13213 11771
41241 289
41241 830
6496 23211
6496 17773
6496 6496
6496 3110
302 4809
13609 10670
13609 12786
13609 13109
13609 16039
13609 10076
13609 13609
13609 7902
13609 20076
13609 497
13609 735
13609 1943
13609 896
12695 12695
23125 23125
20396 20037
20396 20396
2195 2054
14101 14101
21123 21123
21123 12786
21123 1686
21123 2182
21123 8802
21123 1681
21123 15541
21123 9411
21123 20076
21123 2032
21123 1302
21123 1764
17566 21625
17566 2458
1623 3004
2829 2801
2829 27300
12555 19608
19593 19593
20160 2127
12216 12216
1429 12966
22901 269529
22610 12786
7924 17967
16467 2553
16467 16467
16467 1943
19644 19644
542 10217
542 11204
542 21304
542 289
542 1259
542 20680
542 20076
542 542
542 21747
542 2724
542 6554
27300 21625
27300 2801
1339 20728
1339 21154
1339 90
1339 21515
1339 20025
1339 14197
1339 9076
1339 21178
1339 9365
1339 4509
1339 20031
1339 1339
1339 2079
1339 4459
10080 10080
2417 20633
21450 16147
21450 20294
21450 21450
1104 20294
1104 20417
1104 20037
1104 1104
1104 11204
16294 17281
16294 21625
16294 16294
18656 2650
18656 18656
18656 11495
19558 11204
19558 767
19558 17835
19558 19558
20025 20222
14390 15589
14390 20417
14390 1913
14390 2861
14390 14390
14390 1773
14390 7902
14390 120
14390 20076
14390 5745
14390 2853
14390 11136
6468 21377
18995 18995
3370 3370
4946 2553
4946 4946
4946 18993
4946 4459
8610 11780
8610 15576
8610 494
8610 13751
8610 11204
8610 11412
14489 978
8459 12786
10964 7039
3508 12786
8670 8670
11095 90
12998 12998
13239 17285
13239 942
13239 13239
13239 11813
13239 1048
22827 11550
22827 23457
8598 17259
8598 8598
15149 76050
15149 23030
15149 1048
15149 15149
15149 19441
15149 11205
10092 1880
10092 12603
10092 10092
10092 12872
10092 5001
13089 3284
13089 2054
1852 13570
22043 985
22043 3128
18335 3298
14182 13751
40281 17925
7946 18914
7946 16039
7946 953
7946 5526
7946 11069
7946 7946
7946 2628
7946 6418
4284 4284
20610 14827
20610 20610
1799 12786
1799 828
1799 1799
22542 21377
22542 34550
15855 3782
15855 13237
9311 12603
9311 16829
22080 22080
22080 4509
6944 17259
6944 3275
8514 8514
22963 17980
1129 12567
7891 11495
7891 2079
11710 11966
11710 13751
7338 21921
7338 11771
7338 20076
10465 2127
10465 10465
16747 16747
7041 19382
11336 11336
11336 21625
21598 21598
9395 372751
9395 5424
9395 14197
24344 2005
18999 8169
1913 1913
5895 5895
5895 11550
1276 1276
21178 21178
21178 828
21178 19508
21178 19473
21178 2079
15820 11780
828 828
828 12603
22179 16806
22179 12786
22179 22179
22179 18894
22179 21918
22179 2127
22179 1938
22179 46411
2474 12603
2474 2571
21094 33335
4361 2416
90 90
90 10299
90 13827
16829 14634
16829 289
16829 7902
16829 11771
16829 13655
16829 16829
16829 9076
16829 15117
16829 2590
3971 3971
3971 11771
3971 19203
18361 13201
18361 5001
21148 6203
21148 9423
21148 20924
1286 8169
1286 1286
20384 2232
20384 13751
8784 4181
8784 289
8784 20113
18993 20037
18993 20975
18993 18993
15365 16039
9103 21625
4273 20076
4273 767
5682 18894
5682 5682
5682 10076
5682 21377
5682 13655
5682 4585
5682 3763
22196 22196
2127 2127
2127 742
2127 16039
2127 4989
2127 289
2127 19629
2127 17304
2127 20953
2127 20076
2127 10214
2127 2724
2127 15947
2127 494
2127 2213
2127 409
2127 17389
2127 20037
2127 17281
2127 263
2127 20555
2127 2860
2127 18894
2127 3763
2127 2108
2127 1943
2127 16610
23097 23097
19629 3298
19629 19629
19629 6899
19629 21570
19629 22174
7018 22174
5408 5070
10586 10586
3943 7915
9572 9572
9881 20037
4499 22750
7104 13280
10171 9015
12061 12061
14827 14827
14827 13045
14827 19221
14827 11557
32996 7800
8552 8552
4585 289
4585 20294
4585 494
4585 17340
4585 4585
8834 2182
8834 2724
5024 5024
5024 12786
1764 3279
17259 289
17259 6811
17259 17259
17259 12786
17259 2005
17259 11690
17259 9111
17259 18891
17259 5526
2196 14805
8406 20371
6411 13751
6411 3110
6411 7768
5424 5424
5222 16039
5222 5222
16388 18894
14197 14197
14197 3981
14801 2989
3763 3763
6007 1745
10214 10214
2180 2180
2180 2780
2180 9302
2180 1285
22624 33335
20549 18521
3981 2650
3981 20037
3981 2203
3981 18115
3981 3279
3981 3981
657 657
5070 5070
5070 17835
5070 11718
5070 4258
5070 2590
2182 1483
2182 2182
2182 17304
2182 263
2182 4994
2182 646
2182 20076
2182 1880
2182 497
2182 13336
6813 6813
6813 12786
20389 17705
20389 20389
1438 1438
1438 7902
1438 19422
4161 7902
4161 4161
11622 16039
11622 11622
12594 1474
12594 12594
17980 12786
17980 14274
17980 17980
17980 4825
17980 21625
17980 20848
14526 14526
14526 21515
2458 1209
1595 21318
22910 22910
13109 13109
6171 6171
6171 9270
4921 21515
21138 21138
21138 6830
16554 10670
16554 16554
3054 5745
8099 289
8099 6554
19794 16903
22153 19306
22153 32083
22153 16039
22153 11814
22153 11495
22153 4989
22153 1048
22153 4891
22153 22153
4181 22294
4181 4803
17716 17716
2853 13443
20846 7768
20846 20846
20846 12786
20846 12567
4809 4809
21319 20877
1681 11204
20417 289
20417 20037
20417 3279
20417 17304
20417 20417
4100 4100
19123 21377
19306 15966
9463 62839
7768 2079
7768 13751
7768 7768
2568 2568
3982 3982
3982 12786
7109 36200
22294 22294
20076 18782
20076 7743
20076 15541
20076 20555
20076 9076
20076 20680
20076 19473
20076 20076
20076 2860
20076 2059
3645 289
3645 2724
19055 12786
19055 11771
19055 19862
19055 2650
19055 11204
19055 19841
19055 105
19055 19055
2513 2513
36200 16806
10217 10217
17389 17389
17389 11220
17389 18782
8392 65660
20444 908
9825 705
16329 16329
16329 16039
16806 7872
16806 16806
16806 19943
16806 13751
16806 21377
16806 21931
16806 12673
16806 9350
22744 22744
22744 11550
2079 7144
2079 21625
2079 20161
11412 18914
11412 16039
11412 2213
11412 11412
5598 2005
21154 21154
2073 2073
2763 2763
23211 15966
23211 23211
16114 16480
22838 22067
65660 9039
289 13905
289 12786
289 4143
289 15791
289 19943
289 19685
289 2421
289 13751
289 18894
289 1698
289 6371
289 289
289 6554
289 8634
289 11495
289 1209
289 20037
289 1048
289 693
289 12603
289 5001
20972 20972
3778 1048
21737 21737
12511 22580
8916 8169
8916 3004
4825 2724
4825 4825
4825 494
21397 263
953 7902
13237 4530
13237 3782
13237 17629
13237 13237
19587 19587
3110 1811
3110 18894
3110 3110
3110 5745
23030 23030
16001 16001
22580 15966
22580 22580
22580 1113
2232 11204
2232 19608
46411 12786
5761 16039
6290 6554
10076 17705
10076 16039
10076 10076
10076 20227
10076 2213
10076 20109
10076 11550
10076 6682
10076 2416
96021 42
96021 37028
2002 16264
2002 2002
2864 18119
2864 2864
11874 11874
5812 5812
22735 22735
15589 204
8652 8652
8652 17281
8652 12786
8652 16039
23122 12567
23122 23122
23122 263
1973 494
894 894
8802 2553
8802 8802
3275 720
6584 9571
6584 494
1201 7238
1201 2032
13767 13767
13767 7122
13767 16039
13767 13300
13767 1889
13767 21875
5394 1643
120 14243
17430 17430
19079 19079
19079 107
21388 21388
21388 21625
21388 21377
21388 22205
21388 2914
19203 11492
2733 2054
7131 1880
20877 20877
20877 1698
20877 1943
12039 12039
12039 34
12039 17230
5064 5064
2861 2861
9042 3279
4666 4666
4666 16039
7263 7263
7263 19473
10941 5311
21556 21556
11724 17705
11220 18451
13655 12786
13655 18891
13655 2553
13655 13655
13655 11204
13655 5338
13655 1889
6478 6478
4803 4881
4803 4803
362214 20924
907 2479
10722 13663
8301 21715
1911 14128
1911 2650
18708 21432
11550 372751
11550 13663
11550 17307
11550 1686
11550 17281
11550 6371
11550 11550
11550 18914
11550 8634
11550 12786
11550 11070
19497 19497
23327 12603
23327 12366
23327 19943
4615 4615
4615 24524
4615 3519
767 11495
767 19441
767 21953
767 767
767 11557
767 11374
17428 19422
17428 18521
17428 17428
17428 8477
16534 16534
20222 16039
12177 5144
13905 2213
19631 5206
22182 1282
1880 1880
5206 11204
5206 3279
1474 15966
20942 20942
18914 18894
18914 18914
18914 2553
18914 21059
18914 21040
6337 18891
6337 6682
6337 19943
17307 12786
10054 19943
12317 89491
21515 1086
21515 15966
21515 21515
21515 1048
21515 21700
21515 12786
21515 1968
21515 21570
21515 2724
2213 6006
2213 12786
2213 13027
2213 2213
2213 8732
2213 2579
2213 9302
2213 18894
2213 21377
2213 21570
2213 33335
20445 12786
3559 2136
19082 1943
19082 17340
6899 12872
6899 17835
6899 6899
24524 12603
11884 22756
6870 6870
3004 3004
3004 20202
20134 4375
20134 409
20134 20924
18694 18694
18694 12786
18694 21625
20965 20965
20501 20501
20501 1048
15966 15966
15966 18891
15966 2724
15966 6830
15966 18894
15966 18119
10299 21625
464 46547
18053 20037
18053 5001
3589 10953
3589 3589
13450 13450
13450 16039
13450 11534
269529 17340
269529 2416
11495 18891
11495 6371
11495 10093
11495 5226
11495 11495
11495 12603
11495 21625
1302 1302
1302 34
22658 3018
22658 4938
18296 33335
22493 7765
778 778
2766 1796
18936 6064
18936 494
3298 12567
3298 12786
5311 5311
20371 20371
12347 12347
18832 21625
20161 372751
16610 474
16610 16610
16610 19229
11534 21402
11534 21625
5288 5288
9571 9571
9571 89491
9571 33335
9571 52570
9571 18050
21570 18435
21570 21570
21570 18451
22067 20953
6515 14400
6515 6203
12603 19229
12603 2553
12603 12603
12603 5001
5001 12786
5001 1665
5001 18891
5001 1048
5001 6830
5001 2553
5001 1943
5001 4222
7825 12786
7435 21304
7435 4375
519 2087
2773 2773
11440 1938
9449 9076
795 1938
21918 4530
21918 21918
21918 2416
3773 12786
22105 18891
12786 13292
12786 19229
12786 16039
12786 2054
12786 7902
12786 12786
12786 13201
12786 18192
12786 11240
12786 17281
12786 263
12786 4090
12786 2780
12786 13751
12786 17340
12786 21377
12786 20390
12786 21625
12786 11966
12786 23178
12786 19382
12786 11070
12786 9948
12786 37028
12786 23585
12786 1938
12786 896
12786 33335
12786 14068
12786 21646
12786 20976
12786 20037
12786 1048
12786 19280
12786 11204
12786 18119
12786 14936
12786 2005
12786 18891
12786 20924
12786 16577
6909 2054
20239 20728
1643 18894
978 4989
978 978
978 19668
4201 48219
19668 2054
19668 1943
19668 19668
912 912
942 942
942 19943
545 545
545 6830
5144 2416
5144 107
17206 19463
17517 17517
20294 6682
20294 9948
20294 2054
20294 33335
20294 20294
4090 4090
4090 6830
21564 11204
9423 7800
9423 9423
7766 4530
22756 22756
5745 22511
5745 5745
5745 8775
2416 33335
2416 11771
2416 2032
2416 2416
2416 7201
2416 11070
2416 8691
51475 48219
10340 17553
19463 19463
19463 17340
20953 3782
20953 20953
20700 20700
7071 3651
18050 18050
21542 11771
146 146
22336 22336
17967 19382
17967 17967
17967 16039
17967 2724
34550 17281
34550 21377
16254 16254
20037 16039
20037 12567
20037 19441
20037 19685
20037 19382
20037 2650
20037 20037
20037 20202
20037 13751
20037 15295
1845 15724
21625 19489
21625 1995
21625 6554
21625 31075
21625 3089
21625 2005
21625 13045
21625 605
21625 21625
7902 2650
7902 12966
7902 7902
7902 18521
34 23219
14936 11771
14936 14936
14243 17281
3279 263
18192 18192
18192 33335
5338 5338
21835 21835
21018 21018
19841 19841
16039 18628
16039 2054
16039 19943
16039 11718
16039 11374
16039 1943
16039 372751
16039 20924
16039 2579
16039 17400
16039 105
16039 16039
16039 1958
16039 13751
10078 3782
17340 10670
17340 17340
17340 2724
1958 11771
17673 2590
12526 249308
11374 11374
11771 17705
11771 18894
11771 13027
11771 13663
11771 2054
11771 7743
11771 11771
11771 2724
11771 19781
9270 9270
19943 21646
19943 18891
19943 19943
19943 54999
921 921
19441 19441
19441 18119
19441 1209
11543 11543
11543 312
13336 6554
19382 19382
19382 6371
19382 9350
19382 89491
19382 48228
19382 21518
20159 9411
19473 33335
19473 2553
19473 13279
19473 20071
12872 21318
12872 21867
12872 12872
12872 21868
12872 17773
12872 20555
10829 10829
4718 4718
4258 4258
697 18894
697 18119
697 22034
2553 6128
2553 2553
2553 13751
2553 2650
13751 17705
13751 13751
13751 22215
13751 10520
13751 20390
22750 22750
12591 9076
19621 19621
8926 17281
16651 21377
23178 23178
11780 19047
11780 2059
11780 11780
3970 18521
13827 18628
13827 16480
13827 1048
11240 11240
9887 21115
15252 15252
59079 16264
17553 17553
11846 11846
7800 7800
494 17835
494 494
494 3700
494 21318
494 19733
494 17870
19280 11204
20555 20555
13434 12567
312 312
6554 11204
6554 2724
6554 6554
497 497
10882 10882
15881 17304
742 742
985 985
21377 9350
21377 21377
21377 9302
21377 2724
2054 409
2054 1686
2054 1943
2054 37028
2054 9350
2054 18891
2054 18358
2054 2054
21868 11204
3180 33335
1209 1209
2801 2801
352 352
2059 19047
1086 1086
409 409
1665 1665
16517 16517
14634 14634
14634 12567
14634 18891
14634 263
15563 15563
9117 9117
10791 10791
21707 14128
19425 8743
6128 6128
11070 18628
11070 18521
11070 20728
23089 23089
6371 11204
6371 6371
949 949
19047 19047
4319 4319
4319 263
10452 10452
10452 62839
4009 2860
19493 19493
24263 23457
18782 18782
18782 1943
18521 18521
18521 12966
17925 17925
17925 17281
16673 16673
14703 14703
18894 11204
18894 263
18894 2780
18894 18894
20166 20166
1849 11204
17705 17705
18628 18628
13292 2005
13292 13292
13292 18119
13292 2650
5448 5448
5448 33335
5448 263
2867 1597
4989 4989
19947 19947
2628 2628
15724 15724
21753 14128
21753 263
21518 21518
14596 1943
7872 2650
3502 3502
50067 372751
1495 1495
178 12179
20225 20225
20225 2650
18119 18891
18119 8169
18119 18119
794 17835
14194 5526
22238 6682
13663 1282
13663 16147
13663 105
13663 27732
13663 21239
15648 15648
22174 17304
1503 1503
48219 48219
6682 6682
21318 21318
17304 17304
17304 20924
89491 89491
2479 2479
2479 2780
6409 6409
194 11718
20728 11204
7201 12751
9076 9076
9076 12567
2005 2005
5226 11204
4392 4392
20390 20390
2860 1048
2860 20202
19781 19781
17835 17835
17835 1686
20227 2650
21700 21700
14639 14639
1995 1995
5129 17281
16147 16147
22205 2914
7880 2663
20127 1943
14128 14128
17281 17281
6830 6830
2914 2914
1943 1943
1943 2590
1943 8775
11204 33335
11204 11204
11204 4530
11204 2650
16480 1048
16480 15026
16480 17424
8169 8169
1878 1878
7490 7490
9302 9302
9302 20173
8775 8775
4375 4375
19608 10670
2650 22976
2650 2650
6866 4530
16950 11492
896 896
19655 19655
19229 19229
4508 4508
4530 2724
4530 4530
277 277
3700 16644
1905 6861
1659 1659
712 712
11492 11492
263 2780
263 33335
263 263
2558 21646
4222 4222
14061 1686
13045 13045
693 693
1686 1686
18891 18891
18891 11246
11246 11246
9350 9350
14111 14111
33335 33335
6861 6861
2724 2724
19681 19681
2780 2780
16644 16644
2445 2445
11479 11479
