1018 888
1018 664
1018 1035
1018 1205
1018 1254
1018 2433
1018 2373
2200 1580
4221 877
59950 845
59950 107
59950 1474
59950 3602
3485 1267
426 1004
1751 49382
1751 1751
1751 937
1751 1865
1751 2848
1751 2310
1751 3873
1751 1209
1751 1472
1751 903
1751 2327
1751 2084
1751 55
1751 542
1751 307
1751 54999
1751 919
1751 1262
1751 292
1751 1509
1751 76
1751 3981
1235 1429
815 815
815 90
815 100
815 2763
815 707
815 3674
815 329
815 2310
815 1551
815 1135
815 415
815 2812
815 717
815 4178
815 3680
815 1508
815 840
815 1140
815 2989
815 421
815 76
815 3981
872 1392
872 344
872 90
872 70
2114 1548
2114 2844
2114 2054
2114 170
2114 2724
2114 14456
294 319
294 1086
294 1
294 2828
294 2084
294 2001
294 1665
294 187
294 2104
294 3630
294 542
294 1563
294 1551
294 919
294 34
3235 1387
3235 2001
3235 3630
3235 2553
3235 2928
3235 3645
3235 2310
3235 1761
3235 2083
3235 2392
3235 3516
3235 765
1008 885
3401 4027
2004 2385
982 482
982 2310
982 982
982 187
2591 1
2591 953
2591 3981
2591 2066
2591 1034
187 1548
187 519
187 1041
187 100
187 1460
187 1770
187 517
187 113
187 705
187 3703
187 512
187 1428
187 2378
187 733
187 3254
187 413
187 187
187 299
187 103
187 307
187 919
187 2977
187 820
187 2360
187 3518
187 2963
187 791
187 626
187 430
187 1931
187 45675
187 559
187 1327
187 1955
187 650
187 2429
187 161
187 2804
187 263
187 3093
187 1392
187 2396
187 564
187 317
187 967
187 241
187 1387
187 3602
187 939
187 3630
187 1771
187 55
187 8990
187 1129
187 120
187 2928
187 2276
187 333
187 781
187 266
187 2084
187 657
187 1062
187 17285
187 3022
187 310
187 783
187 905
187 288
187 3062
187 343
187 2861
187 329
187 1936
187 2523
187 1884
187 2653
187 1417
187 372
187 13
187 645
187 2641
187 547
187 2132
187 719
187 1350
187 137
187 568
187 499
187 2959
187 1727
187 740
187 2264
187 2871
187 586
187 3262
187 193
187 482
187 836
187 1161
187 408
187 3117
187 32
187 94
187 2196
187 105
187 1962
187 3953
187 2472
187 2942
187 2005
187 247
187 312
187 292
187 4199
187 2188
187 2232
187 76
187 870
187 1881
187 2669
187 1132
187 1135
187 1048
2332 1548
2332 1329
2332 1695
2332 1833
2332 915
607 1245
607 3361
3016 620
520 247
11825 1134
1305 896
1305 2597
1305 1162
1305 723
1115 1314
1115 1115
1115 1358
1115 90
538 276
538 781
538 2054
2938 1021
2938 2416
2938 3594
2938 6
2938 1686
2938 705
2938 2726
2938 1843
2938 1438
2938 1931
2938 182
2938 733
2938 1245
2938 2720
2938 2610
2938 1630
2938 1508
2938 978
2938 2673
2938 326
2938 664
2938 2938
2938 3742
2938 3109
2938 3660
2938 164
2938 2310
2938 1262
2938 122
2938 2005
2938 4126
2938 133
2938 1387
2938 1472
2938 879
2938 1394
2938 3630
2938 2084
2938 1835
2938 1329
2938 2032
2938 2098
2938 3209
2938 76
2938 1244
2129 2127
2129 17285
2129 1931
2129 2115
2129 519
2129 1
2129 919
2129 1483
2129 1548
2129 986
2129 723
2129 702
2129 14
2129 1508
2129 62
2129 2486
2129 372
2129 542
2129 908
2129 558
2129 55
2129 30653
2129 1769
2129 2032
2129 1746
2129 3399
2129 765
2129 705
2129 434
2129 515
2129 2550
2129 991
2129 2715
2681 2162
626 289
626 1548
626 100
626 1387
626 1931
626 3220
626 626
626 55
626 1578
626 903
626 241
1502 32
1502 1863
1502 1387
1502 2503
1502 263
1502 482
1502 1339
1502 3307
1502 1695
1502 1764
1362 317
2859 919
2859 586
2919 1699
1844 169
1844 1844
1844 3167
1844 1457
1844 2241
1844 2825
1844 519
1844 778
1844 3128
1844 1596
1844 1947
606 451
606 50368
606 372
1505 3134
1505 329
1505 3110
1505 4111
1505 1505
1505 45144
1505 3079
1505 1698
1505 4098
1505 76
1505 3942
2415 517
1493 2398
1493 704
1197 4168
1197 2720
324 1146
324 577
1442 2890
1442 1905
1442 1442
1442 3651
1442 2924
1442 3254
1442 4138
1442 2649
1538 1810
1538 90
1538 519
1538 4102
1538 545
1538 100
1538 1735
1538 4162
1538 2310
1538 3312
1538 263
1538 112
1538 547
1538 1970
1538 1538
1538 1002
1538 55
1538 838
1538 2002
1538 2924
1538 3508
1538 1627
3198 801
3198 1034
1856 657
1856 1548
1856 2017
1856 17285
1856 3602
1856 2058
1856 602
1856 1730
1856 2928
1856 1746
1856 1929
1856 333
1856 845
1856 81523
1856 2396
1856 268
1856 2392
1489 4168
2630 2092
3250 953
3250 2416
3250 2928
3250 542
3250 3157
3250 2804
3250 55
2570 683
2570 1931
2570 2013
2570 55
2570 2032
2570 2570
2570 2050
2570 2949
2570 2618
2570 4038
2570 2794
2570 2054
2570 1878
40886 783
1400 289
1400 3775
1400 55
1400 2162
1400 312
1400 919
1400 184
1400 1254
1400 3757
1400 1409
1400 920
1400 542
1400 3766
1400 1570
1400 263
1400 509
1400 372
1400 1400
1400 1325
1085 2649
1085 1825
1085 2704
1085 3594
1085 2055
1085 2054
1085 712
1085 939
1085 1126
1085 2361
1085 791
2239 2127
2239 2239
2239 1931
2239 492
2239 2262
2239 2398
2239 8
2239 88
2239 2046
2239 2650
2239 45675
2239 647
2239 263
2239 2394
2239 1878
2239 1695
2239 1724
2239 907
2239 879
2239 519
2239 395
2239 2132
2239 1649
2239 1853
2239 2275
2239 413
2239 436
2239 2216
2239 664
2239 1262
2239 321
2239 2032
2239 2366
2239 76
2239 3981
1873 430
1873 1576
1873 3128
8104 8909
14397 3118
2750 928
146 1548
146 143
146 176
146 172
146 1339
146 55
146 112
146 319
146 2054
1415 2293
1415 548
3662 891
3662 1548
3662 2162
3662 3484
3662 1145
3662 3655
3662 1210
3662 3662
32 509
32 482
32 1623
32 792
32 519
32 919
32 2432
32 1460
32 291
32 32
32 2566
32 311
32 2523
32 105
32 302
32 610
32 1209
32 2002
32 211
32 1126
32 1671
32 319
32 464
32 422
32 410
32 888
32 411
32 231
32 927
32 188
32 1467
32 1627
32 976
32 76
32 3981
2984 1021
2984 2515
2984 492
2984 90
2984 712
2984 1495
2984 1982
2984 739
2984 2054
2984 2984
2984 191
2984 105
2984 372
2984 3110
2984 4058
2984 1752
2984 2639
2984 1457
2984 422
2984 3518
2984 3630
2984 2649
2984 2799
2984 1462
2984 1546
2984 1764
2984 3981
3289 1931
1174 2433
8842 2280
2145 98545
2145 2641
2145 2769
2145 1145
971 1021
971 2673
900 827
900 983
900 739
900 1071
900 653
900 558
900 705
900 719
900 897
900 1140
900 321
900 45675
53528 2005
53528 1061
53528 559
53528 3183
143 1112
143 45675
143 228
143 2084
143 1098
143 169
143 1356
143 24
143 1709
143 62
143 705
143 820
143 541
143 112
143 1304
143 339
143 307
152155 3856
152155 1871
9267 3183
2936 945
2936 263
2936 2935
2936 1938
21583 4102
21583 2553
21583 21583
21583 2187
21583 542
1156 838
7 1962
4190 107
252 289
252 141
836 953
836 1548
836 103
836 519
242 299
242 1760
242 1508
242 2098
242 1262
242 2366
242 1329
242 242
242 719
242 2132
2406 2406
1037 619
1037 708
9487 2965
1024 856
1024 832
3230 3803
541 4073
541 169
541 172
541 83
541 781
541 2263
541 6
541 577
541 1694
541 2241
541 1521
541 541
541 1511
541 1207
541 2411
541 1126
541 832
541 55
541 1098
541 1401
541 62
541 2061
541 188
541 1339
541 766
321 1548
321 1387
321 1245
321 617
321 828
321 6
321 28
321 953
321 837
321 263
321 2055
321 1304
36099 1548
36099 2448
36099 3870
36099 36099
596 451
596 430
596 986
596 411
596 705
596 795
596 3236
596 542
596 113
596 2804
596 664
596 107
713 3856
2849 337
2849 2365
2223 1596
1428 657
1428 1428
1428 316
1428 2013
1428 100
1428 94
1428 2565
1428 1929
1428 3594
1428 3072
1428 702
881 919
270 224
270 169
270 21
270 1367
270 2115
270 1356
270 1659
270 2310
270 2523
270 263
270 1262
270 845
270 993
270 869
270 2962
270 1580
270 1572
270 683
270 1573
270 3630
270 1661
270 1578
270 1481
270 542
270 1103
270 270
270 3052
270 1001
270 1675
270 1004
270 1409
270 997
270 80757
1140 1257
1140 1010
1140 1936
1140 1825
1140 45675
1140 1086
1140 1327
1140 2910
1140 1254
1140 953
1140 1140
1140 1267
1140 577
1140 1884
1140 2807
1140 107
1140 2297
1140 835
1140 1472
1140 50368
1140 778
1140 687
1140 1098
1140 329
1140 2189
1140 3122
1140 6765
1140 1297
1140 978
1140 1001
1140 781
1140 43720
1140 1144
1140 1002
1140 1210
1140 76
1855 1945
1855 3022
1855 3738
1572 699
1572 986
1572 4507
1572 2187
1572 1665
1572 838
1572 517
1572 702
1572 1417
1572 3183
1572 2897
1572 1906
1572 733
1572 1913
1572 2924
1572 1802
1572 1764
1572 927
1572 1469
1572 70
1572 2935
1572 650
1572 2213
1572 2660
1572 3236
1572 2804
1572 263
1572 2949
1572 928
1572 62
1572 45763
1572 1028
1572 2504
1572 2618
1572 1387
1572 2001
1572 804
1572 55
1572 3533
1572 675
1572 2717
1572 2436
1572 1572
1572 2084
1132 2320
1132 739
1132 1309
1132 2396
1132 1325
1132 1132
1132 3981
1734 1621
3017 4018
3017 1339
3017 835
4051 919
10961 94606
10961 308
10961 2373
10961 2211
1590 3630
1590 927
1590 2310
1732 3630
1732 2639
1732 1135
704 869
704 509
704 1138
704 995
704 519
704 558
704 704
704 659
704 2189
704 917
704 1551
704 436
704 1272
1346 712
1888 1429
21396 41219
592 482
592 1343
592 1488
592 995
592 519
592 494
592 1796
592 100
592 705
592 880
592 1429
592 820
592 2396
592 225
592 4027
592 3981
1695 3116
1695 169
1695 2515
1695 17285
1695 1833
1695 519
1695 3120
1695 1974
1695 2763
1695 1863
1695 2801
1695 2381
1695 344
1695 2365
1695 1755
1695 845
1695 1358
1695 1695
1695 2844
1695 2430
1695 542
1695 1245
1695 2460
1695 413
1695 122
1695 3248
1695 1508
1695 568
1695 3214
1695 293
1695 3101
1695 326
1695 2320
1695 2829
1695 2489
1695 430
1695 1931
1695 2262
1695 494
1695 1327
1695 2455
1695 1735
1695 647
1695 2751
1695 712
1695 3257
1695 1135
1695 2005
1695 38
1695 530
1695 879
1695 3484
1695 3630
1695 1223
1695 2039
1695 888
1695 1383
1695 2393
1695 88
1695 591
1695 322
1695 1771
1695 2016
1695 1221
2768 1548
1165 920
1165 1255
1165 1165
1165 1081
7776 2098
590 3361
590 17285
590 1311
590 1223
590 1314
590 3049
590 37726
590 838
590 1993
590 3617
590 2649
590 1162
590 1909
590 590
590 245
590 436
590 1704
3095 687
3095 3095
2489 1548
2489 3765
2489 2163
2489 2241
2489 2489
2489 2013
2489 2373
2489 2213
2489 1356
2489 2898
2489 329
2489 296
2489 1720
2489 647
2489 1929
2489 3591
2489 2273
2489 2949
2489 322
2489 2958
2489 2110
2489 2486
2489 1835
2489 38
2489 2618
2489 55
2489 2132
2489 2914
2489 1573
2489 3093
2489 927
2489 2799
2489 76
2489 333
2489 4091
2489 1135
2489 263
2489 2854
2489 991
2489 1384
67902 2373
3697 2032
3697 733
94593 2005
24 169
24 228
24 6
24 291
24 27
24 24
24 237
24 245
24 63
24 13
24 2110
24 3361
24 182
24 429
24 312
24 55
24 413
24 436
24 2611
24 46
24 1302
24 1131
24 1255
24 1209
24 76
58602 712
58602 2455
10834 10834
831 48
831 687
831 2804
112 482
112 318
112 48
112 1472
112 2241
112 182
112 26
522 289
522 1548
522 3765
522 410
522 2416
522 3119
522 2924
522 845
522 3814
522 103
522 522
522 80757
817 1071
2502 98545
2502 2503
1029 2643
1029 1029
1029 2162
1029 3048
1029 919
1029 1135
1029 828
1029 907
1029 62
1029 436
3810 1548
3810 3757
3810 3810
1098 17285
1098 1284
1098 995
1098 519
1098 1315
1098 545
1098 1596
1098 2433
1098 38
1098 107
1098 920
1098 1429
1098 1304
1098 133
1098 832
1098 1472
1098 2001
1098 1146
1098 1098
1098 1508
1098 2098
1098 1246
1098 1126
1098 2461
1322 1339
151 1833
20075 20189
333 1021
333 1548
333 333
333 986
333 2366
333 100
333 1129
333 2182
333 2132
333 344
333 28
333 3128
333 3013
333 3610
333 3630
333 660
333 2416
333 2568
333 103
333 1586
333 307
333 1245
333 3399
333 1531
2836 2836
2836 2475
2836 2963
2836 875
1467 2263
1467 2322
1467 1623
1467 316
1467 1467
1467 1070
1467 1379
1467 1465
1467 1460
1467 30653
1467 3981
1467 476
1467 2729
1467 896
1467 1104
1467 352
1467 1126
1467 368
1244 927
1244 2395
679 657
679 1548
679 169
679 2761
679 1457
679 482
679 2631
679 2213
679 554
679 1665
679 953
679 2367
679 2310
679 1196
679 2191
679 679
679 938
679 38
679 1343
679 717
679 55
679 1931
679 2002
679 1481
679 2276
679 375
679 3549
679 4100
679 1004
679 2684
679 1384
1367 1576
1367 919
1367 3981
1367 3942
1329 289
1329 1580
1329 1224
1329 17285
1329 45675
1329 879
1329 519
1329 828
1329 1329
1329 37726
1329 1129
1329 1596
1329 2393
1329 1429
1329 295
1329 1234
1329 1387
4129 6765
4129 2515
4129 609
4129 1947
4129 2601
4129 660
4129 4129
4129 3153
4129 765
4129 3594
4129 266
4129 791
4129 2264
4129 2963
4129 548
826 798
826 1048
826 2841
826 905
826 2360
826 263
826 826
826 586
826 3981
291 381
291 1623
291 1931
291 45675
291 90
291 369
291 408
291 343
291 265
291 2310
291 3981
291 263
291 63
291 1325
291 339
291 1384
276 62
3223 766
3223 894
633 1580
633 164
633 319
917 1313
917 1573
917 2232
917 381
917 17285
917 1272
917 3746
917 3099
917 1745
917 586
37726 1929
37726 2127
37726 620
37726 720
37726 1483
37726 2013
37726 1894
37726 397
37726 37726
37726 880
37726 1911
37726 166
37726 2213
37726 1825
37726 372
1126 2127
1126 1229
1126 17285
1126 630
1126 482
1126 783
1126 1738
1126 561
1126 169
1126 2202
1126 2213
1126 548
1126 344
1126 263
1126 1929
1126 2949
1126 339
1126 993
1126 1126
1126 1387
1126 1548
1126 422
1126 558
1126 705
1126 1746
1126 1764
1126 1315
1126 919
1126 1523
1126 1325
1126 586
1878 224
1878 683
1878 1457
1878 1649
1878 2373
1878 2275
1878 548
1878 103
1878 1551
1878 2310
1878 1878
1878 3399
1878 560
1440 372
1440 2981
1440 263
600 1339
600 156
1261 162
1261 1254
4050 2677
410 1062
410 1649
410 2241
410 653
410 545
410 267
410 1460
410 94
410 2579
410 263
410 14
410 317
410 38
410 879
410 2665
410 410
410 184
410 329
410 857
410 293
410 664
410 2275
410 1409
410 319
410 3981
229 1955
229 2472
229 8909
229 2358
229 919
229 229
229 1508
229 2310
229 1884
229 3399
229 107
229 1325
229 2054
3906 2310
1359 1698
2688 2589
2688 2392
789 1548
789 3361
789 1894
789 3478
789 1563
1155 4099
1155 3012
1155 344
1155 252549
1155 486
1155 1155
1155 2597
1155 1627
1155 11727
1155 3981
2392 1548
2392 620
2392 542
2392 90
2392 2733
2392 2213
2392 2748
2392 2553
2392 103
2392 798
2392 2693
2392 2649
2392 2392
2392 2461
2392 1665
2392 3640
2392 564
2392 2804
1945 2553
1945 169
1945 820
1945 1945
1945 292
1945 339
79723 885
997 719
997 1112
997 45675
997 263
997 644
2461 1108
2461 41219
2461 1936
2461 263
2461 2773
2461 919
2461 564
2461 1982
2461 2241
2461 2468
2461 2085
2461 42296
2461 1917
2461 1135
2461 388
2461 133
2461 1472
2461 605
2461 2618
2461 307
2461 838
2461 1932
2461 3004
2461 2669
2461 1449
2461 2461
1062 2127
1062 169
1062 1884
1062 772
1062 712
1062 100
1062 1306
1062 162
1062 1453
1062 2720
1062 101
1062 2466
1062 113
1062 1987
1062 334
1062 1429
1062 289
1062 1580
1062 2331
1062 2903
1062 1245
1062 4178
1062 2275
1062 1508
1062 307
1062 352
1062 2366
1062 2398
1062 548
1062 1062
1062 482
1062 2263
1062 430
1062 1931
1062 228
1062 2603
1062 1735
1062 2179
1062 837
1062 161
1062 2310
1062 2191
1062 1551
1062 105
1062 1511
1062 199
1062 832
1062 3630
1062 55
1062 341
1062 350
1062 76
1062 8
1062 344
1062 586
1062 3814
1062 3981
1062 292
1062 4220
1062 263
995 169
995 3640
995 2910
995 602
995 1993
995 3981
995 2066
995 372
995 42296
995 2456
1609 2039
1609 7049
1609 2058
1609 62
1609 1609
2576 2989
2576 1523
2576 2275
2576 1686
2576 519
2292 2005
2292 430
2292 1343
2292 15769
2292 1881
2292 154
2292 3981
1059 967
1059 1088
1059 1059
1059 659
1059 919
894 888
894 2066
894 3981
2069 1548
2069 103
2069 4104
2069 1931
2069 2069
2069 228
2069 352
2069 2568
3307 1548
3307 17285
3307 3526
3307 978
3307 3307
3307 1245
3307 3689
3307 100
3307 1277
4107 1162
4684 3183
93 6
523 869
523 1548
523 45675
523 3115
523 2910
523 235
523 1665
523 2553
523 265
523 3099
523 76
523 791
3309 659
3309 3309
3309 2196
3309 2814
3596 3856
1013 657
1013 1936
1013 2213
1013 1457
1028 1094
1028 296
1028 832
1028 1688
1028 2180
1028 919
1028 1627
1028 343
1028 3981
377 17
832 247
832 927
832 723
832 1120
832 903
832 329
832 344
832 820
832 317
832 1438
832 339
832 1209
832 907
832 739
832 896
832 1725
832 76
832 2649
832 1103
832 960
832 551
832 1682
832 241
832 1055
832 586
832 1504
2650 2424
2650 247
2650 1936
2650 45675
2650 1457
2650 70
2650 4102
2650 919
2650 1327
2650 4509
2650 2281
2650 238
2650 3942
2650 2465
2650 344
2650 2310
2650 1686
2650 3614
2650 2650
2650 1358
2650 6905
2650 1931
2650 3110
2650 41219
2650 4230
2650 2903
2650 2814
2650 395
2650 1237
2650 2276
2650 509
2650 3981
2650 2928
2650 2649
2650 3399
2650 76
2650 2054
2650 2991
2650 1209
2650 170
2650 991
2650 2523
1360 169
1360 1936
1360 1508
1360 2903
1360 519
1360 1472
1804 1267
1804 2310
1804 2986
1804 2601
1804 1387
1804 288
1804 1735
856 1602
856 1387
856 4012
856 551
856 558
856 548
856 1511
856 1243
856 1523
22170 1431
22170 6927
22170 13
2508 1339
2508 1931
3033 76
3033 3033
3033 1272
3033 263
3033 2949
3033 372
3033 476
2393 1010
2393 2812
2393 1483
2393 3138
2393 1387
2393 591
2393 2393
3965 2310
3965 1472
80757 2478
80757 2763
80757 3138
80757 3942
80757 2182
80757 80757
80757 2959
80757 2818
80757 45763
80757 103
80757 2744
80757 3110
80757 1387
80757 542
80757 733
80757 705
80757 3183
80757 1508
80757 820
80757 1209
80757 3981
1931 1548
1931 162
1931 2066
1931 1492
1931 1978
1931 3928
1931 3689
1931 6
1931 3089
1931 2054
1931 2273
1931 4058
1931 2052
1931 3167
1931 3746
1931 834
1931 3254
1931 2835
1931 2293
1931 2924
1931 766
1931 2130
1931 919
1931 2963
1931 827
1931 2162
1931 1101
1931 45675
1931 70
1931 545
1931 2455
1931 561
1931 2433
1931 1665
1931 2660
1931 2890
1931 2005
1931 474
1931 263
1931 1551
1931 1392
1931 1919
1931 2182
1931 1802
1931 1387
1931 3610
1931 2416
1931 329
1931 4115
1931 2276
1931 15769
1931 2061
1931 1262
1931 2419
1931 2616
1931 657
1931 3829
1931 2515
1931 3109
1931 2016
1931 3908
1931 3197
1931 712
1931 2631
1931 1686
1931 2553
1931 3748
1931 2241
1931 107
1931 2048
1931 1931
1931 2641
1931 1906
1931 1760
1931 182
1931 2828
1931 228
1931 3549
1931 542
1931 2673
1931 2959
1931 2163
1931 1711
1931 1210
1931 605
1931 310
1931 90
1931 408
1931 2213
1931 296
1931 2310
1931 1929
1931 2394
1931 770
1931 3971
1931 1889
1931 2730
1931 339
1931 2504
1931 1472
1931 312
1931 1237
1931 3101
1931 2188
1931 1108
1931 350
1931 3399
1931 1245
1931 548
1931 292
1931 76
2890 2890
2890 1736
2890 1210
2890 517
2890 1302
2890 490
2890 1920
2890 5617
2890 2959
2890 1995
2890 2761
1963 1387
5081 8582
1457 2016
1457 45675
1457 2825
1457 2132
1457 3119
1457 2055
1457 801
1457 838
1457 339
1457 372
1457 1387
1457 3099
1457 1645
1457 1314
1457 411
1457 555
1457 509
1457 2282
1457 586
1457 2914
1457 2264
1457 2684
1457 3981
1551 699
1551 2084
1551 411
1551 436
1551 2385
1551 3748
1551 1551
1551 2720
1551 2211
1551 45144
330 2639
330 974
2876 3707
2876 161
2876 263
2876 339
2876 1278
2808 2361
1576 2098
1576 17285
1576 2475
2006 2553
2006 2006
2006 166
2006 2310
2006 2523
2006 1472
2006 2852
2006 986
2466 1825
2466 630
2466 180
2466 783
2466 107
2466 2601
2466 1117
41958 1429
41958 1004
41958 554
870 2828
870 1224
2413 875
2413 204
2413 3602
2413 1906
2413 791
3008 753
3008 1531
3008 2365
3008 3006
3008 3008
301 299
5165 3183
175 912
415 1942
415 875
415 1508
415 2331
415 415
415 834
415 3007
415 3478
12 162
12 879
107 1548
107 162
107 111
107 17285
107 1483
107 176
107 4044
107 2182
107 2817
107 2188
107 3107
107 107
107 1076
107 1580
107 547
107 1543
107 316
107 1209
107 705
107 231
107 307
107 664
107 1992
107 1325
107 1002
107 40323
107 3157
107 45675
107 90
107 368
107 2935
107 408
107 2213
107 1528
107 2179
107 263
107 174
107 730
107 62
107 1050
107 1472
107 55
107 3757
107 509
107 1263
107 586
107 3880
107 3981
107 76
107 2523
2365 247
2365 482
2365 162
2365 184
2365 45675
2365 1548
2365 919
2365 712
2365 781
2365 2322
2365 2365
2365 2191
2365 1889
2365 3763
2365 1511
2365 289
2365 620
2365 739
2365 2981
2365 2201
2365 519
2365 558
2365 2568
2365 2914
2365 1010
2365 3630
2365 344
2365 180
2365 266
2365 1015
2365 535
2365 1221
2365 1002
2365 3138
3722 877
3722 519
1699 1699
1699 591
1699 76
2371 3630
2371 620
3944 3944
3944 1919
3944 1209
3944 2804
3944 3981
2385 1034
299 339
299 55
299 368
299 329
299 1262
299 36
299 503
299 1747
299 1384
299 62
299 938
293 15769
293 2772
293 919
293 712
293 293
293 1627
293 2180
2311 240
2311 542
2311 2241
2311 252549
2311 1339
2311 1909
2311 897
49 169
49 62
49 76
49 368
49 101
49 49
49 586
548 3093
548 1835
548 653
548 482
548 2290
548 1735
548 707
548 1257
548 1168
548 2310
548 659
548 263
548 2066
548 3026
548 13
548 1209
548 289
548 791
548 2744
548 2162
548 3602
548 1548
548 548
548 869
548 519
548 517
548 1686
548 4118
548 3981
548 2130
548 647
548 664
548 3814
548 76
548 3138
2267 343
2267 2267
2267 687
2267 1129
2267 180
1561 505
1561 90
49382 302
49382 519
2540 1511
45130 4168
650 1049
650 118692
650 83
650 723
650 2115
650 620
650 984
650 318
650 2310
650 317
650 2475
650 2744
650 1760
650 609
650 542
650 3685
650 519
650 1808
650 1508
650 664
650 101
837 2032
837 103
837 837
2132 3734
2132 1284
2132 1548
2132 2337
2132 1735
2132 1162
2132 329
2132 2310
2132 897
2132 263
2132 474
2132 1310
2132 339
2132 907
2132 2844
2132 1387
2132 879
2132 2420
2132 1649
2132 2132
2132 2276
2132 927
2132 564
2132 1002
2132 586
2132 3981
2274 2005
2085 2005
2085 2162
2085 263
2085 310
2085 737
2085 2096
2085 2085
2085 1511
2085 1135
2085 2942
174 282
174 63
174 2446
174 1531
2862 1358
2862 986
2862 319
1917 1580
1917 2649
1917 1917
1917 1135
317 273
317 645
317 653
317 1294
317 660
317 8
317 1548
317 397
317 919
2017 1548
2017 2017
2017 1387
2017 2058
2017 919
2017 137
2017 542
2017 705
2017 1262
2017 730
2017 2804
2573 1492
2573 2013
2573 535
2573 228
854 854
854 1234
939 1548
939 352
939 1472
939 939
939 1868
939 2601
939 2617
939 2232
939 1413
939 3026
939 482
939 2560
939 1737
1771 2475
1771 430
1771 1343
1771 1650
1771 3062
1771 1339
1771 100
1771 1771
1771 76
3484 1145
3484 1936
3484 879
3484 2001
3484 3630
3484 3484
3484 3757
3484 2258
3484 3576
3484 38
3484 2098
3484 372
3484 67994
28 1021
28 482
28 118692
28 2761
28 82
28 1548
28 919
28 564
28 2213
28 408
28 579
28 953
28 474
28 263
28 334
28 339
28 45675
28 38
28 2201
28 470
28 3725
28 519
28 1129
28 28
28 2275
28 586
28 76
28 542
28 534
28 2050
28 2618
28 343
28 2963
28 59
2717 1313
2717 1548
2717 3110
2717 2029
2717 2054
2717 3349
2717 2802
2717 2717
2717 859
2717 2310
2717 2963
2717 1004
2717 3760
2717 76
751 1158
2958 310
2958 2958
2958 820
2958 2568
2958 915
1591 90
15769 3361
15769 2597
15769 372
15769 2066
15769 559
15769 2084
15769 209
15769 2053
15769 2436
15769 15769
15769 1339
15769 55
15769 2669
3806 1537
3806 411
455 3109
455 76
3985 308
3985 38
184 1021
184 104
184 176
184 1245
184 8
184 184
184 1129
184 413
184 727
184 141
184 2086
184 919
184 122
184 339
184 3981
1833 605
1833 653
1833 1383
1833 682
1833 300
1833 55
1833 586
1833 1135
176 482
176 1597
176 645
176 176
176 378
176 318
176 372
176 1511
176 339
176 739
176 1272
176 429
176 726
176 1146
176 48
176 1932
176 350
176 422
176 2924
176 1004
176 978
176 265
344 2745
344 1548
344 3022
344 519
344 2293
344 919
344 712
344 100
344 2422
344 1168
344 3748
344 577
344 2565
344 1209
344 739
344 2430
344 2720
344 3183
344 103
344 568
344 49670
344 1730
344 657
344 3099
344 2963
344 3026
344 228
344 1049
344 1254
344 3880
344 1528
344 344
344 2446
344 737
344 784
344 2942
344 730
344 697
344 3630
344 687
344 1932
344 2914
344 875
344 2276
344 2629
344 2275
344 1531
344 3981
1871 3856
1871 2639
1871 4060
2726 733
2726 759
2726 4230
2726 2673
2726 2726
5617 122
5617 2814
245 169
245 172
245 182
245 2169
245 239
245 2566
245 3004
245 1262
245 1387
245 1637
1737 1737
1737 697
1737 2375
1737 1304
6106 6905
3183 3775
3183 3933
3183 3093
3183 3689
3183 781
3183 1686
3183 2310
3183 263
3183 2189
3183 9403
3183 1135
3183 1387
3183 2084
3183 20418
3183 2255
3183 571
3183 1938
3183 2061
3183 1711
2499 1387
2499 263
1469 1262
319 482
319 1248
319 156
319 645
319 51
319 308
319 339
319 1339
319 319
2611 561
1035 919
1035 1383
1035 2066
1035 1947
2759 63
3248 1049
3248 55
3248 2763
3248 3880
1915 2861
1915 620
1915 1926
1915 2241
1915 2641
1915 2699
1915 1915
278 2264
1802 935
1802 352
1802 1796
1802 1835
1802 2720
1802 682
1802 1607
1802 2924
1802 1570
1802 474
1802 2844
1802 1958
475 1548
475 343
475 339
475 519
543 211
543 517
543 551
543 3971
543 1528
543 1906
1814 2553
1814 2431
1814 63
1814 1982
3157 657
3157 3765
3157 1936
3157 1088
3157 560
3157 3630
3157 2013
3157 687
3157 3236
3157 3025
3157 45144
3157 3628
3157 79405
3157 2273
3157 3157
3157 122
3157 758
3157 2073
3157 791
2058 1548
2058 2058
2058 519
2058 3630
2058 2366
2058 781
2058 2046
2058 411
2058 1383
2058 296
2058 2066
2058 2055
2058 835
2058 2616
228 1548
228 169
228 492
228 308
228 1460
228 1233
228 1413
228 798
228 8544
228 2241
228 289
228 1580
228 3589
228 316
228 2275
228 705
228 436
228 1508
228 568
228 49670
228 1325
228 343
228 310
228 359
228 228
228 2617
228 559
228 476
228 877
228 263
228 2055
228 1511
228 38
228 1688
228 2249
228 328
228 1681
228 2054
228 758
962 705
962 476
962 90
3725 17285
3725 2310
2337 482
2337 169
2337 2639
2337 1100
2337 1523
2337 372
2337 1135
1660 1570
1356 2639
1356 1548
1356 3630
1356 2610
1356 2763
1356 1162
1356 2152
1356 1746
1356 1356
1356 2673
1356 372
1356 3981
865 103
865 1088
865 1570
865 263
865 88
865 865
865 45675
4015 38
4015 2310
1971 1978
1971 1962
8909 7423
8909 2968
8909 2807
8909 1686
395 310
395 296
395 1570
395 2814
395 395
395 2763
395 3700
888 1021
888 100
888 4
888 1
888 888
888 1460
888 1171
888 424
888 1262
888 1355
888 55
888 3981
3153 3900
3153 4168
3153 4184
3153 90
3153 1112
3153 1417
3153 3138
3533 1548
1383 482
1383 169
1383 1597
1383 919
1383 1210
1383 1596
1383 1863
1383 1661
1383 311
1383 1929
1383 2394
1383 1687
1383 1339
1383 2110
1383 1108
1383 1580
1383 1573
1383 2460
1383 1383
1383 1969
1383 2032
1383 1746
1383 1274
1383 1909
1383 1049
1383 1461
1383 1682
1383 1711
1383 3122
1383 1135
1383 1531
602 1548
602 1936
602 718
602 2241
602 90
602 781
602 720
602 1929
602 1494
602 2273
602 1671
602 564
602 1472
602 1000
602 1879
602 2118
602 2801
602 602
602 137
602 1508
602 2799
602 2130
602 820
602 343
923 712
923 55
923 1135
2883 2310
2883 2416
2883 1211
2883 2523
2493 1131
2493 783
2493 2493
2493 647
2587 2587
2587 1339
2587 1819
2587 645
510 1010
510 907
510 181
510 3956
510 369
510 1735
510 977
510 2320
510 586
510 770
510 1002
510 510
1221 869
1221 993
1221 312
1221 653
1221 1630
1221 2553
1221 1548
1221 3653
1221 3800
1221 920
1221 1531
1284 927
1284 2077
1284 920
1284 2344
1284 38
3467 3322
3928 2182
3928 542
3928 263
3928 3971
3928 2617
3928 3928
3928 2264
3928 3942
5010 413
3856 1548
3856 2486
3856 2794
3856 7065
3856 2310
3856 263
3856 3059
3856 103
3856 2430
3856 2568
3856 1905
3856 3399
3856 40921
3856 3461
3856 3645
3856 1992
3856 2211
3856 3138
1358 387
1358 2084
1358 6
1358 586
1358 1470
1358 2799
1358 702
1358 2098
1358 1135
2991 2903
2991 586
371 3115
371 3630
371 2232
371 1936
560 1010
560 1218
560 978
3746 778
3867 1441
3867 3007
49670 49670
4046 3630
4046 1262
413 41219
413 919
413 2213
413 2310
413 263
413 36618
413 13
413 62
413 2005
413 591
413 429
413 413
413 436
413 307
413 2825
413 3763
413 2550
413 765
413 791
3576 3576
3576 712
3576 879
3908 1548
3908 2310
3908 3908
3908 2811
3908 897
1504 2649
1820 2475
1820 547
1820 1387
1820 307
1820 263
1820 919
1820 1262
1820 838
2287 2055
2287 18996
2854 620
2854 1548
2854 2874
2854 1853
2854 1129
4073 1339
4073 2162
1112 739
1112 172
1112 45675
1112 90
1112 2651
1112 3134
1112 1112
1112 1417
1112 1209
2005 55
2005 263
2005 310
2005 2825
2005 100
2005 1460
2005 3800
2005 2241
2005 566
2005 372
2005 3526
2005 103
2005 907
2005 2639
2005 3128
2005 51
2005 2924
2005 3491
2005 404
2005 2320
2005 307
2005 3242
2005 919
2005 820
2005 1339
2005 2448
2005 1145
2005 3765
2005 11822
2005 2935
2005 70
2005 4766
2005 545
2005 2455
2005 2213
2005 3653
2005 13190
2005 2310
2005 79338
2005 770
2005 1343
2005 1205
2005 4823
2005 3650
2005 2005
2005 1387
2005 2077
2005 3063
2005 1304
2005 2084
2005 1649
2005 1218
2005 2799
2005 7826
2005 591
2005 2826
2005 3981
31894 3742
3171 1548
3171 2566
3171 2276
3171 263
3171 2156
3171 368
3171 2115
3171 3171
3171 1531
2433 1021
2433 236
2433 2416
2433 942
2433 1548
2433 919
2433 288
2433 2433
2433 928
2433 2439
2433 329
2433 1272
2433 519
2433 3225
2433 55
2433 411
2433 705
2433 307
2179 2127
2179 3687
2179 263
2179 3594
2179 3115
2179 1461
2179 289
2179 1531
2179 103
928 1041
160 2641
160 160
160 1472
1675 517
1675 683
1675 4027
1675 733
1675 1675
1675 3846
2198 2195
3257 2086
3257 986
3257 3602
3257 1384
3257 1262
3257 1144
3257 791
3257 3257
3257 586
3257 1472
2456 2293
4142 2055
4142 3981
4142 2523
4142 3942
1387 273
1387 2643
1387 17285
1387 2156
1387 1548
1387 1209
1387 919
1387 308
1387 2115
1387 2677
1387 2553
1387 2054
1387 1755
1387 2803
1387 542
1387 337
1387 1724
1387 2523
1387 1906
1387 3760
1387 2378
1387 492
1387 733
1387 13
1387 2361
1387 1508
1387 339
1387 169
1387 2959
1387 740
1387 791
1387 1936
1387 2061
1387 1889
1387 494
1387 2673
1387 2213
1387 1460
1387 2660
1387 1048
1387 263
1387 783
1387 1663
1387 2730
1387 2628
1387 62
1387 2018
1387 1180
1387 1387
1387 2001
1387 3630
1387 804
1387 55
1387 1932
2118 2118
2118 166
2118 647
2118 1929
2118 369
2118 919
2118 1936
2118 1909
2118 705
2118 2122
687 657
687 1021
687 180
687 1978
687 1229
687 2914
687 670
687 486
687 2804
687 2182
687 2730
687 2112
687 953
687 3099
687 3128
687 806
687 687
687 3134
687 1339
687 726
687 4207
687 76
687 3981
3426 3236
509 17285
509 1232
509 49295
509 1627
509 828
509 509
509 1508
509 1480
509 1217
509 1429
509 1663
48 169
48 181
48 2162
48 90
48 55
48 48
48 311
48 2092
48 1131
48 1339
48 13
48 343
2050 1687
2050 411
2050 3981
1317 845
1317 919
1317 1936
1317 302
1317 1548
1419 1414
2746 2746
2746 2553
2746 1508
2746 2747
2746 845
2746 2719
2746 473
2746 1735
996 827
996 996
118692 1548
118692 719
118692 372
118692 476
118692 2989
118692 2730
118692 1250
648 307
3709 3971
1465 1508
1465 312
275424 8514
3006 2331
3006 3651
3006 1665
3006 2963
3006 1209
4184 3630
798 827
798 759
798 1686
798 2275
798 953
798 49295
798 1528
798 3645
798 1586
798 1578
798 2769
798 2098
798 798
798 1808
1690 1682
2208 766
14 310
14 4096
14 2162
14 2794
14 705
14 76
14 659
14 1131
14 14
14 26
14 3981
2361 133
2361 2704
2361 2852
2361 652
2361 893
2361 2361
3901 3901
16462 4509
3620 813
1138 1548
1138 103
1138 1138
1138 100
1138 3981
3246 1145
3246 3680
1661 1094
1661 1103
1661 1158
1661 2187
1661 1209
963 180
2785 2765
1586 2152
1586 1586
1586 1161
1586 564
2705 1245
2705 169
2705 705
2018 49236
2018 577
2018 1929
2018 1429
2018 38
2264 3933
2264 45675
2264 1041
2264 8
2264 3007
2264 3473
2264 2219
2264 4098
2264 1911
2264 4091
2264 2804
2264 1698
2264 13
2264 266
2264 4
2264 2897
2264 653
2264 733
2264 2924
2264 2928
2264 2530
2264 2276
2264 2264
2264 915
2264 3981
2871 919
2871 55
2871 586
2871 3942
991 430
991 2486
991 919
991 2115
991 6
991 408
991 2660
991 2553
991 720
991 3893
991 2310
991 2213
991 2273
991 3079
991 339
991 1135
991 289
991 372
991 542
991 3529
991 2084
991 1528
991 2928
991 1746
991 783
991 1131
991 322
991 2327
991 991
987 647
193 1
1950 1548
1950 100
1950 1905
1950 3128
2236 2098
3956 2553
3956 2812
3956 1763
3956 3956
3956 723
3956 2360
3956 1531
3956 3138
1425 13
61438 33364
408 3115
408 408
408 263
408 2835
408 3760
408 339
408 434
408 2227
408 38
408 182
408 3630
408 1129
408 1508
408 1103
408 307
408 2108
3009 352
3009 476
1272 1735
1272 3048
1272 21
1272 783
1272 1314
1272 1929
1272 2515
1272 2804
1272 978
1272 1272
1272 1508
2844 2844
2844 2704
2844 1146
2844 494
2844 3660
2844 1673
2844 1665
2844 719
2844 1746
2844 2310
2844 2751
2844 1262
2844 578
2844 3279
490 2970
490 490
490 1315
490 266
490 372
3846 137
3846 302
3846 2310
3846 312
3846 3630
3846 591
3846 3846
550 289
550 3518
237 953
237 1106
237 90
237 486
237 237
237 505
237 391
2807 2042
2807 1001
424 1548
2835 1548
2835 1472
2835 1688
2835 1041
2835 8
2835 2275
2835 575
2835 2130
2835 1262
2835 2835
2835 1050
2835 2013
2835 2059
2835 1508
1161 2989
1161 100
1161 1161
8382 2814
8382 9851
8382 2791
8382 3763
3361 1021
3361 2754
3361 2241
3361 1738
3361 3653
3361 1993
3361 2553
3361 767
3361 731
3361 3262
3361 1704
1026 919
1026 2061
2079 3645
2079 476
1218 2769
1218 2310
1218 1523
1218 372
1218 1129
785 960
671 1395
1250 1120
1250 1316
1250 2162
1250 2241
1250 90
1250 770
1250 1250
4197 4230
1409 875
1409 3236
1409 2924
1409 1232
1409 1409
1409 1254
1409 2744
1409 838
59 169
59 2276
59 2066
59 2042
59 302
59 241
59 59
2870 3714
2870 266
2823 1315
665 310
665 2202
665 3116
2280 3652
2280 1845
2280 263
2280 1884
2280 2280
2280 372
3242 1021
3242 2232
3242 3172
3242 838
3242 3298
3689 310
3689 2924
3689 3630
3689 1129
1389 2182
1389 1663
1389 1389
239 63
239 1623
239 919
239 1294
239 101
239 3981
2720 8411
2720 3933
2720 3052
2720 2514
2720 45144
2720 1537
2720 2763
2720 2720
2720 2422
2720 2660
2720 1573
2720 263
2720 42271
2720 4207
2720 3981
2282 482
2282 302
2282 1129
181 1
181 712
181 90
2156 559
2156 1129
2156 705
2156 2310
2156 2422
2156 2156
2156 2394
2156 1131
2156 3175
2156 2112
2156 4509
1217 1217
880 813
880 1472
880 17285
880 2411
880 1209
222 747
222 308
222 172
1076 2310
1076 263
1076 100
1076 1076
1076 3942
4092 1417
4092 4095
4092 4091
4092 1395
4092 3046
2962 2115
907 3007
907 1936
907 1810
907 2042
907 1826
907 2373
907 2432
907 3951
907 3765
907 554
907 1982
907 2455
907 372
907 13
907 784
907 339
907 1162
907 879
907 2763
907 55
907 27
907 897
7049 375
7049 2695
1795 1548
1795 3645
1795 1795
1795 307
1795 45675
653 861
653 1760
653 653
653 140
653 723
653 712
653 1314
653 1263
653 1146
653 577
653 647
653 1135
653 2649
13262 986
13262 555
2 1262
2 2950
2 2
2 1548
3049 2232
641 4040
103 657
103 1548
103 2860
103 2486
103 492
103 1041
103 919
103 2216
103 100
103 5
103 3610
103 2054
103 2241
103 172
103 372
103 1209
103 289
103 2641
103 784
103 63
103 3128
103 733
103 2553
103 3518
103 137
103 103
103 809
103 2373
103 2303
103 1315
103 3138
103 240
103 3933
103 90
103 559
103 2375
103 38
103 2660
103 3228
103 2310
103 263
103 770
103 1511
103 2122
103 3813
103 3602
103 312
103 3630
103 3549
103 630
103 474
103 2188
103 1146
103 791
103 3110
28080 94606
2014 942
2014 2673
1318 464
820 17285
820 287
820 519
820 2631
820 712
820 2115
820 1395
820 1495
820 517
820 2310
820 263
820 96138
820 36618
820 2949
820 2485
820 1665
820 3933
820 38
820 1508
820 879
820 2382
820 3630
820 2039
820 820
820 218
820 1709
820 1460
820 2232
820 1302
820 2098
820 2794
820 766
101 3981
101 307
101 263
101 101
860 169
2020 105
2020 2127
2020 765
2020 263
41219 1548
41219 1450
41219 2029
41219 2034
41219 2553
41219 1659
41219 2054
41219 300
41219 1711
41219 8
41219 339
41219 2452
935 1573
935 1508
935 2310
935 3172
935 3372
935 1753
935 1327
935 765
1101 859
70 657
70 3742
70 169
70 1597
70 224
70 1315
70 1210
70 1548
70 162
70 6
70 1209
70 2560
70 652
70 70
70 76
70 2130
70 1920
70 2054
70 3262
1280 486
1280 161
1967 712
2589 1548
2589 1315
2589 267
2589 705
2589 3981
877 1580
877 17285
877 781
877 1254
877 909
877 1993
877 1720
877 664
877 847
877 3981
2566 247
2566 224
2566 2643
2566 1667
2566 372
2566 2566
2566 1477
2566 2233
1072 845
1072 2949
1072 2366
1072 705
3125 3122
1693 2162
302 1480
302 919
302 100
302 1129
302 874
302 378
302 464
302 577
302 30653
302 664
302 1355
302 302
879 1306
879 2935
879 169
879 13
879 2162
879 8582
879 879
879 1984
879 2924
879 1302
879 586
879 3981
2358 1262
2358 2130
1394 2162
1394 1906
1394 3186
1394 1394
1835 1108
1835 1835
1835 2331
1835 482
1835 1206
1835 712
1835 1649
1835 838
1835 3214
1835 1021
1835 2639
1835 3212
1835 372
1835 13
1835 1297
1835 45675
555 657
555 482
555 1310
555 3109
555 2777
555 733
555 1002
555 617
555 1120
555 977
555 916
555 263
555 2683
555 1333
555 493
4123 3630
4123 482
4123 591
4123 90
4123 2553
3060 10440
586 827
586 1621
586 2191
586 1145
586 919
586 712
586 100
586 1686
586 2055
586 577
586 191
586 372
586 2378
586 2852
586 558
586 3254
586 733
586 978
586 586
586 482
586 2162
586 90
586 2062
586 1455
586 3236
586 2212
586 1929
586 36618
586 3971
586 1511
586 34
586 1120
586 38
586 3630
586 55
586 838
586 2188
586 343
586 2034
586 2241
586 2422
586 2523
2195 482
2195 1752
2195 2195
2195 8
2195 2000
2195 1460
2195 2213
2195 2664
2195 2224
1207 3119
1207 2061
1207 2773
1207 2084
1207 411
1715 2320
1715 55
1385 1314
1618 1041
1618 2016
2515 1548
2515 2515
2515 617
2515 238
2515 1911
2515 1162
2515 3971
2515 4058
2515 3630
2515 55
2515 43632
2515 2568
2515 1849
2515 2176
2515 3138
2515 765
2515 3981
1623 1021
1623 512
1623 986
1623 2112
1623 2954
1623 30653
1623 875
1623 1413
1623 568
1623 1919
1623 2730
1623 493
1623 1627
919 1548
919 162
919 986
919 519
919 2013
919 2187
919 3062
919 577
919 2054
919 705
919 3107
919 3026
919 1909
919 2730
919 2852
919 2568
919 2924
919 307
919 2902
919 2210
919 919
919 1050
919 2550
919 2963
919 2432
919 172
919 912
919 2603
919 105
919 2183
919 720
919 2066
919 2396
919 1339
919 564
919 3602
919 938
919 2162
919 530
919 2861
919 3630
919 1146
919 2084
919 1129
919 2172
919 2276
919 2180
919 2061
919 2657
919 3212
919 2523
919 55
919 17285
919 2825
919 712
919 308
919 1686
919 760
919 2182
919 2465
919 2765
919 2044
919 1417
919 372
919 337
919 3283
919 289
919 1906
919 1645
919 3128
919 51
919 1968
919 2553
919 1245
919 558
919 1384
919 2002
919 2649
919 675
919 791
919 1936
919 2560
919 493
919 513
919 310
919 2754
919 645
919 1679
919 1158
919 3093
919 436
919 123
919 352
919 2213
919 474
919 1230
919 1889
919 2112
919 1263
919 339
919 1704
919 3012
919 1255
919 38
919 2805
919 908
919 733
919 1081
919 741
919 2032
919 1302
919 3197
919 3981
919 263
919 234
919 1135
2829 3279
2829 542
2829 1711
2829 3138
460 1909
1842 1709
1168 943
1168 2553
1168 1071
1168 1262
1168 765
1168 1168
2553 2811
2553 2388
2553 2408
2553 4213
2553 736
2553 2553
2553 2152
2553 719
2553 2765
2553 2523
2553 1698
2553 372
2553 2265
2553 2744
2553 2704
2553 90
2553 2568
2553 705
2553 2634
2553 188
2553 564
2553 1049
2553 3399
2553 1209
2553 4016
2553 482
2553 3046
2553 3933
2553 723
2553 664
2553 3951
2553 3653
2553 3236
2553 2310
2553 2674
2553 559
2553 967
2553 3102
2553 2001
2553 2084
2553 55
2553 720
2553 265
2553 2799
2553 4022
2553 3729
2553 2657
2553 154
2553 3981
2693 3924
2693 2791
2693 705
2693 2582
1429 17285
1429 2486
1429 32083
1429 1315
1429 1460
1429 329
1429 1987
1429 1429
1429 5313
1429 4058
1429 2077
1429 14456
1429 350
1429 265
1429 1004
1429 307
1429 2061
1429 1508
566 566
566 1621
566 248
2130 2127
2130 45675
2130 1548
2130 559
2130 2744
2130 267
2130 378
2130 2213
2130 517
2130 2054
2130 1755
2130 263
2130 2394
2130 1919
2130 436
2130 482
2130 1906
2130 2812
2130 1472
2130 2852
2130 1245
2130 55
2130 838
2130 1573
2130 2130
2130 2180
2130 2001
2130 434
2130 2550
2130 76
51 13
51 3124
3014 2818
1289 1796
1289 2152
1289 339
1289 519
2528 2416
2528 372
542 657
542 3093
542 438
542 630
542 519
542 2539
542 1686
542 3942
542 2182
542 2465
542 2054
542 2241
542 845
542 2273
542 372
542 1209
542 289
542 3818
542 542
542 17285
542 3518
542 1021
542 1508
542 1384
542 482
542 2263
542 45675
542 90
542 164
542 1961
542 2213
542 893
542 2660
542 1799
542 2310
542 2804
542 2394
542 1355
542 835
542 1746
542 564
542 45763
542 1548
542 1223
542 505
542 161
542 3134
542 1528
542 61227
542 1262
542 76
3873 2310
3873 1048
3873 312
3873 100
3873 1209
1339 4097
1339 55
1339 519
1339 2388
1339 2597
1339 1698
1339 2511
1339 3012
1339 2053
1339 927
1339 1339
1339 2684
1339 3036
1339 310
1339 172
1339 645
1339 90
1339 1049
1339 1735
1339 1395
1339 953
1339 2310
1339 578
1339 1511
1339 339
1339 2504
1339 2001
1339 2084
1339 4177
1339 1578
1339 1460
1339 2660
1339 3262
1339 465
1339 3981
3138 1021
3138 1010
3138 1810
3138 3022
3138 3138
3138 1686
3138 517
3138 1048
3138 3763
3138 13
3138 3214
3138 705
3138 120
3138 3518
3138 2503
4016 14171
4016 1209
4016 2211
4016 90
683 1905
683 2061
683 2828
683 2794
683 2310
3742 2568
3742 1243
3742 43807
3742 561
3742 2136
1542 1314
619 247
1104 1313
1104 169
1104 1746
1104 1929
1104 1962
1104 1262
1104 1104
1104 6948
49236 1523
49236 2649
1495 2320
1495 90
1495 1333
1495 3094
1495 2801
1495 1495
1495 2901
1584 1543
2366 2127
2366 1760
2366 1825
2366 2262
2366 1245
2366 2649
2366 2310
2366 1755
2366 2054
1694 1597
1694 781
1694 1694
770 169
770 699
770 2162
770 2087
770 47439
770 2568
770 675
770 113
770 554
770 1929
770 326
770 847
770 266
2949 2949
2949 1548
2949 134
2949 2331
2949 2814
2949 2084
2949 1845
2949 263
2949 339
2949 3082
3117 1021
3117 1548
3117 307
3117 180
3117 2055
3117 559
3117 334
3117 372
3117 224
3117 3117
3370 1974
3370 2001
3370 3370
3370 1209
2322 43720
2322 2865
2322 2066
3101 2730
3101 545
3101 2455
3101 647
94 519
94 8514
94 100
94 94
94 2310
94 2565
94 2098
94 2491
94 2054
236 2310
236 3598
3122 378
3122 3765
3122 2241
3122 3062
3122 591
765 1311
765 180
765 2794
765 2202
765 3236
765 1911
765 2310
765 1061
765 36618
765 739
765 697
765 55
765 838
765 76
765 1947
765 765
368 339
368 169
368 45675
368 942
368 90
368 772
368 1796
368 2263
368 476
368 719
368 2804
368 62
368 645
368 55
368 1481
368 1995
368 368
368 2684
3508 2660
3508 827
3508 2804
3508 263
3508 733
3508 3508
3508 838
3508 1764
3508 61227
3632 3549
3072 1462
3072 263
3072 3047
3072 3072
3072 3748
885 517
885 2087
885 885
1548 4116
1548 1483
1548 519
1548 2013
1548 2910
1548 3473
1548 517
1548 2803
1548 2273
1548 4065
1548 893
1548 2486
1548 4
1548 307
1548 664
1548 352
1548 2550
1548 3026
1548 100
1548 942
1548 2617
1548 2954
1548 4098
1548 2196
1548 1528
1548 2394
1548 1511
1548 564
1548 45763
1548 3602
1548 3871
1548 1649
1548 4118
1548 575
1548 3981
1548 657
1548 17285
1548 492
1548 310
1548 712
1548 451
1548 2565
1548 2313
1548 452
1548 1245
1548 558
1548 90
1548 1602
1548 2673
1548 2959
1548 2108
1548 1209
1548 2327
1548 3287
1548 1993
1548 1796
1548 1537
1548 1190
1548 1455
1548 1911
1548 476
1548 1262
1548 2491
1548 730
1548 1672
1548 2852
1548 2188
1548 2032
1548 1302
1548 8544
1548 2098
1548 2584
1548 292
1548 76
1548 1548
1548 381
1548 1041
1548 4130
1548 3942
1548 1720
1548 4111
1548 191
1548 1671
1548 733
1548 3322
1548 3254
1548 2568
1548 705
1548 2924
1548 809
1548 3197
1548 2963
1548 430
1548 3109
1548 1315
1548 3880
1548 38
1548 1686
1548 263
1548 2182
1548 1636
1548 3453
1548 3630
1548 1129
1548 915
1548 1811
1548 322
1548 3311
1548 247
1548 3879
1548 2761
1548 288
1548 2422
1548 838
1548 3748
1548 1936
1548 2765
1548 2241
1548 2523
1548 45675
1548 289
1548 1906
1548 372
1548 1645
1548 43720
1548 1131
1548 778
1548 2754
1548 1825
1548 1650
1548 2262
1548 2213
1548 953
1548 2310
1548 897
1548 474
1548 1958
1548 3128
1548 2504
1548 3053
1548 3110
1548 2812
1548 2601
1548 3757
1548 2232
1548 3399
1548 54999
1548 1021
1548 591
1548 3209
1224 1224
1224 2213
986 2127
986 7131
986 375
986 2187
986 162
986 2422
986 2213
986 2310
986 1929
986 845
986 372
986 434
986 2801
986 1932
986 2921
986 1746
986 2603
986 2615
986 2108
986 1449
986 1384
2777 289
2777 2187
2777 1929
2777 1304
2478 45763
2921 1929
2921 2921
2921 465
2921 2357
2388 169
2388 411
781 482
781 781
781 519
781 2187
781 2310
781 1162
781 1867
781 1911
781 577
781 476
781 1929
781 920
781 1355
781 372
781 730
781 3128
781 1905
781 90
781 76
781 1472
781 4040
781 1595
781 1325
781 2054
781 1508
2848 13
2848 2136
2848 2730
225 708
225 1417
225 1297
225 1881
113 1512
113 430
113 2162
113 1488
113 2804
113 411
113 1681
113 113
113 307
113 1929
113 1724
113 1926
4981 8990
4981 9254
1108 517
1108 1088
1108 2672
1108 1384
1108 1262
1108 8
1108 719
2639 1649
2639 3880
2639 45675
2639 3076
2639 2432
2639 1190
2639 1686
2639 3594
2639 372
2639 2579
2639 1209
2639 2639
2639 1223
2639 1210
2639 3685
2639 473
2639 545
2639 3981
29966 664
2903 482
2903 1906
2903 1645
2903 1508
2903 2903
2903 2162
733 657
733 2187
733 2182
733 2765
733 1926
733 733
733 2828
733 90
733 2801
733 705
733 2924
733 3645
733 1010
733 100
733 2874
733 494
733 2213
733 1455
733 3311
733 3538
733 122
733 339
733 1135
733 2162
733 3630
733 2685
733 55
733 1302
733 2804
2000 2868
2000 2963
2000 2308
1578 1021
1578 2812
1578 519
1578 2773
1578 55
1578 1602
1578 3518
1578 5506
1578 1808
1578 1711
1905 1580
1905 1936
1905 1753
1905 1049
1905 2039
1905 3942
1905 1267
1905 2649
1905 568
1905 2180
1905 2526
1905 3981
364 231
2902 326
2902 1508
2902 2162
2902 2649
728 739
728 180
1854 1854
1854 2101
1854 133
1854 1709
1854 1135
3253 3399
3253 90
1279 26
81523 3526
645 2745
645 2101
645 209
645 172
645 645
645 519
645 1738
645 1277
645 2034
645 156
645 3472
645 3128
645 422
645 2828
645 55
645 8922
645 252549
1501 1580
1315 3630
1315 1315
1315 741
1315 1302
1315 2310
1171 1171
1171 838
1171 2001
49295 1508
49295 1494
49295 1806
49295 1735
49295 778
1799 2924
1799 90
1739 1580
1919 2127
1919 1731
1919 311
1919 1304
1919 4213
1663 1731
1663 1508
1663 519
1663 1004
1663 1687
1663 1735
1663 1746
1205 909
472 3981
3124 247
3124 2754
3124 3128
3124 3082
3124 1129
3124 3124
994 1310
938 938
133 133
133 804
133 120
133 4509
8514 2928
8514 43720
2163 1573
2163 169
2163 38
2163 17
29 3236
1129 657
1129 310
1129 2029
1129 482
1129 308
1129 1460
1129 1129
1129 2182
1129 1911
1129 296
1129 710
1129 2275
1129 263
1129 1262
1129 2055
1129 551
1129 2818
1129 289
1129 38
1129 530
1129 2914
1129 2098
1129 2320
1129 3209
1129 1327
1129 76
3473 45675
3473 3473
2886 20189
2820 6622
1461 1120
1461 2032
1461 1911
1461 90
1461 3967
1461 783
1461 1461
1461 224
1461 20
2419 2042
2419 3775
2419 1649
2419 1100
3212 1730
4022 953
4022 4168
4022 2108
4022 2422
42840 3018
42840 2219
42840 5500
1021 1021
1021 664
1021 3327
1021 2422
1021 2612
1021 2054
1021 3478
1021 564
1021 1906
1021 3219
1021 3128
1021 526
1021 422
1021 2084
1021 1993
1021 18996
1021 307
1021 1302
1021 1262
3115 140
3115 845
498 3064
498 1274
3870 3870
3766 482
3766 3766
3766 3757
3766 1237
3372 1267
1819 1819
1819 1982
1819 2084
1819 1735
1819 705
1819 3981
1884 657
1884 1753
1884 476
1884 927
1884 1763
1884 2241
1884 1302
1884 2472
1884 1297
3478 2093
3428 875
3428 2265
211 1048
211 211
211 482
211 26
1913 869
1645 2986
1645 372
3128 489
3128 100
3128 3538
3128 1570
3128 1987
3128 372
3128 1004
3128 339
3128 3082
3128 1050
3128 3128
3128 3630
3128 3757
3128 2188
3128 120
3128 308
3128 2241
3128 1302
3128 188
3128 3981
2641 482
2641 1472
2641 411
2641 3610
2641 2310
2641 314
2641 2769
2641 1262
2641 2084
828 2127
828 828
828 2926
828 857
828 1460
2275 657
2275 3007
2275 45675
2275 3022
2275 100
2275 3093
2275 476
2275 263
2275 1580
2275 3630
2275 1649
2275 2275
2275 436
2275 857
2275 1206
1969 835
1969 1982
1969 3981
137 1988
137 1936
137 2162
137 1245
137 1796
137 137
137 1755
137 2055
137 63
137 2112
137 1995
137 2804
840 2436
840 2196
840 2262
840 838
840 2616
840 2704
723 2098
723 3114
723 712
723 209
723 2763
723 953
723 141
723 2310
723 723
723 561
723 2812
723 1764
723 1659
2792 2792
2792 6892
2792 1711
2792 1810
241 372
241 2084
241 670
241 2765
241 911
241 241
241 784
241 339
1297 289
1297 169
1297 2924
1297 1295
1297 2649
1297 372
1297 227
14171 7401
14171 794
14171 315836
14171 4489
134 1528
134 2804
767 1993
767 1895
767 100
767 188
767 1048
767 767
767 2828
767 3953
767 4215
767 1162
2695 2241
2975 2975
1702 310
1702 1262
1906 169
1906 3007
1906 1929
1906 620
1906 2054
1906 2804
1906 2066
1906 1906
1906 2380
1906 1508
1906 559
1906 486
1906 3981
1906 76
1906 2044
3538 976
3538 1506
37946 18361
2169 105
2169 2828
2169 169
2169 2745
4091 2763
2446 169
2446 372
2446 3981
3971 657
3971 2504
3971 3110
3971 492
3971 3967
3971 6905
3971 307
3971 263
3971 2061
3971 3971
3971 1209
3971 2084
482 2745
482 3700
482 545
482 519
482 1929
482 1162
482 2468
482 2265
482 372
482 2430
482 2852
482 2924
482 2320
482 30653
482 1481
482 568
482 1248
482 664
482 188
482 3099
482 1109
482 482
482 1895
482 308
482 45675
482 3710
482 2092
482 3880
482 1001
482 1120
482 1267
482 2310
482 378
482 263
482 1238
482 2162
482 564
482 2431
482 705
482 3602
482 2601
482 1146
482 2084
482 55
482 976
482 1993
482 3630
482 1528
482 2001
482 161
482 591
482 76
482 3981
18361 2753
18361 1810
18361 2791
2512 1508
2512 705
122 547
122 1210
122 2968
122 2465
122 2310
122 122
122 2032
122 76
388 739
388 3602
38 169
38 111
38 17285
38 100
38 17
38 577
38 505
38 90
38 231
38 766
38 307
38 5
38 2183
38 1528
38 296
38 2310
38 647
38 1117
38 2297
38 339
38 38
38 120
38 178
38 2959
38 76
2812 1752
2812 2812
2812 2180
2812 1041
2812 90
2812 2801
2812 2232
2812 263
2812 2098
2812 2584
1281 2373
758 664
758 3613
758 558
758 758
976 2887
976 90
976 2826
976 404
1246 1503
1246 1596
4207 4178
188 3893
188 188
188 6
2127 2127
2127 1673
2127 953
2127 2152
2127 2054
2127 1883
2127 1929
2127 896
2127 339
2127 705
2127 2699
2127 265
2127 1262
2127 292
2127 8
2127 3981
1401 869
699 1508
699 1673
699 1384
1879 2162
1879 1879
1879 2814
1879 1245
1879 1523
1879 1438
1879 1311
3120 1237
3120 2241
3007 657
3007 2310
3007 2115
3007 3951
3007 476
2049 1050
2049 1735
2049 2486
3679 1145
3679 2310
3679 3602
3679 3880
3172 2241
3172 2973
3172 372
3172 434
1481 289
1481 169
1481 644
1481 3022
1481 3630
1481 1460
1481 3880
1481 1481
1481 2054
1481 1511
3800 3653
1978 2162
1978 1978
1978 311
1978 1277
1978 55
1978 1735
2053 8922
2053 154
2053 372
2053 3981
2779 3197
307 1936
307 156
307 1665
307 517
307 1681
307 2054
307 263
307 2394
307 105
307 339
307 3630
307 506
307 519
307 1709
307 3134
307 1881
307 2122
307 2103
307 1310
307 307
3052 1262
3052 3981
2783 1088
1920 845
1920 2216
2550 372
2550 55
2550 312
2550 100
2550 3757
2550 476
1764 1120
1764 2152
1764 182
1764 45675
1764 2001
3026 784
3026 263
3026 3760
3026 838
3026 3026
172 289
172 172
172 519
172 8
172 166
172 141
172 46
172 62
2603 1255
2603 372
2603 100
2603 3602
250 1580
250 1135
3951 2310
3951 630
3951 3510
3951 372
2196 547
2196 2162
2196 2730
6 1930
6 1649
6 17285
6 1086
6 6
6 702
6 62
6 434
6 289
6 1580
6 182
6 519
6 2061
2516 372
2815 9524
420 827
2751 3630
2751 1245
2751 1209
2751 2213
1637 1355
1637 296
45763 372
45763 2704
45763 263
45763 1245
45763 2867
45763 1460
2491 372
2491 1049
2491 2491
2491 55
1146 100
1146 2935
1146 205
1146 2310
1146 263
1146 3591
1146 182
1146 697
1146 2852
1146 1146
1146 1449
1146 55
1146 2320
1146 3518
1146 1826
1146 2634
1146 3399
1146 2098
1146 1243
1146 1711
2039 464
2039 1936
2039 2122
2039 263
2039 2039
2226 591
2226 2799
2226 1929
2226 2054
2226 2226
2226 3981
1853 2924
168 953
168 169
168 908
2034 2101
2034 2034
2180 620
2180 2704
2180 2202
2180 1573
2180 2180
2180 2098
710 311
710 707
1109 1327
1109 1135
1109 1109
2926 657
2926 1580
2926 2310
2926 4040
2926 2430
2926 1523
2926 4126
2926 339
9 3981
43807 55
43807 2763
1512 2455
1512 4040
1512 1724
616 3214
492 339
492 519
492 3967
492 2763
492 2568
492 2673
492 1131
492 1727
492 3594
492 1580
3601 100
1974 2016
1974 3765
1974 263
1974 2266
1974 2825
1974 1470
2679 2162
238 3942
238 2054
238 3602
238 2241
238 712
238 1372
238 2213
238 2649
238 238
2182 657
2182 2924
2182 2182
2182 3444
2182 263
2182 3685
2182 3518
2182 3700
2182 1735
2182 1885
2612 2084
2612 90
3893 3012
3312 2310
3763 2617
3763 2310
3763 4175
3763 1135
3763 1947
3763 3399
3763 3763
2819 1145
2819 1735
2819 2801
1760 2475
1760 3981
2089 1413
7074 3118
7074 1064
7074 3283
2276 247
2276 3093
2276 45675
2276 712
2276 263
2276 2601
2276 17769
2276 3225
2276 1311
2276 2276
2276 1735
2276 3981
4161 4215
4161 4227
4161 4213
916 519
916 547
916 2308
916 2262
568 512
568 654
568 100
568 617
568 55
568 2310
568 2213
568 568
568 76
568 2421
568 2430
568 2054
568 3981
2673 55
2673 2954
2673 1162
2673 263
2673 105
2673 3206
2673 3082
2177 1010
1232 705
1232 2669
1232 90
1232 564
1345 1327
2744 1313
2744 2965
2744 372
2744 2187
2744 2601
2744 2631
2744 3803
2744 1573
2744 3963
2744 2310
2744 2061
2744 1
2744 3254
2744 908
2744 1509
554 2745
554 591
554 2772
554 170
554 2455
554 554
554 263
554 551
554 154
554 372
554 712
554 617
4649 5761
903 827
903 712
2086 2649
2086 577
2086 2086
1800 3594
737 152
737 3053
737 2241
737 737
737 372
737 914
737 343
737 705
737 3981
1962 1936
1962 1597
1962 1929
1962 1262
1962 1962
1962 1277
3953 4126
3953 100
3953 62
2472 719
2472 772
2472 2472
2472 329
2472 339
2472 2669
2112 1094
2112 430
2112 559
2112 1245
2112 2187
2112 2112
2112 2328
2112 1936
2112 1262
2112 372
2112 3981
784 739
784 1196
784 2320
784 3981
784 664
784 784
784 76
339 247
339 657
339 55
339 519
339 8
339 430
339 372
339 617
339 1894
339 2699
339 783
339 1531
339 2754
339 90
339 1911
339 476
339 2162
339 266
339 339
339 312
339 2188
339 62
339 1649
339 167
339 3981
4099 4099
4099 4093
4099 2110
1255 2475
1255 1243
1255 1254
1255 2101
1989 2054
547 531
547 547
547 1088
547 1508
547 1649
547 517
547 719
547 161
547 833
547 740
547 76
152 1503
152 3665
50368 4509
50368 2914
646 3630
646 2054
2188 1936
2188 17285
2188 3109
2188 1738
2188 2183
2188 263
2188 2191
2188 1511
2188 289
2188 3602
2188 2460
2188 2188
2188 1472
2188 3981
875 169
875 2327
875 45675
875 90
875 1041
875 1627
875 100
875 1735
875 875
875 263
875 3981
875 88
875 778
314 3748
314 2310
314 314
314 1237
314 2273
2098 17285
2098 3885
2098 17121
2098 1277
2098 2935
2098 1686
2098 2310
2098 1262
2098 2066
2098 2055
2098 3734
2098 372
2098 62
2098 2273
2098 2814
2098 1245
2098 2098
2098 1665
2098 3981
2098 1508
2098 3399
2098 3461
2098 4877
2098 199
2098 766
421 1453
59805 2055
59805 725
59805 3981
1372 920
1372 127
1372 1209
657 657
657 3093
657 2054
657 372
657 2924
657 2610
657 1103
657 62
657 310
657 2101
657 2213
657 989
657 397
657 263
657 564
657 1775
657 55
657 3757
657 350
657 166
657 1262
657 3981
339298 1810
1546 20189
1546 2084
1546 2799
630 1621
630 343
630 1263
630 120
630 664
630 1262
630 2080
1041 4058
1041 4126
1041 1936
1041 3116
1041 1041
1041 3110
1041 3399
1041 1698
1041 2273
1041 591
1041 2054
212 62
209 372
209 311
209 90
209 3630
209 712
209 1649
209 2799
17 17
17 45675
2281 310
2281 739
2281 2162
2281 3602
2281 712
2281 1649
2281 2281
2281 2054
2281 647
2281 88
2281 2310
2281 1711
2281 534
1162 1982
1162 2016
1162 1488
1162 545
1162 1162
1162 1311
1162 517
1162 263
1162 372
1162 3219
1162 949
1162 1686
1162 3630
1162 2266
1162 3119
1162 2104
1162 3399
442 13
442 1002
4168 4168
4168 2378
4168 8918
4168 4102
4168 1210
1681 912
1710 1682
1709 517
1709 1796
1709 1808
2503 3610
2503 476
2503 2503
847 772
847 960
3781 7324
610 372
610 2327
610 610
6622 2054
3710 3109
1143 1911
21254 2320
21254 1810
2719 2310
2719 2724
2719 2719
2719 2255
3744 2310
3744 263
47439 310
3491 3516
2568 3265
2568 2794
2568 2855
2568 2213
2568 1686
2568 3610
2568 3302
2568 730
2568 3110
2568 3167
2568 3630
2568 2211
2568 2568
2568 1573
2568 4040
2568 2054
3645 1761
3645 476
1211 1245
1211 2924
1211 1211
1211 2241
1211 664
1211 2617
1211 372
1211 2649
27 2032
27 46
27 519
27 27
27 13
27 1932
2448 4206
2448 647
2448 2628
2448 13
2448 2373
2448 3068
627 551
627 2924
1091 2745
1091 3349
1091 55
1091 519
2432 2432
2432 2455
2432 311
2432 372
2432 705
2432 1704
3068 3068
3068 2874
1650 1650
1650 3116
2935 2910
2935 759
2935 372
2935 2935
989 989
989 17285
4100 2416
96138 1170
96138 3981
4533 2232
1080 292
1080 759
2227 2861
3610 2618
3610 372
3610 55
3610 1686
3610 3610
3610 2310
3610 2804
3610 1929
3610 2055
3610 1262
3610 2730
3610 2054
3630 2745
3630 263
3630 519
3630 3651
3630 204
3630 1665
3630 3942
3630 2657
3630 4065
3630 476
3630 2293
3630 809
3630 791
3630 3592
3630 1936
3630 3933
3630 411
3630 2202
3630 100
3630 647
3630 2617
3630 2924
3630 1145
3630 55
3630 3134
3630 3630
3630 3169
3630 1384
3630 3981
3630 180
3630 617
3630 2597
3630 2422
3630 3757
3630 451
3630 2241
3630 3734
3630 1438
3630 13
3630 4116
3630 2828
3630 2811
3630 1671
3630 2649
3630 3660
3630 3262
3630 45144
3630 1455
3630 1120
3630 2310
3630 3594
3630 1958
3630 3302
3630 2001
3630 3236
3630 2032
3630 1462
3630 1245
3630 76
3630 252549
660 350
660 329
660 100
660 76
660 660
660 397
660 670
1509 1002
1509 45675
1509 1509
1731 719
1731 1508
1731 1730
1731 154
1223 1145
1223 2530
1223 1223
1223 404
1223 1311
154 1050
154 2631
154 3981
1531 531
1531 3298
1531 838
1531 2054
1531 1808
1531 282
1531 1304
1531 1753
1531 2084
1531 2460
1531 2748
1531 2032
1531 1531
5598 2045
2937 1048
2937 2241
759 1153
759 1034
759 1245
759 712
759 759
759 517
759 1929
759 2799
759 1050
759 564
759 1135
1306 682
920 993
920 739
920 45675
920 1543
920 1034
920 378
920 263
920 920
920 1262
920 4
329 780
329 329
329 2054
329 263
329 2394
329 845
329 2421
329 2924
329 3981
833 76
1987 3981
1987 2981
1987 2924
1987 1245
1987 2730
1987 705
1987 2715
3813 2310
3813 3813
289 263
289 519
289 3614
289 1254
289 2660
289 1688
289 2241
289 13
289 266
289 3602
289 289
289 953
289 1310
289 3082
289 1302
289 1245
289 3025
289 396
289 2320
289 783
1438 1936
1438 2084
1438 1438
1314 485
1314 577
1314 1044
1314 1002
1314 1135
2382 105
2382 3053
2649 224
2649 90
2649 1738
2649 1580
2649 4213
2649 3236
2649 3311
2649 2310
2649 3981
2649 2818
2649 530
2649 13938
2649 2799
2649 1302
2649 2649
3283 2617
2421 100
1523 2162
1523 1806
1523 783
1523 1254
1523 1460
1523 2381
1523 712
1523 1523
1523 1304
1975 1015
186 162
2101 953
2101 6948
2101 100
2101 1752
2101 2101
1825 838
644 1727
644 2351
2865 17769
2475 2852
2475 2672
2475 953
2475 517
2475 1597
2475 2436
2475 2212
1379 8544
1379 4012
1254 1215
1254 1245
1254 1254
1254 1304
1254 1120
1254 719
1254 2436
1254 1243
1254 76
2154 2066
2154 2154
953 3427
953 1673
953 1665
953 2660
953 577
953 2054
953 1570
953 263
953 1304
953 1209
953 953
953 1262
953 838
953 682
953 2059
953 2989
953 2122
953 3981
11859 1728
11859 8144
974 55
974 100
974 2211
974 3757
974 705
974 3981
897 827
897 2754
897 2001
897 1508
897 2310
897 647
897 978
897 664
897 577
897 2657
897 1417
897 3311
897 1002
897 3981
2083 1472
3260 1245
3260 296
3260 2162
3260 3260
1947 3592
1947 2310
1947 2054
1947 1596
1238 55
1238 519
3110 4952
3110 3110
3110 1042
3110 2617
3110 2924
3110 838
3110 3518
3110 3967
3110 3880
3110 4509
3110 1209
465 465
2685 372
161 381
161 609
161 90
161 62
61227 1245
1769 2310
2232 4664
2232 263
2232 310
2232 1686
2232 166
2232 1061
2232 3516
2232 1135
2232 3680
2232 2136
2232 3518
2232 2232
2232 2422
2232 93317
2232 1724
2232 1711
2232 76
3399 100
3399 2617
3399 3322
3399 2660
3399 517
3399 2310
3399 2803
3399 3942
3399 2380
3399 1302
3399 3399
3399 664
591 169
591 3594
591 2310
591 893
591 2657
591 2468
591 2924
591 591
591 2162
591 476
591 1811
591 3134
591 2634
591 2799
591 1262
591 352
591 322
908 2048
908 2799
908 647
908 2582
908 3197
908 2061
908 1698
2745 2745
2745 3119
2745 3653
2745 263
2745 3012
2745 2110
2424 166
2424 2310
2424 1472
2424 45675
2643 2643
2643 2162
2643 3765
2643 76
2643 791
2486 1472
2486 834
2486 2664
2486 3942
2486 296
2486 697
8 169
8 519
8 712
8 2219
8 2152
8 577
8 311
8 2579
8 2213
8 2394
8 63
8 13
8 62
8 1135
8 429
8 2852
8 1649
8 1311
8 343
8 8
8 1508
8 88
8 617
2855 8990
1215 558
1215 76
3089 3089
166 180
166 1455
166 1120
166 1867
166 166
166 1607
166 277
3107 162
3107 2310
3107 1929
3107 263
3107 2055
2273 169
2273 2455
2273 2213
2273 2310
2273 2273
2273 310
2273 2162
2273 2123
2273 2601
2273 55
2273 2320
2273 76
2273 1158
2273 1050
2273 3981
3206 1955
3206 191
2965 1673
2430 2629
2430 76
2430 2430
4 912
4 3981
2201 434
218 369
218 1010
218 218
411 90
411 664
411 411
411 3803
411 3967
411 1462
2610 2310
2610 1262
2610 3981
2748 2791
2748 1449
2748 517
1290 105
1782 100
927 3093
927 1209
927 100
927 1120
927 3981
927 3167
927 1472
927 519
927 273
927 927
927 1763
927 2327
927 76
4535 263
1909 545
1909 3981
1909 1061
1909 3000
1909 2092
1909 372
1909 559
1909 3262
664 519
664 2096
664 2769
664 2054
664 3614
664 551
664 904
664 869
664 2162
664 2380
664 1034
664 1881
664 2804
1316 180
1316 1114
4115 430
78511 1010
3900 2310
3900 17285
3900 3880
342 55
1810 1810
1810 26534
1810 3310
1973 845
1973 2103
1651 3079
1651 372
1651 1472
1456 845
2954 2617
1210 1010
1210 1210
1210 2799
1210 2211
3015 9851
397 350
397 397
397 312
397 3981
2066 169
2066 2028
2066 2066
2066 559
2066 505
2066 705
2066 62
2066 2092
2066 1245
2066 740
2066 2103
1117 1145
1117 1929
1117 1262
1117 705
564 519
564 712
564 100
564 561
564 2328
564 1570
564 1929
564 310
564 564
564 705
564 436
564 2032
564 1881
564 2618
564 2715
3219 310
3219 2331
3219 2001
3219 3219
3219 712
3219 3214
2381 2381
2381 1724
2381 372
2381 659
2381 579
705 169
705 519
705 100
705 1460
705 838
705 1936
705 845
705 310
705 13
705 1278
705 904
705 1245
705 558
705 1883
705 3981
705 2644
705 2351
705 2211
705 90
705 45144
705 3812
705 1735
705 720
705 2804
705 2724
705 2162
705 1145
705 3757
705 705
705 2241
705 2054
705 1926
2162 1686
2162 1431
2162 517
2162 1441
2162 13
2162 4058
2162 739
2162 1474
2162 2813
2162 2801
2162 1508
2162 1333
2162 2989
2162 310
2162 90
2162 1608
2162 1982
2162 2328
2162 4766
2162 263
2162 1665
2162 2504
2162 2162
2162 1472
2162 2084
2162 167
2162 2799
2162 2828
2162 2804
2534 430
2534 2310
3628 76
3685 100
3685 4178
3685 3685
3685 308
3685 1911
3685 2310
3685 1048
3685 2061
3685 2054
3685 3981
2791 2310
2791 1050
2791 1135
2791 738
8990 912
675 2804
675 1230
120 4126
120 430
120 3116
120 2617
120 2914
120 1735
120 2213
120 120
120 2320
120 2054
120 778
120 2055
120 1627
120 1135
1806 1811
1806 1796
1806 296
3047 2924
5465 5465
3814 3803
3814 3220
3814 90
3814 519
3814 1889
3814 3757
2826 2054
3265 1103
3265 3025
772 2924
772 519
772 55
772 505
783 1245
783 2213
783 912
783 783
783 2396
783 62
783 2523
2861 1929
2861 105
2861 3714
2861 55
2861 1735
3516 3981
3516 2002
3516 1982
13 1145
13 55
13 3526
13 476
13 3030
13 2054
13 84
13 904
13 1474
13 2704
13 13
13 2136
13 46
13 915
13 76
11724 11875
11724 13377
3914 3981
2704 2504
2704 3602
2704 45675
2704 1
2704 2794
2704 2597
2704 3093
2704 1209
2704 1849
2704 2924
2704 2310
2704 2468
1153 1120
3648 2032
1134 2617
1134 1134
2928 712
2928 1245
2928 2928
2928 3236
2928 857
2928 778
2928 2119
436 5
436 391
436 263
436 474
436 3760
436 834
436 1649
436 436
436 1508
436 46
1573 2804
1573 1573
1573 1570
1573 2061
499 499
169 169
169 670
169 1570
169 1698
169 1494
169 739
169 90
169 30653
169 725
169 1508
169 1131
169 1682
169 2327
169 2455
169 1580
169 476
169 263
169 3655
169 62
169 55
169 2032
169 1761
169 88
2959 2950
2959 2799
2959 2213
2108 3981
2108 2212
2108 1145
2108 2108
2108 1480
1209 17285
1209 519
1209 2373
1209 1686
1209 3942
1209 3119
1209 2054
1209 1355
1209 4018
1209 4038
1209 1209
1209 693
1209 3680
1209 1103
1209 62
1209 791
1209 310
1209 100
1209 54999
1209 90
1209 2914
1209 2213
1209 3880
1209 3311
1209 2310
1209 4213
1209 263
1209 2730
1209 1704
1209 1120
1209 697
1209 1145
1209 3236
1209 3134
1209 1302
1209 3461
1209 76
1209 3981
40323 551
1384 1597
1384 17285
1384 180
1384 3967
1384 2213
1384 1453
1384 3942
1384 2422
1384 1788
1384 45675
1384 3656
1384 1580
1384 4102
1384 1462
1384 3812
1384 1881
1384 76
1384 1384
1145 1145
1145 1735
1145 736
1145 2465
1145 517
1145 263
1145 1392
1145 739
1145 55
1145 3680
1145 2801
1145 1643
1145 4071
3734 2634
3734 3734
3734 2394
3734 2618
3734 3981
3634 778
3634 263
1190 2310
2028 248
2340 2617
1911 20
1911 1911
1911 2055
1911 2915
1911 372
1911 2356
1911 558
1911 2001
1911 720
1911 1508
1911 1262
739 263
739 63
739 730
739 739
739 505
739 296
739 2799
739 352
739 835
4135 2963
3594 3602
3594 3197
3594 3594
3594 3655
3594 76
3594 3981
1607 1607
904 2122
3655 977
3167 1472
3167 519
3167 55
3167 2213
4126 2152
1736 2981
1736 1736
3714 2423
227 63
227 1295
741 741
741 609
3656 2310
292 1688
292 350
292 263
292 292
4509 2136
4509 3981
3671 712
3671 3109
1257 476
162 558
162 162
162 3748
162 141
162 1929
162 263
4175 4179
2219 647
2219 2327
2219 3981
2219 2219
1863 263
1863 1863
3942 2989
3942 519
3942 3942
3942 3236
3942 2310
3942 2579
3942 263
3942 372
3942 62
3942 1245
3942 3757
3942 1451
3942 1131
3942 1262
3942 791
2950 474
2950 3099
2950 2968
945 617
1720 519
191 1955
191 430
191 2310
2526 2526
2526 659
512 1808
512 519
512 343
512 76
1977 593
1977 63
3519 3511
3482 3482
3482 2002
456 312
456 2210
1811 575
1952 1735
1952 1327
1952 1952
30653 352
30653 30653
30653 3981
4179 5382
4012 1462
4012 3981
1248 1248
2360 712
2360 3099
2360 30
11906 486
1081 2054
1081 3134
898 558
898 898
559 2262
559 559
1369 3209
2213 263
2213 1671
2213 1245
2213 2634
2213 352
2213 45675
2213 90
2213 545
2213 2213
2213 2730
2213 234
2213 1050
2213 1472
2213 55
2213 2061
2213 977
747 747
747 1395
747 786
2191 234
2191 1580
2191 1343
2191 2191
2191 1929
2191 1325
4206 1845
593 593
1309 1120
1309 1309
3299 3757
1775 1543
1775 1775
1775 2492
1775 2187
1775 2115
1775 534
1775 791
55 3197
55 1441
55 1995
55 1311
55 3518
55 3651
55 2924
55 2092
55 2618
55 2492
55 1936
55 231
55 2804
55 3175
55 55
55 295
55 62
55 2084
55 571
55 46
55 3981
55 827
55 2772
55 180
55 617
55 308
55 1277
55 451
55 1597
55 2241
55 372
55 1304
55 45675
55 2828
55 2874
55 265
55 2122
55 90
55 1673
55 378
55 13190
55 3472
55 1048
55 105
55 712
55 3653
55 312
55 2465
55 1302
55 1881
55 1627
55 2669
719 17285
719 90
719 100
719 1982
719 707
719 2660
719 719
719 2804
719 915
719 519
719 740
719 3981
2189 1006
2189 2189
3803 3829
3803 3803
3803 3933
3803 2187
977 2765
977 909
2674 2436
2327 7324
2327 712
2327 1002
453 180
140 659
288 2310
288 2804
288 2054
288 2416
288 1511
2422 1472
2422 1961
2422 2422
2422 3606
2422 2054
580 429
464 1580
464 2241
2765 2765
2765 2794
2653 2653
4038 1245
620 90
620 476
620 519
620 620
620 1528
620 263
620 1262
620 105
620 311
620 1135
2032 2013
2032 2054
2032 3981
2032 2818
2032 1724
2032 558
2032 2032
2631 3053
2631 263
2631 2804
2631 3981
1034 267
1034 838
1034 1158
1034 1034
141 1094
141 617
1131 4058
1131 617
1131 659
1131 2054
1131 647
1131 1131
1131 915
551 1508
551 2241
551 1698
551 3981
295 949
778 2455
778 2328
778 2660
778 647
778 778
778 76
778 3981
1895 1597
1895 2265
1005 378
12347 1233
12347 12347
2968 2963
2394 517
2394 1260
2394 914
2394 2460
2394 3518
2394 2989
2394 2492
2394 1472
1889 2924
1889 476
1889 2029
835 659
835 438
835 45675
3322 247
3322 3262
726 182
726 726
1343 2989
5076 1349
5076 5076
17285 1229
17285 17285
17285 519
17285 100
17285 311
17285 1788
17285 949
17285 1245
17285 558
17285 3349
17285 1002
17285 1633
17285 1496
17285 1304
17285 3757
17285 1262
17285 3981
2567 2565
2868 1
2868 1472
2868 263
1449 311
1449 1472
1449 2013
1449 652
252549 343
252549 3511
3614 3614
3614 2924
3614 1686
3614 3651
3614 519
3614 3880
2029 2818
2029 1528
2029 3025
519 519
519 2396
519 1460
519 1508
519 960
519 1100
519 352
519 534
519 1936
519 2660
519 2804
519 2055
519 967
519 4090
519 2054
519 1649
519 571
519 2436
519 1262
519 3981
519 1313
519 372
519 1304
519 2511
519 558
519 1671
519 813
519 2122
519 2395
519 1597
519 659
519 1929
519 2087
519 1725
519 1302
519 76
2773 3760
2773 1932
204 2061
204 3197
204 204
204 1050
204 3518
2398 1580
1460 827
1460 224
1460 3022
1460 2013
1460 2092
1460 1460
1460 1704
1460 1325
1460 1245
1460 558
1460 1808
318 265
1480 1597
1480 1004
1480 702
1480 1480
1480 1325
1480 1304
845 2874
845 1932
845 123
845 2152
845 2042
845 702
845 2897
845 3334
845 2212
845 263
845 915
845 2804
1441 94606
1441 2241
1441 1608
1441 1441
1441 308
1441 2470
63 180
63 111
63 967
63 76
476 2284
476 712
476 617
476 2290
476 476
476 1597
476 1686
476 263
476 2730
476 2818
476 912
476 3602
476 352
476 838
476 1462
476 1508
3518 263
3518 100
3518 2310
3518 2974
3518 1245
3518 2061
3518 2989
3518 3981
2044 76
1643 1262
1643 2054
978 1936
978 100
978 1392
978 978
978 3094
1730 517
1730 2310
1730 912
1730 263
1730 1730
1730 838
20189 1596
35905 1010
64057 4230
827 182
827 90
827 857
827 263
827 76
3046 4095
3046 3981
1633 352
942 942
942 1673
942 579
942 2492
2096 1982
545 545
545 2328
1735 1862
1735 1735
1735 1327
1735 2410
1735 264
1735 1570
1735 263
1735 1580
1735 1245
1735 1968
1735 1304
1735 766
1528 1245
1528 100
1528 3981
1528 2310
1528 2804
1528 1002
1528 2999
1311 1517
26 1682
26 26
3602 34
3602 45675
3602 1763
3602 2241
3602 1995
3602 352
3602 1164
3602 76
3602 2804
967 659
967 813
967 3665
967 1088
967 2468
967 967
2216 3109
2216 9851
493 2730
493 83
2670 912
4118 3981
1659 1580
1659 1659
1659 2054
1659 1262
1659 2310
2818 2320
2818 2981
2061 2293
2061 2061
2061 1277
2061 2054
2061 2092
2061 2310
2061 1682
2615 2152
1570 3114
1570 1649
1570 1570
1570 263
1229 1229
2416 2249
2416 2396
2416 1686
2416 3924
2416 263
2303 263
712 2241
712 712
712 310
712 100
712 1665
712 3236
712 2310
712 263
712 1135
712 794
712 2234
712 2914
712 2799
712 647
712 3981
712 76
712 2565
3405 2054
2310 2293
2310 2013
2310 2373
2310 2054
2310 2803
2310 4178
2310 1462
2310 2924
2310 2761
2310 2963
2310 791
2310 3592
2310 2263
2310 46
2310 3109
2310 45675
2310 1
2310 1049
2310 2455
2310 1665
2310 2660
2310 263
2310 2055
2310 4095
2310 697
2310 1993
2310 1158
2310 1262
2310 3981
2310 247
2310 2187
2310 1686
2310 35694
2310 3119
2310 1936
2310 4104
2310 2313
2310 372
2310 4230
2310 2423
2310 1503
2310 2828
2310 90
2310 2617
2310 1002
2310 2981
2310 100
2310 310
2310 430
2310 1758
2310 378
2310 2328
2310 1267
2310 296
2310 2310
2310 4130
2310 3062
2310 1698
2310 2970
2310 1135
2310 1302
2310 2724
2310 1849
2310 1245
2310 8682
2152 1042
2152 105
2152 2152
2152 720
2152 1494
2152 2625
2565 1262
3591 2874
1718 1543
6905 697
6905 1245
6905 794
1993 3472
2087 2087
693 1262
693 1135
2828 1472
2828 2828
2828 2241
2828 3262
2582 1752
2582 311
2582 2582
2582 3981
813 4507
813 378
813 3981
1243 2438
1243 2055
1243 1243
513 62
3262 2241
3262 1711
773 773
773 100
3048 1508
3048 76
1295 1926
359 909
3349 489
3349 1752
3349 3394
3349 343
1796 2054
1796 1262
1982 310
1982 1982
1982 1698
1982 372
1845 1845
1262 156
1262 170
1262 720
1262 1395
1262 2794
1262 1755
1262 2042
1262 1747
1262 372
1262 946
1262 1746
1262 1455
1262 1313
1262 1071
1262 1758
1262 1665
1262 3236
1262 205
1262 1048
1262 263
1262 731
1262 914
1262 312
1262 1808
1262 45675
1262 2084
1262 2601
1262 350
1262 1929
1262 494
1262 1245
1262 1262
1262 1627
1262 3981
1492 1462
34 310
34 517
34 1088
34 3225
34 34
46705 263
1135 2293
1135 3000
1135 2920
1135 1310
1135 3700
1135 2263
1135 1936
1135 45675
1135 2672
1135 474
1135 1135
1135 869
1135 71
1135 804
1135 838
993 993
993 1508
1671 1936
1671 76
1671 296
1472 2763
1472 4104
1472 702
1472 2803
1472 372
1472 316
1472 6765
1472 3933
1472 263
1472 1511
1472 1472
1472 2504
1472 2805
1472 2718
1472 2048
1472 54999
1472 76
1472 3981
2356 2436
2356 2356
2356 2625
2356 1627
2356 946
909 3549
909 1682
909 2187
296 310
296 1
296 296
296 263
296 1355
296 1831
296 2914
296 1325
296 3981
2794 1673
2794 153
2794 2055
2794 1304
2794 2054
2794 3933
2804 2241
2804 3012
2804 1746
2804 766
2804 352
2804 1508
2804 2375
2804 2898
2804 378
2804 263
2804 578
2804 2805
2804 3812
2804 76
2804 2804
1001 167
1001 1002
3279 3651
3279 3933
816 76
21 3981
224 3184
224 1245
224 83
2115 45675
2115 2115
2115 1245
2115 834
2115 100
2115 3981
2115 720
2115 1508
2115 1746
2115 76
2115 702
577 180
577 62
577 654
577 577
577 76
577 2092
4111 3093
4111 100
3768 310
3768 2754
1958 530
1958 310
4058 90
4058 3236
4058 2054
4058 372
4058 697
2052 76
429 100
4230 5011
914 1738
914 372
914 2492
4178 3220
4178 3981
3012 530
3012 90
3012 3116
3012 3012
2699 1042
2699 1929
2699 2699
2320 1596
2320 1686
2320 2054
2320 2241
2320 2730
2320 1511
2320 1245
2320 2320
1004 1010
1004 350
1004 1580
1004 1688
1004 180
1004 1649
1004 1725
1004 265
1004 960
1004 3311
1004 1004
960 670
960 857
960 378
960 100
960 725
2210 2210
755 100
2942 2122
2942 1048
2942 730
2492 2490
2492 2492
1063 1063
1063 3981
534 1936
534 1563
534 1932
2016 1936
2016 2042
2016 1002
1936 1010
1936 1936
1936 1698
1936 1000
1936 372
1936 352
1936 76
1936 486
3933 3933
3933 90
3933 2211
3933 2660
3933 2054
3933 1711
3933 3981
3526 3236
3526 3526
3526 1245
2986 3099
83 531
83 45675
83 2730
1049 1049
1049 3880
1049 682
1049 1304
1049 1727
2062 100
2651 2054
964 2331
3880 2465
3880 685
3880 1673
3880 3334
3880 3880
2429 21439
2898 76
2183 2187
731 731
3064 2628
3064 17769
3064 2814
760 2803
127 164
127 30
697 697
697 2375
1688 1508
1688 1688
1753 517
1753 1100
1753 1327
1206 100
1206 263
635 635
2718 2852
578 2801
94606 11516
1158 352
1158 1094
1158 912
1158 372
1158 1496
791 390
791 3981
791 791
791 350
2616 310
2616 652
2523 3967
2523 308
2523 1048
2523 3062
2523 2001
2523 3981
2523 4102
2523 1462
2523 2989
2523 2669
2523 2002
2523 76
2523 2523
247 247
247 2504
247 2754
247 231
247 105
247 2265
3220 1929
180 180
180 76
1453 1245
1453 1050
670 45675
1770 1770
4104 4104
4104 3680
2241 2914
2241 372
2241 2136
2241 2987
2241 1245
2241 352
2241 659
2241 263
2241 2241
2241 3981
4018 4018
2308 1508
2308 2262
1094 1094
1094 3981
1310 2092
1310 1881
1310 1686
2511 372
2511 2511
3119 652
3119 1828
3119 3511
3119 1686
3119 2914
3119 3119
3119 45144
1746 702
1746 1304
1746 1508
1746 786
1746 1727
1746 1992
5668 5668
3760 3394
326 1010
326 915
1727 2664
1727 1302
1727 1808
343 1050
343 100
343 266
343 343
343 617
2754 2754
2754 308
2754 1048
2754 372
1679 30
494 3236
1333 2212
1333 45675
1333 2262
1333 647
2092 430
2092 308
2092 2054
2092 2103
2431 2431
1641 2084
1641 372
1641 1627
1641 1508
2297 2297
71 2560
71 1932
71 76
654 100
312 1327
312 1267
312 378
312 76
2001 1450
2001 937
2001 838
2001 2730
2001 2001
2001 3757
1627 90
1627 2490
1627 1932
1627 430
1627 2436
1627 1698
1627 1086
1627 1627
3757 100
3757 1673
3757 1686
3757 1002
3757 263
3757 3757
3757 2715
3757 2054
1938 100
8682 263
2669 1955
2669 1843
2669 558
2669 1686
2625 946
2625 2625
2625 62
1483 1673
742 3981
2013 3765
2013 2013
2013 35694
2013 3236
2013 702
2013 3869
2013 1000
2013 4093
2013 4108
2013 1245
2013 558
2013 972
2013 1302
2013 352
2013 4098
2038 1779
5 3093
5 90
5 3651
1395 1417
1395 1395
517 3134
517 3967
517 2963
517 517
517 263
517 310
517 182
517 869
517 2211
517 76
517 3981
2054 1042
2054 100
2054 4143
2054 2054
2054 2801
2054 617
2054 45675
2054 2055
2054 2920
2054 3099
2054 2465
2054 372
2054 1304
2054 2924
2054 2914
2054 3236
2054 4093
2054 1302
2054 1245
702 3981
702 1508
702 1418
702 1302
702 2579
946 1355
946 1325
3082 3082
2266 2266
1414 1355
1414 1325
2801 90
2801 2799
2801 2801
2801 6948
2801 105
2801 3981
404 2634
1508 1929
1508 1494
1508 3197
1508 1968
1508 2924
1508 558
1508 2460
1508 1508
1508 2110
1508 45675
1508 1327
1508 378
1508 263
1508 2055
1508 2920
1508 2910
1508 2436
1508 76
766 1103
766 766
352 100
352 310
352 1580
352 352
2059 2212
2059 263
1313 45675
1313 372
2453 730
2910 90
2910 76
1086 869
1086 1086
1086 3981
1086 3311
1 2263
1 1
1 1245
1 804
1 1580
1 1929
1 3131
1 3169
1 1711
1 3981
20 2055
2202 1580
1665 4112
1665 1665
1665 3236
1665 2380
1665 90
1665 3134
720 430
720 372
720 76
4507 375
1511 45675
1511 2212
1511 263
1511 1511
1511 838
1511 3981
869 869
2981 1302
2981 2981
2981 2924
2981 3511
390 390
390 100
28220 2331
804 310
804 1245
3030 3030
3030 2436
1608 3784
266 505
266 1686
266 231
266 341
266 266
2093 1267
2093 647
4027 2263
4027 4027
3197 3093
3197 3598
3197 3197
3197 100
3197 1673
3197 1686
3197 76
308 2263
308 949
308 2084
308 372
308 76
1596 1462
1596 3981
130223 3118
451 3981
452 381
452 3114
1580 1048
1580 62
1580 1580
1580 1010
1580 3981
949 3784
1968 1245
1968 1968
1245 3748
1245 372
1245 45675
1245 3022
1245 1245
1245 3802
1245 4071
1245 2963
1245 3765
1245 1277
1245 561
1245 3093
1245 2055
1245 268
1245 350
1245 4044
558 310
558 430
558 561
558 1304
558 46716
558 1752
558 316
558 558
558 2373
558 3981
265 434
265 3109
265 526
265 1932
265 2002
265 265
265 489
265 3981
265 62
265 1199
1392 682
2122 263
2122 372
2103 2103
1537 3802
2874 372
2874 2874
88 88
1887 1597
378 182
378 378
378 369
1929 2187
1929 2763
1929 2396
1929 1992
1929 1002
1929 1597
1929 2373
1929 1929
1929 838
1929 2048
3079 3981
1704 912
912 430
912 2331
912 2187
912 727
912 350
912 328
912 9254
912 263
912 167
3025 263
3025 2084
3025 2046
1462 2187
1462 1763
1462 100
3755 263
381 381
381 3114
3651 3236
3651 3802
3651 3651
3651 1808
1738 1738
874 1325
2378 2378
2378 372
3214 3214
3214 76
3214 1304
7324 4093
486 11727
1682 1010
1050 1862
1050 2373
1050 1602
1050 1686
1050 1050
1050 76
1010 1010
1010 3879
1010 2660
1010 786
1010 277
1597 1597
1597 182
1597 1763
1597 372
2262 263
2262 2262
3109 76
82 1881
2763 1327
2763 2763
2763 915
2763 3748
2763 3981
2763 561
2763 1724
561 561
2672 3981
2375 2924
2375 3738
2373 1199
2373 2373
2373 76
2055 263
2055 2055
2055 372
2055 2634
2055 3461
2915 3062
62 45675
62 170
62 3981
62 263
62 62
62 434
62 1988
62 76
609 530
1636 100
2084 2617
2084 1686
2084 263
2084 105
2084 372
2084 652
2084 2104
2084 268
505 2618
505 505
2799 3018
2799 2989
2799 434
2799 2799
2799 76
605 725
794 1926
794 315836
322 322
1926 1621
1862 263
156 430
156 90
156 372
156 2046
1826 2465
1826 1826
617 434
617 3981
1503 3981
1503 90
2465 372
4952 100
4952 3981
337 328
2080 372
2265 1267
46716 1649
46716 46716
2136 263
2136 4213
2136 2963
231 1325
341 3829
341 341
1325 45675
1325 659
1325 1355
1325 1417
1325 1325
1325 3981
4098 263
4098 4098
6765 6765
2284 3981
430 1686
430 430
430 1417
430 3981
164 267
164 90
164 164
1673 1673
2328 2328
3236 3236
3236 838
2579 263
2579 2579
2660 2660
1199 1199
1237 263
1237 1002
652 652
474 372
474 263
474 474
474 2730
474 76
3118 2530
76 2187
76 310
76 434
76 1015
76 682
76 45675
76 105
76 263
76 2504
76 2814
76 2530
76 2825
76 2628
76 725
76 740
76 100
76 90
76 659
76 2730
76 1144
76 76
3812 3981
896 310
896 1724
1881 530
1881 838
1881 1686
1881 1881
3062 372
375 375
90 372
90 3829
90 45675
90 90
90 2046
90 263
90 2730
90 3549
90 3748
90 3254
90 4044
3093 2504
3093 2617
3093 1120
3093 2963
9851 5130
100 100
100 2263
100 1686
100 1698
100 1417
100 372
100 3511
100 2963
100 838
100 2914
100 3981
4213 3981
4213 3680
4213 4213
4213 3134
1755 647
2313 263
725 725
1724 1686
1724 263
1724 1724
2920 1711
10440 4955
3680 753
3680 4093
3680 2618
3680 1686
727 2617
857 857
4040 2455
4040 2396
4040 3981
1988 1988
2187 2187
2187 2212
2187 2601
2187 838
2187 1103
753 2924
753 1711
1450 2963
1450 2002
1488 1488
2617 2617
2617 1686
2617 372
2617 3967
2617 3981
1327 1327
2455 2455
2455 300
2455 1002
2925 2925
3311 3311
3311 45675
3175 263
1087 859
1002 45675
1002 3076
1002 1002
1002 263
4503 6948
1263 1263
2530 1015
11727 372
1114 1048
1649 263
2825 2825
267 2601
267 3981
1932 2046
1932 1932
1932 3981
1413 3981
2042 3660
2042 647
2042 2042
2042 2989
2042 372
1698 2211
1698 2046
1698 1698
334 334
334 2924
1417 1417
372 4215
372 3967
372 2963
372 45675
372 233
372 3981
372 1686
372 372
372 434
372 4130
372 43446
372 1304
372 1048
372 1302
372 3461
372 2212
3076 3076
1277 1277
2046 263
2046 1048
2002 2002
2002 2963
1602 1120
2436 316
3099 263
3099 3099
17769 6948
310 2761
310 2730
310 1711
310 310
310 1120
310 647
310 105
310 2048
5130 5130
4102 4102
4102 2963
4102 3981
3327 1355
3327 3394
2290 3981
659 659
659 647
1455 3981
1120 1120
3924 263
1048 1048
105 105
105 2504
105 3981
2730 2730
730 730
2110 2110
3302 3302
3302 3981
4093 4093
4093 4044
233 263
1267 2601
1267 1267
2048 2048
1302 2924
1302 1711
3254 2924
3254 263
3254 3254
300 2263
531 531
531 3981
2293 2293
2293 3134
2924 2468
2924 1808
2924 2924
2924 263
1621 1935
3764 1711
4143 1686
263 3700
263 45675
263 2504
263 263
263 530
263 3981
263 1686
263 350
1747 1747
4215 3981
434 1686
1278 1278
3700 3700
2104 2104
2104 182
2989 2989
2989 1711
682 1808
682 682
2963 2761
2963 2963
2963 3981
3829 3829
3134 1686
3134 264
3134 3134
3053 3053
1015 1015
647 647
786 786
530 838
530 3981
2814 2814
369 3981
2601 2601
972 972
4044 4044
3967 45675
3967 3461
1686 1686
1686 1355
1686 3981
3748 3748
182 182
838 838
1304 1304
1304 3981
45675 45675
45675 1355
1752 1752
316 316
859 859
54999 54999
3660 3660
3981 1103
3981 3981
3981 350
1355 1355
2715 2715
3209 3209
