60216 1643
58769 289
58769 31416
58769 57380
58769 263
58769 40928
58769 44895
12084 953
12084 4377
12084 26316
12084 44499
12084 55450
12084 13567
12084 50991
57346 28536
57346 19999
57346 30085
30432 2013
30432 12591
59950 47225
24471 60116
426 59388
426 31414
11514 25763
60372 43935
60372 49318
59794 804
5253 57182
57672 57672
57672 4876
57672 26316
57672 47670
57672 8972
26956 26956
26956 20088
46429 96716
39898 54566
39898 40928
39898 48539
39898 23489
39898 60436
39898 58051
39898 60483
39898 52063
39898 34252
39898 46279
58659 49871
58659 58659
58659 22734
58659 58991
32583 4377
57465 48600
57465 54114
57465 39559
43344 3109
42733 58736
33330 1686
57565 56977
19948 50086
19948 19948
19948 58777
60755 22361
50147 2054
50147 18284
57988 2558
50946 59288
50946 13567
23027 32438
23027 46976
23027 47225
5071 5071
5071 58069
187 5200
46126 46126
46126 42428
46126 57548
46126 30085
607 607
607 1931
607 8972
46697 60506
39638 4806
39638 55645
39638 13567
49199 3614
49199 60788
49199 679
49199 31680
49199 4560
49199 49895
49199 6734
49199 38969
49199 21353
49199 90714
49199 52492
49199 59328
49199 29347
49199 8526
49199 60660
49199 57969
49199 20433
49199 23950
49199 56977
49199 6905
49199 59035
49199 20460
49199 49199
49199 59282
49199 59490
49199 34636
49199 57567
49199 50771
49199 3109
49199 52914
49199 7868
49199 18888
49199 57464
49199 42672
49199 25930
49199 57980
49199 26316
49199 43749
49199 4946
49199 60114
49199 30717
49199 9605
49199 23420
49199 31310
49199 15722
49199 44848
49199 6879
49199 21729
49199 47637
49199 2032
49199 57461
49199 57447
49199 58667
49199 15774
56584 41613
56584 58787
56584 58777
56584 58331
56584 56584
56584 49537
32381 22317
11392 60797
58462 13822
58462 55567
58462 29347
58462 59346
11546 50697
11546 11710
11546 51300
11546 11546
11546 26468
11546 8672
11546 59930
11546 2187
11546 58161
11546 4377
11546 25499
11546 38969
11546 43749
11546 9350
13947 57640
18888 40350
18888 23100
18888 42428
18888 18888
18888 40928
18888 44895
18888 42672
59350 48600
59350 4377
59350 22017
37786 40201
37786 37786
377 11402
377 1931
13300 2054
856 1548
50883 34113
50883 33060
57795 40928
59872 310
59872 59875
59872 30085
7654 59497
7654 58535
7654 10165
7654 37299
7654 49969
7654 23420
59492 51068
60838 39616
5535 11772
60599 46972
60423 1686
23179 2996
46992 42307
22177 6574
53514 29199
53514 310
53514 53514
53514 15329
53514 27789
53514 59727
53514 56519
53514 59555
53514 42315
53514 59678
53514 46834
53514 23420
55374 9493
55374 22317
56968 59991
12069 37943
57787 57787
57787 56977
57787 26316
27467 57877
27467 39248
27467 15995
58724 58724
58724 802
58724 8972
58177 12567
58177 27760
58177 40564
15088 22342
52871 60276
357242 40134
357242 22317
357242 4782
4899 26590
15794 43506
11133 208983
25748 2641
25748 27789
25748 482
8238 48600
8238 48807
8238 15329
8238 8672
8238 57990
8238 54957
8238 39606
90160 37871
5717 15509
5717 58801
5717 77
5717 44021
5717 42315
10232 39616
10232 60696
10232 1760
10232 4782
10232 52282
10232 10232
10232 60483
10232 41093
10232 54873
10232 60318
10232 49370
10232 54011
10232 60487
10232 48154
10232 56246
10232 37634
47108 1
47108 51945
47108 2558
47108 47108
47108 482
58741 59727
58741 17492
58741 39248
58741 4782
58741 54873
58741 482
58741 25690
58741 60468
58741 2213
50182 22720
50559 59497
19279 9742
19279 923
19279 37619
19279 10674
19279 58991
19279 1711
19279 56426
19279 19279
5195 42645
14110 1146
14110 48600
14110 22317
38062 20088
38062 52645
59683 50697
59683 39248
57878 5130
59488 12645
58617 3183
137039 42618
23895 58691
4304 4304
4304 22596
4304 175524
60125 28893
60125 60125
60125 17529
4257 54440
4257 4865
4257 58370
60441 60338
36154 55352
36154 40928
36154 23461
36154 6998
57509 45928
11934 13009
4042 48600
60770 60770
44213 35728
44213 23420
44213 16115
44213 9666
58201 58086
58201 310
58201 42315
58351 42315
57896 43749
57896 58173
57896 41865
23577 14068
27811 58285
43394 119239
11710 56701
11710 60099
11710 4377
11710 23461
11710 16621
11710 37896
11710 23917
11710 25598
11710 44625
11710 1490
19797 52645
44483 42315
60858 6242
60858 2202
60858 41003
6154 20088
59680 58676
59680 29347
40317 57627
60228 22317
60228 60289
25472 48600
25472 21565
25472 50771
25472 310
25472 57440
25472 2201
25472 49788
25472 47793
25472 141
25472 3738
25472 22121
25472 25472
36099 27919
2057 46438
2057 23774
2057 22734
2057 58188
2057 41580
2057 552050
2057 35249
2057 59102
2057 31713
2057 1944
2057 59046
2057 58312
2057 39706
2057 29747
58510 58551
58510 310
58510 58510
58510 7198
58510 17199
58510 50086
58510 57304
58510 9249
15329 48600
15329 57011
15329 57472
15329 58559
15329 39616
15329 59089
15329 61020
15329 10674
15329 60702
15329 15329
15329 53108
15329 57786
15329 3279
15329 42428
15329 19363
15329 34636
15329 16927
15329 29700
3239 30462
58559 9076
58559 25930
58559 52657
58559 9121
58559 11161
58559 21915
58559 35393
58559 4115
59204 23420
58957 7745
58957 40350
58957 42315
40361 60726
40361 1048
49096 10674
59440 59443
60944 20088
28451 38871
28451 57543
28451 57828
56276 49969
59404 2641
2533 34726
9666 1062
9666 32496
9666 18211
9666 9121
9666 11161
9666 1588
9666 4235
9666 34623
9666 9666
4850 58116
4850 1447
2004 58981
44339 40027
44339 48600
44339 60881
44339 11550
44339 19999
44339 4782
44339 60874
44339 11306
44339 14390
44339 54604
44339 26316
44339 60007
44339 57112
44339 58919
44339 265
44339 22317
44339 60939
44339 44339
58550 25062
58550 40928
58086 310
58086 60859
58086 58086
58086 58202
58086 30067
58086 12912
58086 57026
58086 42315
58523 126
58523 58523
58601 49593
12038 45635
37792 5199
37792 39248
58366 10381
12223 48600
12223 12223
58710 17373
58147 289
58147 10439
58147 1048
52673 289
52673 52673
52673 40928
30972 60398
30972 60393
30972 9254
30972 33274
60955 4377
14980 58051
14980 310
11447 482
11447 42618
11447 51300
11447 11447
11447 35026
57438 8811
57438 20433
41328 43749
41328 39248
41328 34636
46142 59152
46142 9604
60105 31680
60105 1146
60105 26316
60105 40928
60105 39248
15302 16582
46438 184
46438 51590
55325 192
55325 19455
55325 39248
55325 54873
55325 21715
55325 660
55325 22720
55325 6905
55325 55325
59461 8829
16257 16257
16257 16465
45214 60313
39117 1752
39117 4386
55808 55808
590 482
590 58682
590 44268
590 19999
590 5113
590 2975
590 590
590 59429
590 11306
590 22317
58593 58593
58593 42315
58991 15291
58991 57294
58991 59265
58991 58991
58991 58804
58991 4555
58991 56426
58991 42315
57457 57451
20460 35090
20460 26316
20460 19357
20460 42315
20460 22317
20460 310
20460 20460
7868 58980
54676 54676
54676 34844
56426 13254
56426 56426
56426 44473
56426 2087
59792 25168
42928 42928
51034 60736
51034 38969
57980 57548
57980 20088
57980 57940
57980 49318
41449 10670
41449 50771
38282 7184
38282 57551
38282 22596
38282 59890
38282 50771
38282 38282
38282 58481
38282 58686
40167 40167
40167 18013
40167 28518
30431 58936
57994 20433
57994 37148
58695 60975
18500 482
18500 58298
18500 18500
59820 50896
59820 59820
59632 24559
58876 22350
10980 482
26180 56701
26180 48600
26180 51833
26180 26180
26180 57815
26180 482
26180 31680
26180 1686
26180 8972
60033 49593
22246 11510
22246 22246
8027 57739
57483 11131
57483 48253
57483 50086
57483 58312
57483 2591
57483 9254
57483 12960
57483 57743
57483 1938
57483 16802
57483 59441
57483 57483
57483 48503
60660 60660
40061 9519
40061 16313
40061 49107
10779 310
10779 58682
10779 33060
10779 1457
10779 2626
10779 26768
10779 3505
10779 55582
10779 22025
10779 33202
10779 10674
10779 991
10684 58018
60903 14243
16912 40928
57882 6922
14869 57553
58749 58749
57370 57370
57370 42671
57370 57941
57370 57211
57370 52944
57370 57828
57370 57282
57370 13567
45509 34636
679 51658
679 32157
17199 310
17199 58115
17199 38806
17199 8769
17199 26662
17199 15334
16487 41757
4129 58360
4129 12216
4129 482
4129 40474
4129 4129
4129 58738
4129 57464
4129 4160
4129 44499
4129 6508
4129 9825
4129 59661
4129 11550
4129 57828
4129 1304
4129 9350
4129 54114
4129 60335
4129 58532
4129 552050
4129 6574
4129 56977
4129 1686
4129 56591
4129 1013
4129 49935
59572 4724
59572 12062
826 59277
826 57508
826 39248
48606 48606
48606 20323
48606 40928
146817 40066
146817 56977
146817 5377
58057 1548
30480 25197
30480 60717
50302 17425
50302 11306
50302 37947
50302 54114
36108 11550
11321 8672
11321 57548
11321 27789
11321 40928
26298 58480
47862 58604
59042 59042
59042 12567
59042 11550
59042 60842
59042 40928
59042 6937
5003 34636
5003 15995
53953 38795
16794 16794
40719 31680
40719 12960
40719 58502
40719 21353
60764 50697
60764 40928
19645 19645
33336 50497
33336 20433
33924 8672
33924 40928
58382 48600
58382 8972
789 58553
789 26633
14485 59497
14485 49902
14485 1048
14485 263
14485 14485
14485 32438
14485 54574
14485 22317
14485 9556
58136 8476
58136 51173
56616 13567
48213 482
48213 26316
48213 16133
48213 8672
48213 39876
48213 23327
48213 48213
48213 60831
1062 60906
21420 2108
21420 20088
21420 56977
58273 492
54315 54315
59418 6571
4835 59739
46328 247
46328 482
46328 917
46328 49508
46328 50086
46328 16133
46328 19688
46328 44499
46328 4377
46328 57861
46328 2394
46328 105
46328 4517
46328 23420
46328 23523
46328 58194
60643 19926
60643 29647
60643 40928
57464 48600
57464 8672
57464 43749
57464 395
16987 58355
32 32
32 6884
59848 50697
59848 59848
59848 22317
11402 47012
55991 37391
55991 56701
55991 44403
55991 55991
55991 57259
59798 37734
523 1548
523 523
4790 4790
35413 33379
35413 28518
35413 6574
35413 35413
280 8732
280 8972
60864 58493
60864 40928
60864 2123
57648 4160
60124 58502
59788 44380
20771 49969
12567 40041
12567 57940
12567 59265
12567 6171
12567 58134
12567 4963
12567 44212
12567 19707
12567 26286
12567 58801
12567 55352
12567 25345
12567 59531
12567 59612
12567 39527
12567 60754
12567 20608
12567 57166
51202 51202
44706 58567
768 23420
21431 42428
1457 310
1457 60092
1457 37896
1457 33894
1457 10674
1457 23432
1457 40044
13130 34636
53351 53351
53351 39473
53351 56199
48352 60872
39578 20433
10422 50159
10422 10422
59642 36770
5872 40928
5872 58332
58228 54509
1432 60067
9742 26316
9742 42618
9742 36601
9742 923
60537 4377
49138 36638
5165 10674
5165 39364
59235 34844
57619 57398
57619 57619
60320 13751
27789 48600
27789 4477
27789 482
27789 11141
27789 8672
27789 60534
27789 35269
27789 35950
27789 14664
27789 48846
27789 10618
27789 24737
27789 21353
27789 18484
27789 9350
27789 14549
27789 6938
27789 27789
27789 22443
27789 23950
27789 23412
27789 56977
27789 15226
27789 59497
27789 12139
27789 58370
27789 57662
27789 56229
27789 23420
27789 59727
27789 57514
27789 57425
27789 37634
27789 56519
27789 12704
27789 40592
27789 6792
27789 28320
27789 9538
27789 36808
27789 6496
27789 52149
27789 20608
27789 241
27789 56715
27789 59049
27789 233
27789 53595
27789 47670
27789 58014
27789 31926
27789 42645
27789 57166
12894 59555
12894 20433
12894 34636
12894 54196
55406 59555
55406 60967
26768 26768
26768 48600
26768 26316
26768 60880
59981 41568
59981 60075
59981 43749
59981 59555
59981 59981
59981 9254
59981 22317
58190 1048
40814 2919
40814 5510
40814 40814
42269 1686
57660 35090
57660 57660
57660 20433
57660 1931
57660 8804
57660 50561
57660 10674
57660 60374
57660 58369
57660 38447
2088 57899
58370 28518
58370 57856
58370 54440
1510 14709
60642 11028
60642 60578
23334 482
23334 23334
23334 22317
33572 54873
33572 2805
17373 482
41662 60536
59752 10973
23442 59497
8433 8762
58320 40201
58320 22596
12760 59150
12760 59843
12760 11306
12760 23987
12760 1
12760 27102
12760 11027
12760 59497
12760 12960
12760 10618
12760 2963
12760 12760
12760 43094
12760 52796
58261 57734
58261 8881
58261 22317
58261 53797
58261 38278
64304 59975
52925 4782
46005 46005
46005 56920
46005 49537
46005 58455
46005 44818
46005 57553
46005 48533
46005 42315
46005 5010
46005 26590
46005 12019
46005 45446
46005 14610
46005 1845
46005 39901
46005 46333
46005 52712
46005 52911
241 241
241 20433
241 4386
241 8672
241 51475
241 2470
241 19943
241 40928
56873 4377
56873 33060
56873 45662
56873 13241
56873 56873
56873 27037
56873 3680
11815 4377
11815 11815
11815 40928
8104 51300
8104 17415
12286 57854
59317 39366
59317 59727
59317 4377
59317 24501
59317 59317
59317 54873
59317 57162
59317 60382
12798 482
12798 10674
12798 50211
12798 1931
12798 7745
58443 482
58443 58541
58443 16600
58443 43356
58443 11134
27198 27198
27198 20433
27198 56977
49318 42671
49318 57940
49318 56715
49318 23100
49318 57440
49318 57976
49318 57808
49318 31500
49318 58043
49318 16950
57399 11550
57399 54478
16859 57536
57491 28598
40218 5966
2996 2996
2996 42428
41093 17529
41093 5424
41093 41093
41093 49928
41093 40928
6203 482
6203 5424
6203 6203
7556 31704
46521 4560
46521 41300
46521 60723
46521 25930
46521 41589
46521 34252
46521 53595
46521 53585
46521 36601
46521 30085
46521 48253
9173 6938
21915 1931
19306 25944
19306 19306
19306 22317
344 46775
344 32438
60252 5399
57525 2245
60676 1333
14484 14484
14484 35787
9340 22317
10674 48600
10674 54566
10674 31680
10674 53184
10674 2013
10674 33038
10674 40044
10674 48846
10674 55617
10674 14610
10674 10674
10674 24194
10674 372
10674 20433
10674 35090
10674 13201
10674 50857
10674 58396
10674 58544
10674 42315
10674 2590
10674 29700
10674 34636
10674 310
10674 3109
10674 25930
10674 2431
10674 44957
10674 46924
10674 6899
10674 25095
10674 56342
10674 5200
10674 22317
10674 52712
10674 39544
10674 37619
10674 45993
10674 43473
10674 42635
10674 52278
10674 34844
10674 22596
10674 37896
10674 60488
10674 58369
10674 57166
23523 58051
23523 36840
23523 59439
23523 42716
23523 31680
23523 6496
23523 58141
23523 32044
2401 54957
31519 39248
25641 6574
43769 57828
13552 57553
13552 58059
6968 482
6968 23420
6968 39248
6968 6968
6968 59036
6968 42672
58753 10165
58753 2213
58753 40350
58753 57380
58753 58753
4138 54440
4138 13066
58952 51727
12187 11442
2225 58804
2225 29647
2225 2225
60625 7216
23392 58502
58385 48600
58385 12704
11942 57548
40881 40881
27316 60412
27316 59247
24830 281
26495 60684
26495 60931
15644 58005
15644 55498
15644 15644
15644 38482
15644 308
46580 44280
46580 56591
58477 2079
6179 6179
48676 37619
48676 4464
58697 22017
58697 15995
60096 1680
34778 717
9662 49207
9662 22317
60923 58980
8215 4386
8215 59116
8215 22303
26314 48600
26314 310
58339 26316
34120 2132
60525 60068
59108 58134
59108 2115
50064 9604
44402 22361
44402 33060
59401 3109
58532 54478
58532 48600
58532 19335
58532 26316
58532 58535
58532 32438
58532 13559
395 395
395 34953
395 8180
395 34636
59027 4377
59027 22734
59151 58785
59151 21377
59151 31500
59151 55611
59151 29333
60718 3242
1329 51596
7348 8672
49370 39616
49370 6468
49370 33647
58747 58331
60831 26099
60831 59909
60003 60003
60003 45662
923 48198
923 923
41361 19422
4091 52492
4091 1304
57744 51658
57744 57748
57744 4865
3954 54511
510 46775
510 58942
39752 32862
39752 19926
39752 39752
24537 35269
12216 50697
12216 482
12216 51300
12216 29347
12216 9193
12216 6574
12216 13567
12216 26960
12216 53000
12216 12216
12216 9350
12216 1878
59667 59667
60394 52640
4804 9459
4804 4804
50159 54905
50159 58439
50159 58948
50159 8804
50159 94025
50159 50159
50159 19053
50159 48807
45905 35441
45905 45905
10864 57828
40431 4542
5010 8972
55150 16001
55150 56081
55150 40928
60234 12235
3971 22011
46791 131648
46791 54478
25988 31494
59695 4386
59695 7149
59695 11873
59278 50697
59278 59278
59278 10618
59278 8972
35026 8095
35026 42307
57845 42068
55660 56301
59535 8672
59535 59551
8504 59930
8504 40928
82161 54114
60549 1931
5266 8672
5266 59727
38216 33382
1112 54440
520 22317
16581 482
16581 8672
16581 16581
16581 42618
16581 27919
16581 22317
60426 60820
60426 27661
60426 23318
60426 14958
60426 61071
60426 5828
60426 36638
60426 482
60426 60426
60426 60939
60426 31575
36930 61009
10972 35806
46424 65726
46424 26262
46424 22787
46424 61152
46424 46424
60835 59727
60835 23987
60835 1100
60835 60835
60835 28304
60835 22317
9030 14704
26316 1548
26316 10165
26316 59137
26316 58774
26316 56977
26316 58877
26316 60075
26316 59207
26316 32293
26316 34893
26316 15291
26316 60855
26316 102678
26316 44818
26316 57737
26316 27449
26316 13201
26316 44795
26316 8526
26316 44212
26316 60852
26316 8972
26316 51596
26316 23360
26316 60859
26316 27779
26316 60487
26316 19926
26316 59930
26316 2963
26316 182043
26316 24645
26316 10670
26316 1931
26316 57908
26316 33957
26316 56519
26316 13874
26316 53299
26316 42672
26316 4377
26316 58678
26316 26316
26316 57801
26316 41589
26316 56342
26316 60114
26316 22317
26316 62
26316 51652
26316 52819
26316 15722
26316 22342
26316 4724
26316 14547
26316 25113
26316 37874
26316 59315
26316 60318
26316 59771
26316 46284
26316 58667
26316 59068
26316 20608
26316 8187
26316 56990
26316 53601
26316 48600
26316 482
26316 31680
26316 60874
26316 57567
26316 60845
26316 22584
26316 57727
26316 57528
26316 4952
26316 34902
26316 52492
26316 49228
26316 13611
26316 49813
26316 37473
26316 54212
26316 17619
26316 18095
26316 42315
26316 59679
26316 28381
26316 58373
26316 13997
26316 1013
26316 27264
26316 22631
26316 14352
26316 56701
26316 59169
26316 60160
26316 1172
26316 310
26316 57972
26316 2428
26316 57293
26316 57507
26316 121037
26316 57335
26316 46962
26316 56301
26316 40928
26316 21353
26316 3804
26316 60346
26316 60486
26316 65071
26316 15334
26316 31500
26316 7717
26316 57669
26316 39616
26316 39406
26316 23318
26316 1304
26316 42141
26316 61012
26316 43731
26316 60578
26316 58161
26316 9546
26316 22596
26316 6371
26316 19342
26316 51945
26316 54514
26316 55450
26316 37634
66938 57497
56964 56701
43972 48253
43972 8972
6937 1255
6937 55831
6937 16621
6937 60802
6937 32627
6937 8916
6937 5200
6937 58066
6937 1686
6937 1878
31802 55019
31802 8972
59167 53596
59167 34616
17390 4782
55019 32157
55019 34556
55019 55019
55019 35696
55019 41068
55019 37416
55019 60429
55019 7768
55019 46962
55019 34953
1387 5200
41568 19956
41568 33617
41568 59611
41568 25113
41568 43473
57665 9520
45993 53000
45993 54566
45993 48600
45993 55796
45993 40928
45993 54440
45993 42315
45993 1845
45993 22596
45993 6371
45993 32438
45993 58762
45993 1878
6632 59555
6632 14664
58970 22596
44268 8719
44268 482
44268 52630
44268 56990
44268 2013
44268 96314
44268 907
44268 22317
44268 30934
44268 21377
44268 44268
44268 27619
44268 59859
44268 34636
44268 41003
58721 6574
5509 59930
5509 52492
20608 14148
20608 27723
20608 22443
20608 28015
20608 60103
20608 22017
20608 59497
20608 43506
20608 798
20608 49752
20608 20634
20608 20608
20608 4530
20608 22317
20608 19999
54378 54378
54378 56054
59747 59497
59747 59727
59747 57162
59747 58493
34940 2366
34940 52492
2018 417709
57516 18883
13557 7716
60436 34252
60436 60436
8847 36303
8847 60818
8847 56591
54416 27069
54416 21402
54416 23178
54416 34853
54416 7745
54416 10112
54416 11320
54416 42315
2259 310
2259 2013
2259 8359
35920 60071
54680 58457
798 31680
798 28518
58352 218
59986 21190
59986 53054
59986 59986
59986 50697
59986 60709
59997 4782
59997 59997
59997 27723
59997 22317
60954 38341
78882 43281
78882 18886
32196 56792
32196 50697
32196 34636
57863 1304
57863 57863
58746 58746
58746 58682
60531 11659
26590 59113
26590 39248
26590 52914
26590 31346
26590 55972
26590 26590
26590 10586
26590 53934
26590 50896
26590 42315
26590 44617
59692 57871
55843 49813
55843 4377
55843 59581
55843 27656
55843 40928
7709 41872
7709 32072
54321 48478
47625 59288
47625 60434
47625 2013
47625 11028
47625 15334
20323 11045
37416 56701
37416 40928
37416 4782
37416 1304
37416 60526
58638 885
2264 59288
58459 13751
49969 50697
49969 289
49969 58070
49969 13841
49969 49969
49969 14610
49969 10165
49969 59497
49969 22596
49969 1938
49969 16802
49969 47225
49969 1555
49969 59637
58971 48600
54598 58191
54598 57940
31898 52645
57380 45710
57380 8672
57380 52063
57380 33047
57380 40928
57380 59597
57380 60049
57380 57380
57380 47257
57380 34636
57380 52287
57380 46775
57380 27124
57380 6574
57380 16300
57380 27339
57380 8972
57380 79887
57380 1586
57380 59555
57380 2868
57380 23950
58199 28446
58199 56977
58199 59219
56521 10245
59778 14797
59969 59555
59969 56383
59096 3337
54494 31680
54494 33274
54494 13567
60335 60004
60335 19926
45828 4585
4830 49895
4830 13066
58015 8401
5971 20088
5971 1673
5971 59894
54197 4501
52026 52026
52026 2366
52026 20088
52026 1555
58014 58014
102678 22996
59555 37501
59555 59989
59555 6901
59555 4530
59555 49920
59555 59951
59555 43749
59555 51658
59555 24581
59555 60541
59555 52492
59555 18931
59555 20433
59555 60552
59555 19263
59555 56977
59555 53595
59555 39558
59555 34844
59555 1938
59555 44467
59555 60535
59555 10171
59555 59555
59555 2963
54761 10618
57166 482
57166 10165
57166 58236
57166 57166
57166 59930
57166 5375
57166 15189
57166 3279
57166 54114
57166 58847
57166 60358
57166 58541
57166 58180
57166 76659
57166 55173
57166 24461
57166 18084
57166 58851
57166 60535
57166 5626
57166 50991
10868 41003
57596 542
57596 4825
58137 517
14148 57088
14148 55606
59815 7198
49593 24620
49593 42672
49593 49593
57718 57702
2381 57831
18578 48044
18578 18578
18578 58606
18578 2087
18578 978
18578 27779
18578 26633
18578 13567
18578 42315
20055 1686
11861 8672
11861 42315
59701 9631
40116 2013
34893 51846
34893 39248
34893 32981
34893 28375
34893 59930
34893 5424
34893 44930
34893 15704
34893 10618
34893 4865
34893 5682
34893 21353
34893 57811
34893 34893
34893 3981
10417 1304
27290 34636
14726 22317
14726 58611
36066 42428
58451 43749
58451 42315
47262 59304
58067 57670
1490 39248
1490 4236
1490 8672
1490 1490
1490 56054
1630 58803
37632 60978
37632 37632
37632 36565
37632 46962
37632 8672
16313 26262
16313 31713
16313 23987
16313 28375
16313 59930
16313 7996
16313 9519
16313 54960
57973 42428
57973 57548
41868 27508
35356 57940
35356 40928
820 79561
820 48600
820 6782
820 58719
820 55227
47860 48600
47860 11550
47860 52492
47860 46106
57578 43749
57578 20088
21190 21190
21190 15334
21190 42315
41321 33274
54718 54718
54718 10553
54718 20353
552052 64332
58826 40928
58826 58826
6901 59433
6901 59930
6901 22317
6901 39248
8330 53223
58829 48600
58829 58829
58829 40928
57797 58722
57797 20433
58502 1163
58502 8672
58502 17780
59926 19999
27463 1760
27463 16017
27463 53009
27463 27463
27463 2115
27463 44212
27463 40928
60114 2553
60114 19999
60114 50704
60114 33701
60114 19357
60114 53748
60114 51590
60114 59597
60114 60670
45928 482
45928 21565
45928 50771
45928 19999
45928 32045
45928 13129
45928 54134
45928 53400
45928 43749
45928 1339
45928 6938
45928 45928
45928 22317
45928 10112
48380 6926
58181 27475
5144 43521
38482 51705
38482 9350
38482 4782
38482 8972
50547 59189
58699 22317
58699 4278
18730 2416
17658 31448
17571 47102
53697 43749
53697 50697
53697 59930
58578 13567
36912 45183
59771 56812
60198 7778
60198 22317
60387 53246
47225 49871
47225 1548
47225 33060
47225 7283
47225 59930
47225 40928
47225 59990
47225 2213
47225 4377
47225 59628
47225 35237
47225 4386
47225 6107
47225 58686
47225 39248
47225 6884
47225 52937
47225 1146
47225 25062
47225 27339
47225 19943
47225 8972
47225 59497
47225 47225
47225 44467
47225 34636
39452 8672
39452 4517
39452 5424
55081 59541
57900 53000
57900 57548
57900 3197
57900 23420
57900 57900
57900 44625
57900 42315
1385 1385
59513 50385
21783 58505
919 58865
919 47794
22720 37947
59859 22317
58978 48930
58978 12555
58978 16737
58978 4752
57634 14653
55913 31680
55913 25062
55913 40928
38326 13567
43838 14827
43838 43838
43838 1048
43838 55036
34850 1551
44142 5660
44142 14827
44142 44142
13321 22317
13321 13321
5828 23420
60500 121269
4578 4578
4578 46525
4816 17424
4190 58493
4190 10673
59495 8672
60209 60655
6837 8672
6837 45891
83257 26960
83257 29347
20576 59957
90961 43935
90961 29943
40534 38729
59776 38669
14515 54566
14515 31713
14515 14515
14515 263
2528 18532
57496 20433
43506 6229
58847 59032
27264 27264
27264 53000
27264 42315
7279 58100
46834 35417
46834 53400
46834 46834
58795 56701
58795 5200
58795 56977
58795 23461
58795 58795
10112 39558
10112 52492
10112 38871
26262 58679
26262 11131
26262 58777
26262 26262
26262 25631
26262 37778
26262 59102
26262 5130
26262 1048
26262 4386
26262 60654
26262 65511
26262 39536
26262 57670
58006 20433
58006 23461
36744 36752
42671 44625
42671 59796
42671 45183
57678 57678
57678 35261
59089 8672
59089 58493
59089 40928
59089 40564
1588 30716
40928 60298
40928 7166
40928 2855
40928 36601
40928 35950
40928 46359
40928 59810
40928 6496
40928 7122
40928 24501
40928 20433
40928 57737
40928 58887
40928 4733
40928 56831
40928 58899
40928 18423
40928 54361
40928 27736
40928 13178
40928 59716
40928 4321
40928 56519
40928 40592
40928 59193
40928 6708
40928 42672
40928 58161
40928 18014
40928 60121
40928 54411
40928 59887
40928 23317
40928 34209
40928 14958
40928 1146
40928 6574
40928 59105
40928 4143
40928 15134
40928 59009
40928 8082
40928 58530
40928 11155
40928 29980
40928 32627
40928 10381
40928 14101
40928 32569
40928 47378
40928 59150
40928 48600
40928 55416
40928 57713
40928 14142
40928 60034
40928 60874
40928 58061
40928 1404
40928 55352
40928 4666
40928 6371
40928 34844
40928 58490
40928 45799
40928 116686
40928 434
40928 59069
40928 47507
40928 7717
40928 60533
40928 25197
40928 21965
40928 8001
40928 46566
40928 59890
40928 58051
40928 19363
40928 39835
40928 29565
40928 40323
40928 7672
40928 482
40928 33047
40928 59197
40928 41580
40928 57903
40928 40928
40928 56405
40928 53879
40928 34545
40928 60970
40928 50833
40928 44795
40928 16344
40928 60338
40928 5404
40928 20870
40928 15436
40928 44848
40928 10596
40928 25062
40928 2849
40928 57949
40928 59021
40928 44435
40928 23489
40928 51596
40928 59399
40928 47548
40928 49528
40928 38902
40928 17336
40928 60472
40928 2293
40928 9461
40928 2013
40928 60350
40928 20417
40928 60123
40928 15047
40928 27656
40928 29495
40928 37148
40928 41865
40928 10553
40928 56977
40928 19943
40928 60076
40928 23412
40928 39558
40928 60859
40928 60535
40928 23420
40928 2119
40928 13336
40928 53000
40928 59288
40928 39248
40928 59041
40928 33957
40928 44531
40928 59930
40928 8477
40928 2183
40928 19082
40928 6938
40928 24524
40928 52759
40928 4278
40928 57700
40928 59689
40928 44625
40928 5853
40928 60449
40928 13751
40928 60458
40928 1931
40928 1360
40928 60318
40928 265
40928 18119
40928 791
40928 4220
40928 59226
40928 60916
40928 46972
40928 4515
40928 15966
40928 22409
40928 29145
40928 58048
40928 58275
40928 15261
40928 2765
40928 16802
40928 32044
40928 1304
40928 18931
40928 56232
40928 39925
40928 60610
40928 60856
40928 2558
40928 46099
40928 59539
40928 34785
40928 16389
40928 44871
40928 52295
40928 1938
40928 6866
40928 61021
40928 20088
40928 25168
40928 60906
40928 57962
40928 34252
40928 408
40928 59779
40928 53054
40928 8059
40928 4377
40928 60448
40928 3279
40928 4386
40928 15988
40928 58628
40928 42462
40928 39616
40928 35200
40928 51300
40928 2601
40928 16001
40928 9011
40928 22580
40928 50238
40928 14013
40928 20995
40928 32157
40928 42198
40928 3197
40928 53108
40928 60393
40928 36570
40928 23950
40928 60602
40928 37634
45563 20433
45563 4377
45563 33788
45563 45563
65071 43869
65071 58103
65071 40134
65071 52063
65071 9154
65071 51783
11691 59727
11691 25116
11691 11691
11691 59122
11691 42959
16780 55806
16780 54478
44795 51705
44795 58256
44795 15334
14894 40201
51737 60434
51737 38157
25062 1931
25062 4386
9249 20088
9249 37896
9249 29333
9249 660
9249 23420
9249 42315
2420 2420
2420 36314
2420 21353
2420 22317
2479 60473
2479 59386
2479 47012
58875 58777
51934 545
4464 40201
4464 40134
4464 375848
4464 9415
4464 57593
4464 20088
4626 60793
4626 20433
4626 14797
4626 32198
4626 37468
4626 60530
4626 5377
4626 34785
4626 53595
4626 18060
4626 32157
4626 59307
4626 4626
4626 6938
4626 1304
59121 49776
59121 59036
59121 263
59121 2013
59121 23420
59121 6574
59121 58980
9369 58002
9369 9369
57698 35728
57698 2213
885 310
885 33060
885 19999
885 2262
885 885
1548 3614
1548 1548
1548 50980
1548 11494
1548 60450
1548 1687
1548 52330
1548 59193
1548 56389
1548 49895
1548 20433
1548 48198
1548 50697
1548 6353
1548 1890
1548 4946
1548 60610
1548 50457
1548 23950
1548 4377
1548 1304
1548 59497
1548 38821
1548 59930
1548 41003
34517 54511
23535 37501
45767 22317
19834 39871
11141 310
11141 8972
58774 58774
58774 58838
60793 8672
59770 2108
58455 29333
58455 31416
12575 60489
32293 52492
58297 58296
59257 13567
25810 59602
58404 13751
7745 60582
7745 45446
7745 59569
7745 56519
7745 58738
7745 57846
7745 57645
7745 8198
7745 7745
7745 57985
7745 19700
7745 58962
57668 20251
59879 53955
57638 310
57638 1304
57638 57638
54121 1304
58819 8672
58819 23420
58819 35261
37501 13567
37501 23461
28683 58133
860 28375
860 59314
44354 39248
12912 33060
12912 24461
53637 48600
53637 4377
53637 57451
34188 7951
898 59497
58162 31426
4516 58823
4516 59681
9605 49895
59302 59288
59302 8972
24195 22317
57942 51300
828 48600
828 44625
828 33300
828 59386
828 53012
828 482
828 8672
828 828
828 15334
828 4386
828 8972
828 58672
828 52492
13799 42245
8924 8672
8924 2213
56085 29641
56085 11510
56085 56085
56085 13567
59303 59225
56563 10259
9538 2013
9538 9538
9538 4377
27582 58791
27582 20433
27582 27582
36303 47793
36303 36303
18969 6998
60010 22956
32608 48600
32608 32608
32608 482
99462 99462
44671 74781
44671 44671
44671 60326
57620 14797
133 64332
15722 20088
15722 55831
15722 15722
15722 23420
60645 35404
32797 482
32797 22584
2550 58334
192 4515
192 58947
1424 20088
16911 4386
16911 20088
16582 310
16582 34636
4487 6860
4487 52063
4487 19943
3212 18532
3212 19999
3212 39248
3212 58723
15774 48600
15774 71753
15774 59727
15774 43206
15774 36601
15774 42672
15774 4377
15774 55831
15774 15995
15774 60179
15774 6229
15774 53585
15774 15774
31197 58676
18010 11403
3304 13189
59569 60007
59569 54389
19032 46652
19032 53456
19032 57977
51861 51861
22584 310
22584 22584
22584 1048
22584 482
22584 22317
22584 1931
22584 42315
58343 58343
58343 482
58343 22317
58343 4782
58343 19999
58274 51658
58274 46390
38969 3614
38969 56701
38969 50980
38969 48600
38969 47091
38969 8672
38969 42672
38969 482
38969 34844
10580 59259
10580 22011
10580 19765
10580 59932
10580 42315
59977 33274
59977 60294
17947 3526
52420 56701
52420 52420
52420 1639
52420 22342
52420 16570
52420 42315
60213 2860
51667 22345
59891 44625
59891 57822
57962 9019
120916 4642
120916 5377
120916 34255
56519 50697
56519 59288
56519 48600
56519 56519
56519 40192
56519 4377
56519 10618
56519 3981
56519 310
56519 49207
57918 20433
21952 59947
58331 49537
58331 58331
58331 58742
58331 50724
58331 14610
58331 11538
58331 2416
58331 1596
58331 43473
58331 15764
58331 57903
58331 58946
58331 84374
58331 991
58331 1931
17873 22317
60093 56701
60093 60093
60093 16600
60093 39248
59169 42315
57941 48600
57941 57548
57941 57828
60419 59727
60419 23420
59858 42629
58296 54114
57687 52492
42462 20433
46962 20088
46962 46962
46962 60845
54623 32044
34829 34829
34829 3981
4243 55551
49865 8672
49865 49865
60035 46185
25944 24501
25944 7430
25944 16802
25944 25944
25944 26468
25944 56507
25944 1686
25944 22317
48346 482
48346 48346
48346 2030
48346 34636
48346 22317
59877 34556
47548 48600
47548 20088
47548 4782
47548 482
47548 8672
47548 58075
47548 57548
47548 31641
47548 37896
47548 47548
47548 28304
47548 23461
59650 28518
59650 6574
38 52186
15983 2628
7716 7716
7716 274853
7716 23420
7716 310
30222 58754
30222 8769
30222 30222
30222 24461
60057 59497
16871 34636
16871 16871
57957 310
57957 57026
60354 51255
50512 56977
39457 48600
1246 58901
60210 19999
60210 18600
4235 10086
59196 59288
59196 1304
59196 34636
54089 46775
60291 4377
60291 32157
4477 25930
13000 13000
13000 36204
13000 22317
13000 19956
13000 54873
13000 38596
13000 23461
13000 18118
13000 19926
13000 2013
13000 16130
13000 9143
11065 52937
29990 20433
34148 20433
4803 59063
60081 59930
4724 310
4724 55416
4724 4724
4724 29333
4724 8804
4724 59315
3455 3455
6734 19688
6734 23461
14610 53000
14610 310
14610 57658
14610 58011
14610 1686
14610 56977
14610 4377
14610 14610
14610 13743
14610 23461
14610 52911
14610 21720
14610 2416
14610 33769
14610 2591
14610 42315
14610 39013
14610 48807
14610 57742
14610 49537
58163 31371
4876 50754
4876 4876
58679 48600
58679 8972
58679 1304
11045 11045
19999 60874
19999 33060
19999 58920
19999 43362
19999 16373
19999 35269
19999 38731
19999 45150
19999 60038
19999 50704
19999 52492
19999 11320
19999 49902
19999 11550
19999 49528
19999 19999
19999 4782
19999 42310
19999 36469
19999 42315
19999 58805
19999 58742
19999 59146
19999 58798
19999 21720
33617 4377
33617 25113
33617 42315
45523 15837
45523 3981
10961 35787
10961 58073
10961 60654
52645 48600
52645 25092
52645 32860
52645 52645
52645 51357
52645 34914
52645 3180
59481 28411
59481 2005
59481 59765
59481 22317
59481 59481
31972 31972
59678 60149
59678 2123
59678 22317
59678 20088
47779 5761
307 5375
307 59978
307 60199
307 19792
307 59739
307 57011
307 46106
307 6242
40350 56246
40350 5200
40350 9350
40350 32860
40350 18084
40350 4386
40350 34636
40350 54114
37604 10759
60269 61078
42771 1931
42771 45203
29350 29350
4134 58149
23774 59036
2603 59580
20944 4386
20944 20944
20944 56977
20944 28518
57651 2358
53260 250341
13391 60626
4377 3614
4377 52759
4377 16373
4377 2115
4377 36601
4377 35950
4377 54960
4377 43749
4377 53009
4377 60123
4377 60149
4377 11372
4377 24501
4377 23100
4377 60349
4377 56977
4377 22443
4377 59310
4377 4040
4377 4865
4377 23420
4377 18423
4377 8342
4377 20727
4377 39248
4377 39616
4377 1
4377 57992
4377 9415
4377 12704
4377 2213
4377 53299
4377 22121
4377 58219
4377 23668
4377 13889
4377 56342
4377 39108
4377 58686
4377 54154
4377 4577
4377 2573
4377 60794
4377 40564
4377 60316
4377 59842
4377 6574
4377 58827
4377 6879
4377 36126
4377 26468
4377 11155
4377 42493
4377 32258
4377 31610
4377 45020
4377 9589
4377 59313
4377 2432
4377 23215
4377 58670
4377 56971
4377 18013
4377 49333
4377 482
4377 24581
4377 57828
4377 1304
4377 21727
4377 50697
4377 59581
4377 58582
4377 24334
4377 23950
4377 59979
4377 17178
4377 10367
4377 141
4377 13997
4377 7525
4377 52914
4377 58051
4377 1545
4377 34252
4377 22596
4377 289
4377 20088
4377 57901
4377 33989
4377 35404
4377 57871
4377 54993
4377 1845
4377 22734
4377 4377
4377 58993
4377 58676
4377 60398
4377 74460
4377 56003
4377 42044
4377 20433
4377 42458
4377 16675
4377 47012
4377 16621
4377 28518
4377 60546
4377 61016
4377 26787
4377 47061
4377 34844
4377 16001
4377 58981
4377 51658
4377 15114
57929 289
57929 57940
57929 13567
9604 9604
9604 22317
21353 56342
21353 43815
21353 50086
21353 56077
21353 1570
21353 21353
21353 43749
21353 54411
21353 25732
21353 18378
21353 8804
21353 13751
21353 56017
21353 57553
21353 51658
21353 15791
21353 34636
56342 57567
56342 56342
56342 9589
56342 59777
56342 13751
56342 2013
56342 1686
56342 16621
56342 55500
4482 48734
403569 59114
59887 59727
59887 59930
59887 1304
59887 482
58070 58070
58070 3526
57472 16927
10554 54738
10554 10554
10554 44523
10554 441
1146 39248
1146 54788
1146 1146
1146 60707
1146 57608
1146 58686
1146 52759
1146 49485
16752 310
16752 19926
55796 55611
33907 39901
27820 29647
60712 8804
40201 25686
40201 57425
40201 4586
40201 3117
40201 33379
40201 13459
40201 2232
40201 34844
50313 59980
4489 34902
4489 4489
4489 8972
60402 60398
57939 48600
57939 57494
57939 39248
57939 16115
57939 22317
57939 59315
20505 55567
1512 58777
41421 3707
59375 8672
59375 10165
40474 19352
2432 2432
2432 43645
28411 55
28411 4782
28411 59034
28411 7911
28411 32884
28411 1835
28411 6767
28411 28411
28411 30792
28411 57164
28411 41003
28411 22317
28411 2108
28411 122
28411 31462
28411 15791
28411 8972
28411 58621
28411 586
47811 54248
52853 56971
52853 1749
40296 57587
30612 8672
30612 30612
30612 60590
30612 51599
59932 59930
5466 16133
2089 31165
59019 1223
11789 15589
11789 49902
11789 60874
13447 60758
38659 38659
38659 52492
59979 50697
49880 52063
1350 37947
20470 53000
20470 44625
568 5200
568 60054
22248 34255
22248 13241
22248 4782
22248 22248
33701 48600
33701 11550
33701 33701
33701 40886
33701 58797
33701 120657
22631 49871
22631 53108
22631 58541
34252 59288
34252 59727
34252 48539
34252 48169
34252 59320
34252 8672
34252 23461
34252 48600
34252 289
34252 10426
58997 482
58997 58997
57418 482
57418 37947
28063 59856
482 3614
482 13844
482 58871
482 29333
482 36679
482 58158
482 7728
482 58493
482 57548
482 58282
482 55392
482 53009
482 58693
482 26633
482 4058
482 16802
482 36509
482 31500
482 58481
482 23950
482 56701
482 57670
482 50385
482 23420
482 13663
482 28446
482 60552
482 31977
482 6792
482 9144
482 42672
482 19294
482 60458
482 17492
482 35200
482 57729
482 49920
482 163761
482 20444
482 6938
482 22317
482 43500
482 21565
482 5626
482 31704
482 3804
482 21432
482 482
482 32569
482 42618
482 59105
482 59158
482 265
482 37896
482 58291
482 58241
482 20965
482 48600
482 13728
482 32453
482 28996
482 310
482 14142
482 10806
482 11306
482 1686
482 48846
482 53400
482 57861
482 40894
482 7778
482 58397
482 34844
482 1878
482 52492
482 26400
482 9350
482 50697
482 37262
482 43356
482 2030
482 59629
482 33060
482 37447
482 470
482 34785
482 1304
482 59225
482 59384
482 58029
482 49003
482 21727
482 58932
482 48044
482 49813
482 20088
482 40260
482 2975
482 59957
482 50086
482 19707
482 57879
482 33769
482 22442
482 58770
482 31641
482 57406
482 1048
482 9232
482 558
482 11550
482 74460
482 52712
482 4952
482 13847
482 49207
482 48253
482 4782
482 44232
482 42068
482 36258
482 20610
482 57808
482 3025
482 47091
482 47061
482 32157
482 39938
482 40589
482 51945
482 60067
482 37634
482 35269
19342 59296
19342 56812
12858 19668
47553 40291
47553 54616
27723 59123
27723 27723
27723 34087
27723 59146
27723 22317
27723 38264
27723 22515
27723 57494
27723 59035
27723 54604
27723 3155
27723 26468
60137 11698
4518 20433
57917 1993
24651 29938
24651 24651
50276 21565
50276 23420
50276 20433
50276 30716
58056 51300
58056 5573
58056 58056
17166 13486
58206 16600
58206 13567
22345 48600
22345 58193
22345 22345
22345 8672
22345 9242
50833 31680
50833 50833
3062 50991
60296 41474
34449 44435
34449 89737
9352 29647
9352 24097
9352 16621
29747 50697
29747 11550
29747 1686
29747 29747
3715 4782
56031 52063
17025 57966
17025 17025
17025 43384
43208 59762
43208 29347
152 59111
152 15995
152 30716
152 47250
6879 10618
6879 15134
56419 42315
59673 43641
9254 56920
9254 2921
9254 56193
9254 9254
9254 13129
9254 58911
9254 39487
9254 1304
9254 7144
58422 15231
11209 11209
25741 23668
25741 25741
53877 53877
3981 3614
3981 57669
3981 41581
3981 32569
3981 59789
3981 5761
3981 57735
3981 2724
3981 39436
60366 59930
657 49902
657 37896
34130 289
34130 1570
34130 59880
34130 59219
34130 1686
34130 42315
58374 48600
58374 22317
58374 58256
49935 57828
54081 11550
59699 59315
57263 57263
57263 51300
58480 2123
1162 1162
56977 3614
56977 59265
56977 60440
56977 57398
56977 8672
56977 2013
56977 32475
56977 57479
56977 54440
56977 51269
56977 39366
56977 57548
56977 58787
56977 4104
56977 5200
56977 8169
56977 32751
56977 26400
56977 54114
56977 56701
56977 35275
56977 37148
56977 9141
56977 8651
56977 558
56977 13567
56977 56977
56977 56003
56977 47792
56977 50086
56977 52086
56977 34636
56977 4860
56977 47433
56977 59259
56977 494
56977 54614
56977 30085
56977 59193
56977 35261
56977 41561
56977 57743
56977 2213
56977 4386
56977 51658
56977 57737
56977 20555
56977 49537
56977 58987
56977 57734
56977 59036
56977 10146
56977 57989
56977 17428
56977 58770
56977 58901
56977 52914
56977 15881
59930 60086
59930 59150
59930 31704
59930 33274
59930 59930
59930 60295
59930 58221
59930 1686
59930 42329
59930 474
59930 35684
59930 53043
59930 19943
59930 60471
59930 34844
59930 19053
59930 60358
59930 8881
59930 15844
59930 10075
59930 38583
59930 54960
59930 59971
59930 8972
59930 54873
59930 60586
59930 50154
59930 48851
59930 34636
59930 289
59930 60142
59930 20088
59930 44280
59930 39248
59930 9111
59930 36601
59930 25930
59930 12019
59930 6574
59930 59951
59930 43749
59930 5200
59930 60018
59930 59288
59930 5199
59930 56701
59930 2805
59930 34419
59930 6813
59930 36258
59930 25113
59930 310
59930 50697
59930 60064
59930 10171
59930 10673
59930 21373
58682 49227
58682 58682
16017 56792
16017 44625
16017 20088
16017 16017
1570 2860
1570 8804
1570 61010
1570 19943
1570 15134
1570 1570
1570 36337
1570 35393
1570 60535
1570 20562
1570 34636
29246 58547
5313 34844
59218 56701
59218 34636
59218 42315
53585 48600
53585 55831
53585 15995
53585 1409
39925 53650
39925 8672
39925 39925
59037 50697
59037 2013
59037 59036
58400 14827
57543 57543
104 60751
39185 37896
21840 51658
28748 59046
6107 54478
6107 13822
6107 6295
6107 28375
6107 48600
6107 8672
6107 24620
6107 6107
6107 1304
6107 8972
26453 26453
26453 58686
59195 3707
44212 20433
44212 5024
44212 44212
16465 41440
16465 13663
16465 16465
57398 57990
57398 8672
51031 50697
51031 131648
51031 56383
51031 20433
51031 63261
51031 1443
51031 51658
51031 60852
47912 20634
47912 51248
11720 11720
11720 54011
28962 39248
8442 20433
8442 58980
57891 1686
7581 10259
60898 60898
60898 310
60898 23420
33351 59909
33351 59597
36280 4386
33060 310
33060 20727
33060 33060
33060 39248
33060 29333
33060 60665
33060 39436
33060 56507
33060 60942
33060 17425
33060 48734
33060 45513
33060 3089
33060 22317
33060 57026
33060 13611
33060 38352
33060 60257
33060 4577
33060 16621
33060 59320
33060 26233
33060 47012
33060 23420
33060 49207
33060 59586
33060 17620
33060 31113
33060 56812
33060 43749
33060 60256
33060 17529
31375 28304
31375 60561
8934 58801
8934 8934
20400 20400
20400 30716
60429 49695
31052 59288
31052 6574
31052 10618
31052 31052
12591 43749
12591 415
12591 12591
58996 58804
58996 43008
58996 58996
58214 58051
4366 60754
48198 53000
48198 3388
48198 59521
48198 2013
48198 13567
48198 5128
48198 7283
48198 43749
48198 6905
48198 48198
48198 44200
48198 51705
48198 44127
48198 53875
48198 59280
48198 54604
48198 6229
48198 16600
48198 34636
48198 2590
60975 4896
48734 58000
48734 4869
48734 35200
48734 47012
48734 415
48734 31680
48734 23420
48734 58093
48734 19926
48734 52846
48734 48734
48734 14782
48734 15484
48734 310
48734 57946
48734 57026
58963 58676
58963 37634
58963 20088
58963 40564
34087 58676
3630 13847
3630 58493
3630 59435
10718 58368
2001 8672
2001 2001
2001 16600
2001 20433
55972 7902
55972 8881
55972 54478
55972 4952
55972 50896
55972 14059
55972 22317
55972 42315
51785 42672
35090 3109
35090 1686
35090 52712
60974 51300
40835 4310
6866 45183
6866 60437
6866 2179
6866 6866
6866 4386
6866 54440
44555 28375
44555 44555
44555 1304
8187 37634
8187 52492
57705 56701
57705 57705
57705 4825
57705 31680
57705 6574
57705 55500
46972 46972
46972 54478
46972 2855
46972 22317
59420 10799
59417 517
59188 10380
2631 59051
2631 60225
802 42315
57898 42315
329 58660
57546 4386
57546 57546
57546 20633
15410 57930
55840 55840
55840 55519
59413 59691
57826 8972
55190 15134
57152 57152
40950 40950
40950 1931
59052 11320
58321 22350
31713 54154
31713 20088
31713 9444
31713 58610
57197 57197
57197 58804
57197 29647
57197 20088
130 54114
57969 36601
57969 35748
44531 28375
40619 60635
23040 2736
56701 58535
56701 48600
56701 8672
56701 712
56701 6899
56701 1686
56701 43749
56701 7184
56701 43846
56701 10670
56701 51658
56701 14493
56701 289
56701 13536
56701 14352
56701 8804
56701 57713
56701 10461
56701 42315
56701 10013
56701 13997
56701 1325
56701 60561
56701 2013
56701 53000
56701 50771
56701 39248
56701 57440
56701 60431
56701 42672
56701 60111
56701 56701
56701 2179
56701 22011
56701 39901
56701 60121
56701 62
56701 57700
56701 1255
56701 29647
56701 58188
56701 42068
56701 60659
56701 57808
56701 23219
56701 6229
56701 27272
56701 55500
56701 39764
2684 59183
59211 32475
53747 4120
58796 1209
35952 54566
23257 60773
109 1686
19263 50697
19263 59727
19263 29798
19263 56591
19263 19263
60942 8301
36226 50697
36226 51559
36226 48600
59779 42672
52846 52846
52846 1304
52846 310
35806 47327
60382 38194
4386 48600
4386 10165
4386 43731
4386 15635
4386 29333
4386 57837
4386 58275
4386 39366
4386 56971
4386 59292
4386 60396
4386 16802
4386 25598
4386 32438
4386 289
4386 58256
4386 24501
4386 6884
4386 40401
4386 22443
4386 47040
4386 17529
4386 59071
4386 57963
4386 915
4386 58210
4386 58777
4386 1
4386 50086
4386 58134
4386 52304
4386 1686
4386 43749
4386 4386
4386 57859
4386 11550
4386 9067
4386 46475
4386 23420
4386 60449
4386 16001
4386 660
4386 32569
4386 59105
4386 43473
4386 34636
4386 59825
4386 6007
4386 22354
4386 59842
4386 51945
4386 59645
5752 60561
24938 43749
24938 35728
47618 36565
47618 39248
47618 1686
47618 57474
44523 441
60589 60597
60589 41872
58785 58785
55500 18378
17619 9826
16621 24097
16621 16621
16621 41865
16621 43729
16621 15995
16621 22017
16621 1931
16621 15837
16621 59284
16621 54928
16621 39248
59983 12565
42392 14308
760 55352
760 32587
760 22317
760 760
61016 1100
39436 17425
39436 37896
39436 8804
39436 60700
14013 14013
14013 13567
14013 42315
46516 14061
5130 37778
5130 5130
5130 4896
5130 6229
22596 48600
22596 39248
22596 34255
22596 31680
22596 8672
22596 1687
22596 42672
22596 54604
22596 15134
22596 39616
22596 40564
22596 56792
22596 22596
58043 3327
58043 4224
60199 60199
60199 39248
60199 16133
60199 43749
60199 1304
53382 22443
53382 8158
53748 54094
17415 54440
39764 49902
39764 265
39764 42618
39764 20088
39764 39764
58678 48600
58678 58678
58678 42315
50208 10367
9543 9543
48851 48851
48851 20088
33788 65726
33788 60011
60282 60282
30716 3361
30716 108
30716 5286
30716 23100
30716 45635
30716 11671
30716 26848
30716 53352
30716 6067
30716 25930
30716 43749
30716 30716
30716 52800
30716 3004
9536 10215
9536 31371
2650 60074
2650 1673
2650 29347
58640 289
58640 451
58640 51300
58640 35261
41300 41300
41300 39248
61194 60654
4 85800
4 6300
4 28404
4 56392
7755 60073
218 218
60112 962
2748 43729
58441 58441
58441 22317
1944 1944
664 60907
1316 60454
59202 48170
19926 310
19926 20727
19926 59597
19926 9449
19926 38596
19926 1686
19926 5424
19926 19357
19926 4844
19926 22317
19926 50697
19926 57735
19926 8804
19926 42315
19926 60852
19926 15334
19926 58980
19926 60270
19926 5947
19926 19926
19926 17424
1555 2054
1555 22787
1555 2366
1555 1686
60930 27043
7526 59728
7526 59131
49240 29333
49240 42315
54967 18677
54967 58754
54967 54967
58365 36601
26934 13847
26934 233
57364 56920
12704 310
12704 58302
12704 42176
12704 15291
12704 55611
20446 49752
20446 23100
20446 22317
3165 3165
3165 13567
3165 42315
925 39248
59590 59590
35417 60217
35417 182
35417 57909
35417 60007
35417 35417
35417 14653
58094 58051
5200 60916
5200 5200
5200 48253
5200 42635
5200 8672
5200 650
5200 3707
5200 45036
5200 107
54411 42315
54411 54411
54411 59036
58541 42992
58541 8972
19218 22317
19218 4782
8077 60576
44752 42315
56077 15334
59158 22317
58179 12077
37299 37299
57490 2020
58312 22443
58312 37947
58312 31680
58312 23420
58312 42315
10381 58522
10381 632
60558 22317
60558 4782
59641 7768
14142 6574
14142 9350
14142 57953
59597 51652
59597 27888
59597 59597
59597 8972
59597 60143
59597 38300
59597 38330
59597 59589
59597 52492
8542 28765
58046 11162
62507 4273
62507 61165
60095 46403
60095 8672
34902 37947
34902 52914
34902 34902
34902 59315
39487 39487
39487 22317
58756 58798
58756 18378
58756 1930
58756 13679
52911 40281
52911 52911
52911 12960
52911 44499
40027 26286
40027 40027
40027 60802
40027 23420
40027 22317
40027 60723
60638 62
60638 42672
47785 59918
60442 60358
58388 44625
52043 32438
113 59635
59679 59679
59679 23420
23238 54440
79561 20088
79561 39248
24524 8672
24524 31926
24524 24524
2959 30085
49695 50697
49695 4530
49695 20433
49695 49695
50980 58801
1642 1642
44403 57868
21207 60369
57612 9403
19558 59369
59249 58667
59249 58134
59249 59249
60708 22017
59485 48600
59485 39248
60323 9121
55611 48600
55611 20285
55611 44818
55611 42315
55611 40127
55611 38873
55611 55611
55611 32204
59871 59497
59871 49184
59871 52492
60338 54873
49036 33808
48253 57966
48253 48253
48253 58777
48253 48631
48253 34844
48253 39248
4782 60555
4782 52519
4782 44818
4782 5517
4782 59474
4782 60854
4782 3155
4782 7778
4782 60920
4782 60855
4782 48600
4782 60928
4782 60917
4782 28015
4782 41003
4782 28381
4782 60489
4782 56507
4782 53299
4782 53336
4782 9961
4782 60594
4782 22317
4782 6745
4782 51652
4782 4782
4782 59139
4782 18677
4782 32569
4782 60578
4782 26787
4782 14390
4782 60702
4782 15995
4782 10565
3103 59607
57403 57403
13494 43846
61545 14035
59825 59497
59825 13567
16196 58256
16196 50851
18363 19357
12235 12235
12235 34844
45183 60783
45183 51596
27407 58285
56548 58693
19352 3655
29333 51652
29333 44648
29333 1206
29333 30462
29333 1686
29333 52715
29333 29333
29333 59661
29333 54514
29333 49107
60486 56857
7525 2868
7525 57548
7525 7525
7525 56591
60341 7777
58560 36842
58493 29491
58493 58493
58493 59276
58493 28404
58493 36601
58493 42672
58493 17389
58493 10596
58493 16333
58493 22354
58493 56544
58493 51590
58493 8451
58493 2685
58493 9350
35684 37947
60075 60075
60075 22317
61003 15947
44127 2213
58483 1792
4149 4149
4149 39248
59689 22354
43515 43515
25428 6884
6528 10565
60709 45517
8804 8719
8804 310
8804 37947
8804 21992
8804 40192
8804 37468
8804 13731
8804 58161
8804 53009
8804 17425
8804 6998
8804 58202
8804 52712
8804 58439
8804 56920
8804 8804
8804 59280
8804 53184
8804 42315
8804 51596
8804 60393
8972 48600
8972 60935
8972 33274
8972 8672
8972 60528
8972 37468
8972 1304
8972 10342
8972 11772
8972 60751
8972 47433
8972 6905
8972 1931
8972 12337
8972 542
8972 1182
8972 6007
8972 46286
8972 8972
8972 31680
8972 58373
8972 59909
8972 48353
8972 4084
8972 34636
8972 59727
8972 1622
8972 39248
8972 57682
8972 1
8972 52914
8972 56591
8972 13847
8972 13567
8972 43749
8972 57587
8972 51658
8972 660
8972 52278
8972 47670
8972 57932
8972 17676
8972 15062
8972 60760
456 59727
13549 56392
10461 50697
10461 10461
38616 57590
339 56632
339 213
18186 39248
59161 1931
59161 53858
4224 12238
4224 58155
57947 54566
57947 48600
57947 57548
57947 310
60635 60561
37224 35787
37224 17300
37224 53711
37224 40062
41506 58690
8811 59150
8811 59996
8811 50086
8811 35787
8811 48103
8811 59193
5124 24097
5124 34636
13889 59296
13889 1845
13889 19445
13889 1931
9242 9242
57737 52809
57737 310
57737 20433
51590 42315
51590 59046
51590 51590
51590 59760
9493 9493
9493 49371
9493 22317
58670 29938
31704 48600
31704 22317
31704 18809
31704 54114
31704 53304
31704 34636
31704 48154
15445 57817
18423 3714
18423 51300
5682 52086
5682 59150
5682 6468
5682 5682
34294 2013
34294 59036
34294 9121
2189 41223
42716 42716
60017 31680
60017 12603
53304 52761
53304 58539
53304 40044
53304 53304
53304 55227
56017 31680
56017 20433
56017 50771
35137 34255
917 917
58804 58800
58804 58987
58804 59006
58804 9141
58804 29641
58804 53172
58804 50849
58804 53918
58804 42068
58804 58804
58804 58993
58804 2579
6173 6173
6173 29347
86794 59383
16945 60561
48825 60960
2765 23950
2765 2765
2765 36601
428 428
13357 36679
441 441
32589 14596
2901 2901
35174 38812
54143 45635
54143 54143
58396 289
58396 20634
61165 36088
34785 2377
34785 17529
34785 34785
34785 15437
57831 57831
57831 14352
32448 60679
32448 40044
32448 141
32448 11622
26400 22443
1443 4865
1443 43406
25498 4806
4084 59320
10209 26633
47510 15334
58888 42315
58888 58888
12221 58051
12221 34255
2226 65511
2226 37634
30091 30091
7796 184
43755 46106
60257 4273
250341 59152
43065 59541
43065 1304
43065 119239
2394 48846
2394 55498
2394 1931
2394 2394
2394 13567
60661 44303
43356 48846
43356 43356
43356 31320
22011 50697
22011 20088
22011 9231
22011 39248
22011 60826
22011 5424
22011 8382
22011 13459
22011 53486
22011 31372
22011 22011
22011 16737
42672 43206
42672 6067
42672 58194
42672 59328
42672 15844
42672 60076
42672 60561
42672 20088
42672 44280
42672 3109
42672 58754
42672 30085
42672 36601
42672 953
42672 28518
42672 57164
42672 1048
42672 57735
42672 42672
42672 39706
42672 62
42672 23317
42672 2601
42672 4390
42672 6574
42672 22409
42672 50697
42672 42152
42672 54160
42672 49813
17162 24687
39333 9449
59039 59036
4594 59012
2805 53000
2805 57966
2805 4104
2805 2805
2805 48600
2805 1304
46700 310
35696 50697
35696 53916
5377 19608
5377 1711
5377 4642
20063 2054
58894 19382
56792 6521
56792 50771
56792 7717
56792 50086
56792 56792
56792 4143
56792 25836
56792 51300
56792 4040
10759 22317
60707 59727
2347 59018
57975 54114
57975 57975
58278 2243
60393 60434
60393 46390
60393 54873
60393 58980
58248 8461
1449 1449
60681 9121
3614 3614
3614 37896
3614 8672
3614 19943
51846 51846
51846 92
47349 6574
59287 53875
28375 48600
28375 7915
28375 28375
28375 42618
28375 13847
28375 50836
28375 57735
59527 2860
59527 10670
59527 59527
1392 41777
97276 97276
50973 59259
35748 35748
58887 58754
58887 58887
58887 14101
58887 24461
54957 41748
54957 19136
54957 37947
54957 78533
54957 42674
54957 54957
13648 15334
51917 11306
51917 15844
56193 56193
59219 6574
59219 39248
54873 59727
54873 60298
54873 16188
54873 40592
54873 30085
54873 1686
54873 30934
54873 94025
54873 60193
54873 25345
54873 60221
54873 3279
54873 43749
54873 2856
54873 50697
54873 39616
54873 9479
54873 145865
54873 23950
54873 14035
54873 54873
54873 9461
54873 13959
54873 58899
54873 35050
54873 14596
54873 44617
46188 48600
46188 2013
57702 31680
50385 50385
4865 28838
4865 4865
4865 6574
4865 22580
4865 12960
4865 54440
4865 2213
4865 22443
4865 43749
4865 57828
77802 53108
77802 9024
31111 31111
24065 42315
1931 60555
1931 17812
1931 57910
1931 427
1931 23696
1931 2115
1931 32428
1931 15484
1931 25869
1931 6371
1931 60855
1931 39248
1931 7049
1931 182
1931 60856
1931 48600
1931 60811
1931 54670
1931 52063
1931 41003
1931 39241
1931 10670
1931 3109
1931 27888
1931 38300
1931 2213
1931 43749
1931 60546
1931 6496
1931 39876
1931 62
1931 20433
1931 49207
1931 6574
1931 1931
1931 11510
1931 2013
1931 44435
1931 41074
1931 46884
1931 76261
40192 54604
40592 40592
40592 56054
40592 60561
40592 30085
33979 26867
33979 48600
33979 33979
33979 1048
33979 59521
53299 59316
53299 47012
53299 2032
53299 34255
53299 22317
53299 60578
57654 31830
738 10165
1155 3354
43749 58535
43749 30085
43749 31680
43749 21402
43749 36601
43749 54960
43749 43749
43749 60186
43749 1304
43749 23461
43749 60012
43749 50173
43749 15844
43749 59178
43749 25197
43749 43632
43749 2470
43749 46286
43749 59497
43749 60692
43749 29495
43749 48181
43749 43833
43749 53054
43749 2108
43749 34636
43749 57562
43749 59727
43749 24743
43749 57567
43749 39248
43749 19707
43749 6792
43749 35269
43749 25930
43749 59836
43749 6899
43749 11317
43749 40134
43749 51658
43749 57304
43749 32860
43749 34209
43749 51090
43749 56920
43749 60802
43749 57435
43749 42618
43749 2183
43749 11510
43749 22317
43749 15995
43749 50383
43749 1595
43749 33300
43749 31411
442 263
22205 30127
31320 29798
31320 31320
31320 54440
59789 3714
59789 70408
59789 59789
14958 2200
14958 20088
14958 14958
14958 9143
14958 48600
14958 8672
14958 2013
14958 2213
14958 23420
14958 48621
14958 52492
2123 20088
59296 60916
59296 39241
59296 13953
59296 59280
59296 49159
59296 34427
59296 242577
59296 59296
59296 22317
59296 4200
59296 59836
59296 58667
59296 52492
59296 62
59296 11622
25113 58536
25113 59945
25113 25113
25113 34636
1649 59463
1649 1649
1649 36565
59105 58535
10618 37947
10618 50086
10618 6574
10618 27102
10618 19707
10618 3354
10618 57035
10618 10618
10618 59002
10618 28304
10618 43384
10618 42329
10618 58987
59021 59190
19792 59288
19792 23420
19792 19792
19792 22317
59750 6618
59361 15909
10565 29347
10565 10565
58420 48600
8001 289
45710 29679
45710 45410
45710 2724
45710 33274
60029 33684
61152 9283
712 712
2537 60177
2537 30420
60867 33660
60769 20444
60769 60578
60769 29798
60769 13567
4560 48600
4560 4560
4560 4948
23079 1681
61005 36601
59230 16170
46800 59836
6905 6905
6905 310
6905 31680
6905 19943
6905 42315
6905 1120
6905 25499
6905 39257
6905 56591
6905 52492
12114 44717
26966 31641
59423 1339
6884 31973
6884 6884
6884 48339
6884 12579
2331 27037
2331 29344
10624 52492
57589 19357
57589 2013
57589 57589
21867 9403
5113 60333
5113 22317
5113 8507
51559 48600
51559 39248
25152 36087
60456 47012
39645 3248
21344 46710
21344 18886
3262 57575
45180 27814
56966 44200
42176 48600
42176 11550
31911 60879
60259 28070
40564 29347
40564 17304
40564 60155
40564 53595
40564 10367
40564 59895
40564 5070
40564 42992
40564 46718
40564 60597
40564 35261
40564 2963
16333 16333
7493 52761
7493 7493
59951 50697
44052 39241
11658 39248
49902 26250
49902 55831
49902 27543
49902 23215
49902 34636
58948 58948
58948 26633
23917 53000
59316 8719
59316 22317
58037 182043
58037 31494
58037 58037
44435 44435
44435 20433
44435 31680
51596 310
51596 44280
51596 8672
51596 32964
51596 42315
51596 28518
51596 51596
15995 50697
15995 8672
15995 5128
15995 60751
15995 35728
15995 1304
15995 289
15995 16001
15995 25197
15995 60928
15995 60099
15995 7046
15995 15995
15995 58705
15995 34636
15995 2963
4391 9679
4391 52312
4391 14827
29635 31680
29635 16675
29635 11550
12311 41777
8105 58051
52054 58134
52054 42315
59 47639
17478 17478
17478 59727
40044 50697
40044 33202
40044 11317
40044 56920
40044 40044
40044 27888
40044 121269
40044 45891
40044 17529
40044 17578
40044 13611
40044 9350
2115 29347
2115 978
2115 2115
54440 37896
54440 6574
54440 7768
54440 58725
54440 54440
54440 57729
54440 59207
54440 17760
54440 56054
5375 5375
5375 59968
5375 1304
121269 52492
57548 58000
57548 44499
57548 25930
57548 57548
57548 21565
57548 57409
57548 36255
57548 37871
57548 42428
57548 29647
57548 57963
4200 35728
60123 55831
60123 60543
60123 31680
60123 11306
60123 19943
60123 30085
32751 56812
11744 37473
4058 58573
56672 31680
56672 37634
18921 61076
26794 60543
27449 310
27449 34636
27449 52492
27031 48600
20989 60626
20989 60042
54574 54574
43632 43632
43632 3526
57834 20088
57834 20433
57834 57834
8471 35237
43362 43362
43362 22317
3197 3197
3197 23420
10415 60247
10415 14199
35011 6694
35011 45662
35011 56303
308 41003
59541 5079
59541 1304
3526 57976
3526 3526
36307 60561
34998 730
58208 8672
59152 7778
59152 59152
48353 43869
48353 58622
48353 42315
7280 59813
451 51994
8184 60434
58294 3648
1688 56632
1688 1688
4977 58105
34556 14729
34556 8672
34556 34556
34556 34636
148881 5858
148881 59271
59831 22317
23119 59497
23119 1673
60846 7749
51859 28015
51859 61076
27272 27272
59226 59226
59226 58676
59226 44625
4527 1048
45396 39750
60640 54566
60640 60640
60640 60111
43461 43461
56923 472234
56923 56923
39558 52492
39558 39558
39558 1505
39558 6574
375 27394
58221 1
5418 19956
32860 58780
32860 32860
32860 8672
32860 42428
32860 14101
32860 17529
29943 41872
29943 29943
29943 16802
15189 53000
58090 35404
4501 52630
4501 34636
4501 48600
58075 8342
58075 39001
58075 42992
58075 53093
58075 16001
58075 58075
58075 26511
58075 37468
59706 59320
25604 58112
10671 62
55567 29347
15844 59497
15844 58535
15844 20088
15844 15844
15844 38583
18095 39248
23950 18013
23950 60885
23950 48600
23950 58754
23950 8672
23950 38871
23950 20088
23950 8916
23950 23461
23950 9350
23950 44625
23950 23950
23950 32022
23950 29679
23950 59384
23950 52914
23950 42428
23950 41003
20767 11873
20767 52492
66054 58122
59675 39248
51300 60782
51300 9660
51300 43731
51300 59041
51300 1542
51300 58009
51300 58848
51300 44280
51300 13254
51300 15881
51300 13066
51300 41589
51300 60026
51300 29495
51300 58531
51300 62
51300 10367
51300 41654
51300 51300
51300 48600
51300 6468
51300 53502
51300 52712
51300 46106
51300 31680
51300 20633
51300 2963
51300 13336
60160 58535
58291 48044
60012 60012
60012 42315
60012 15334
60012 310
51063 33047
60337 3089
60337 60337
59755 53000
2431 18532
32845 32845
32845 50771
4517 51658
4517 263
4517 37896
8977 2385
16675 10426
16675 30085
44540 51658
53012 36601
53012 13181
14117 28518
14117 1845
60243 22317
60374 2183
60374 27037
57691 47792
57691 4825
57808 48600
57808 1
57808 45635
57808 57808
57808 7776
57808 49184
57808 23420
57808 8158
57808 24461
58164 43833
9124 3867
9124 58719
58669 35787
58669 248636
58669 58669
57636 1683
57682 62
54514 8672
54514 141
54514 39248
54514 42315
54514 59611
54514 22317
54514 54514
4860 8672
4860 54738
45163 14923
45163 35083
45163 1686
57966 57966
57966 60542
57966 57293
57966 42315
49871 49871
49871 31680
49871 2013
37947 48600
37947 37947
37947 57908
37947 57394
37947 16802
37947 22317
3171 55645
38871 59727
38871 20433
38871 24620
38871 20562
35950 2702
35950 60235
35950 46390
35950 35950
58158 1711
58158 310
46359 46359
15896 9449
25609 39366
25609 25609
52031 52031
13743 59320
13743 22361
46710 18886
46710 39248
57762 3116
84374 15291
84374 92992
17516 34636
59259 415
59259 52712
59259 43473
59259 59472
59259 58686
38352 42618
58870 32629
56236 59727
48624 37722
78290 56012
78290 30485
10013 10013
10013 56003
59475 59475
32412 46542
32412 56595
32412 32412
3029 9509
56595 28074
56595 54114
56595 11550
56595 42315
47256 32438
5182 8763
10670 48600
10670 11550
10670 20433
10670 660
10670 13567
10670 56054
10670 55352
10670 51658
10670 35261
10670 23461
59337 20088
59506 39248
59506 59506
1 10596
1 13847
1 9121
1 1
1 32438
1 6998
1 42307
1 39248
2202 6574
2202 2200
59032 8672
59032 52492
34597 43935
34597 23420
34597 22317
34597 34597
7808 52492
46906 265
58073 120657
58073 54114
58930 46286
18532 32587
18532 53601
18532 18532
11004 56352
59054 42653
40251 59320
40251 40251
40251 52492
40251 1686
60292 8176
120657 3069
120657 4236
120657 23100
120657 42245
120657 6998
10881 10881
40974 1849
40974 54960
40974 310
19493 59290
6574 60471
6574 2187
6574 39401
6574 54670
6574 34844
6574 9556
6574 3109
6574 10367
6574 19420
6574 20433
6574 59653
6574 60852
6574 730
6574 59497
6574 12756
6574 50060
6574 36638
6574 2119
6574 59648
6574 44625
6574 59727
6574 20088
6574 45635
6574 25930
6574 59836
6574 7915
6574 3655
6574 58686
6574 4278
6574 60794
6574 57822
6574 9961
6574 9415
6574 6574
6574 57746
6574 27339
6574 11510
6574 34853
6574 50697
6574 57742
6574 16130
6574 9076
6574 2860
6574 52821
6574 20417
61930 59074
11510 48600
11510 44625
11510 57940
11510 57909
11510 8672
11510 13567
11510 26286
11510 46286
11510 59580
11510 54114
11510 41003
11510 20433
660 34535
660 660
660 50086
660 59497
660 11682
660 23053
660 32258
58667 15334
58667 58134
58667 52063
58667 34255
58667 29123
58667 42315
54212 54566
54212 82384
54212 41338
54212 54212
54212 59280
54212 50086
54212 1686
54212 59284
54212 3647
54212 3089
54212 34636
17780 8672
2490 8672
60483 494
60483 60483
60483 13567
60483 37634
52330 52330
33781 59790
145865 49207
145865 145865
11028 47061
58241 48600
59036 1752
59036 6938
59036 52937
59036 24334
59036 47433
59036 39357
59036 59036
59036 9121
59036 20634
59036 50697
59036 51658
59036 59049
59036 47385
7079 32438
60723 23420
56072 48600
41580 39366
41580 4946
41580 41580
53650 42618
23680 1304
53172 53172
53172 22317
53172 1867
2470 59697
59112 27919
9519 23987
57879 20088
46106 2641
46106 18735
46106 2416
46106 19217
46106 60802
46106 60788
46106 12960
46106 55831
46106 15881
46106 46106
46106 94025
46106 23420
46106 29495
46106 33504
56767 48600
56767 310
1172 310
1172 32438
1172 6393
1172 34255
4497 20088
4497 4497
39938 30792
39938 31074
39938 39938
39938 56857
39938 11306
30934 30934
30934 141
30934 22317
30934 2136
12485 12485
45662 57608
45662 45662
45662 23792
42709 36565
5026 7403
5026 7305
5026 7946
5026 39248
5026 1879
5026 8672
5026 13567
5026 22317
5026 25499
5026 41589
5026 59799
5026 60535
5026 18471
5026 5026
5026 34636
5026 13611
21789 58903
39479 60404
41941 41941
41941 15988
41941 12565
41941 8899
60475 281
6354 58725
11970 59464
5359 39248
60693 20433
56591 9076
56591 27671
56591 52063
56591 55352
56591 56591
56591 5947
56591 44244
39772 58783
2176 59735
25887 263
41338 59280
41338 41338
41338 42674
24757 8672
24757 44625
24757 33274
30561 53251
26099 59288
26099 26099
26099 51658
26099 11550
26099 2789
52759 52937
52759 6998
52759 36601
51783 9154
51783 51783
27043 39248
27043 60906
27043 57162
27043 52492
27043 34636
50893 58227
13567 48600
13567 2013
13567 60177
13567 60845
13567 49333
13567 30628
13567 58490
13567 54114
13567 2965
13567 24957
13567 558
13567 46286
13567 56632
13567 48044
13567 4806
13567 11494
13567 9878
13567 13567
13567 58226
13567 11550
13567 57736
13567 22580
13567 10259
13567 57961
13567 14101
6763 37520
60852 60852
15332 59328
40894 63
40894 52124
40894 59059
40894 40894
40894 24583
40894 11550
40894 9067
40894 55450
40894 57640
40894 15837
51658 4869
51658 31680
51658 7149
51658 27037
51658 59135
51658 38581
51658 10367
51658 57837
51658 42245
51658 1304
51658 58180
51658 58161
51658 17620
51658 37619
51658 29938
51658 11550
51658 51658
51658 29647
51658 19584
48846 7046
48846 58227
48846 29798
48846 52492
48846 48846
48846 55392
58780 51705
58780 24461
60305 7778
22443 4869
22443 20995
22443 27124
22443 50086
22443 12960
22443 14664
22443 10439
22443 58433
22443 58160
50857 50857
50857 58115
50857 52492
50857 2213
89690 59359
89690 59288
29695 52969
2130 60466
60535 34636
8128 58256
8128 10165
8128 8128
8128 39248
57861 289
3109 59288
3109 54246
3109 59580
3109 3109
3109 32022
3109 23100
3109 1686
3109 59618
3109 141
3109 54160
3109 56632
3109 52063
3109 4732
49788 310
49788 47793
49788 263
41736 8672
41736 30085
41736 41736
47881 59310
47881 35574
47881 2963
47881 47881
31462 31462
22536 22536
118 4542
56969 42068
62 48600
62 8672
62 45635
62 13559
62 1686
62 52995
62 62
62 289
62 42315
62 51248
62 17529
62 58537
62 34636
57700 31680
57837 8672
59863 41787
59425 45128
56971 41865
58276 36945
43633 20433
92992 43869
92992 42315
52207 52207
3346 40859
57851 3948
42152 42152
42152 48600
42152 57128
59398 59373
1862 58825
8198 59497
8198 39248
33274 50697
33274 6477
33274 33274
33274 51357
33274 44625
33274 31641
33274 57052
33274 2213
33274 57736
33274 10259
33274 23420
33274 47250
46284 44625
46284 24461
46284 23420
46284 2373
46284 58873
46284 2893
35157 7933
4963 22317
59474 22317
57892 14449
49184 48807
49184 49184
49184 39257
49184 51248
14741 30485
25686 34255
3025 57631
35507 24461
2856 56805
60962 60962
131648 19357
59154 38242
182 57482
182 182
36204 32157
33847 57435
33847 33847
11274 44625
11274 20433
58139 7283
54272 53641
12077 1878
60293 265
58621 15855
4762 59727
59115 26468
11131 11131
11131 42245
11131 882
60439 51891
48154 39616
48154 27671
48154 9905
48154 39248
48154 57785
48154 55450
48154 20088
48154 58993
48154 22317
48154 48154
1673 59836
1673 942
1673 56915
6767 6767
58993 60614
58775 289
25095 25095
48928 9449
7443 2249
5128 289
5128 53000
4952 56213
4952 49207
4952 39248
4952 54674
4952 11780
4952 4952
4952 265
4952 22317
15231 15231
15231 58456
25930 53000
25930 48600
25930 31680
25930 42315
25930 59497
25930 25930
25930 56323
41128 59308
43798 257
43798 53009
328 15114
56995 57972
56995 57976
59654 29647
58658 13201
58658 17578
60086 310
3955 58566
3955 58219
44200 4206
54511 59618
60530 22317
60934 2233
33379 265
33379 60926
15746 15746
15746 42315
54847 48600
54847 57828
54847 2213
54847 42315
60939 60939
24501 24501
24501 44981
24501 60717
24501 35787
57955 23420
57955 54114
58160 50697
36526 39248
48533 22317
48533 48533
26511 23420
26511 39248
59847 9013
56632 56632
56632 2079
56632 13066
56632 94025
4040 18192
4040 20088
57593 8672
20604 2173
10927 59397
58562 23338
58562 56054
16145 49207
16145 22317
70408 23327
52304 50697
52304 36601
49920 59497
49920 31346
49920 37722
49920 52063
49920 53054
49920 49920
59040 2005
65511 15134
2573 8672
2573 20088
2573 2573
2573 22354
48091 32022
52292 8792
34255 48600
34255 3601
34255 60489
34255 34255
34255 58061
34255 37262
32964 32964
47449 43413
57367 531310
45838 8908
45838 45838
39257 8672
4944 22317
58295 50105
60597 40134
59684 23420
33300 42786
33300 33300
26250 26250
26250 48600
26250 59034
26250 8244
26250 58134
26250 36601
38873 58051
38873 30085
29347 29347
29347 5129
29347 430
29347 46566
29347 978
29347 58676
29347 31500
2119 54246
2119 2119
60874 60906
60874 60874
58479 89737
4162 6998
4162 23420
4162 791
57984 333
42245 50697
42245 310
42245 50771
42245 22317
42245 41068
42245 59333
42245 19357
42245 55227
24701 58896
434 48600
434 434
1686 48600
1686 2280
1686 58871
1686 8672
1686 1686
1686 2013
1686 60920
1686 19053
1686 52143
1686 52063
1686 11798
1686 59497
1686 57553
1686 1348
1686 5626
1686 60773
1686 56452
1686 2213
1686 29773
1686 39544
1686 58622
1686 34636
1686 56105
1686 1938
1686 30853
1686 27814
1686 59315
37721 46390
37721 60561
60533 265
60533 60533
56782 52809
43773 7040
58692 7778
58692 22317
21965 289
21965 31680
21965 4104
21965 21965
19136 19136
58051 51652
58051 48600
58051 39930
58051 58209
58051 38625
58051 8169
58051 9121
58051 58051
59637 48323
2327 57122
41003 57430
41003 20433
41003 17304
41003 31680
41003 59285
41003 47250
41003 7184
41003 58686
41003 24620
41003 1325
41003 41003
61281 43935
8476 8476
8476 2416
8476 2249
59800 8672
58134 48600
58134 58134
58134 2213
58134 50497
58134 22317
50771 50771
50771 2586
50771 15966
50771 52063
50771 781
50771 58392
50771 51705
50771 11317
50771 58686
50771 59288
50771 39268
50771 2416
50771 23420
60351 39248
54614 57828
54614 30085
54614 2601
1120 59497
59836 46390
59836 52914
59836 22317
1182 1182
36342 57909
36342 27183
36342 1048
36342 22317
36342 36342
44592 60005
58987 310
53054 32157
53054 61024
4390 8672
4390 44625
36442 60187
58624 57990
7046 22442
7046 7046
1302 50697
1302 39248
49003 58676
49003 49003
49003 22317
11949 59163
48165 42315
37742 310
37742 6998
58926 58926
58926 34844
60542 60542
24738 63468
24738 6830
2293 60028
30767 22580
6067 53000
6067 6067
11832 13265
45144 46390
45144 22317
3041 58032
59322 42315
58226 68310
7071 39248
46393 18625
45446 56920
45446 45446
23427 31680
23427 48600
23427 52937
552050 2855
47792 4825
15334 44050
15334 60326
15334 2280
15334 9111
15334 2213
15334 28518
15334 56920
15334 15334
15334 7717
15334 51652
15334 28070
15334 52819
15334 47012
15334 50105
15334 11622
15334 42315
15334 5007
2104 45260
18084 54114
18084 9302
18084 58723
18809 2200
18809 57940
18809 23461
18809 18809
6938 20088
6938 8672
6938 6938
6938 34636
58039 56044
2963 14596
2963 60580
2963 8672
2963 17529
2963 8459
2963 11550
791 39248
791 791
60782 50697
44301 3651
44301 8672
44301 44301
44301 20433
59528 942
25869 48600
25869 25869
25869 59672
11403 44930
11403 44625
11403 55519
13559 1360
13559 36718
6998 50697
6998 20433
6998 28381
6998 44306
6998 59628
6998 29647
6998 53595
6998 6998
6998 34636
17492 22317
49207 49207
49207 25197
49207 22317
29598 60615
29598 56054
8342 8342
8342 20433
8342 32438
57603 31680
57603 57603
40342 30628
40342 60440
40342 40342
40342 2013
40342 42315
40342 23461
40342 33184
35728 39512
35728 58705
35728 16133
35728 2213
35728 13959
35728 7268
35728 35728
35728 42315
35728 32438
8451 9143
33445 59146
52819 60038
52819 13611
53797 8672
53797 22317
57502 2868
16001 58777
16001 16001
16001 8672
16001 26534
16001 59245
16001 31641
16001 51475
265 20088
265 14390
265 36314
265 49752
265 48289
265 22317
265 57990
265 58827
265 5180
265 40134
265 57846
265 265
265 29647
59920 59920
59920 60757
57499 310
4220 39835
57940 8672
57940 20088
57940 57940
57940 56715
57940 48600
57940 57440
57940 38712
57940 15047
57940 23420
4515 57164
4515 50086
22017 20877
22017 5296
22017 60018
22017 60697
22017 32325
22017 22017
38731 38731
27671 31680
27671 27671
21736 77443
17425 4530
17425 37896
17425 17425
17425 8672
17425 1711
8149 2849
56620 52937
56620 42315
1304 427
1304 2773
1304 2187
1304 3126
1304 57727
1304 54389
1304 35237
1304 16802
1304 310
1304 1304
1304 59290
1304 31680
1304 23420
1304 2054
1304 49539
1304 20088
1304 50086
1304 56583
1304 32198
1304 6496
1304 59049
1304 4946
1304 57761
1304 13751
1304 9121
1752 1752
1752 22317
54246 59225
3738 42315
2232 60612
37329 52914
37329 44625
54510 54510
54510 42315
13346 59610
51996 20444
51996 51996
16349 16400
15307 59609
39241 48600
39241 39241
58340 42428
58340 21992
16886 34545
57976 42428
57976 20088
59177 53000
58544 26960
39706 34844
39706 39706
58628 55519
10686 10686
10686 14621
16008 59427
9415 17529
2685 37634
9011 9011
59799 26963
6393 310
6393 32438
59502 39248
59502 59514
8479 61076
4869 23420
4869 310
38157 38157
38157 43473
16373 50697
16373 48600
16373 6371
16373 36565
16373 19943
16373 14664
59437 5392
58941 35340
58941 23420
58941 42315
60226 31680
60226 14396
59955 13655
3647 82384
3647 3647
59207 39616
59207 4104
59207 36601
49752 42315
39555 31680
39555 39555
317013 45861
47000 19294
36509 36509
36509 52492
60048 3036
54670 4104
54670 54670
58481 52492
33783 17328
49878 22317
48096 6792
58928 57828
58928 14618
21720 42315
56839 2628
10146 1845
10146 58614
10146 10165
58471 34636
58471 263
8719 22317
17294 23420
57567 39248
57567 8672
57567 47012
57567 13751
59639 1779
57908 9067
4321 60430
58754 10367
58754 54451
2373 59580
52958 2419
52958 52958
52958 52492
58283 48600
58283 38581
9154 59328
57350 60233
1551 53486
20454 48600
50704 50704
89737 43281
1197 8672
6204 60897
56920 310
56920 24957
56920 8459
23317 56054
58576 14352
58216 57531
60130 60130
44737 39248
10259 10259
59909 59895
59909 60906
59909 2868
59909 8672
59909 60902
59909 59909
4969 5392
20634 58256
20634 52519
20634 47506
20634 29641
20634 59128
59093 58980
10024 71753
48600 2187
48600 54905
48600 13254
48600 53009
48600 53719
48600 14352
48600 3707
48600 29938
48600 16133
48600 57440
48600 4577
48600 14431
48600 57598
48600 47378
48600 56609
48600 52630
48600 3601
48600 58457
48600 61071
48600 57709
48600 52492
48600 8526
48600 60996
48600 13655
48600 57461
48600 278
48600 57604
48600 58787
48600 58377
48600 57293
48600 38712
48600 58387
48600 13847
48600 8301
48600 36255
48600 58302
48600 57611
48600 59137
48600 48600
48600 58801
48600 14782
48600 55831
48600 23420
48600 54566
48600 28381
48600 13900
48600 3559
48600 22317
48600 10342
48600 21565
48600 8553
48600 58805
48600 36071
48600 30853
48600 57447
48600 58236
48600 8672
48600 9887
48600 45891
48600 56915
48600 39248
48600 47385
48600 10367
48600 11495
48600 31680
48600 59490
48600 43731
48600 52712
48600 1013
48600 9076
48600 58249
48600 24371
48600 42068
48600 9111
48600 57746
48600 14035
48600 48807
48600 35393
48600 51945
48600 35492
4460 58256
49548 44872
10483 44499
35269 39248
35269 36258
35269 34636
35269 35269
58542 50383
58542 58543
51759 60561
28074 11550
58377 39366
36115 15291
36115 42315
45922 52849
21727 53400
21727 1100
21727 58693
21727 21727
50679 50679
42388 42388
42388 42315
27296 7778
27296 20088
33285 9121
55716 53000
55716 12603
55716 36601
55716 55716
20662 60040
27394 821
8937 60261
58787 45891
6300 59793
6300 6300
6300 52492
30539 14517
30539 30539
5424 20088
5424 57514
5424 1206
5424 5424
5424 60602
5424 58945
58980 74781
58980 22361
58980 58980
58980 60111
58980 46525
58980 60149
58980 60349
52974 22317
42493 59727
42493 42493
42493 22317
42493 61020
42493 42315
57694 56583
2965 59497
57406 13844
1540 59448
28614 28614
28614 310
28614 42315
7268 11873
7268 22409
52718 29241
5921 26633
60580 22317
14517 52688
15990 15990
19956 19956
19956 31973
19956 21268
19956 45999
19956 52492
52377 52377
270 16188
50688 3589
50688 60561
57641 31680
57641 57641
15988 15988
23696 28518
23696 32475
23696 55831
23696 11550
23696 34636
23696 42315
31411 52712
59315 59696
59315 310
59315 60350
59315 31500
59315 47637
59315 55352
59315 50265
59315 36570
59315 22317
59315 59328
59315 59315
30399 289
30399 5626
43731 43731
43731 20433
43731 25197
58729 1209
59990 1104
60908 60856
58839 58835
58839 58851
60489 27391
60489 36601
29337 34844
29337 42198
29337 44499
58902 58777
65726 3714
58446 15495
28710 58686
44617 7778
44617 44617
59694 54762
11798 58777
1695 46775
1695 42315
58053 8672
58053 58053
59386 59386
24620 39357
24620 57666
24620 59071
24620 27917
24620 6792
177 57860
60836 55230
60836 60836
272904 15291
58900 29311
58900 58890
58900 58900
14782 10586
14782 14782
14782 40828
14782 59131
38174 10367
38174 7915
56657 57463
5626 53290
5626 5626
5626 36601
1639 42315
39248 13997
39248 59146
39248 19943
39248 59531
39248 53719
39248 34535
39248 56831
39248 34636
39248 54817
39248 29972
39248 39248
39248 50211
39248 48942
39248 57735
39248 41589
39248 59534
39248 13522
39248 59135
39248 59672
39248 10245
39248 59589
39248 32569
39248 50265
39248 39876
39248 59150
39248 38242
39248 56741
39248 18726
39248 7891
39248 59628
39248 107
39248 50697
39248 43176
39248 59586
39248 21700
39248 33957
39248 59539
39248 52492
39248 59601
39248 59225
39248 59009
39248 310
39248 20088
39248 39108
39248 21715
39248 49287
39248 52712
39248 32157
39248 59550
39248 59498
39248 19316
39248 11562
45635 20088
45635 57293
45635 5129
45635 48807
45635 45635
45635 58890
45635 40210
45635 39111
27102 34636
61076 218739
19377 59497
19377 4530
61014 44991
57439 1532
57735 26286
57735 57735
57735 2868
57735 50086
57735 15437
58551 58551
58551 42315
32198 32198
32198 50086
32198 26960
24833 22317
21565 21565
21565 20433
21565 52937
21565 57544
21565 53400
21565 47327
21565 33046
21565 11550
21565 22317
31371 53400
31371 22317
5672 5672
5672 59727
5672 57822
9232 62498
9232 59284
9232 9232
9232 43413
2928 8702
57551 53000
57551 1048
18609 32438
333 9707
472234 11550
58705 22317
50105 310
49333 20433
49333 49333
49333 18677
49333 83871
49333 22317
2626 59805
58944 58161
8672 16300
8672 57544
8672 2013
8672 53879
8672 10367
8672 56932
8672 9141
8672 56831
8672 59035
8672 40281
8672 13997
8672 57685
8672 26043
8672 13336
8672 56054
8672 58161
8672 41589
8672 32438
8672 22317
8672 43473
8672 57097
8672 59504
8672 58709
8672 266
8672 36770
8672 47378
8672 39268
8672 427
8672 8672
8672 58044
8672 52492
8672 46645
8672 59608
8672 17304
8672 470
8672 36565
8672 42992
8672 42315
8672 52809
8672 57846
8672 26534
8672 2108
8672 57972
8672 50086
8672 58801
8672 48406
8672 39108
8672 19707
8672 53108
8672 29145
8672 34953
8672 730
8672 9076
8672 49227
8672 8881
8672 29562
8672 9825
8672 57949
8672 165606
8672 31680
8672 60997
8672 48807
8672 51945
8672 5001
8672 558
8672 37634
14099 14099
4206 26633
59102 59102
59102 17121
59102 1785
59102 53201
59102 52492
59102 56676
10826 22317
53400 22442
53400 59146
53400 58693
58397 26633
44306 14101
104779 60058
41223 781
52815 59611
52815 46390
55046 44499
58126 34844
57162 59497
57162 57162
57162 51569
57514 50697
57514 57552
57514 13997
25168 20088
25168 25168
41074 37943
41074 58676
41074 20088
41074 41074
15013 32157
80504 105
45316 11204
45316 7778
45316 34071
2942 7403
2942 2855
14735 14735
57531 8169
59007 17353
1360 53000
1360 1360
1360 36601
58946 58946
58946 58943
34616 22053
53595 31680
53595 20433
53595 53595
48807 310
48807 30792
48807 1845
48807 48807
48807 32204
19316 4530
60488 42315
59550 57461
6229 52492
6229 60699
6229 6229
6229 52914
6229 1878
6229 36601
60471 52914
10165 10165
10165 14431
10165 7915
10165 27037
59265 53875
59265 59265
59265 52063
27175 7951
2876 8834
2876 19707
34427 55352
34427 11306
34427 22317
34427 34427
54905 56054
54905 36601
54905 54905
13254 42315
50314 59491
23327 52715
415 58256
415 60868
48748 60031
107 107
107 22317
107 2030
39848 39848
23309 1698
3722 58874
60121 50697
60121 22317
341 55450
58677 20088
58677 58537
49555 49555
49555 22317
49555 42315
10245 10245
57658 14352
59716 59320
54154 20088
54154 23987
54154 57828
54154 54154
56054 48044
56054 57293
56054 56054
56054 59842
60083 59904
60699 60561
60699 36601
60699 52492
4844 57783
18867 58671
34209 34209
34209 37896
44021 2641
44021 44021
44021 22317
44021 46525
29641 7778
29641 29641
29641 22317
58750 2108
58750 58750
5495 59150
5495 58334
5495 27656
5495 50724
5495 5495
50173 53000
57608 31680
57608 42618
60171 36638
46279 57956
46279 46279
59790 55582
427 54566
11306 6745
11306 54936
11306 59139
11306 11306
11306 30792
11306 58798
11306 52712
57400 57400
58901 58161
59611 59914
59611 46954
59611 60018
59611 30085
58619 58619
58619 52937
58619 9350
8526 8526
18931 54201
18931 92
243638 34680
15837 55450
8082 53000
8082 58851
51181 41787
46566 46566
18211 61020
18211 56605
4732 6782
4732 2213
278 43815
278 278
58537 1849
58537 310
58537 7915
58537 59276
58537 58537
42307 59727
42307 52914
42307 42307
48507 20088
57293 10367
57293 7018
57293 36565
57293 52492
57293 42315
57901 42315
38300 59288
38300 14101
38300 52492
38300 30085
56288 56288
59822 42315
6694 57552
6694 6694
57685 31680
57685 29938
57685 57685
59178 289
59178 59178
59178 17304
76659 59727
43206 43206
8359 15662
1383 22317
1383 1383
41142 40041
27943 310
22354 52937
22354 22354
22354 32022
28893 8
27814 29938
2587 22317
15114 58666
61024 61468
61024 89376
94610 20433
375848 40134
60657 43833
44499 43935
44499 44499
44499 1993
44499 63261
44499 34844
44499 54114
371 12889
371 36601
41865 50697
41865 41865
57912 20037
60349 60349
57517 401
61000 1267
61000 36601
8463 30085
12756 59473
59035 32022
59035 2013
59035 42315
53486 9350
53486 44202
60357 41525
40041 40041
40041 59666
40041 40134
40041 2013
40041 22317
18013 60450
18013 14797
31416 60751
53092 56676
2179 6745
49287 55979
49287 49287
57657 50841
44371 60312
19092 22317
8176 57128
57859 11550
3257 44981
49537 49537
58082 57640
4577 4577
4577 58676
4577 1339
4577 23420
4577 22317
22342 22342
7407 7407
4211 4211
57605 48777
60331 7467
50265 50265
50265 52914
50265 42315
9076 9076
9076 17428
9076 60980
50896 50896
49928 49928
29994 39366
29994 42315
29994 29994
58535 58535
58535 60076
58535 6845
58535 58623
58535 50836
58535 55831
57575 37896
57575 57575
12565 12565
4160 20433
4160 16133
16802 23100
16802 8769
16802 32438
16802 57828
7778 58742
7778 11204
7778 1048
7778 7778
7778 22317
7778 32453
7778 52492
7778 38264
7778 56812
7778 48078
7778 60654
7778 57734
16300 27919
16300 9143
7933 7933
32157 36601
32157 55767
32157 32157
32157 29700
32157 34844
51475 57932
51475 20088
48922 48922
48922 42428
48922 2213
58742 24461
58742 23420
3956 60368
58121 57128
39930 60064
57479 953
408 2013
408 60561
1711 59280
1711 36601
8059 57937
16567 1325
53601 16133
53601 42315
58940 9350
58249 57553
58249 54478
2079 29798
42068 42068
42068 4988
42068 21992
42068 31680
42068 1845
42068 42315
57990 57990
57503 13663
5296 5296
5296 22317
51945 57553
51945 51945
59271 44625
58219 58219
38308 23420
59010 5199
58723 28154
58723 58723
24583 23420
40460 36233
36601 310
36601 15437
36601 36601
36601 22317
36601 9350
36601 50697
36601 1760
36601 59727
36601 60997
36601 17529
36601 60561
36601 32569
36601 37634
58947 58943
5199 5199
5199 59580
42151 22317
53009 53009
53009 26960
53009 31680
50497 22317
60832 50697
60832 54674
60832 60832
60832 15134
24461 58800
24461 15966
24461 58588
24461 24461
57359 20433
2962 29647
20433 57430
20433 19082
20433 31680
20433 53306
20433 15261
20433 42315
20433 52492
20433 50697
20433 12347
20433 20433
20433 2013
20433 30700
20433 60552
20433 28518
20433 15881
20433 35050
20433 74460
20433 22317
20433 730
20433 23420
20433 8334
20433 19707
20433 57989
20433 53918
20433 10329
20433 55192
20433 23987
9141 9141
59517 34545
59328 38058
59328 12727
59328 59328
10054 7076
18625 33558
49979 51037
50567 34256
59715 54566
59715 61021
22952 44895
36283 58777
2187 52122
2187 2187
1101 2213
39871 46775
39871 42428
39871 39871
59191 22317
59660 3653
30085 30085
30085 59895
30085 10426
30085 59288
30085 51652
30085 32569
30085 50060
30085 6580
30085 57759
30085 17529
60365 60040
43521 730
59325 59284
16019 42315
3125 59765
43 41872
6496 6496
6496 19943
51815 59479
59149 8829
38581 31680
38581 34636
28370 42141
29647 1835
29647 3545
29647 72709
29647 781
29647 29647
29647 37896
29647 60654
29647 28304
37619 11550
57759 57759
26960 26960
26960 38848
26960 36947
26960 4143
55582 310
15437 15437
15437 37468
48918 13663
14101 59041
14101 60802
14101 31680
14101 60997
14101 54604
14101 35787
14101 14101
19765 9449
19765 42315
19765 19765
17566 56012
59810 59810
57910 310
57910 19357
42786 57822
59648 59648
14624 42315
63261 43935
46954 59497
39364 9556
39364 10137
60186 60186
1749 34844
52492 12884
52492 2013
52492 56741
52492 59628
52492 7149
52492 1545
52492 59498
52492 52492
52492 58373
52492 56605
52492 42315
52492 11550
52492 22317
52492 60865
52492 10075
52492 52914
52492 15881
57533 13751
56135 77443
10392 8608
25197 50697
25197 25197
25197 3327
25197 57640
46286 56232
46286 49528
46286 31680
46286 58347
46286 46286
9588 39366
1339 1339
23792 45891
23792 1048
23792 42315
4806 34636
38669 2213
19457 172
51175 2013
51175 42315
57478 12555
1890 60009
14390 7301
14390 14390
58676 32475
58676 59760
58676 31500
18995 18995
57259 42315
57736 31680
58885 10829
36009 60438
27339 35393
27339 59727
57770 19357
57770 56857
60815 24741
1054 1054
243352 22317
51819 46525
23987 27736
23987 23987
23987 52282
23987 50849
23987 57670
23987 48942
23987 5001
48466 33200
59046 20037
59046 59046
59046 23652
59146 22317
56389 42315
56389 310
54123 31680
20353 58752
59483 58827
60563 36770
2000 2000
2000 31500
57430 57430
57430 11134
40281 22317
915 59288
915 59382
915 55352
915 59131
57508 57508
46775 46775
46775 1938
46775 5156
2736 64332
2736 2736
25836 23461
7076 60627
4278 22361
4278 4278
3211 40134
3211 3211
28542 57828
18678 32370
36071 36071
36071 11134
43281 18886
59137 58777
91732 30462
91732 91732
56232 21918
52519 60956
43815 25499
43815 34545
43815 31965
39366 39616
39366 54960
39366 4143
39366 13847
39366 60458
39366 39366
39366 6371
39366 61100
3126 50697
3126 58256
3126 3126
1247 56213
55352 58256
55352 55352
55352 11550
55352 22317
59326 13751
24737 22317
59473 56378
28304 60654
28304 28304
28304 22317
56915 38596
39606 39606
60610 34953
60032 59727
60032 27656
60032 60032
2030 2030
2030 22317
2030 41757
57054 57054
9024 182043
137 48500
29988 14596
840 23420
20520 6899
13611 13874
13611 13611
43639 59757
5106 59727
5106 60814
5106 9350
48044 48044
2975 55036
10697 10697
44936 44936
44936 57026
1368 1368
1368 92
21715 21715
21715 60011
48794 55469
58588 8769
24741 24741
58582 26286
58582 141
58582 58582
47385 52937
7790 60705
57122 310
15526 10058
8334 57429
8334 35145
32453 22317
14035 4236
59618 19621
59618 59618
15365 22756
59629 59629
53447 2054
53447 53447
33184 54566
59853 59853
58635 1596
32022 57727
32022 32022
32022 45861
32022 34636
57992 57992
57992 26633
50036 11320
59727 59727
59727 26619
59727 60149
59727 37262
59727 1760
59727 60422
59727 60587
59727 10827
59727 44280
59727 59895
59727 61008
59727 59288
59727 51652
59727 60458
59727 14848
59727 59775
59727 22228
59765 22317
59765 60806
121037 56301
49227 2213
15604 37955
38712 38712
7104 43807
40665 42315
14827 55888
14827 42141
14827 310
14827 60957
58830 9101
1100 6899
60325 60325
60325 22317
5024 43609
34636 58457
34636 14826
34636 60902
34636 50697
34636 59041
34636 42315
34636 58555
34636 55831
34636 34636
34636 60810
34636 58574
34636 50086
34636 35249
34636 13847
34636 31641
34636 22317
34636 58777
34636 9121
54674 10367
54674 54674
54674 2816
54674 29311
54674 15134
33504 289
33504 60906
16966 59835
58779 23420
2196 60149
41589 41589
41589 58932
41589 42315
51652 51652
51652 59320
51652 310
51652 23420
51652 59472
6007 17529
991 991
4503 20088
59150 59150
59150 44625
59150 20088
59150 22317
59150 37634
45103 36679
39268 57553
59531 59531
59759 33769
58453 14596
6813 2013
6813 60578
6813 60455
58270 12555
9593 60688
7717 7717
7717 50086
7717 42315
18829 13751
470 470
1474 1474
1474 14052
1474 42315
14826 26633
29495 50697
29495 60906
29495 29495
9019 64808
49401 19357
48181 59288
48181 12603
48181 48181
48181 59497
59225 42618
60561 26043
60561 16577
60561 34844
60561 60561
60561 8301
60561 35050
60561 23420
60561 34847
60561 1210
41748 41748
41748 2013
40166 40166
6171 52143
34953 21377
34953 58777
34953 47116
34953 34953
47061 47061
26011 26011
27037 42618
27037 23461
48500 50888
48500 2213
53875 44085
58115 56609
58115 9546
11873 63
58564 16629
8099 9350
19794 58207
60997 2013
60997 22317
9546 289
9546 42315
40210 40210
51384 9449
2590 32438
36314 22317
44050 59497
17178 310
17178 17178
37468 54566
37468 39616
37468 43343
37468 37468
37468 59187
37468 60688
37468 23420
48738 19668
20417 29336
20417 20417
20417 36638
20417 60578
20417 37634
59604 40847
16927 21402
16927 42315
2377 2377
12139 57562
59498 59498
7768 59996
7768 46669
57670 57670
20076 15881
20076 22317
55831 3110
55831 2013
55831 55831
67114 71753
60859 60859
24743 24743
24743 23420
24743 1878
2571 2571
2571 9350
55139 22317
17389 17389
17389 9350
60855 60855
10827 42428
10827 10827
10827 42315
20444 58307
20444 17428
20444 6477
33709 60326
42913 74781
58805 13237
57461 57461
37896 7149
37896 57734
37896 29092
37896 263
37896 37896
58851 266
57447 57447
5598 5598
60038 60038
60038 10885
60845 60845
20285 20285
24194 24194
289 50754
289 28518
289 7149
289 289
289 6899
289 23420
289 4946
289 58827
289 22317
289 50697
289 60751
289 23461
289 8916
289 53201
49528 39616
58103 59284
10367 50697
10367 2213
10367 10367
2649 59320
38974 60347
58932 2280
9262 9262
57932 57930
12884 12884
5858 59284
4825 4825
4825 43641
58392 44625
57383 57383
14052 42315
28950 28950
28950 22317
41872 41872
54566 54566
54566 3804
54566 13543
54566 21377
54566 11550
57488 21402
465 35237
26787 34853
2816 23420
21373 59497
5156 40223
5156 5156
5156 42315
53108 17529
53108 53108
53108 57026
46411 5001
59585 11070
57743 15134
58873 58873
47515 19668
60333 22317
15841 15841
15841 9350
2855 2855
43500 22317
3107 52688
58120 27543
19357 18378
19357 54478
19357 25771
19357 19357
58962 23420
59320 22228
59320 59320
3601 3601
2280 42315
2280 2280
56012 56012
22317 44818
22317 2013
22317 27919
22317 59497
22317 28015
22317 57039
22317 35261
22317 6745
22317 29199
22317 36947
22317 1878
22317 40589
22317 9350
22317 60049
22317 13959
22317 13201
22317 23100
22317 60437
22317 60149
22317 60312
22317 43935
22317 57818
22317 56812
22317 23420
22317 24645
22317 2213
22317 19294
22317 60193
22317 15881
22317 22317
22317 8881
22317 42618
22317 16544
22317 10075
22317 7238
22317 45513
22317 1545
22317 50697
22317 59284
22317 20088
22317 56392
22317 22442
22317 31641
22317 60398
22317 59719
22317 257
22317 42428
22317 37634
59497 27888
59497 42329
59497 25573
59497 12003
59497 59914
59497 30256
59497 42315
59497 59497
59497 19082
59497 59952
59497 59576
59497 38795
274853 39616
53547 2013
56246 52995
56246 42315
60040 23420
50315 19668
58161 47012
58161 44895
58161 58161
58161 1889
58161 58889
37122 59284
3275 60906
59739 23461
2860 20088
1780 19608
60449 51705
45203 31500
57394 57394
15134 57039
19079 19079
19079 20088
39118 51569
55645 55645
55645 60011
43812 43812
34709 23461
57818 57818
57818 60788
60926 60802
49895 31680
59280 59280
36947 36947
16533 13201
34844 53641
34844 52282
34844 60662
34844 11317
34844 34844
34844 59288
34844 60596
34844 42635
34844 56544
34844 17428
14549 14549
58439 60726
58439 58439
54616 40134
54616 54616
2553 233
26233 56812
36565 39616
36565 36565
36565 58686
17620 17620
17620 57553
17620 60326
13655 7018
13746 13746
1013 1013
58656 42773
2108 20088
2108 2108
2108 42618
43343 43343
55036 55036
40062 20037
59059 59059
56301 42315
41451 22361
41451 310
33038 23652
11550 13543
11550 29145
11550 11550
11550 48988
11550 60326
11550 13997
11550 39527
39512 39512
39512 42315
8881 8881
8881 43935
8881 40134
26468 44981
9954 9954
49927 58518
49927 49927
47250 47250
59914 54478
17428 17428
60654 60654
4509 50697
60437 60437
33769 33769
44244 42315
36679 36679
15198 56812
56355 55767
94025 1048
94025 16133
59347 23420
58202 310
40589 40589
44248 174319
50154 23100
19420 52086
19420 44625
16737 2213
14797 14797
14797 23420
13129 13129
25499 16600
25499 42315
11320 11320
97883 60076
74781 60326
74781 42315
10299 58799
59310 59310
4236 20088
45861 430
45861 2013
45861 35261
45861 9449
2213 20088
2213 2213
2213 4104
2213 12337
2213 9067
2213 59288
2213 13201
2213 58722
2213 42428
46669 35261
6899 6899
12337 8169
12337 32438
35787 50086
35787 35249
9067 310
9067 55519
9067 9067
37386 43935
40115 2032
56392 1845
56392 56392
21223 57594
10596 10596
10596 11134
16544 16544
59128 58256
60916 1048
7662 2616
28404 28404
28404 310
56857 56857
56857 38330
1170 1170
1170 26633
58044 23100
60578 60578
60578 51220
59719 59719
10426 52809
1545 39616
1545 56812
1545 50086
56005 23420
56005 35249
51044 54478
42315 58590
42315 44818
42315 3074
42315 58801
42315 16133
42315 42315
42315 24885
42315 58827
42315 15855
42315 9121
42315 10075
42315 24402
42315 310
42315 1596
42315 58606
42315 58494
42315 57026
42315 57604
42315 1845
42315 23420
42315 56003
42315 52712
42315 59285
42315 58555
42315 1849
141 59834
141 141
2139 47543
19335 4530
57666 29938
40127 40127
35249 50086
11317 59288
11317 11317
11317 1845
57427 31680
57427 51705
48468 37871
59288 24645
59288 6371
59288 59288
59288 7915
59288 10673
59288 12603
59288 35261
61897 20088
9571 20088
42141 42141
9826 9826
56105 20088
22067 54114
60721 20037
12603 12603
3588 4104
60688 52914
60688 23219
60688 9143
36570 36570
59904 59904
25573 44625
25573 25573
2773 20088
52063 39616
52063 52063
52063 15484
52063 60290
54960 310
54960 54960
40937 4493
60428 263
60546 60546
63 63
59441 24085
284203 58122
302 302
23100 23100
23100 23461
51357 51357
57748 57748
40134 26286
40134 40134
40134 23420
37943 37943
44280 44280
16133 16133
16133 16950
35261 59366
35261 35261
35261 23420
35612 23420
9101 9101
6127 60461
50697 59041
50697 50086
50697 2183
50697 60794
50697 59285
50697 50697
50697 17529
50697 59399
4530 15881
59907 5001
47508 47508
57494 56481
29199 29199
169 57828
60672 44625
60672 23420
59796 59796
59796 59802
116686 56502
3298 59970
7149 59313
7149 7149
7915 11543
60221 31680
60221 60221
54114 57972
54114 58693
54114 54114
41377 41377
32139 58000
50086 59595
50086 23461
50086 6468
50086 50086
13847 13847
1845 1845
1845 10131
1845 14352
61100 28381
61100 19943
61100 37634
3991 44232
683 23420
57865 781
57865 11134
14243 23420
30018 50780
44229 60787
60552 60552
58302 58302
3279 3279
3559 3559
43677 60906
58590 44741
4630 16600
60696 17529
57640 59114
54478 58188
54478 57828
54478 52630
54478 45891
54478 54478
52849 52849
15291 310
15291 15291
15291 3169
26633 165606
26633 26633
4230 38821
13201 13201
19943 29798
19943 19943
19943 60076
47793 310
47793 47793
7479 58607
41654 60856
13336 53000
53000 53000
53000 58574
53000 7283
53000 51121
53000 44625
53000 43473
119239 43935
119239 9449
3933 23420
33957 31680
60177 52086
60177 2013
60177 37634
2183 23461
47012 47012
1835 1835
44625 44625
44625 57035
44625 12003
44625 26043
44625 38795
58188 58188
57435 57451
13751 20088
13751 2013
13751 60458
13751 50888
10673 10673
58827 58827
29311 29311
1206 1206
57746 23420
1163 4104
9887 9887
24402 310
24402 24402
4104 4104
165606 165606
60920 60920
58777 58777
58777 4143
12003 12003
56715 56715
4988 4988
28381 28381
58722 58722
11543 11543
60503 310
60503 60503
58433 8624
60697 52914
20555 20555
52712 310
52712 2013
19294 19294
55519 266
55519 55519
55519 50991
5001 10131
59182 37520
4417 23420
31680 31680
31680 2013
31680 59282
31680 23420
31680 53201
31680 57425
31680 9878
31680 32438
31680 58686
31680 59285
31680 60316
31680 12960
31680 25345
22121 22121
57742 13241
1938 59580
31926 31926
3104 15881
37634 60906
37634 37634
2013 59666
2013 2013
2013 23420
2013 310
2013 32569
2013 1048
60856 26043
310 60455
310 60092
310 15484
310 58801
310 58610
310 16600
310 8169
310 6371
310 39421
310 310
310 20088
310 1048
310 60596
310 12960
11372 11372
60092 60092
27919 27919
35969 59466
13959 60629
36931 42329
36258 54604
1086 16600
1086 1086
6792 6792
6792 781
38278 38278
56156 56156
60316 60316
32569 32569
44741 1596
58530 58530
266 16600
45150 45150
52282 23420
42618 20088
42618 42618
16188 16188
32475 32475
43473 23420
43473 43473
51705 21509
51705 54604
51705 51705
60802 28015
60802 20088
25345 25345
6371 6371
6371 57828
6371 12727
6371 24097
58256 58256
58256 23420
62148 64332
53201 53201
53201 60596
1622 1622
40796 60598
57989 16600
1596 23420
1596 1596
34545 20088
34545 34545
4433 20088
15484 15484
15484 23420
57761 57822
8707 8707
60844 9905
60596 60596
2249 3652
54880 54880
36255 36255
57811 57811
51248 51248
52995 58000
60149 20088
2628 2628
60011 60011
43935 43935
8553 57729
45398 45398
58607 58607
58801 58801
58801 23420
23420 5129
23420 23420
23420 46390
23420 56583
23420 59131
23420 3652
23420 20088
23420 31641
23420 38795
13241 13241
52914 34535
52914 44981
52914 52914
52914 1878
24371 24371
57729 8169
2055 18119
4946 5512
14352 9121
14352 14352
60928 60928
60928 60906
35050 35050
35050 54604
18119 18119
59313 20088
13663 1048
13663 13663
59978 59978
46390 60458
46390 46390
57828 32627
57828 27587
57828 57828
8157 37520
23461 37350
23461 23461
23461 17304
26385 3327
17304 17304
2136 4143
2136 2136
1325 1325
20088 19707
20088 20088
20088 39616
20088 17676
20088 1638
60906 60906
57039 57039
22442 22442
28518 28518
43413 43413
39616 39616
39616 6468
6295 6295
37520 37520
17400 46525
13844 13844
54604 54604
60587 60587
44895 44895
21700 8624
21700 21700
32204 32204
6468 6468
56831 56831
54738 54738
51513 45891
781 781
60350 60350
46525 46525
60783 60783
26249 59068
26249 26249
60388 60388
32438 1048
32438 32438
42635 42635
12727 12727
57282 57282
58122 52715
58122 58122
58122 18746
42329 42329
2042 2042
8169 8169
24581 24581
1878 1878
57604 57604
36729 33047
56185 56185
9461 9461
59580 59580
48078 9121
35404 35404
60726 17812
1048 1048
1048 10075
1048 26867
730 730
52937 52937
60629 60629
17529 17529
50991 50991
26867 26867
17812 17812
57440 57451
57444 57444
58194 58194
4143 4143
27656 27656
37262 37262
60076 60076
34535 34535
59285 59285
56229 42428
51480 51480
56290 56290
15881 15881
57822 57822
58686 58686
22361 22361
59131 10075
37871 37871
17676 17676
10075 10075
28996 28996
45891 45891
57709 57709
9350 9350
58061 58061
9121 9121
2724 60290
16600 16600
54999 54999
5512 5512
52086 52086
35393 35393
31641 31641
4994 4994
35200 35200
59139 59139
19707 19707
42428 42428
