30788 44936
18547 49852
1238 37433
11514 53665
80272 71919
49111 19311
49111 14827
49111 42315
50051 49713
33256 197653
39898 28504
39898 40894
39898 48536
39898 281
39898 28097
17574 47250
17574 17574
48142 40044
48142 48142
48504 497
48861 48861
48861 4963
48861 23215
48861 36601
48861 8972
50080 12971
50080 44403
50080 49969
50080 11510
50080 20037
50080 6734
50080 34893
50080 40438
50080 50194
50080 23179
50080 415
50080 40781
50080 15636
50080 165606
50080 50188
50080 23342
50080 50446
50080 19552
50080 27264
50080 50080
50080 2963
50080 791
19948 4503
19948 19948
30432 21488
30432 11637
30432 9121
44890 15903
44890 44890
44890 1156
44890 43645
13522 29881
2004 12337
2004 2004
45344 45957
45344 4386
45344 20088
45344 14664
45344 47239
44977 46669
41828 29881
38282 48507
38282 49120
38282 25318
38282 37364
38282 38282
38282 24620
38282 42245
38282 50839
38282 36601
522 8672
522 31491
522 2901
36155 43972
36155 37874
2129 49125
11392 44345
2362 48374
16373 12567
16373 4377
16373 44999
42055 474
42055 8672
42055 42055
42055 42315
11546 48332
11546 46328
11546 46580
11546 49406
11546 11546
11546 4515
11546 42456
11546 2013
11546 36930
11546 44345
11546 55923
11546 40928
11546 10618
11546 41678
11546 48404
11546 47116
11546 4386
11546 310
11546 442
11546 5403
11546 21675
11546 41423
11546 49928
11546 46669
11546 1934
11546 289
11546 50433
11546 26295
11546 37874
11546 42076
11546 8972
11546 49005
11546 50497
11546 9076
11546 10885
11546 39118
11546 48880
11546 791
11546 23420
11546 4235
11546 24820
11546 37634
22487 22487
153391 53665
153391 48107
377 8672
856 39366
48106 4386
48106 5003
48106 40218
7380 50281
7380 38035
7380 50369
7380 11550
5535 39366
5535 48762
5535 46328
5535 23420
5535 10697
5535 49397
5535 5535
5535 6354
5535 47794
5535 49055
28500 6905
23179 482
23179 12408
23179 36842
23179 3109
23179 50295
23179 25296
23179 2996
23179 3712
23179 36601
23179 49884
23179 48846
23179 37068
23179 49888
23179 48711
23179 39333
23179 10645
23179 50195
23179 37896
23179 50273
23179 42671
23179 40438
23179 4561
23179 40564
23179 37844
23179 6574
23179 22067
23179 7467
23179 50487
23179 23179
23179 42315
23179 11510
23179 50485
23179 29296
23179 9265
23179 1909
23179 47225
23179 7920
23179 22915
23179 50263
23179 50299
23179 5582
23179 50079
50709 34853
50709 26316
50709 8972
22177 40684
22177 22177
22177 50319
22177 712
22177 4530
22177 2213
48607 41423
48987 36482
49585 36565
49557 11259
48526 6813
48526 47012
43704 43704
27467 4386
27467 27467
27467 29092
27467 62
27467 43645
43769 3109
1247 35995
48134 11651
15794 15794
15794 43645
15794 50083
25748 6617
8238 41399
8238 49050
8238 7597
8238 482
259000 40044
1085 8972
1085 1085
48638 26373
48859 48859
31554 49635
31554 30256
31554 44814
31554 31554
31554 50332
31554 3802
31554 21165
31554 50878
31554 29647
31554 34439
31554 23950
47108 34323
1768 36510
49022 4386
49022 46669
40980 8672
40980 36510
40980 9666
40980 50001
40980 46106
50657 4516
48241 31500
19279 27264
19279 22187
19279 49906
19279 19279
19279 14455
41423 44339
41423 49118
41423 5375
41423 37262
41423 12461
41423 2052
41423 43515
41423 19999
41423 50046
41423 16576
41423 8972
41423 50384
41423 14673
41423 50332
41423 49248
41423 48679
41423 21922
41423 3109
41423 33957
41423 2213
41423 41399
41423 4377
41423 7777
41423 28488
41423 43749
41423 35728
41423 50004
41423 48539
41423 1111
41423 41423
41423 28
41423 49575
41423 35264
41423 10826
41423 9183
41423 49315
41423 43645
41423 11772
41423 15903
41423 40788
41423 288
41423 23215
41423 22584
41423 39366
41423 49899
41423 8169
41423 49546
41423 28748
41423 5003
41423 49425
41423 26960
41423 50066
41423 49737
41423 45242
41423 10367
41423 9666
41423 16639
41423 43869
41423 3108
41423 482
41423 30091
41423 50273
41423 49735
41423 39938
41423 20037
41423 14474
41423 47117
41423 40612
41423 1962
41423 24231
41423 28097
41423 15329
41423 40575
41423 14194
41423 48386
41423 50230
41423 48868
41423 42156
41423 20806
41423 48880
41423 4837
41423 32193
41423 46411
41423 37742
41423 6588
9791 1329
53800 31426
49029 270
8401 47225
8401 37464
8401 9666
8401 6574
8401 15514
50520 2499
50840 1775
50840 8972
50840 47881
50985 28637
50985 63595
50985 34698
50985 649
50985 26011
50985 21606
50985 36601
50985 8972
46877 310
46877 42315
30113 49120
30113 14827
48560 46328
48560 48635
4257 4386
4257 21878
2132 10165
2132 15636
2132 8672
2132 8924
2132 19688
2132 2132
2132 43645
2132 46669
2132 48176
2132 107
2132 49024
2132 510
2132 9666
48671 39366
48671 48671
900 50036
11934 11934
53528 24386
53528 2855
53528 50327
53528 48942
53528 53548
53528 50315
53528 38330
53528 44473
33489 16909
50710 50726
50710 1931
48711 289
48711 46669
48711 4386
48711 2013
48711 49889
48711 45635
50070 30853
50142 3349
3577 30792
3577 46669
1156 4386
1156 18119
1156 50173
1156 9350
49218 30792
49218 1339
49218 46669
30725 289
30725 19256
30725 6682
30725 3157
30725 30725
30725 4129
20480 48055
20480 20480
20480 393794
4190 17676
43394 20608
43394 4377
50120 8672
50120 50120
50120 45242
50120 27449
48265 1117
48265 16701
14474 36510
14474 40564
14474 4386
14474 14474
14474 1686
4626 36638
4626 6007
50828 4377
50828 47225
48969 23420
48969 48154
541 3041
541 541
541 3981
29002 44936
9605 16708
9605 49895
9605 828
9605 986
9605 9605
2057 4254
2057 48276
2057 31262
2057 48226
2057 1760
2057 25287
2057 87262
2057 13945
2057 44141
2057 8034
37246 39366
37246 37246
13099 20894
41338 50886
33965 36898
33965 38045
21793 47833
341 28063
341 277
341 5044
14946 36510
49096 197803
49096 49095
44652 30792
44652 43645
51047 43669
51047 10954
51047 410
51047 2748
51047 5260
51047 5106
24579 46652
24579 44110
24579 24579
24579 48154
7493 4377
7493 7493
7493 49317
7493 36255
7493 6926
7493 43645
4722 8972
1132 2962
1132 42891
1132 44339
19130 19130
19130 4860
19130 42315
9666 46235
9666 38107
9666 8672
9666 2187
9666 48416
9666 7076
9666 5254
9666 48160
9666 48093
9666 20088
9666 6926
9666 592
9666 44812
9666 23461
9666 17662
9666 40668
9666 44803
9666 5003
9666 2377
9666 3738
9666 8044
9666 558
9666 48755
9666 45242
9666 12223
9666 33374
9666 47376
9666 48599
9666 12760
9666 23567
9666 43645
9666 48507
9666 53397
9666 46328
9666 3109
9666 8924
9666 46669
9666 19670
9666 554
9666 36601
9666 4377
9666 17837
9666 4386
9666 482
9666 6938
9666 43972
9666 22916
9666 28411
9666 48178
9666 48192
9666 48003
9666 48413
9666 48759
9666 1931
9666 48480
9666 14515
9666 37464
9666 373
9666 17529
9666 47225
9666 49394
9666 7937
9666 9666
44339 310
44339 44339
44339 32022
44339 8672
44339 40044
44339 46669
44339 36601
44339 30792
44339 4530
44339 820
44339 45662
44339 26316
44339 42373
44339 36342
44339 48154
44339 34844
44339 19999
44339 8804
44339 44981
44339 44473
44339 42315
44339 48480
44339 16639
44339 48541
44339 21878
44339 48763
48931 9404
33144 17733
33144 33144
33144 49861
33144 48661
43963 19956
43963 15158
43963 44268
46235 47225
46235 11550
46235 43972
50283 9009
50101 39366
50101 50101
12038 43645
12038 3589
12038 340
12038 47250
12038 15552
49482 39366
49482 48323
49482 46328
12223 33336
12223 48154
17458 17458
17458 43645
7208 3011
7208 30792
7208 46328
7208 7208
7208 36638
7208 25944
7208 49861
49761 3210
49761 47305
49293 22955
49293 2590
17245 3707
17245 1304
17245 8804
48801 96938
41102 36601
16257 26295
16257 1686
16257 42615
5441 8672
5441 12485
5441 27037
5441 5441
5441 46669
10900 4386
4689 39559
4689 3479
35402 50788
50766 4534
10322 19999
15872 2553
48544 43972
48544 40928
48544 48544
42076 42076
42076 9135
42076 8672
42076 2013
42076 35997
42076 23215
42076 46669
42076 25930
42076 20088
42076 14741
42076 48219
42076 14663
42076 48154
42076 289
42076 10680
42076 43689
42076 46286
42076 48132
42076 30853
42076 47376
42076 48199
42076 43645
17662 45667
17662 49690
17662 23420
17662 17662
47951 39366
47951 19936
47951 37464
47951 6926
47951 13062
47951 47951
47951 13567
20460 47995
5775 26250
5775 20025
72425 30934
72425 55684
28488 28488
29091 820
49199 49872
49199 37866
49199 49969
49199 19688
49199 36601
49199 35950
49199 46669
49199 46328
49199 21878
49199 49869
49199 2198
49199 8036
49199 49199
49199 40438
49199 50621
49199 17947
49199 26794
49199 44069
49199 29798
49199 49605
49199 26804
49199 50178
49199 30752
49199 38583
49199 49420
49199 6617
49199 50833
49199 37068
49199 34844
49199 48198
49199 49324
49199 47225
49199 36638
49199 32193
49199 27004
49199 54736
18500 26960
18500 18500
10980 4386
42546 25113
42546 12786
3047 42245
22246 1503
22246 20728
22246 22246
195296 49137
50689 11510
50689 50739
50689 50687
50689 46924
50689 43645
15083 14663
15083 9350
10684 7778
10684 19999
49181 39366
49181 46669
49181 49181
50863 45465
49369 44317
49369 27118
49369 47732
49369 34161
49369 16098
49369 49369
49369 4942
49369 42156
49369 16196
49369 12471
49369 5390
49369 307
14869 9536
14869 49752
14869 8672
14869 49323
14869 11945
14869 27043
14869 14869
14869 42315
19690 38869
3365 65442
49278 13679
16487 28637
16487 45020
16487 16487
16487 111748
16487 48297
16487 2763
16487 5921
16487 42796
16487 30792
16487 48628
16487 34996
16487 26732
16487 13241
16487 4272
16487 18961
16487 12461
16487 7467
16487 46005
16487 34535
16487 50312
16487 7911
16487 33849
16487 42315
16487 25855
16487 48725
16487 13706
16487 9265
16487 8672
16487 42876
16487 6473
16487 1339
16487 33554
16487 5582
16487 48292
25717 36601
4129 23420
4129 47428
4129 39559
4129 13280
4129 19496
4129 13567
4129 6813
4129 35484
4129 2579
4129 35793
4129 46334
4129 49189
4129 22757
4129 4129
4129 1304
4129 17947
50152 14306
48606 8672
19936 11203
19936 17733
50330 11306
32921 49764
32921 50583
917 25735
917 917
917 36204
917 23420
917 43008
917 1686
29058 38326
50820 2013
50820 1811
50820 8804
48059 1229
11321 2553
11321 43645
11321 46669
11321 26316
49040 542
49040 37874
38974 3628
38974 49902
38974 30238
38974 40218
38974 40684
38974 49016
38974 26633
38974 11306
38974 38974
38974 6998
152100 27137
152100 5026
49622 10625
5003 14596
5003 2280
5003 3712
5003 48132
5003 25930
5003 5506
5003 2394
5003 4386
5003 482
5003 42245
5003 12461
5003 5003
5003 45446
5003 8804
5003 50725
5003 978
5003 30853
5003 17146
5003 43645
7880 49497
7880 33882
7880 28267
7880 44403
7880 22205
18169 1304
79262 26316
410 410
410 5260
48652 35109
48652 33701
48652 38174
48652 46669
48652 45957
48652 36601
49457 5828
3906 32690
3906 7954
3906 4825
3906 8672
3906 26295
3906 43645
3906 15367
3906 45488
3906 48154
45239 8476
33336 30238
33336 8582
33336 48930
33336 46669
33336 48442
33336 49129
33336 48404
33336 48351
33336 33336
33336 12461
33336 10426
33924 7672
48615 4377
48615 2537
48615 7813
91732 13746
91732 37896
50387 36510
50387 50385
50387 37896
49872 35261
49872 5745
49872 791
49872 49892
49872 11550
49872 49872
49872 27037
49872 18532
49872 42672
50646 34340
4899 28637
48721 43749
48721 34844
48721 20088
48721 46669
9025 28012
1839 1527
1839 47732
2582 46481
50123 47009
15916 36638
15916 8672
1423 18378
1423 2419
1001 45635
1001 38596
24087 24087
11402 482
11402 49902
11402 49528
11402 45662
11402 22584
11402 39366
11402 21918
11402 4377
11402 11402
11402 50092
11402 3004
11402 49786
11402 49752
11402 731
11402 27463
11402 23420
11402 22317
39166 39166
10506 10506
3309 1540
49770 49318
49770 49602
49770 20088
49770 4386
3218 45466
8091 13567
48455 5264
21729 36638
21729 10618
21729 50452
48868 39366
48868 48868
48868 46669
48868 43645
49354 49354
49354 49347
49354 978
49587 45635
49587 49587
12567 48580
12567 33979
12567 50315
12567 3109
12567 49713
12567 32022
12567 40592
12567 32095
12567 12567
12567 8829
12567 49715
12567 44473
12567 35237
12567 46669
12567 45957
12567 820
12567 11550
12567 50563
12567 8924
12567 32508
44706 44706
44706 1686
5175 8672
5175 25113
5175 4386
5175 19608
5175 5331
50277 50277
50277 17733
50277 10885
5185 459473
12294 4380
31910 2226
31910 23420
31910 31910
31910 6813
40251 310
40251 46328
40251 2213
40251 820
49501 14827
50512 50512
50512 50389
49138 46328
49138 21878
49138 36565
49138 40928
49138 8972
49138 42156
49138 49302
49138 4377
49138 38771
49138 48096
49138 47225
49138 49138
49138 23420
49138 14663
5165 40218
5165 49952
4317 5861
39174 19999
39174 46669
4629 40116
30238 8977
30238 30238
30238 820
30238 36638
30238 48832
30238 37433
30238 8972
3067 4386
27789 27789
27789 37634
27789 45861
27789 29994
27789 10581
27789 43645
2371 43645
7425 7425
7425 49572
7425 1686
7425 26316
33849 42315
33849 48213
33849 33849
33849 45444
15968 46328
15968 17529
15968 43645
96938 8804
96938 45110
96938 50592
96938 42672
293 3955
48593 6734
2969 47498
11647 49310
11647 11647
11647 46669
11647 47794
40044 28637
40044 310
40044 45058
40044 2280
40044 4804
40044 40044
40044 42796
40044 29337
40044 45818
40044 1987
40044 24801
40044 21992
40044 5026
40044 3304
40044 33808
40044 8829
40044 34535
40044 50085
40044 8653
40044 1329
40044 12546
40044 42315
40044 25318
40044 14782
40044 48253
40044 49063
40044 25855
45374 23634
45374 45374
45374 42315
12701 8597
48574 26312
48574 31830
48574 7951
48149 40564
17373 48680
17373 48684
17373 2127
17373 17373
17373 48297
17373 30792
17373 4386
17373 46964
17373 2855
17373 5026
17373 46669
39033 30792
39033 35493
39033 2636
50078 3298
45428 25609
25930 18463
25930 310
25930 33300
25930 32022
25930 47225
25930 36601
25930 1686
25930 14664
25930 30792
25930 1845
25930 4386
25930 10674
25930 34844
25930 482
25930 48793
25930 2812
25930 1146
25930 39118
25930 4377
25930 42315
25930 49370
25930 14485
25930 46669
25930 36638
25930 39112
44120 13459
44120 21955
28012 47327
10078 49075
6326 22361
50892 5318
47778 47778
47938 47732
47938 47428
19064 49739
30717 50599
49146 47881
46005 310
46005 50425
46005 48944
46005 6006
46005 48777
46005 38260
46005 2013
46005 94025
46005 42796
46005 2357
46005 29864
46005 15764
46005 13254
46005 1686
46005 26316
46005 17425
46005 48219
46005 22011
46005 8069
46005 18961
46005 9350
46005 49747
46005 46005
46005 47012
46005 6813
46005 18970
46005 49388
46005 45468
46005 2226
46005 43413
46005 44473
46005 42315
46005 47637
46005 20768
46005 48533
46005 28434
46005 49831
46005 27264
46005 820
46005 36204
46005 44936
46005 45150
2573 28637
2573 2127
2573 46328
2573 46390
2573 50606
2573 50724
2573 48499
2573 10697
2573 46669
2573 50171
2573 36601
2573 13567
2573 2213
2573 44519
2573 7891
2573 1304
2573 2573
2573 19999
2573 42068
2573 40575
2573 6574
2573 37137
2573 43413
2573 6007
2573 2958
2573 340
2573 8672
2573 49144
2573 64320
939 50608
939 3812
43794 48143
49323 42058
49323 50781
49323 1348
49323 49514
49323 6792
49323 49323
11643 8804
11643 19223
11643 43645
36519 218
50263 4952
50263 21219
50263 36601
50263 701
48415 35728
48415 43645
15769 25944
15769 14726
49318 23403
49318 50193
49318 36638
49318 50489
49318 16188
49318 27037
49318 49318
49318 50519
49478 43356
49478 4948
49478 30853
10141 6887
48247 14352
50499 33382
289 4515
289 32982
289 11945
289 41074
289 49648
289 329
289 32629
289 37262
289 10426
289 289
289 48480
289 14308
289 27904
289 2377
289 13459
289 45488
289 39218
289 8972
289 50446
289 11373
289 14782
289 22317
289 27264
289 820
289 48679
289 46521
289 48044
289 18013
289 33957
289 25296
289 40592
289 47881
289 4377
289 9696
289 48611
289 43972
289 732
289 48198
289 39968
289 1255
289 40890
289 40526
289 58026
289 48632
289 15990
289 50578
289 35264
289 34844
289 16196
289 11550
289 46669
289 48880
289 20608
289 13567
289 37634
40218 10193
40218 40218
40218 7813
40218 8804
40218 40127
40218 14352
40218 42315
40218 49237
40218 39876
40218 5424
40218 46669
40218 43749
40218 35728
40218 11550
40218 50201
40218 36342
8653 43812
8653 20088
8653 50900
8653 4782
8653 48749
8653 46669
8653 11945
8653 8653
8653 8972
41093 43749
41093 33274
41093 8972
48442 43645
48794 6006
48794 14161
48794 50442
46521 6901
46521 16196
38883 39366
38883 8672
38883 48328
38883 16829
38883 5331
3011 48160
3011 3713
28536 45957
28536 40894
28536 28536
28536 8672
28536 5044
28536 58026
28536 3918
28536 43645
39099 310
39099 42245
39099 40921
10674 12446
10674 10888
10674 44403
10674 21420
10674 1206
10674 38107
10674 41904
10674 20063
10674 37018
10674 25051
10674 22011
10674 42373
10674 43868
10674 7467
10674 9350
23523 2570
23523 49640
23523 4386
23523 6574
23523 23523
23523 15990
40550 49261
40550 12079
40550 21759
40550 49235
13552 48983
13552 596
38398 38398
50295 310
50295 50295
7370 3062
7370 43492
7370 33300
7370 7370
7370 26316
6393 7315
6393 43514
6393 36510
6393 34195
6393 32022
23427 4386
23427 42315
38370 49018
43975 2490
43975 43975
1915 50536
29694 40928
29694 47225
10697 2724
10697 36601
18255 18255
18255 47881
3501 47225
50164 34245
36444 36337
8562 4386
8562 8562
46580 48480
46580 10165
46580 49370
46580 542
46580 48548
46580 2828
46580 46328
46580 14827
46580 13567
46580 8972
36798 46669
2058 6574
47572 34853
47572 36601
47572 32022
51005 50001
39559 32976
39559 912
39559 12786
39559 38107
39559 8672
39559 42930
39559 3184
39559 39366
39559 27264
39559 329
39559 39559
39559 263
39559 42315
39559 19223
39559 39884
39559 39333
39559 5010
39559 49435
39559 9121
39559 15329
39559 32552
39559 49636
39559 1931
39559 2189
39559 16601
39559 744
39559 49175
39559 49786
39559 21878
39559 48578
39559 12995
39559 15114
49481 11259
28670 15903
28670 1686
46599 39536
37619 43749
37619 48096
37619 47794
37619 34853
37619 43645
37619 8972
44999 3073
44999 44999
44999 12760
44999 40967
44999 4386
44999 5319
44999 30612
44999 36638
10426 50217
10426 50308
10426 8672
10426 42672
10426 10426
49062 49062
49062 40928
50064 3361
20065 482
20065 20065
20065 4782
20065 37844
20065 8672
20065 36520
20065 11550
20065 48154
20065 43645
5253 20088
395 2553
395 50688
50133 38466
40788 40788
50230 50232
7348 7348
7348 744
7348 49658
31473 1686
49370 49575
49370 34340
49370 1760
49370 48404
49370 49491
49370 44522
49370 16115
49370 49370
49370 18970
5079 6574
5079 5079
7197 7197
6490 48530
6490 18192
6490 4520
923 8672
923 3073
923 47250
923 23420
923 26316
4091 4782
2493 2280
2493 42315
3954 4377
3954 2377
3954 8672
3954 3954
3954 6742
3954 2213
510 48762
510 4273
510 46328
510 48815
510 46669
510 26316
510 42315
12216 39366
12216 17733
12216 12216
12216 4
12216 46669
12216 8672
12216 43645
12216 42672
4926 47012
21359 23420
18247 27463
18247 25944
10784 29994
5010 17824
5010 6722
43795 45242
19943 49273
19943 11550
19943 23914
19943 12311
19943 33957
19943 38466
19943 24737
19943 19943
19943 8610
50489 310
50489 1686
50136 33300
50493 47493
48582 30792
48582 42626
30336 4503
48521 310
44473 8888
44473 44403
44473 310
44473 10911
44473 4860
44473 36601
44473 44360
44473 41585
44473 15764
44473 14909
44473 1686
44473 263
44473 20444
44473 42245
44473 50563
44473 18010
44473 50389
44473 48953
44473 22801
44473 44473
44473 42315
44473 10722
44473 14782
44473 978
44473 46669
44473 27264
44473 32448
44473 25855
44473 28
44473 43582
44473 1048
27035 8672
27035 6354
11373 11373
11373 34844
11373 732
340 36601
50147 2310
45258 34323
50681 28637
20977 33374
20977 18013
20977 2942
20977 4386
20977 36638
20977 47794
20977 40928
20977 20977
5266 48702
49069 42156
49069 310
1112 49893
1112 26501
1112 9265
1112 42672
38731 47225
38731 43645
38731 38731
38731 48995
38731 46669
27061 43645
10694 8467
16837 3004
46424 33374
46424 29647
46424 87262
46424 46424
48891 4377
48891 34636
48891 48891
48891 46669
50559 4377
50559 26316
50824 22384
9030 34224
9030 9030
26316 44051
26316 48569
26316 48466
26316 14716
26316 50560
26316 41541
26316 43582
26316 442
26316 12691
26316 48846
26316 48966
26316 50466
26316 14484
26316 49612
26316 32509
26316 50525
26316 44255
26316 10193
26316 35445
26316 40589
26316 47785
26316 18378
26316 3948
26316 29564
26316 45242
26316 42315
26316 36741
26316 9265
26316 16275
26316 32616
26316 50563
26316 1711
26316 8672
26316 4040
26316 28637
26316 48932
26316 49786
26316 26794
26316 48117
26316 41585
26316 42796
26316 50547
26316 4377
26316 11949
26316 1686
26316 26316
26316 474
26316 40223
26316 43320
26316 41506
26316 50385
26316 44535
26316 62
26316 34535
26316 44568
26316 48266
26316 20037
26316 48737
26316 4953
26316 19496
26316 36126
26316 8746
26316 26453
26316 42245
26316 48267
26316 41074
26316 43645
26316 39112
26316 48578
26316 6442
2812 30792
2812 35484
2812 2812
2812 7813
2812 9183
2812 23634
2812 2013
2812 11306
2812 49133
8069 9593
8069 14827
43972 49213
43972 8672
43972 2013
43972 2855
43972 14664
43972 30792
43972 45603
43972 488699
43972 40894
43972 9350
43972 11724
43972 1327
43972 2130
43972 20539
43972 48376
43972 10429
43972 8972
43972 40861
43972 35162
43972 38771
43972 6964
43972 8128
43972 9520
43972 7968
43972 482
43972 20088
43972 48609
43972 3109
43972 20944
43972 40928
43972 20894
43972 4377
43972 48937
43972 43749
43972 43972
43972 48908
43972 3154
43972 9076
43972 49148
43972 23420
43972 49176
43972 48253
43972 48160
43972 16554
43972 48641
43972 1931
43972 47433
43972 47225
43972 20608
43972 48570
44141 13459
44141 310
44141 23420
44141 44141
44141 43645
14663 46328
14663 6926
14663 19999
14663 46669
14663 4386
14663 14663
50640 50640
50640 42891
43 43
45993 8672
45993 45993
45993 18931
45993 40684
27487 5144
27487 43645
27487 42198
27487 46669
19712 4377
19224 19404
77511 124288
44268 32022
44268 49524
44268 3349
44268 22017
44268 50313
44268 38625
44268 48292
44268 26690
44268 50481
44268 49019
44268 48154
44268 49902
44268 50781
44268 30792
44268 48461
44268 49636
44268 5229
44268 4161
44268 44268
44268 18292
44268 48893
44268 13706
44268 32448
44268 28782
44268 14362
20608 2127
20608 40756
20608 33300
20608 45117
20608 48461
20608 10131
20608 36601
20608 8972
20608 28518
20608 4377
20608 605
20608 46669
20608 27264
20608 20608
20608 23420
20608 45635
20608 307
13336 16037
13336 50113
13336 7954
2941 4093
50685 50685
49053 12838
19001 26960
19001 34844
19001 4386
20735 34323
712 48164
29798 50584
29798 14180
29798 43356
29798 31320
29798 310
29798 32946
29798 9350
29798 48726
29798 29798
29798 30752
31989 2394
34218 50697
7349 15231
281 6813
281 36601
43420 50503
2441 4530
2441 46807
2441 48580
2441 45662
2441 48424
2441 30792
2441 23420
2441 34636
2441 43645
43225 39366
43225 27709
43225 9160
43225 3109
9348 31426
9348 36601
50261 46328
15607 8672
49173 2963
33595 30982
49908 310
49908 49908
49908 7813
49908 8672
49908 4386
49908 4530
49908 36601
49908 14664
45772 39366
45772 47881
45772 46669
45772 20877
45772 48154
6926 36510
6926 20088
6926 48096
6926 42198
6926 8672
6926 43645
6926 6926
41514 48624
45141 49739
45141 33979
45141 8485
45141 8972
1481 310
44179 4969
48457 48457
48457 42345
48457 36601
30392 21878
49786 33300
49786 2377
49786 17896
49786 47091
49786 8672
49786 1711
48297 482
48297 48700
48297 30853
48297 48297
48297 36337
48297 474
48297 4386
48297 28631
48297 1182
48297 3154
48297 8829
48297 46881
48297 18378
48297 48316
48297 48320
48297 1237
48297 32231
48297 48816
48297 8759
48297 13706
48297 48317
48297 46669
48297 6473
48297 2419
20323 49443
20323 10193
20323 50194
20323 30853
20323 50462
20323 46764
20323 11718
20323 2032
20323 50454
2264 20088
2264 48096
2210 31263
43954 20894
49969 50834
49969 49969
49969 12645
49969 50688
49969 37143
49969 44722
49969 10827
49969 32982
49969 47548
49969 17556
49969 40438
49969 50389
49969 23950
49969 46741
49969 41161
49969 49890
49969 50831
49969 15170
49969 50068
49969 5106
33938 596
5878 5254
5878 35261
47928 15989
47928 36510
47928 19223
49448 14562
2366 8169
2366 35720
2366 2366
2366 42550
2366 7924
48381 46699
48276 48276
48276 48154
49281 29735
49473 46328
49473 49479
49473 9350
42378 49687
41904 41904
41904 13142
47983 36898
28097 36898
28097 20088
28097 47012
28097 47225
28097 6574
28097 11771
28097 43008
28097 28097
2898 54258
2898 49196
155175 4377
155175 40928
155175 1100
33226 33701
5315 11550
23133 23133
23133 49593
23133 22345
9469 310
9469 9469
48434 970
12875 20989
27703 27703
27703 4764
15158 14512
8771 8771
32807 683
48880 310
48880 4530
48880 16115
48880 40928
5392 49018
5392 4859
5392 47428
48908 17529
48908 820
48908 48908
48908 43645
48908 42315
49440 781
49440 19926
17104 40928
49131 4386
49131 46669
49131 48624
31760 310
31760 48132
49439 49413
665 1
665 23454
48404 47327
48404 26295
48404 13567
48404 48302
48404 49895
48404 43506
48404 48404
48404 46652
48404 48323
48404 43645
49593 978
49593 50504
2381 50151
2381 40064
20055 4386
20055 20055
11861 42156
11861 50092
11861 42315
34893 47305
34893 13567
34893 46669
34893 46652
34893 34893
34893 47116
49273 2385
49273 20088
49273 2066
49273 48323
49273 49273
48154 48431
48154 919
48154 13663
48154 16213
48154 39366
48154 14729
48154 48341
48154 41134
48154 47239
48154 44110
48154 25771
48154 8972
48154 48159
48154 9350
48154 11710
48154 34535
48154 37350
48154 6482
48154 4386
48154 5113
48154 8672
48154 20159
48154 48628
48154 48154
48154 5582
48154 20088
48154 1931
48154 39091
48154 36057
48154 38625
48154 19688
48154 2113
48154 7597
48154 36063
48154 33748
48154 48251
48154 8861
48154 32280
48154 22317
48154 19999
48154 30067
48154 21878
48154 40564
48154 48482
48154 1070
48154 4503
48154 184
48154 21114
48154 16500
48154 48366
48154 48078
48154 46669
48154 1114
48154 3311
34113 50292
34113 43582
34113 263
34113 13217
48691 19045
33242 12248
66500 73599
7107 28
32022 33979
32022 7813
32022 10754
32022 32022
32022 21165
32022 7315
32022 2432
32022 36601
32022 21918
32022 48937
32022 50217
32022 14484
32022 17425
32022 4952
32022 14352
32022 27043
32022 3802
32022 50743
32022 30969
32022 32359
32022 8461
32022 49112
32022 2702
32022 46246
32022 34323
32022 3073
32022 4969
32022 30792
32022 18292
32022 32629
32022 2963
32022 791
43713 16389
1859 2127
49710 36638
49710 30310
180266 66850
48406 18820
48406 4377
48406 20088
48406 17529
48406 47225
48406 49612
11855 11855
11855 46669
50898 50771
50898 5026
820 48044
820 50721
820 31080
820 13731
820 47411
820 6682
820 2901
820 48900
820 49458
820 50370
820 42315
820 32448
820 37018
820 16188
820 49415
820 820
820 241
820 42307
820 28637
820 45635
820 50913
820 28504
820 35950
820 49499
820 26690
820 43867
820 48460
820 30792
820 6574
820 3073
820 39824
820 26960
820 3004
820 8459
820 5331
820 39764
820 27272
820 12311
25690 47588
25690 791
48243 43230
21190 5026
41321 8672
41321 10826
41321 48165
3007 26867
3007 3007
3007 43008
3007 46669
70 70
10976 23634
10976 32293
10976 39943
10976 20444
10976 48323
10976 43916
41706 49923
41706 49906
41706 50190
27118 34439
29864 12105
29864 442
36050 49794
25735 39366
25735 39118
25735 2394
25735 9350
27463 26250
27463 482
27463 2579
27463 50724
27463 5319
27463 4782
27463 22317
27463 48153
27463 1304
50022 8306
50022 310
48743 4377
48743 47822
48743 36638
48743 40928
48743 36601
48743 48743
6745 30792
6745 1339
5144 8526
5144 49237
5144 5144
38482 7768
3602 32193
44519 44519
44519 47305
44519 53548
44519 2013
44519 23420
44519 13567
48951 39366
50628 2893
1835 4386
1835 45887
48759 8672
48759 48759
48759 357
48759 46669
4123 45662
50472 8303
50342 50340
48422 45971
39116 37397
9255 8634
9255 2553
47225 4351
47225 2127
47225 10165
47225 13679
47225 1548
47225 26011
47225 41817
47225 1460
47225 5408
47225 50197
47225 15892
47225 13137
47225 8158
47225 12968
47225 2884
47225 4058
47225 46846
47225 2377
47225 34535
47225 37844
47225 8044
47225 48318
47225 1237
47225 49907
47225 8972
47225 48416
47225 12971
47225 50340
47225 9656
47225 48984
47225 40478
47225 23420
47225 48199
47225 43645
47225 3109
47225 37018
47225 47711
47225 48741
47225 45635
47225 48132
47225 45990
47225 47881
47225 48131
47225 4377
47225 10131
47225 43749
47225 3341
47225 6938
47225 10746
47225 20294
47225 34209
47225 34161
47225 48208
47225 40564
47225 13751
47225 21223
47225 5495
47225 26453
47225 47225
47225 15180
47225 30752
47225 47250
47225 1114
47225 659
47225 49450
47225 48266
47225 16188
47225 48112
47225 39366
47225 30792
47225 329
47225 5828
47225 48219
47225 25771
47225 49551
47225 11510
47225 1760
47225 27124
47225 49683
47225 46334
47225 8651
47225 44814
47225 4386
47225 49641
47225 36638
47225 23752
47225 5582
47225 10864
47225 310
47225 48239
47225 48700
47225 4835
47225 494
47225 30853
47225 47709
47225 40928
47225 7597
47225 50372
47225 152
47225 49570
47225 31175
47225 474
47225 47239
47225 11550
47225 16001
47225 33300
47225 50308
47225 28404
47225 35626
47225 14013
47225 42198
47225 46669
47225 7467
47225 50195
10586 28637
10586 482
10586 10586
10586 42315
10586 44936
10586 45242
10586 22584
9160 49099
9160 45058
9160 9160
13561 3210
30752 30752
1385 39873
21783 48400
40310 3157
40310 21878
48707 46669
919 30792
919 10131
919 48461
919 11945
919 50065
919 2233
22720 4386
22720 4377
22720 47822
10581 26453
10581 10581
10581 45683
49099 48992
49099 482
49099 40591
49099 4386
49099 36565
49186 2761
49186 49186
31740 31740
31740 36638
31740 44936
31740 1563
35140 35140
35140 37629
35140 33300
35140 649
38326 4782
50707 310
50707 42315
50707 50707
50707 11293
10069 34844
10069 10069
10069 42315
13321 48461
5828 48624
5828 5318
5828 47822
5828 5828
5828 4386
5828 6574
5828 23420
5828 47881
4578 7924
41521 8485
41521 18013
49702 22750
50441 50454
50441 2013
50441 18961
14306 14306
14306 10245
45193 40928
45193 8972
14515 50140
14515 182
14515 8804
14515 43008
14515 36601
14515 42315
14515 14515
14515 2346
14515 45996
14515 31416
14515 23420
14515 43645
8067 39366
42084 4377
27264 48527
27264 34535
27264 4782
27264 22017
27264 42315
27264 27264
27264 36638
27264 5026
36638 48623
36638 2293
36638 32982
36638 49157
36638 37090
36638 5254
36638 21918
36638 41777
36638 49655
36638 1695
36638 8804
36638 1408
36638 50329
36638 5761
36638 50340
36638 16188
36638 45957
36638 10245
36638 21922
36638 46328
36638 46390
36638 49178
36638 1527
36638 49718
36638 33979
36638 4377
36638 32395
36638 27037
36638 36638
36638 10746
36638 3783
36638 7144
36638 39366
36638 49713
36638 50462
36638 920
36638 11510
36638 5403
36638 8672
36638 50691
36638 8169
36638 12618
36638 47493
36638 45062
36638 41513
36638 1760
36638 1934
36638 36775
36638 23950
36638 42315
36638 48181
36638 34869
36638 5048
36638 2724
36638 1711
36638 16115
36638 50433
36638 4561
36638 19558
36638 49683
36638 50372
36638 50789
36638 49570
36638 10438
36638 11317
36638 28446
36638 791
36638 47012
36638 48316
36638 35725
36638 6085
36638 3310
36638 50252
36638 41074
36638 32193
36638 50079
36638 3275
12839 3691
10112 39118
10112 32193
10112 701
10112 8804
7401 48702
26262 28906
26262 40237
26262 27916
41559 8924
41559 46669
40260 16994
40260 2013
40260 40260
40260 36337
40260 33957
42671 39366
42671 42671
42671 40564
42671 4386
42671 4515
42671 46669
40057 39366
40057 8672
40057 43356
40057 35237
40057 46669
40928 48015
40928 49563
40928 2127
40928 2293
40928 2954
40928 37468
40928 13567
40928 11227
40928 12618
40928 49064
40928 5074
40928 8485
40928 33201
40928 28267
40928 48205
40928 49823
40928 8972
40928 40928
40928 48558
40928 7902
40928 45957
40928 40489
40928 6938
40928 4235
40928 49836
40928 28758
40928 20610
40928 912
40928 33957
40928 50171
40928 48132
40928 2213
40928 17389
40928 7920
40928 1528
40928 48539
40928 21675
40928 10827
40928 13889
40928 49679
40928 48198
40928 9311
40928 8829
40928 15436
40928 1712
40928 40564
40928 49052
40928 48641
40928 28
40928 11510
40928 50881
40928 29296
40928 10539
40928 49777
40928 7216
40928 47639
40928 33300
40928 11772
40928 3311
40928 49671
40928 50834
40928 37364
40928 8672
40928 48159
40928 49469
40928 29943
40928 50287
40928 25771
40928 3760
40928 21353
40928 23461
40928 21223
40928 49546
40928 46151
40928 50178
40928 28656
40928 43506
40928 9009
40928 43537
40928 32007
40928 49129
40928 44722
40928 28637
40928 28899
40928 48239
40928 10885
40928 3956
40928 46764
40928 19558
40928 50544
40928 22003
40928 49754
40928 49570
40928 4386
40928 5752
40928 11550
40928 40859
40928 24231
40928 3154
40928 9076
40928 49005
40928 4468
40928 22580
40928 39536
40928 43439
40928 27943
40928 34844
40928 6442
40928 46669
40928 29311
40928 32193
40928 49210
40928 23950
40928 45163
40928 50195
378 16624
22384 22384
22384 50795
22384 4377
22384 50831
28706 34844
50291 33781
48432 5384
48120 48120
48120 11662
42366 263
42366 46669
5264 482
5264 50210
5264 30792
5264 49477
5264 1722
19162 43645
48569 17837
48569 48536
4468 43645
4468 263
4468 4468
4468 46669
48413 8672
48413 42315
48413 48413
13009 48400
48612 1936
48386 48567
49920 5526
49920 6901
49920 49920
49920 10554
48111 3311
48301 44110
15873 39366
15873 43645
15873 15873
15873 48198
15873 21878
49449 49386
49449 22187
2616 36510
2616 50506
48508 542
48508 32442
49056 482
49056 46669
14827 9593
14827 49902
14827 46328
14827 50370
14827 49636
14827 19993
14827 5918
14827 32448
14827 14782
14827 14827
5260 94
5260 43669
885 48250
1548 59065
1548 27943
1548 1237
1548 32193
1548 39215
1548 36342
1548 2942
5507 32193
5507 5507
5507 42672
35849 15989
34678 8672
2388 28411
2388 22317
781 43749
781 48096
781 16517
50313 3349
49215 545
49215 1339
12575 64320
36361 1182
23092 26295
23092 2550
4397 19079
2884 9571
7745 33834
7745 4631
40318 20894
40781 8672
40781 44806
40781 12485
31426 31426
31426 20088
31426 36601
22550 3062
22550 2553
22550 14101
2053 49568
50859 2233
23916 48770
23916 3812
898 50282
898 47794
4516 48863
38280 38280
38280 14664
49743 12062
49743 5745
48156 3101
48475 49808
45806 43645
8924 12591
8924 2013
8924 13567
8924 8972
8924 24928
8924 6574
8924 34844
8924 8924
8924 49695
19670 46328
19670 9350
41025 1551
9538 33227
41665 8076
11010 11010
15329 34209
15329 50173
15329 1931
15329 50066
15329 22017
15329 26396
15329 45891
15329 50253
15329 45662
15329 1318
15329 46390
50910 2188
33894 33894
33894 46328
33894 49869
50117 48044
50117 50189
50117 1686
44895 1304
34636 1931
34636 43749
34636 4732
34636 15275
34636 1304
34636 48198
1424 6574
1424 1424
1424 20088
48402 32583
6379 48192
6379 118
16582 48661
4487 4487
4487 307
4487 664
15774 8476
15774 47769
15774 15774
15774 4377
15774 49413
15774 16115
15774 53397
15774 49986
15774 49112
15774 73599
4850 3588
29350 4377
50635 44936
22187 2962
22187 47012
22187 8804
22187 4386
13663 50357
3304 47012
3115 48686
66850 32066
40465 30003
22584 482
22584 50021
22584 30792
22584 8672
22584 33482
22584 22584
22584 43383
22584 38388
22584 11227
22584 22317
22584 43645
48506 20088
1884 482
38969 48762
48745 7345
76762 45110
76762 32032
17947 8672
47138 6632
47138 16359
47138 47010
41513 40223
29248 29248
29248 26960
29248 48078
48793 482
48793 29725
48793 48793
48793 15214
24642 39366
24642 34844
24642 24642
97560 50292
50066 34844
50066 50072
49436 19621
49436 9404
49436 49528
49436 2213
49436 49436
49436 36063
51883 20037
48590 42372
28434 13459
28434 28434
28434 4969
28434 310
28434 20444
28434 46669
28434 2179
28434 43645
21952 48790
49353 263
48459 2013
12760 37262
12760 47305
12760 44935
12760 45635
12760 1686
12760 28267
12760 4143
12760 25980
12760 62
12760 15892
12760 4386
12760 23420
12760 2963
44643 10243
49777 13847
49777 49777
48886 48096
48886 46669
45084 42345
48580 10093
50743 8972
50743 277
50743 50743
50743 6998
49631 1993
11366 11550
30216 7951
42462 8672
1906 17425
50372 8672
50372 8804
50372 46328
50372 38771
50372 4515
50372 8972
50372 1304
50372 10554
50372 50372
1025 50791
49865 14699
49865 49889
49865 373
49865 28328
49865 33808
555664 47391
45905 47062
45905 2805
48346 48351
48346 35162
48346 15673
48346 8972
42373 65232
42373 4542
42373 42373
42373 20063
32193 35630
32193 8804
32193 14596
32193 41813
32193 4377
32193 46669
32193 32193
32193 1304
38 5026
10801 8977
14882 5706
23176 43645
4377 2127
4377 38308
4377 9135
4377 49070
4377 16629
4377 13141
4377 2013
4377 36601
4377 1162
4377 48064
4377 49237
4377 4143
4377 50444
4377 49447
4377 18961
4377 4058
4377 32982
4377 50487
4377 45285
4377 38583
4377 48463
4377 25439
4377 14782
4377 50485
4377 32395
4377 48199
4377 43384
4377 24645
4377 50315
4377 33957
4377 48132
4377 42672
4377 14180
4377 4377
4377 47414
4377 41757
4377 48215
4377 23634
4377 5200
4377 26373
4377 49713
4377 50457
4377 24885
4377 5318
4377 16374
4377 49326
4377 46334
4377 25890
4377 50626
4377 37896
4377 17676
4377 43645
4377 7242
4377 4631
4377 12367
4377 46669
4377 482
4377 8672
4377 11070
4377 28411
4377 31748
4377 8169
4377 36842
4377 49684
4377 40064
4377 48474
4377 49683
4377 558
4377 36565
4377 50795
4377 49233
4377 42315
4377 11116
4377 45197
4377 9694
4377 48328
4377 49650
4377 3707
4377 5582
4377 50433
4377 48044
4377 40756
4377 6423
4377 44403
4377 11945
4377 554
4377 2213
4377 20037
4377 49888
4377 4386
4377 11266
4377 50385
4377 35162
4377 34535
4377 9076
4377 1572
4377 49241
4377 49332
4377 50462
4377 11103
4377 6579
4377 22580
4377 50578
4377 1048
4377 16001
4377 29773
4377 50375
4377 3311
4377 48791
4377 37742
4377 45062
41813 47493
7712 35709
15552 4254
15552 48556
15552 47250
30310 28637
30310 49071
30310 44360
1983 45996
37397 30564
37397 48517
37397 46669
37397 8672
37397 23420
37397 2419
48164 45528
48164 1211
48164 47116
48164 47881
13000 4386
13000 33060
13000 263
13000 48624
13084 50529
6734 38625
6734 49902
6734 23420
6734 12535
6734 20088
6734 21092
41151 11550
6832 8672
13536 9350
13536 33851
4482 2628
4482 14161
49196 5921
49196 627
19999 48992
19999 26250
19999 31111
19999 46390
19999 13679
19999 50582
19999 1527
19999 2432
19999 1255
19999 50482
19999 1346
19999 1752
19999 42241
19999 50314
19999 50481
19999 12461
19999 38352
19999 5921
19999 19999
19999 24885
19999 2901
19999 5918
19999 44316
19999 34439
19999 26453
19999 21092
19999 30624
19999 20918
19999 49971
19999 4070
13910 40894
47428 815
47428 2579
47428 47428
47428 22264
47428 36601
47428 46669
48446 92017
48781 39366
48781 8672
48781 4969
37681 263
7724 18961
307 4058
307 2127
307 49005
307 13679
307 24648
307 8672
307 49723
307 42891
307 307
307 42672
40350 38596
34740 49237
45957 11550
45957 27449
45957 47833
45957 46669
45957 45957
45957 4386
288402 42796
288402 47742
21922 8672
21922 66770
21922 47012
52778 47272
147 43356
33227 16493
33227 33227
33227 49910
33227 10554
50367 50365
50367 9656
20944 46669
33748 11174
50674 15170
50378 49902
50378 11306
21984 49947
39457 18864
39457 34844
39457 39457
39457 40564
21353 9350
6118 6118
6118 2213
13908 1304
49678 8804
49678 42315
10554 33274
10554 10554
10554 2351
10554 36601
10554 35950
10554 5199
10554 18961
10554 38771
10554 978
10554 8972
10554 5026
10554 42307
10554 25343
1146 2263
1146 48799
1146 33957
1146 24820
1146 791
1146 33300
1146 36204
1146 36601
2226 50547
2226 44403
2226 50654
2226 24379
2226 2226
47698 48802
49156 20774
48977 310
48977 48977
48977 42315
7800 33201
7800 13895
7800 30853
22098 49788
22098 35952
47937 48554
47937 48961
2926 5495
2926 23420
48490 895
5861 40612
492 50671
3601 47881
2432 7278
2432 3548
2432 2432
2432 11306
2432 2433
65442 75862
65442 25625
28411 14729
28411 11335
28411 7778
28411 46328
28411 25472
42362 45891
49340 32795
30612 40894
30612 21878
40756 34340
40756 50487
40756 49324
40756 46669
40756 42672
40967 33957
35466 47881
49425 17529
49425 48096
49425 21878
49425 47239
49425 49425
35264 35264
35264 22173
35264 11510
8759 26295
43916 21878
6007 24928
6007 8804
6007 6007
6007 13567
6007 46685
38593 35995
30768 30768
30768 26960
30768 1622
30768 2523
7206 48281
33701 20088
33701 1931
33701 49857
33701 15673
33701 22580
33701 36601
33701 27943
33701 41074
33701 29307
33701 7813
37433 22154
42345 39366
42345 4386
42345 6002
42345 42446
42345 42345
49614 16196
20473 15619
3287 9866
19342 494
19342 33979
50276 4386
50276 2013
50276 45635
50276 13567
50276 46334
70614 34844
14980 1206
22345 30792
22345 7430
22345 21878
22345 46328
22345 47327
22345 5026
50833 50881
50833 50068
49783 8485
339 48812
339 35484
339 48355
48536 20088
48536 42315
51425 50839
6879 5582
7911 7911
7911 21878
7911 49636
7911 8672
48343 34535
37137 42626
37137 8672
37137 9350
37137 45242
37137 7813
46482 48702
48812 30792
48812 310
48187 3345
48267 47798
48267 48266
46685 5160
46685 33274
49514 46652
49514 46328
49514 22317
49514 26633
50251 25152
34130 310
34130 22317
34130 482
48165 29118
48165 11550
48165 45635
48296 34442
48296 48296
48296 40894
1162 34844
1162 1162
1162 2419
6536 35445
49870 20444
49870 1
15764 310
29246 39366
29246 20093
50107 795
39925 40894
39925 47012
48867 8672
48867 44110
16448 16448
50140 45996
50140 3981
48205 39366
48205 11550
48205 263
48205 43645
48837 47305
48761 7662
40569 50103
40569 43506
40569 40569
40569 8972
50446 1931
50446 42315
50446 4386
50446 15990
13489 40759
49328 442
7581 48145
7581 6371
4527 20294
33060 49902
33060 11945
33060 44110
33060 1345
33060 33060
33060 32982
8934 32448
8934 62
14920 49326
9144 11374
48740 310
10220 38308
10220 13567
49010 12849
36520 43815
48198 50042
48198 48984
48198 21918
48198 49499
48198 10131
48198 241
48198 48198
48198 42841
48198 8829
48198 27449
48198 41865
48198 42452
48198 48753
48198 26453
48198 48034
48198 46669
48198 49250
48539 48539
40564 46328
40564 2586
40564 36601
40564 5254
40564 20088
40564 42245
40564 49861
40564 30658
40564 23420
40564 9350
40564 40564
40564 43689
40564 48624
40564 6938
40564 49695
3630 48871
3630 15489
3630 16115
3630 36565
3630 5114
660 9076
660 30781
660 40109
660 46669
660 660
660 39366
660 20037
660 15881
660 19404
660 26011
660 6938
660 42672
660 48738
660 8672
660 7968
48409 39366
48409 8672
48409 23420
49671 310
49671 46328
34439 34439
34439 6442
49270 17967
49753 30792
50875 34844
46481 42341
46481 49528
46481 899
46481 46669
15903 48805
15903 26890
15903 20444
15903 4837
15903 6574
15903 2855
15903 27043
15903 1686
24901 18013
24901 11780
33364 33364
2489 49474
2631 18220
329 329
329 8672
48449 38008
50348 163009
50019 38352
35908 45163
21692 8169
27916 4254
27916 27916
27916 3171
27865 8672
27865 4825
8326 8672
8326 27037
6240 49752
48293 39366
48293 3508
48293 1050
2684 12673
2684 21992
2684 2684
2684 187
50711 35950
48478 48478
48478 18945
48478 32964
48478 9121
45791 482
48436 44110
48436 137033
48436 18914
49176 8672
49176 49176
49176 49191
2406 9905
11949 8672
11949 2377
11949 40401
11949 11949
40612 39366
40612 40612
40612 42456
40612 43645
50642 4048
43663 11306
4386 2127
4386 38308
4386 49012
4386 2187
4386 36601
4386 46669
4386 48719
4386 46411
4386 1429
4386 25598
4386 1209
4386 29917
4386 48728
4386 37448
4386 7813
4386 34623
4386 48499
4386 48096
4386 48577
4386 1931
4386 11718
4386 33979
4386 37273
4386 1460
4386 8829
4386 20294
4386 49444
4386 32569
4386 1111
4386 40668
4386 49326
4386 42307
4386 60945
4386 26960
4386 8082
4386 29296
4386 49324
4386 6574
4386 1114
4386 43812
4386 49004
4386 482
4386 3154
4386 15420
4386 42329
4386 2553
4386 3712
4386 34844
4386 11510
4386 40064
4386 1760
4386 46666
4386 13945
4386 10885
4386 48212
4386 310
4386 23336
4386 36959
4386 46764
4386 49078
4386 49754
4386 10165
4386 50449
4386 2377
4386 27037
4386 5026
4386 45971
4386 49098
4386 48253
4386 40575
4386 3349
4386 15990
4386 28154
4386 3981
4386 39968
4386 50195
4386 48489
4386 13731
4386 13567
4386 38730
4386 4530
4386 50444
4386 14484
4386 49749
4386 28446
4386 3902
4386 47305
4386 7902
4386 49627
4386 8972
4386 40478
4386 23420
4386 2963
4386 43645
4386 46328
4386 13241
4386 50256
4386 1527
4386 34998
4386 49024
4386 48416
4386 20159
4386 50696
4386 6938
4386 62
4386 6813
4386 49575
4386 26453
4386 47376
4386 18119
4386 49074
4386 49563
4386 15275
4386 6173
4386 49133
4386 1686
4386 39366
4386 50287
4386 24737
4386 4952
4386 1304
4386 9350
4386 50178
4386 24960
4386 48630
4386 42315
4386 14529
4386 11495
4386 38008
4386 21878
4386 241
4386 32007
4386 28637
4386 49539
4386 3298
4386 3976
4386 12166
4386 11945
4386 18518
4386 44422
4386 12163
4386 4386
4386 25944
4386 41506
4386 48418
4386 35011
4386 50504
4386 1955
4386 49005
4386 49332
4386 41399
4386 16001
4386 1237
4386 18211
4386 37742
4386 3812
4386 14029
4386 50621
4386 6442
47618 657
47618 4515
50166 310
50166 2394
50166 43645
29777 39366
29777 23420
29777 20088
29777 29777
29777 47794
50057 49895
50057 50057
2098 50150
2098 6574
2098 263
2098 2748
12995 1339
12995 44021
12995 49209
49227 48096
8582 44110
8582 265
8582 49182
48372 48480
48372 16196
48372 13479
46077 46077
46077 10009
46077 49695
48451 6887
48451 25165
48658 39366
48658 46669
49939 34046
14013 5495
5130 10618
5130 5130
5130 49332
22596 53397
33071 33071
53548 20294
53548 45662
53548 42068
53548 8651
53548 48503
39764 49902
39764 36342
39764 8459
815 2553
815 815
815 20088
815 24689
815 46669
815 8169
815 48258
815 14101
4236 38466
4236 49861
4236 4236
38107 9350
38107 263
38107 38107
38107 46669
38107 33300
38107 49388
4959 4959
4959 50771
2373 16533
48956 42245
48956 46669
37734 22361
37734 310
37734 49450
37734 39824
48094 15989
48094 87262
50297 49902
4085 49863
41300 7778
41300 482
41300 35484
41300 41300
7755 46390
7755 18518
7755 2377
7755 48655
2748 373
26396 15390
26396 26396
69977 274045
69977 55128
664 2962
60285 50292
19926 23420
19926 8672
19926 2013
19926 19926
19926 50113
19926 42315
49921 42315
49240 310
49240 42315
47822 7305
47822 35793
47822 310
47822 48245
47822 42796
47822 1686
47822 36601
47822 3661
47822 4160
47822 48317
47822 43749
47822 34844
47822 1577
47822 558
47822 47822
47822 43645
14616 30792
14616 2013
14616 545
14616 1339
26934 13847
26934 2553
45046 49582
45046 50371
45046 50610
35417 3073
35417 9404
5200 46328
5200 43869
41842 49058
41842 32007
7546 42315
8077 17733
8077 44110
8077 35261
843 48846
843 843
44752 26233
43877 45488
43877 32982
517 310
517 1429
30605 30605
30605 43645
30605 36601
30605 15990
37299 23567
10381 39366
10381 43645
15989 49419
15989 48661
15989 21992
42058 42058
42058 22317
50724 310
50724 482
482 45775
482 48489
482 33882
482 45020
482 33274
482 41998
482 2127
482 2773
482 8672
482 2013
482 46669
482 39366
482 9183
482 48341
482 25345
482 49817
482 7778
482 34844
482 12461
482 7071
482 3298
482 12345
482 33431
482 3589
482 34535
482 49241
482 24620
482 48045
482 26233
482 42315
482 10367
482 26453
482 7303
482 48488
482 6473
482 1339
482 31696
482 482
482 47305
482 90
482 6482
482 3712
482 29404
482 7597
482 36063
482 1048
482 35793
482 64304
482 22317
482 4577
482 48482
482 33300
482 28404
482 1182
482 16196
482 767
482 1070
482 43645
482 48437
482 31176
7242 42315
4507 48797
4507 1674
13137 50151
13137 46334
13137 42315
24829 50821
24829 48909
4859 19223
49121 49888
36898 21123
36898 20088
36898 47012
44463 7768
49238 34844
47785 2013
47785 34844
47785 47785
717 3981
1573 1573
1573 11266
1573 42672
43235 48239
47794 2127
47794 19404
47794 48641
47794 46669
47794 35261
47794 34340
47794 5424
47794 33351
47794 50424
47794 32315
47794 41411
47794 44934
47794 49081
47794 34844
47794 47794
47794 6442
38354 32151
49839 45662
290 47305
1384 1304
1384 46669
44403 310
44403 46328
44403 48723
44403 2013
44403 36601
44403 2357
44403 1431
44403 42315
44403 263
44403 11550
44403 34844
44403 49945
44403 8804
44403 8972
44403 3073
44403 3680
44403 38596
44403 5255
44403 39112
21207 39366
21207 1339
7952 35174
38625 310
38625 38625
38625 50497
26374 10483
21918 5319
21918 36601
14455 3526
14455 46669
49570 49752
49570 47012
49570 8672
49570 43749
49570 928
25051 42315
49164 44021
48428 39366
48428 46669
46775 33809
46775 43645
46775 46775
49036 48132
48253 50254
48253 48253
48253 13633
4782 5921
4782 4782
4782 16300
4782 10826
4782 14741
4782 2346
4782 2805
31226 31226
15435 7813
15435 8972
48639 30275
44830 34844
16196 25760
16196 49902
16196 42315
16196 51705
16196 4530
16196 50541
16196 1048
16196 39366
16196 43645
16196 16196
15881 43645
15881 36601
15881 42672
12235 8829
8826 8672
8826 3109
50195 1931
50195 34998
50195 50195
45477 67975
50844 50881
1409 39406
1409 37866
48832 310
48832 48832
48804 48096
48804 46669
12461 44110
12461 8804
12461 48306
12461 29562
12461 35728
12461 1048
12461 46669
12461 1339
12461 42315
12461 2233
12461 12461
12461 1540
6528 3002
8804 45020
8804 13235
8804 42796
8804 9449
8804 48604
8804 14763
8804 32035
8804 32629
8804 18961
8804 50810
8804 38352
8804 8804
8804 50046
8804 49388
8804 42315
8804 13706
8804 48317
8804 1711
8804 46952
8804 791
8804 310
8804 5113
8804 50292
8804 44936
8804 35612
8804 94025
8804 53397
8804 19223
8804 8829
8804 1688
8804 27494
8804 50237
8804 36601
8804 49471
8804 47637
8804 27904
8804 8082
8804 47746
8804 8459
8804 30792
48318 3707
48318 34844
48318 42198
48318 47327
22388 1387
48499 7144
1206 20444
1206 1206
1206 50275
1206 42315
48546 46390
48546 47305
49952 8526
49952 94025
49952 12485
18186 1050
4371 4371
4371 3311
4371 43645
10827 48160
10827 46669
10827 48206
10827 26295
10827 14664
10827 47881
8745 49027
49987 16966
22264 1339
50509 36601
49550 11259
50843 23603
50093 1429
50093 49895
50093 10009
49371 38352
49371 33979
49371 49371
49371 48135
14052 25944
41506 310
41506 46328
48729 47356
20282 310
20282 12727
20282 28015
20282 15351
20282 238325
43980 43980
43980 2703
43980 23420
43980 43008
43980 46669
49573 49572
49573 43356
9242 49648
34615 48382
12018 14596
22317 49266
22317 50021
22317 49617
22317 49796
22317 36601
22317 38388
22317 44435
22317 45020
22317 22317
22317 38352
22317 44803
22317 19687
22317 49636
22317 4161
22317 36342
22317 38848
22317 50193
22317 13706
22317 50385
22317 14485
22317 46669
22317 32448
22317 33300
22317 27183
32081 32081
32081 23420
32081 34844
13431 8672
3029 46390
49713 46328
49713 49713
49713 42315
49713 8972
3299 39558
719 49172
719 719
719 48515
719 2377
719 48720
2189 62
67975 67975
40919 50629
49692 26250
49692 169
49692 542
49692 69539
11772 11772
31491 28637
31491 39824
31491 48846
31491 31491
31491 310
31491 19688
49563 48096
49563 49563
48159 6682
48159 48159
18572 18572
18572 1931
18572 46229
18572 42315
48112 47881
48112 48112
2422 43749
48491 40622
17760 8672
17760 42315
2653 2653
2653 12168
2901 51705
2901 20088
2901 25609
2901 6574
2901 1339
2901 49695
46234 2013
46234 1050
49458 30792
49458 42471
8624 9076
8624 5131
8624 20088
8624 2213
8624 18084
44613 43645
40066 50771
1443 20088
1443 46669
18518 3349
18518 32448
48848 38752
48848 46669
49016 19493
18151 50528
18151 26233
50156 8672
49299 49299
28504 28504
28504 42315
28504 1931
28797 48132
28797 42315
7448 48697
7448 38174
30091 39366
14405 50206
1587 1587
1587 32007
50618 12337
2968 47012
34619 34853
48955 5161
39333 19223
4202 4202
2805 48807
2805 2805
2805 35400
2805 43406
2805 45635
2805 48509
2805 1304
49332 4530
49332 22275
5377 7924
20063 657
20063 26633
20063 1931
20063 46669
20063 20063
20063 49112
41676 17906
41676 2013
41676 30969
9404 7778
9404 49902
9404 23461
50547 50547
29725 11808
29725 29725
29725 46669
29725 48789
30781 1
30781 30781
35400 2773
35400 35400
35400 33136
35400 22265
49347 49347
49347 21878
2579 48153
2579 49133
2579 43645
48762 2127
48762 47514
48762 48762
48762 6574
48762 33957
48762 13567
48762 48535
48762 45662
48762 11710
48762 5318
48762 49733
48753 2013
48753 13068
48753 48753
48753 36601
3277 30792
3277 47012
1460 8672
1460 1460
50172 38352
14909 46669
6442 39366
6442 46163
6442 34844
6442 8972
6442 8672
6442 6442
5255 47710
5255 46728
5255 55684
5255 5255
48730 12998
28267 8672
28267 50043
28267 43645
33374 11724
33374 44803
33374 8076
33374 34623
33374 29647
49693 49693
49693 25890
18532 41978
18532 18378
18532 34195
18532 50237
18532 42822
18532 1686
18532 36510
18532 46669
18532 11808
18532 48323
18532 11550
18532 18532
48517 36601
8811 4181
8811 48787
50385 2127
50385 3298
50385 1304
50385 6574
50385 33979
50385 39215
50385 50839
50385 14484
50385 49788
50385 47243
50385 36098
50385 6371
50385 50408
50385 50385
50385 49739
50385 7216
46227 49120
50035 18388
35630 17733
35630 26373
31111 43383
31111 31111
31111 32448
31111 11374
31111 13679
31111 48725
31111 36098
14485 49752
14485 8672
40192 30671
40192 741
40192 1931
40192 43645
40192 27904
40192 45861
40192 49695
40592 40592
40592 6354
33979 310
33979 46328
33979 18234
33979 8672
33979 2013
33979 33979
33979 39366
33979 30792
33979 40894
33979 34844
33979 26633
33979 51705
33979 3349
33979 45242
33979 28782
33979 46669
33979 24670
33979 43645
33979 33300
33979 17428
44345 2013
24065 36510
1528 265
4825 48163
4825 29695
4825 47062
4825 43641
48215 46334
48215 23420
48215 2013
48215 48215
43749 47103
43749 45662
43749 42260
43749 26159
43749 8672
43749 36810
43749 50171
43749 36601
43749 451
43749 8169
43749 5424
43749 43749
43749 8972
43749 14676
43749 50913
43749 32836
43749 19733
43749 20093
43749 3905
43749 48766
43749 6091
43749 40812
43749 15189
43749 50375
43749 43645
43749 43869
43749 50918
442 48689
442 32931
442 8672
442 2013
442 442
442 37629
442 48385
442 33300
442 43645
19223 21878
19223 19223
19223 35950
19223 42315
22205 40812
39525 48876
44068 49889
44068 46328
44068 11550
2233 46328
2233 36098
2233 24645
2123 2054
2123 35507
2123 2213
2216 50549
32359 48302
25113 2553
25113 1050
50274 2013
50274 46137
50274 8972
48213 20037
48213 48181
48213 42315
48213 48117
48213 2419
50282 2523
47746 8672
48078 28637
48078 10826
48078 48044
48078 5229
48078 48078
48078 46669
48078 43800
7442 11317
49949 45996
49949 24620
10476 25792
5461 23121
5461 1304
5461 20088
48552 25709
32032 310
32032 5495
32032 40418
32032 13751
32032 22319
2471 48488
2537 48503
2537 2876
2537 48177
2537 6197
27055 46024
34593 310
34593 42315
32633 50691
116845 34323
116845 37398
20372 21606
39017 34853
3760 3760
3760 15592
6905 2213
35082 51705
4254 49528
4254 2855
47048 38730
7278 2433
7878 13567
49683 26633
49683 50092
50011 310
50011 12100
2828 50178
2828 2828
4835 3341
373 373
373 24651
373 8672
373 5858
373 36601
373 1686
5113 24885
5113 8672
5113 42315
5113 16408
5113 30792
5113 17733
5113 5113
5113 21878
5113 39943
5113 48661
39645 34323
10472 44934
46728 30853
46728 42245
46728 5026
23336 47793
23336 7954
23336 21878
23336 48323
23336 23336
23336 28782
48527 48527
8076 44803
8076 8076
49508 8672
49508 605
3349 49878
3349 3349
19688 46669
19688 8972
40361 12446
1916 1916
16742 16742
16742 16281
38877 20088
38877 45662
38877 43645
20856 310
20856 42315
48556 35261
49705 13567
48714 46669
45509 46334
45509 49269
4896 13889
48261 7946
8045 7597
42156 37364
42156 16115
42156 42156
42156 13279
42156 50097
42156 15892
42156 13889
42156 42245
42156 50621
35680 33300
35680 13567
37464 50099
37464 8485
37464 14161
37464 25609
37464 36667
37464 265
37464 37464
44435 36342
44435 22017
49175 42315
46669 2127
46669 13679
46669 21679
46669 47451
46669 2855
46669 36601
46669 41757
46669 46652
46669 42315
46669 25598
46669 7813
46669 48748
46669 3002
46669 5074
46669 8461
46669 29837
46669 48624
46669 978
46669 2013
46669 2267
46669 46390
46669 3109
46669 14664
46669 34209
46669 49064
46669 13567
46669 27904
46669 48689
46669 8829
46669 6574
46669 49074
46669 37874
46669 28
46669 46334
46669 49078
46669 25855
46669 45488
46669 28637
46669 32629
46669 16188
46669 42249
46669 11322
46669 15420
46669 43582
46669 48641
46669 4666
46669 48756
46669 48767
46669 13706
46669 42245
46669 37262
46669 32836
46669 48799
46669 36565
46669 37350
46669 542
46669 42008
46669 42307
46669 310
46669 47449
46669 13847
46669 12485
46669 26690
46669 27037
46669 49050
46669 33300
46669 4177
46669 6354
46669 5042
46669 49760
46669 46669
46669 29337
46669 4530
46669 3856
46669 14484
46669 32509
46669 44812
46669 34535
46669 1237
46669 7768
46669 44212
46669 8972
46669 48906
46669 14673
46669 23420
46669 2963
46669 2130
46669 14596
46669 2263
46669 31854
46669 48169
46669 32206
46669 32552
46669 48741
46669 32448
46669 263
46669 6938
46669 34442
46669 31666
46669 48702
46669 49052
46669 48685
46669 25318
46669 62
46669 46694
46669 47376
46669 43645
46669 27272
46669 2962
46669 8672
46669 49058
46669 1686
46669 39366
46669 48846
46669 45603
46669 29745
46669 24737
46669 1304
46669 18931
46669 34844
46669 48902
46669 48700
46669 17304
46669 8651
46669 40401
46669 30853
46669 16349
46669 8610
46669 20088
46669 48414
46669 28154
46669 48096
46669 27043
46669 241
46669 9076
46669 47012
46669 48728
46669 41411
46669 37068
46669 49112
46669 37742
46669 42198
46669 37634
46669 20093
4391 519
50701 18809
48290 40625
12311 310
12311 34209
12311 50375
12311 64320
12311 36601
32442 51705
32442 46284
15013 16802
35521 46952
44212 8459
5375 39366
5375 23420
42959 42959
42959 11495
12798 53397
48966 49873
48385 8672
40325 17529
40325 1686
49817 7778
49817 49817
16617 10131
4058 4058
4058 50534
4058 50541
4058 46328
4058 37896
4058 29562
4058 14101
4058 50543
2052 2052
2052 38771
48340 43439
27449 50151
27449 46328
38869 16001
38869 32569
49409 8672
49409 49409
49823 28893
49823 49823
4804 42315
49093 49334
8471 442389
28817 26295
28817 48632
46046 45267
49379 16130
50384 8169
50502 37947
50502 42315
21675 21675
21675 7149
50042 10746
50042 791
17323 17323
6906 42452
6906 50238
6887 2416
6887 45786
56522 56939
49669 47282
49272 39366
49272 20088
49272 49272
49272 2419
8382 49927
16701 8672
16701 16701
16701 49546
26879 50771
47414 33300
47414 36565
47414 47414
16710 9076
4404 310
32982 2553
32982 38596
32982 494
32982 34844
32982 36601
24071 23242
24071 207
4096 45176
3890 3089
3890 3890
3890 53288
7076 7813
7076 8672
7076 16115
7076 7076
7076 5026
1688 3519
30535 12485
48702 48702
48702 23420
48702 5026
48702 48661
4698 48199
49815 5450
10838 20825
13459 48219
13459 13459
13459 40109
13459 8672
48646 30792
27272 161191
4480 4480
765 18211
25345 6813
25345 46328
46030 10746
46030 3589
48332 48332
45396 5199
45396 42796
34245 11513
34245 11335
43461 47012
1209 2553
1209 4235
47930 43582
701 8672
4764 14782
4764 49388
4358 9111
4358 42672
50118 9076
29943 29943
29943 46162
4586 11069
18082 2127
41605 19045
25771 2127
25771 25771
25771 36565
50201 8672
43015 4969
43015 13567
38330 24386
38330 15673
38330 38330
38330 11979
15844 34209
15844 20088
10438 8672
10438 1931
49808 1755
23950 47881
23950 50592
23950 22438
23950 16115
23950 34844
23950 23950
10429 23420
10429 1931
45242 2127
45242 35793
45242 48944
45242 35612
45242 24737
45242 47493
45242 14484
45242 42245
45242 26295
45242 45242
45242 23433
45242 17912
45242 6473
45242 46494
49135 45197
49135 39458
49135 47012
49135 49135
49135 11550
49135 1329
49135 14664
48302 34442
48302 48302
48302 43645
649 107
649 649
649 42315
26233 28518
26233 26233
26233 47881
49466 45280
37904 47659
16754 46741
16754 5026
5582 13706
5582 5582
29491 1503
29491 1304
41978 41978
41978 46666
41978 2474
41978 50669
41978 893
41978 36510
41978 15990
49836 49664
50470 42315
14061 8672
2357 1931
32946 9679
32946 310
46162 35507
33351 310
48055 68266
48055 48055
46965 32007
46965 56939
43878 49971
50578 13567
31713 1302
25839 7046
741 40684
741 43645
4860 5026
4860 49928
4860 40237
4860 42315
45163 38596
8840 2180
37947 34340
37947 37947
37947 34323
37947 30194
37947 1577
37947 49600
49012 49012
10898 11027
10898 35484
10898 3004
10131 310
10131 14198
10131 3589
10131 49143
10131 16500
10131 11322
10131 30462
10131 18726
10131 39366
10131 10131
10131 20444
35950 8672
35950 43645
35950 16937
35950 14664
35950 35950
35950 791
2470 23420
2470 2470
50312 49902
50312 27043
50312 50312
15896 50292
15896 48160
25609 6574
4942 2242
17516 47711
38352 38352
38352 49902
38352 47012
38352 8672
38352 46652
38352 8972
38352 9350
38352 4530
38352 50092
38352 40575
38352 17425
38352 13241
38352 49528
38352 46712
38352 36342
49006 3981
28180 12546
44170 18896
50650 47798
48624 310
48624 38308
48624 46328
48624 3509
48624 1
48624 39366
48624 38035
48624 24737
48624 8972
48624 47327
48624 49413
48624 43689
48624 28
48624 48624
48624 27943
48624 48096
48624 21878
48624 20159
48624 6938
48624 49005
48624 43645
11428 7813
47833 20088
47833 8672
47833 10746
47833 1304
47140 36510
47140 3589
47140 34844
47140 13567
50215 34844
50215 50215
1329 32448
1329 310
1329 3714
1329 1329
1329 3138
1329 49650
10670 8672
1 47449
1 23420
1 1
1 8672
1 45635
1 42315
1 35261
1 1667
1 49928
13827 2733
12408 22017
12408 1686
48617 2179
48131 42198
38388 7778
34227 7662
34227 34227
49764 35774
10551 14484
36178 49944
120657 20037
1712 1712
6574 15214
6574 3967
6574 2013
6574 13731
6574 13567
6574 1304
6574 47116
6574 8485
6574 43356
6574 8972
6574 542
6574 35162
6574 49846
6574 21878
6574 1325
6574 3109
6574 47881
6574 152
6574 48503
6574 3167
6574 821
6574 6574
6574 50839
6574 555
6574 15990
6574 47243
6574 50852
6574 5318
6574 18119
6574 29486
40566 50660
11510 46328
11510 48132
11510 2213
11510 13567
11510 36601
11510 28518
11510 49861
11510 4503
11510 36565
11510 47360
11510 46334
11510 48096
11510 49928
11510 37742
8327 11797
13254 310
13254 42315
13254 49388
13254 36204
49324 17529
17780 1738
17780 9656
224 36342
224 47881
42913 2419
45020 310
45020 49207
45020 45020
45020 49905
45020 11945
45020 48661
36337 8972
36337 36337
36337 42672
32245 50631
11322 43645
1596 1596
48797 7187
451 23420
451 37634
11028 44558
49348 46328
3712 49892
3712 42315
49179 7672
49179 30792
47560 20728
35995 32689
35995 16115
218593 48623
49192 49192
49192 48199
49192 42315
6935 49120
42822 42822
14676 35728
60965 15742
8634 8634
8634 23420
8634 41023
34869 4530
34869 42452
50643 17733
50643 893
50643 42315
4463 48722
415 310
44648 15947
44648 45757
47376 48178
47376 46137
47376 2013
47376 47376
12485 28637
12485 8672
12485 12485
12485 8746
12485 4980
12485 32448
12485 46334
42653 47267
31666 2377
31666 31666
31666 8672
31666 11550
31666 8972
45662 28637
45662 46328
45662 310
45662 48515
45662 28518
45662 48942
45662 45662
45662 1540
45662 44740
45662 3812
45662 39118
45662 8651
45662 38049
45662 23420
47628 47628
48176 39366
48176 10165
45971 23420
45971 45971
50487 1931
2637 2637
11984 44625
48953 42372
48953 48953
48953 1686
6354 9135
6354 33957
6354 49388
6354 14039
6354 31685
6354 1540
6354 48219
6354 277
48816 39943
48816 310
48816 42315
48816 48816
35619 30792
35619 45635
35619 4530
42838 36510
42838 42838
50034 3700
5331 40812
5331 8672
5331 50878
5331 3812
5331 36601
9402 50782
7443 39366
50183 50183
50183 7467
10009 50379
10009 50193
10009 20037
10009 14782
10009 50466
10009 22067
10009 8829
10009 10009
10009 26373
40946 50001
7430 30792
50886 22572
48326 30792
48326 48326
48326 24231
45877 45877
45877 32767
40200 37262
40200 44625
40200 49801
40200 40200
40200 42315
1738 1738
1738 36667
13567 50102
13567 23696
13567 2013
13567 36601
13567 13567
13567 39366
13567 42891
13567 39943
13567 18961
13567 50607
13567 34535
13567 50104
13567 558
13567 36565
13567 49388
13567 24928
13567 978
13567 24379
13567 23420
13567 48770
13567 2963
13567 5106
13567 310
13567 3109
13567 33957
13567 30853
13567 6459
13567 16565
13567 4994
13567 48604
13567 33201
13567 9076
13567 47548
13567 33300
41286 8829
25119 39366
3002 3002
3002 14782
3002 6173
3002 8972
21679 43645
40894 40894
40894 2127
40894 1503
40894 32836
40894 21878
40894 50621
40894 12170
40894 18961
40894 49895
40894 38771
40894 2394
40894 18361
36091 50316
29605 50478
49248 49248
49248 8672
49248 42249
49248 43645
8476 29118
8651 39366
8651 37634
8651 20088
8651 8651
8651 23420
8651 1540
8651 17118
26271 2161
3963 48480
9350 310
9350 46328
9350 7813
9350 5160
9350 39366
9350 30792
9350 32836
9350 24737
9350 14396
9350 22011
9350 6938
9350 26258
9350 9350
9350 8829
9350 14741
9350 37262
9350 49892
9350 8972
9350 43645
9350 28518
9350 27943
9350 41074
9350 2963
5026 4351
5026 310
5026 8672
5026 36601
5026 10618
5026 4952
5026 34844
5026 5026
5026 1304
5026 48395
5026 3928
5026 42307
5026 47637
5026 50645
5026 2130
5026 49078
5026 43645
66297 51032
66297 42315
48123 2013
40812 44935
8128 50483
1050 24737
1050 41757
48411 48411
48411 2013
48411 263
48411 3981
3109 46328
3109 47305
3109 1931
3109 3109
3109 45635
3109 28518
3109 43439
3109 542
3109 48096
3109 49957
3109 43645
10911 36601
35261 20088
35261 42672
35261 8972
35261 39366
35261 35261
35261 27043
9266 50518
561 39873
15706 15706
22536 12591
22536 28782
62 46353
62 46328
62 1931
62 310
62 8672
62 545
62 30792
62 36565
62 62
62 29029
62 42315
62 8972
62 45635
62 48323
62 3763
62 8158
62 4098
62 43645
16490 16490
16490 2919
2084 36601
20150 4076
4948 2183
4948 38771
48632 48515
18894 49792
18894 49326
37629 37629
37629 5761
37629 40478
37629 42672
49263 19548
35484 1931
35484 25855
49715 23783
4162 48694
44558 310
585 8672
3311 1114
3311 36565
3311 8972
3311 21165
3311 23420
3311 36342
3311 3311
33274 33274
33274 47978
10203 828
10203 8610
4963 42245
4963 791
42891 17733
42891 4870
14741 46390
14741 11550
14741 48199
25686 45635
35507 310
35507 48846
35507 46694
35507 4515
35507 34998
35507 48771
35507 35507
182 23420
182 43008
46106 43645
51876 23420
11274 35573
50223 310
50223 10754
29704 9673
46360 44960
21878 38308
21878 49995
21878 8672
21878 372751
21878 49368
21878 29337
21878 39366
21878 46328
21878 24737
21878 48694
21878 49528
21878 38689
21878 265
21878 21878
21878 23420
21878 4235
21878 28637
21878 20088
21878 10799
21878 16115
21878 48515
21878 152
21878 49413
21878 6617
21878 9567
21878 49302
21878 48323
44021 6488
44021 3004
44021 11550
17500 20088
49539 1304
49539 8672
49528 49528
49528 50178
49528 38689
49528 486
49528 50663
49528 1304
49861 49861
49861 34195
49861 38466
49861 11550
49861 50691
732 34844
5478 48923
50695 40101
43008 46334
43008 39753
43008 6473
43008 43008
43008 42315
35725 35725
35725 310
50308 28518
31481 46328
31481 7813
48893 49235
16492 50174
19306 48678
1881 3856
48791 48791
48791 8972
49615 26501
5207 18211
50795 43356
50171 46137
50171 8672
50171 50171
5346 48516
25222 2962
5229 48096
5229 5229
5229 43645
9154 41678
42489 34853
50563 50563
7149 4530
7149 48203
49892 30792
49892 46328
3680 1686
16576 8672
16576 26633
16576 16576
16576 1686
16576 2213
48533 42315
4040 3154
4040 4040
48679 8672
48679 48679
48679 43645
48716 46334
21657 2182
12645 43645
38447 20918
49521 6595
46280 163009
32280 43139
32280 34188
32280 44110
50362 310
1000 47012
48689 48480
48689 3700
48689 6632
48689 32931
48689 263
48689 27037
48689 48685
48689 43645
32964 38596
4503 50686
4503 26804
4503 17733
4503 24885
4503 4503
4503 25165
49081 49081
36126 36126
50092 49569
50092 30671
50092 17425
50092 43833
50092 45062
49078 39366
49078 1429
33300 2127
33300 13679
33300 27709
33300 23215
33300 36601
33300 4143
33300 34844
33300 12100
33300 1760
33300 12971
33300 9321
33300 8672
33300 29647
33300 43645
33300 37364
33300 10885
33300 35197
33300 18084
33300 46764
33300 32206
33300 41589
33300 33432
33300 6353
33300 2183
33300 33300
33300 46334
33300 8490
33300 33053
1114 7778
1114 1114
26250 24737
26250 50536
17285 38035
17285 17285
2119 48833
2119 46694
30792 30792
30792 12185
30792 245
30792 17425
30792 49976
30792 1304
30792 23461
30792 49452
30792 24737
30792 34844
30792 11374
30792 38689
30792 35162
30792 3073
30792 32616
30792 1339
30792 7759
30792 310
30792 46328
30792 33957
30792 49718
30792 36063
30792 1048
30792 16190
30792 64304
30792 45730
30792 23420
30792 26468
30792 32448
30792 49471
30792 81237
30792 49636
30792 27501
50346 13945
14431 3157
488699 81902
434 13889
37530 310
37530 23420
42245 28637
42245 310
42245 3157
42245 545
42245 49226
42245 1686
42245 36601
42245 39366
42245 11317
42245 37262
42245 20294
42245 44069
42245 42245
42245 5156
42245 45757
42245 42315
42245 30671
42245 48875
42245 36741
42245 30853
42245 40589
42245 241
42245 8610
48635 48635
49483 50839
48424 48424
48694 48515
48694 14596
48694 8672
47009 42796
310 2127
310 30969
310 48602
310 2013
310 42796
310 4520
310 12012
310 1429
310 8972
310 49452
310 12353
310 20539
310 7768
310 43413
310 5048
310 4177
310 48096
310 43833
310 48763
310 23420
310 53397
310 43645
310 46328
310 1931
310 13217
310 36601
310 41757
310 49157
310 24801
310 683
310 22361
310 8829
310 48905
310 19496
310 35887
310 30671
310 13706
310 49133
310 6006
310 30853
310 8672
310 11495
310 20918
310 31052
310 43582
310 39943
310 39335
310 48219
310 107
310 8526
310 3818
310 1686
310 50104
310 36204
310 49893
310 49388
310 46286
310 42315
310 31262
310 40391
310 6473
310 11854
310 37874
310 28637
310 310
310 1622
310 33808
310 21992
310 9121
310 14484
310 47449
310 12105
310 1760
310 25944
310 42672
310 47881
310 9076
310 45818
310 47012
310 40302
310 49568
310 21373
310 19063
310 49005
310 48944
48888 474
11945 11945
11945 33482
11945 31262
11945 683
11945 32629
50771 29118
50771 2586
50771 4530
50771 111748
50771 21992
50771 3652
50771 45996
50771 48766
50771 3154
45517 49739
45517 42618
45517 12786
48726 43356
48726 2394
23338 47709
47989 48507
37143 37143
37143 27543
37143 49878
37143 41074
37143 11069
37143 15673
37143 50238
26519 40223
26519 26519
26690 49235
42431 2377
27150 27150
1182 39366
1182 17529
1182 3298
36342 49902
36342 48405
36342 21114
36342 1931
36342 36342
36342 43645
36342 38848
36342 1048
36342 4994
36342 49733
36342 43800
36342 2590
24443 50193
44069 48323
49676 42315
17733 28637
17733 42672
17733 45996
17733 942
17733 50104
17733 40526
17733 893
17733 17733
17733 978
17733 15918
17733 50749
49003 9232
49003 34077
49471 14362
49471 1878
50857 40575
50857 47012
10618 48226
10618 91016
10618 45710
10618 46764
10618 2213
10618 2183
10618 10618
10618 94025
49026 5001
50305 3722
37742 16115
37742 14101
37742 37742
37742 43645
49070 8169
49070 8672
49070 265
38730 46328
38730 50315
38730 50524
38730 8672
38730 7768
38550 21377
38271 20444
38271 542
38271 45891
49450 8972
49450 49450
49450 35237
48653 107
42310 1048
8972 10165
8972 31899
8972 7813
8972 29564
8972 19841
8972 27501
8972 2013
8972 36601
8972 41757
8972 29387
8972 20444
8972 50599
8972 3856
8972 12618
8972 15791
8972 8972
8972 49846
8972 26633
8972 8485
8972 31074
8972 49118
8972 35162
8972 2130
8972 45996
8972 3928
8972 4235
8972 14729
8972 1931
8972 49178
8972 40505
8972 32552
8972 13889
8972 22154
8972 6938
8972 241
8972 21223
8972 30669
8972 37896
8972 30853
8972 49133
8972 49004
8972 4515
8972 8672
8972 49837
8972 39366
8972 49938
8972 1563
8972 453
8972 44934
8972 43280
8972 46666
8972 37015
8972 16349
8972 1622
8972 48723
8972 39091
8972 494
8972 47797
8972 49635
8972 48535
8972 6998
8972 46411
8972 16001
8972 1237
8972 49986
8972 37068
8972 17529
8972 50621
176 21488
8922 48364
45996 48932
45996 18378
45996 16188
45996 32448
45996 45996
45996 34323
45996 25123
18809 20088
6938 2127
6938 3955
6938 3917
6938 8672
6938 47797
6938 14664
6938 5736
6938 36601
6938 5254
6938 6496
6938 6938
6938 23420
6938 10367
6938 43645
6938 4732
6938 50778
6938 791
213 45433
106042 43645
46952 42315
2130 19051
2130 48754
2263 21165
2263 2263
2263 8672
29745 45635
29745 29745
11324 11324
3802 3802
3802 48601
16115 8097
16115 10165
16115 31416
16115 26239
16115 8672
16115 16115
16115 39366
16115 720
16115 14484
16115 39093
16115 10540
16115 92017
16115 39201
16115 54736
16115 11495
16115 48096
16115 19733
16115 50878
16115 14101
16115 43320
16115 43645
27586 43439
13559 3509
53397 50659
53397 34844
49444 35493
23766 25276
23766 2804
36771 4732
36771 28518
36771 36258
35728 46328
35728 8672
35728 43413
35728 3812
35728 11317
35728 1339
35728 2419
4105 4105
49132 22418
10677 6682
17896 48777
17896 50425
17896 50414
17896 73599
17896 19496
17896 56939
17896 50691
49241 1339
43543 48661
34710 2013
34710 36601
34710 4515
265 37608
265 26373
265 34844
265 39118
265 22580
265 41074
265 3714
265 265
265 8672
265 1348
265 48405
265 31854
48199 40064
48199 36741
48199 48199
30853 3955
30853 13217
30853 45891
30853 1686
30853 42315
30853 48661
30853 47012
30853 7768
30853 43645
30853 48708
30853 30853
30853 49928
30853 2419
24386 43807
49935 23420
49935 42315
4220 36565
46353 43645
4515 49250
4515 4515
4515 2346
4515 8459
4515 6371
4515 24231
4515 50433
50501 27183
49058 141467
64320 46328
22017 50253
22017 15436
22017 46964
22017 16349
49157 34844
49157 42315
17425 17425
17425 152
17425 50097
17425 32629
17425 29391
44934 49049
44934 46328
44934 36601
44934 44741
50402 32629
50608 23420
24681 21680
49487 4273
49487 49730
50104 39366
47091 7902
50054 50054
48366 20444
2232 16188
48813 39943
48813 43645
20256 50337
48328 45110
37018 2702
5048 43812
5048 36565
5048 17529
5048 28518
5048 42315
5048 43645
5048 48661
5048 5048
5048 47012
49377 34844
16349 49083
16349 1686
16349 16349
21114 21114
21114 25944
21114 11306
21114 11374
49857 46328
33047 49413
49435 49435
50423 2182
6722 9311
6722 263
49888 2346
32836 27043
49212 791
2852 29098
2852 45635
10686 10686
47358 46329
49317 49317
49317 46137
49317 5424
49317 43645
38624 693
50238 49902
39112 94812
39112 50292
39112 50815
39112 104434
39112 49739
39112 42796
39112 96259
39112 978
39112 19063
39112 39112
4869 39366
4869 20088
33882 1681
28663 28663
49090 1931
50229 10520
14161 53711
14161 466
10746 13659
10746 920
10746 10746
10746 28446
10746 2013
10746 15134
49752 49266
49752 27183
24313 32317
48853 7951
48100 43869
14352 14664
14352 14352
14352 8672
14352 43356
14352 43689
14352 36601
14352 43582
14352 43645
47949 45213
12338 5486
29837 8672
29837 29837
50997 46328
121752 50327
9265 50148
9265 9265
48096 41757
48096 42329
48096 39366
48096 48160
48096 48096
48096 25808
48096 48906
48096 13706
48096 42198
48096 48898
48096 49005
48096 49422
4595 7924
4595 104434
3818 42315
48203 2127
10146 41678
10146 42315
8719 44960
50686 42315
50815 50815
30512 20088
30512 20610
30512 30512
47116 37468
47116 26811
47116 24737
47116 10245
47116 47881
47116 47116
47116 2213
2919 24446
44957 26295
44957 6682
48041 50777
22575 16600
50881 4969
50881 7187
50881 1674
48581 2855
48581 48581
2570 15990
73599 2775
73599 39233
4969 8672
4969 32206
4969 20037
4969 4969
4969 20444
4969 8647
4969 1110
48738 49902
48738 1413
48738 50839
48738 37896
4787 50389
4787 4787
32689 32689
37239 37239
32438 8169
32438 32438
35269 8672
14664 44740
14664 3928
14664 30846
14664 1686
14664 14664
14664 27037
14664 7662
14664 8610
14664 48855
14664 19956
14664 45757
14664 7920
14664 43645
14664 50253
17824 40575
17824 17824
17824 42315
6632 19621
6632 49152
6632 6632
48453 2213
2984 11479
2984 12170
2984 28132
2984 45131
3157 3157
3157 24960
10795 43645
40064 16708
40064 23420
40064 40064
40064 43645
1934 43645
39824 4530
21606 21606
21113 3046
9694 9694
26501 26501
50278 5408
2936 50757
37015 28637
37015 50730
37015 24645
49971 27765
6349 48232
36959 48323
30564 10956
29485 9679
29485 2013
27532 152
27532 49553
7597 8672
7597 23420
7597 7768
7597 7597
96259 96259
49635 49635
49635 46328
48292 12353
1540 978
1540 1527
1540 46666
1540 35997
1540 50337
1540 1540
1540 2013
13479 2127
13479 36601
5921 5921
5921 42471
596 596
47659 47659
47659 48932
20768 48846
15990 50485
15990 15990
19956 49239
19956 42315
30646 30646
270 24082
270 8775
37736 48400
47548 49569
47548 47548
47548 2213
1572 24737
1734 47788
10961 51989
10961 87262
10961 10961
42796 6943
42796 42796
42796 42315
42796 47881
42796 42916
29337 39366
29337 25318
29337 8459
29337 48233
29337 11637
29337 29337
48755 48755
48160 48160
48160 8672
48160 2182
1779 11456
9203 11550
30050 1304
50151 6866
50151 11550
50151 46334
24251 47134
24620 34209
24620 31416
24620 46390
24620 24620
46173 46173
43413 11317
43413 2419
45433 45433
45433 23420
45433 1931
45433 48661
39558 22361
39558 46328
39558 39558
39558 44640
14782 11266
14782 8672
14782 2855
14782 1686
14782 14782
14782 43869
14782 21992
38174 8672
38174 48439
9656 9656
35611 35611
21488 1711
21488 1474
43645 2127
43645 7813
43645 25439
43645 27709
43645 2013
43645 36601
43645 9698
43645 15892
43645 32629
43645 1429
43645 22418
43645 10367
43645 48410
43645 352
43645 4235
43645 37608
43645 48132
43645 49242
43645 3341
43645 48439
43645 45902
43645 16600
43645 49326
43645 26960
43645 49648
43645 34929
43645 25855
43645 49519
43645 7951
43645 39943
43645 49895
43645 11724
43645 32231
43645 40861
43645 42008
43645 42307
43645 46764
43645 48185
43645 8861
43645 27037
43645 28758
43645 49098
43645 4177
43645 39660
43645 48817
43645 49005
43645 26867
43645 13731
43645 4530
43645 49050
43645 8672
43645 627
43645 43645
43645 14596
43645 48907
43645 49303
43645 38035
43645 20444
43645 13889
43645 22053
43645 48810
43645 2553
43645 24820
43645 3073
43645 1390
43645 18119
43645 48245
43645 1081
43645 39366
43645 27137
43645 47493
43645 48281
43645 1304
43645 1931
43645 43356
43645 48538
43645 25808
43645 3946
43645 39458
43645 8272
43645 241
43645 32007
43645 28637
43645 48239
43645 48799
43645 31854
43645 11317
43645 9157
43645 49673
43645 48153
43645 48728
43645 828
43645 48437
49232 1763
14729 14729
14729 17529
14729 46764
14729 34844
19659 43439
39248 542
39248 2079
39248 39248
45635 46328
45635 49178
45635 4952
45635 49569
45635 46284
45635 21115
45635 30669
14180 14180
14180 43356
14180 2394
41399 10511
41399 41399
41399 41316
41399 20444
41399 3981
161 48787
38035 38035
38035 31747
38035 1348
50792 1563
48922 48922
48922 8672
48922 45914
48922 2590
33432 791
48810 48810
34442 34442
34442 43812
34442 1339
34442 40401
34442 49133
34887 36565
49052 2013
49052 49052
9232 1413
8746 37218
17090 6409
8158 49129
46712 14274
46712 20025
30834 4273
8672 49871
8672 50029
8672 2013
8672 3628
8672 39452
8672 42315
8672 8485
8672 21219
8672 43639
8672 9076
8672 48395
8672 2385
8672 50340
8672 978
8672 9009
8672 8342
8672 2876
8672 9826
8672 3210
8672 8829
8672 15134
8672 46334
8672 10539
8672 50444
8672 50401
8672 24928
8672 43812
8672 23215
8672 48756
8672 2523
8672 558
8672 46286
8672 542
8672 46566
8672 49695
8672 20037
8672 8861
8672 27037
8672 38834
8672 36601
8672 8459
8672 8097
8672 3928
8672 13731
8672 4143
8672 49004
8672 37262
8672 40684
8672 2377
8672 34535
8672 45285
8672 49907
8672 8672
8672 47935
8672 2963
8672 46328
8672 45088
8672 31854
8672 49178
8672 2213
8672 16565
8672 20444
8672 13889
8672 22053
8672 39366
8672 14035
8672 48846
8672 46494
8672 12591
8672 37896
8672 7216
8672 18119
8672 1563
8672 42260
8672 50341
8672 37608
8672 47493
8672 20610
8672 43356
8672 33619
8672 32448
8672 13496
8672 22580
8672 8044
8672 32206
8672 3108
8672 13608
8672 37364
8672 20088
8672 3298
8672 3956
8672 28518
8672 35011
8672 50396
8672 42672
8672 27043
8672 16001
8672 48697
8672 18115
8672 43689
8672 15514
8672 35162
12579 12579
1081 20088
1081 44110
49133 23634
49133 36601
49133 20134
49133 49133
18726 2534
12849 12849
12849 45352
10826 50644
47296 22433
47296 47296
453 542
453 42626
453 263
4952 20088
4952 1931
4952 7778
4952 44960
4952 4161
4952 32583
50315 50315
50315 80504
1440 1440
28782 34844
28782 28782
14308 48044
14308 14308
14308 50772
14308 26633
43356 28637
43356 14596
43356 37634
43356 49859
43356 39366
43356 43356
43356 39458
45197 45197
45197 42315
31262 31262
31262 11227
31262 2013
42471 8034
42471 42471
48437 20088
48437 7778
48437 23420
48437 48437
50918 50918
50408 42315
49735 49738
36057 36057
36057 28899
41074 50697
41074 39366
41074 1931
41074 41074
41074 36601
41074 20088
39108 3074
50217 2963
778 50774
472 7672
2942 1304
48460 48460
48460 42315
3948 21992
34195 34195
13792 46328
43689 34844
43689 43689
19548 49046
19548 48132
35734 16408
19063 19063
36204 2127
36204 611
36204 21625
36204 36204
36204 50340
40302 23634
40302 42315
40302 1686
40302 40302
10165 7672
10165 43506
10165 474
10165 20093
13465 48974
91016 1104
91016 3714
7813 7813
7813 3983
7813 33957
7813 828
7813 23215
7813 2213
7813 2868
7813 15214
7813 9157
7813 1508
7813 48558
7813 36601
7813 35162
7813 9183
7813 50145
30969 49311
30969 17529
50560 34844
50560 263
2876 11037
13731 49114
29387 29387
29387 49788
9698 39660
11227 45153
11227 1474
11227 8485
12618 263
12618 12618
21219 35682
37844 48535
48376 38771
13608 29404
12105 45119
12105 38945
12105 1686
50624 27943
36873 49386
36873 36873
36873 6732
50340 11550
50340 34844
50340 13901
3928 47305
3928 42198
1348 49902
1348 50500
1348 1348
1348 49612
1348 32204
10245 36510
10245 49641
54736 11550
54736 50755
18463 11495
36842 50656
36842 277
36842 36601
48515 42161
48515 47985
48515 49148
48515 43138
51989 12998
51989 51989
51989 64094
51989 127704
43514 1413
18970 791
46881 46881
46881 42315
44499 6473
44499 558
44499 23420
44499 44499
48661 11354
48661 48661
42841 11550
42841 791
34209 39366
34209 34209
34209 40859
48147 2924
24604 3298
38873 12337
28 28
47243 20088
47243 4235
5495 5495
5495 29290
5495 50453
5495 6473
5495 828
5495 8082
49137 474560
49137 1210
49137 42315
48570 20088
48483 47886
48483 48483
48483 36601
48483 3981
3917 45028
3917 2213
50596 8610
42249 49739
42249 42249
42249 1931
11306 49902
11306 32583
11306 64304
11306 26656
11306 13706
11306 12012
11306 29167
43582 49108
43582 263
43582 2419
43582 42672
3856 50430
20088 2127
20088 3983
20088 12446
20088 2855
20088 49368
20088 50466
20088 47493
20088 48507
20088 23420
20088 49024
20088 37608
20088 20088
20088 49256
20088 49226
20088 49254
20088 48937
20088 474
20088 48741
20088 48323
20088 20444
20088 45352
20088 39366
20088 4235
20088 48641
20088 42307
20088 19079
20088 29290
20088 20134
20088 36868
20088 4530
36667 41316
36667 1931
36667 45403
36667 1104
3183 9076
49774 34844
8526 37634
8526 47012
19687 34844
19687 19687
19079 19079
19079 46328
19079 10799
49933 49937
16408 49790
16408 48045
50337 50337
48898 46137
4732 47493
4732 4732
4732 48135
50783 31074
42307 23420
42307 3184
42307 48701
42307 1931
42307 48902
42307 36565
42307 50839
42307 42315
42307 46542
42307 3154
42307 42307
42307 3981
48507 2127
47449 13239
47449 47449
20894 20894
11808 18378
48233 11550
11266 50584
27520 11550
18220 23042
41865 47493
41865 2127
49723 49723
27943 46328
27943 36601
27943 2013
43337 81902
43337 49055
45818 1686
45818 36258
1150 50001
34998 47451
34998 49413
15619 15619
45153 45153
45153 1474
45153 1686
45153 42315
49595 1686
32616 23420
32616 32616
43812 32448
43812 45752
43812 2187
43812 43812
43812 1686
29988 21700
46699 46445
49491 47881
48354 3521
50128 1931
48226 38286
8463 2924
8463 542
24380 24380
24380 43807
7585 50355
49602 20444
49602 49602
49602 31416
9076 263
9076 11037
9076 39366
9076 2156
9076 20444
9076 9076
9076 1430
9076 5319
9076 49529
9076 46334
9076 542
9076 37896
9076 545
49120 40929
18013 18013
18013 47935
18013 23215
31416 14484
31416 49703
32552 32552
48741 48045
48741 48754
7826 31420
50497 31685
22154 22154
22154 1686
26373 7778
26373 42315
26373 26373
48121 43439
50004 49928
4577 4577
4577 51614
24820 24820
48685 48480
48685 48685
48685 36601
25123 25123
1237 542
1237 47305
1237 2213
1237 1686
5318 2013
49928 986
49928 15134
49928 50688
49928 8082
49928 28446
49928 49928
49928 49383
29994 29994
28063 25165
4160 36510
4160 26787
411604 9283
411604 7187
10342 1304
10342 42198
7263 2213
7891 7891
1390 3341
1390 2962
50420 9572
16802 38596
16802 16802
47493 36601
47493 2213
47493 1304
49019 23420
50870 39366
50870 14198
4564 9302
34844 7672
34844 34783
34844 49739
34844 2763
34844 36601
34844 48719
34844 48219
34844 34844
34844 37764
34844 22572
34844 48295
34844 42315
34844 16478
34844 23420
34844 49828
34844 28637
34844 1931
34844 49256
34844 49226
34844 36510
34844 1686
34844 35793
34844 27037
34844 7467
34844 1255
34844 24082
34844 48320
34844 7187
34844 12591
34844 48766
34844 4762
34844 48117
47385 1686
20806 15798
45966 33957
49731 42329
24928 49695
24928 12591
24928 3981
40391 43439
40391 14763
40391 22361
40391 40391
40391 1931
50096 48814
32007 46328
32007 32007
32007 42315
48799 2553
48799 1304
48799 791
3956 2179
48270 24885
38596 49207
38596 47016
38596 36601
38596 42315
38596 48988
38596 21992
2179 16313
2179 2179
2179 21178
2179 48056
31854 39366
31854 1931
31854 263
31854 35682
31854 18931
42446 20294
50173 36565
7132 46137
3154 1048
3154 3154
791 16829
791 42672
791 5254
791 22053
791 46846
791 8829
791 49018
791 19493
791 49119
791 791
2860 7216
2860 37634
92017 49319
42068 42068
42068 9111
41411 5424
41646 37896
48863 1339
12889 3054
30982 25944
30982 41532
21373 20444
7768 15892
7768 7768
38308 38308
35493 32629
35493 7778
35493 35493
2280 50327
2280 47012
2280 7951
56939 94812
56939 47760
5199 1931
41316 41589
10742 1686
39943 50811
39943 39366
39943 38771
39943 2394
39943 39943
39943 25855
18961 1048
18961 20444
10319 2213
47798 16194
907 25168
907 26633
32315 37634
32315 32315
45390 8990
49310 49310
6937 2183
6937 1304
6937 2963
25625 2380
25625 25625
32395 2855
2456 53493
2456 26986
28015 28015
7759 7778
7759 1339
7759 29404
7759 7759
27183 2213
27183 27183
35703 45168
12194 47012
12194 48212
29477 3588
49242 1304
50167 308
37359 17835
46846 37446
4432 42315
35243 37393
48766 26960
26960 38742
26960 31704
26960 50009
26960 5281
26960 49178
26960 26960
26960 27037
26960 33201
26960 1304
49687 13241
586 42672
49695 4530
49695 36510
49695 2963
49695 49695
49119 10367
11027 6998
12636 49185
48416 23420
48756 48756
2523 36510
2523 2523
2523 828
49986 2054
49986 17529
49986 37425
7924 7924
7924 104434
3509 32629
3509 3509
48568 11780
50442 2013
50442 50442
50442 2377
46286 2054
43130 36601
542 37874
542 542
542 263
542 46694
542 8169
542 38771
32204 22053
32204 32204
1339 49568
1339 48558
1339 1339
1339 48509
3138 1938
50811 50541
50811 50811
50811 36601
48474 2855
48474 48474
48474 3981
1104 28899
48117 42315
50265 50265
44076 37896
36311 36311
48178 48178
8610 42198
14144 42198
14194 39366
14194 2553
14194 14194
8459 43719
8459 2013
8459 47639
8459 24960
8459 27043
8459 1304
28154 39366
28154 28154
28154 21715
49005 15134
49005 46328
49005 49005
48992 26468
48992 64304
41879 41879
38045 11550
38045 45730
48847 48846
49617 731
19396 9679
19396 39366
19396 19396
19396 14396
12170 2127
47327 24737
47327 47327
47327 23420
44812 39366
50397 1938
23342 23342
2924 31899
33582 33582
39335 21992
39335 39335
22679 22679
49569 49569
49569 1931
49569 29564
33112 46328
49893 1686
35682 1686
35682 4561
35682 39218
35682 48056
1799 50807
1799 32976
22001 48623
24801 24801
115828 20037
22053 22053
53665 12884
49383 46652
24082 12591
9311 11069
9311 9311
9311 1686
47272 31570
18587 46328
26468 11374
26468 23420
1129 39366
5991 50185
10329 39366
10329 10329
26453 26453
26453 8169
26453 3981
2354 9679
7216 46328
7216 49959
5403 5403
44535 44535
12367 49990
50834 23420
43815 45683
39366 26867
39366 25808
39366 19225
39366 37262
39366 22351
39366 48410
39366 23420
39366 2963
39366 33957
39366 42672
39366 49189
39366 8829
39366 839
39366 23011
39366 25318
39366 50099
39366 3700
39366 48771
39366 32931
39366 45710
39366 39366
39366 48538
39366 46666
39366 27043
39366 16600
39366 44722
39366 39118
39366 20371
39366 2394
39366 27037
39366 44740
39366 49859
39366 48942
7778 38848
7778 2553
7778 50206
7778 13706
24737 24737
24737 36601
24737 42626
50174 6964
50174 20037
49612 49612
49612 2419
50607 36601
33808 33808
33808 20444
33808 11550
33808 26295
33808 6998
33589 558
21178 11317
12555 11933
15673 15673
15673 2059
15673 42672
828 47881
828 5424
828 23420
828 828
828 36601
36741 1686
241 241
241 36601
5106 46137
5106 5106
48044 48044
48044 6682
48044 39118
48044 23420
90 978
90 90
24996 34535
5281 5281
17428 49828
49226 49265
16829 8485
16829 20578
16829 50068
16829 50761
16829 52682
16829 16829
44936 47012
44936 1474
44936 42315
34080 49014
3713 1048
18361 18361
18361 47012
18361 11550
48503 48503
31676 25383
45683 45683
23307 36565
14035 14035
4542 4542
4273 4273
39536 46328
39536 39536
45062 45062
45062 2377
45062 2855
45062 15134
2127 1931
2127 45710
2127 2213
2127 51705
2127 2127
2127 34535
2127 49142
2127 42315
2127 8022
9665 1845
50669 50669
6901 48323
6901 21992
30462 30462
50204 32448
5408 46913
32629 48784
32629 42315
32629 2553
32629 32629
38712 38712
38712 23420
12327 1430
48701 5042
50076 32448
21677 24946
48395 48395
32583 1665
32583 32583
11797 23420
11797 11797
11797 1686
47935 23420
4585 1429
50878 50878
50068 36601
2419 48602
2419 12691
2419 11550
2419 49011
42764 1304
49319 49401
4465 2628
40237 40237
40237 42315
49517 4235
5424 19225
5424 5424
5424 39215
50777 50697
50777 12591
50777 50777
41589 41589
50109 1537
49732 42315
152 47881
8829 1931
8829 14596
8829 50316
8829 36601
8829 1686
8829 3279
8829 8829
8829 42315
41160 48900
41329 41329
3763 16978
46334 46764
46334 36601
46334 50688
46334 1429
46334 22580
46334 46334
46334 7920
25890 25890
25890 19587
25890 42315
29296 42315
44110 44110
31052 47012
31052 31052
48056 48056
2182 3588
2182 36775
6813 6813
6813 36744
6813 48181
38466 11550
49831 1711
1760 28518
1760 1760
49479 2213
46666 46666
10773 49902
46897 46897
9019 48045
48181 48181
6473 26867
6473 25760
6473 42372
6473 42315
6473 1048
6473 6473
37866 5319
49567 20610
1345 46328
45110 47239
912 48480
912 912
26011 2013
43492 43492
27037 10367
27037 49269
27037 36601
27037 1686
27037 263
27037 27037
27037 29647
34760 23420
47356 47356
47356 11550
1255 1255
50462 50462
47639 18084
47639 47639
5042 5042
50288 4073
28132 28132
456 34801
9365 49151
37468 37468
611 42315
43101 48219
50913 36601
2377 37364
2377 1931
2377 9461
2377 1563
2377 31500
2377 2377
2377 39118
2377 10367
2377 50705
2377 48051
41585 26295
41585 1686
2568 9121
20076 4076
46137 46137
17723 46328
43833 3298
9401 9401
9401 48700
29773 36601
44189 50389
44189 44189
44189 978
5587 5587
8034 8034
30671 30671
30671 48784
30671 21951
30671 42315
32206 32206
15420 46328
48357 2213
50097 26295
50097 46328
20444 19225
20444 49178
20444 36601
20444 20037
20444 49895
20444 263
20444 20444
20444 22011
20444 31320
20444 37874
48965 25318
50275 50275
42319 46652
42319 2553
38742 1304
3073 3073
22265 22265
47282 26633
47282 47282
47282 42315
50193 50193
50193 7920
37896 49413
37896 40684
37896 37896
5450 50568
45028 45028
48602 48602
48602 3981
48602 34535
50425 11069
104434 19280
14396 39458
14396 14396
14396 19225
50415 4631
45466 45466
27709 48210
27709 352
27124 25944
27124 46328
24960 24960
48573 25122
10367 10367
10367 1304
9262 17529
49134 23634
5858 393794
9111 23420
22003 22003
14165 14165
14165 36510
49298 46652
40438 40438
49207 49636
49207 48405
16001 46328
16001 16001
16001 1304
50616 32508
22580 36601
22580 3981
677 49959
677 50789
677 677
26787 2013
26787 26787
54202 54202
54202 1711
7962 6698
7962 7962
7962 1495
46411 16188
24528 49302
50649 42672
53288 3089
53288 12727
53288 50038
8 42672
2855 2855
2855 48942
2855 29647
2855 49011
48004 48004
44360 44360
23634 49386
23634 23634
48048 48048
48341 48341
45285 45285
13889 47881
13889 42198
13889 23420
13633 23420
11069 47305
11069 11069
29564 29564
29564 47012
48777 48777
48777 10722
48777 1686
50705 1304
50178 36565
68266 18677
12535 12535
47305 46390
47305 49926
47305 2868
47305 48558
47305 9183
47305 47305
2954 2213
48132 36565
48132 48132
48132 605
48132 49641
48132 34323
45990 1304
36063 36063
50580 36510
31685 42315
31685 31685
49276 35266
20085 4076
11293 11293
45080 45080
13767 32231
13767 17556
2534 48846
3628 49902
26295 6682
26295 26295
26295 47881
26295 4235
184 47239
184 184
50610 32448
15134 15134
15134 5761
48970 146
45190 11550
6484 1931
9679 9679
50611 16600
7131 1503
7131 263
34783 34783
49269 35197
45150 1931
46652 2553
46652 48314
46652 46652
46652 27043
49895 49895
49895 14596
48634 21974
50466 1931
50466 42315
26732 25944
26732 26732
9283 9283
9283 26633
50132 50114
49575 49575
19608 16188
36565 11550
36565 36565
36565 978
36565 18080
25383 49902
25383 32448
25383 25383
49112 1686
49112 49112
49431 6197
46096 17705
49265 49265
48212 42198
3004 3004
3004 13393
3004 9415
48700 48700
2962 2962
2962 17529
44522 47881
8485 8485
8485 20578
8485 10680
35793 35793
35793 42315
35793 3981
11550 18806
11550 50789
11550 28637
11550 8483
11550 33957
11550 11550
11550 24231
11550 48554
11550 49648
11550 48170
355 263
42978 42978
26804 26804
26804 42315
35626 46328
35626 17529
46645 17676
46645 46645
9615 9615
162 162
48623 48623
50444 1304
50541 50541
50541 36601
47239 48266
47239 47239
3983 3983
40589 2013
1474 1515
1474 1474
1474 42315
49799 48045
2730 43384
25760 48480
37262 37262
49605 4530
40478 40478
40478 42198
6173 28637
6173 2013
6173 36510
48281 48281
2213 2187
2213 39215
2213 2213
2213 263
2213 8691
2213 1931
2213 42315
2213 6964
51032 42315
50453 46328
50453 23420
12337 37364
50491 13847
35787 20037
35787 35787
6197 39576
35802 50852
39118 39458
50170 4530
50170 50170
26599 49584
46694 48833
42626 24231
45775 41998
47103 50586
4177 1429
50584 23420
3589 3589
38689 40575
12353 22361
12353 42315
11495 42315
11933 49821
18296 44051
50328 1686
12968 44625
12968 12968
8044 8044
48932 978
3298 1304
3298 36601
3298 3298
40127 43348
45710 1955
45710 45710
21092 23420
9571 9571
47012 28637
47012 48858
47012 48470
47012 2293
47012 47012
47012 42315
47012 32448
47012 20159
44411 48045
49388 3089
49388 1931
49388 49388
49388 4530
49388 474
49388 42315
49388 1711
22067 1931
49055 49055
18211 33201
18211 18211
50621 50621
45902 45180
45902 1686
3125 43439
50630 34340
2773 25944
41757 40668
41757 41757
49233 1849
2293 2293
141 35237
978 2183
978 1048
978 26633
978 50725
978 42315
978 47793
978 978
32448 2553
32448 46328
32448 26633
32448 42315
32448 25092
32448 32448
32448 23420
19668 2183
19668 44960
87262 42315
48380 742
46390 46390
46390 20037
46390 25598
46390 6121
46390 1931
23051 48698
49641 49641
14029 8169
42315 13679
42315 36601
42315 14484
42315 42315
42315 26633
42315 37218
42315 7467
42315 2013
42315 46328
42315 49178
42315 48348
42315 8861
42315 34535
42315 839
42315 19496
42315 49747
42315 25318
42315 22361
42315 8888
42315 24435
42315 1686
42315 25944
42315 48846
42315 6121
42315 50601
42315 20918
42315 13217
42315 20329
42315 11792
42315 1515
42315 1711
42315 11854
42315 28637
42315 35197
42315 9121
42315 19225
42315 49788
42315 40575
42315 263
6127 11479
20294 494
49326 46328
49326 49326
49326 1304
45488 3089
45488 20159
24885 24885
24885 15742
48170 48170
5745 5745
50454 50454
49074 49074
50414 23420
50414 41678
12100 35197
6943 44290
19496 19496
19496 1686
33705 36510
33705 46328
1563 1563
48771 48771
21165 11374
11479 11479
21992 5319
21992 48846
21992 1686
21992 49788
21992 21992
48306 26867
5761 14596
5761 5761
5761 36601
5761 42672
43800 43800
1515 22361
47637 49356
13847 13847
20037 46328
20037 36601
20037 20037
20037 25944
20037 151301
32508 32508
8861 1686
683 39733
683 1931
683 2963
40575 40575
40575 1527
40575 13751
3279 3279
8097 1931
49636 49902
49636 49636
19841 34853
9461 2013
9461 9461
2394 2394
31704 31704
4700 48200
14484 14484
22011 22011
26633 26633
26633 36601
26633 1686
26633 44326
48805 7025
45757 45757
11374 28637
11374 1048
11374 23420
36601 2013
36601 36601
36601 48719
36601 48470
36601 27043
36601 39218
36601 40109
36601 23420
36601 33957
36601 1527
36601 40668
36601 12591
36601 3981
36601 32976
36601 50483
36601 23215
36601 45891
36601 28631
36601 1304
36601 44722
36601 46934
36601 44422
36601 24231
36601 6845
36601 27097
36601 48482
36601 42198
36601 37634
47793 47793
47793 37874
24231 48480
24231 24231
21955 12591
534 27374
22747 263
33957 42198
2183 2183
2183 1931
44625 44625
45403 1931
2553 28637
2553 35997
2553 42672
2553 2553
2553 19404
12591 19947
12591 12591
4070 1752
4070 13241
4070 47392
48728 23420
11259 11259
19834 19834
19834 2013
19834 27043
43439 1304
43439 48272
48470 48470
11780 42198
31899 31899
40109 40109
48051 17529
50688 1931
34340 1931
49413 49413
49413 10383
1527 1304
1527 42198
1527 1527
47881 6002
47881 47881
47881 28631
47881 23420
31696 31696
48641 48641
48641 46329
48641 23420
37364 37364
2754 1278
494 6121
494 1304
494 46934
494 494
494 48314
49941 46328
29404 47943
39233 39233
39233 41777
6998 48480
27043 2013
27043 6121
27043 27043
14101 14101
48480 10193
48480 40668
48480 48480
48480 26312
48480 34323
48480 28631
36098 36098
5131 5131
49650 49650
37634 37634
37634 50522
13679 13679
13679 2013
742 45713
2013 16188
2013 48604
2013 41678
2013 40418
2013 17906
2013 558
2013 40861
2013 2013
2013 49302
2013 47943
2013 3089
2013 49902
2013 39576
2013 46284
39215 3302
39215 3502
45914 45914
21377 1431
2054 2054
22310 18080
20539 1304
48102 14596
35162 14596
35162 35162
35162 1931
16639 49902
6964 6964
49828 17529
13217 50292
13217 94025
42672 11662
42672 42672
42672 6682
42672 22561
720 720
9449 9449
11335 32332
11335 35612
48439 1429
48439 23420
48439 6682
31320 31320
44741 44741
28631 28631
25855 1048
42618 49739
32931 22418
47943 47943
51705 51705
51705 49499
51705 46284
10759 23420
19404 46328
6371 6371
3981 28637
48962 48942
558 558
50755 3967
33201 33201
40861 40861
46764 46328
46764 46764
46764 1686
46764 23420
43869 43869
17118 48846
7672 7672
7672 1413
1622 1622
7467 42372
7467 7467
49302 49302
36510 4561
36510 277
36510 36510
50389 50389
50389 17529
45352 45352
2416 48858
42198 42198
42198 23420
2243 2243
48489 48489
48489 40668
2628 2628
46329 46329
3089 28637
3089 44290
23420 26867
23420 14564
23420 38771
23420 20159
23420 30067
23420 46328
23420 1931
23420 263
23420 23420
23420 17912
23420 25318
23420 48323
23420 23215
23420 1686
23420 17304
23420 50849
23420 1763
18080 18080
50250 17529
37462 37462
14596 14596
14596 22561
46328 1429
46328 41678
46328 46328
46328 48942
46328 17676
46328 35237
46328 6617
46328 49926
46328 1763
46328 28637
46328 1267
46328 50079
46328 5918
46328 28404
46328 20093
13241 13241
50211 50211
50744 277
35224 48846
49098 49098
8691 8691
26794 26794
26794 1686
58026 58026
605 605
18119 18119
43384 43384
6121 6121
49760 41777
48858 48858
48347 48347
20918 1931
20918 20918
49368 49368
46224 46224
44960 44960
1110 1110
1931 33865
1931 1931
1931 2724
6682 50102
6682 6682
49018 5254
49018 49018
8272 8272
1763 1763
1763 4530
1763 8169
23752 23752
44722 44722
47797 47985
28518 28518
49902 25944
49902 49902
17556 1304
17556 17556
9157 9157
39616 39616
39616 41678
17906 17906
22561 22561
48015 48015
47451 47451
2187 1955
49237 49237
42325 42325
42325 263
46542 48323
1429 1429
22418 22418
49452 49452
48875 48875
38771 38771
4235 4235
37608 37608
48348 48348
16188 16188
39913 34323
3175 3175
36878 14770
49485 40725
10540 10540
1711 1711
40668 48482
37874 37874
839 839
2590 2590
2590 1048
7025 7025
23215 23215
50636 50549
1413 6948
8169 8169
107 107
48045 48045
18378 18378
18378 1686
36775 36775
8775 1304
12185 12185
4561 4561
35404 35404
6002 6002
1048 28637
1048 26867
1048 1048
94025 94025
49050 49050
28758 28758
6845 6845
6845 1686
50532 50532
17529 1304
17529 17529
15636 15636
7436 263
26867 26867
4530 4530
32509 1686
7902 7902
34535 34535
50919 50919
38583 38583
263 28637
263 263
22361 22361
14274 14274
16374 16374
25318 25318
13706 13706
48323 48323
1686 41678
1686 9121
1686 1686
48846 48846
41678 41678
9121 9121
16600 16600
28637 28637
48609 48609
48414 48414
35997 35997
25944 25944
25944 48697
2504 2504
1304 1304
48314 48314
42372 42372
20093 20093
