45021 10674
8145 10694
8145 8145
8145 1686
18547 48600
18547 10779
18547 18547
59950 4969
24471 49872
426 33325
52997 6164
47546 14827
49111 10779
9375 40684
46429 16600
39898 9205
39898 46328
39898 40408
39898 14797
39898 7041
39898 2213
39898 40928
39898 39366
39898 48807
39898 27386
39898 39898
39898 49199
39898 8972
39898 5026
39898 45507
52764 29241
14008 14008
14008 42315
5428 2416
54020 10674
53316 9019
51799 22317
50147 1505
50147 37634
50147 50147
46518 46518
13522 8672
13522 5044
13522 13522
13522 11546
13522 23179
51233 40564
51994 51994
187 40564
5028 51274
49199 40938
49199 52734
49199 8535
49199 20520
49199 11880
49199 49895
49199 6926
49199 51569
49199 52072
49199 46910
49199 32204
49199 22580
49199 40762
49199 21219
49199 17304
49199 18809
49199 10151
49199 44212
49199 32583
49199 19841
49199 51621
49199 16871
49199 14782
49199 53790
49199 27264
49199 49199
49199 2108
49199 23420
49199 52085
49199 52914
49199 13947
49199 15995
49199 7597
49199 48535
49199 4377
49199 12993
49199 26316
49199 40835
49199 5026
49199 18119
49199 19587
49199 51517
49199 2573
49199 660
49199 6574
49199 22067
49199 52440
49199 44746
49199 3998
49199 26453
49199 48078
49199 47225
49199 5342
49199 52439
49199 27004
49199 10627
49199 14848
51517 28637
51517 33450
51517 41646
51517 40104
52960 2579
36155 11797
2129 51546
39230 53849
32921 8672
32921 8346
51867 30671
11546 53511
11546 41613
11546 19841
11546 2013
11546 28152
11546 13731
11546 13567
11546 52379
11546 46328
11546 52534
11546 107
11546 52891
11546 43356
11546 47257
11546 13319
11546 45242
11546 8972
11546 59621
11546 43139
11546 52593
11546 23420
11546 20088
11546 33060
11546 11546
11546 42672
11546 20037
11546 16701
11546 44957
11546 52509
11546 12337
11546 4386
11546 46846
11546 52597
11546 48198
11546 47012
11546 49889
11546 49902
11546 51218
11546 39966
11546 11510
11546 972
11546 53488
11546 41074
11546 10618
11546 5342
11546 2926
9311 11069
9311 10779
13947 51475
52023 54092
52023 26316
22487 51705
22487 49969
22487 50929
22487 36063
377 26316
856 856
52517 52974
52517 2628
52517 7778
52517 52517
16700 1413
16700 47868
16700 53366
16700 43461
16700 16700
53490 53490
53490 49227
40835 4377
40835 23420
40835 52794
40835 40835
5535 37118
5535 4804
32465 46046
23179 44509
23179 482
23179 53732
23179 241
23179 53218
23179 46430
23179 34020
23179 53309
23179 31052
23179 5804
23179 5375
23179 20037
23179 48846
23179 6574
23179 6882
23179 34893
23179 107
23179 50975
23179 54047
23179 9605
23179 39366
23179 13437
23179 49928
23179 11718
23179 52735
23179 40564
23179 27272
23179 48978
23179 11292
23179 10151
23179 4377
23179 42315
23179 43891
23179 31673
23179 39174
23179 43833
23179 2108
23179 23179
23179 44406
23179 2013
23179 1763
46992 22996
22177 39118
22177 6574
22177 45662
277 28518
50085 2419
50085 51036
50085 42315
25909 5026
25909 11550
25909 1711
1871 40192
40020 34572
52871 96068
52871 9246
52871 109911
52871 86213
52871 53992
52871 50883
52871 52118
52871 1264
52871 18659
4899 54984
42926 8719
8238 45197
8238 51997
8238 32448
8238 51638
8238 17304
8238 46099
8238 4386
8238 26316
8238 51636
1085 26547
3221 4952
31554 310
31554 43015
31554 9694
31554 51975
31554 34087
31554 27487
31554 2013
31554 12461
31554 828
31554 44814
31554 4275
31554 53454
31554 52630
31554 40861
31554 44957
31554 51024
31554 53722
31554 44528
31554 16871
31554 21373
31554 53298
8728 52839
51132 28637
51132 8526
51132 9571
51132 2805
51132 51392
51132 36927
51132 34682
51132 41423
51132 17373
51132 51132
51132 53133
51132 43384
19279 49678
19279 19279
19279 43031
19279 53044
19279 25472
19279 15742
52379 28518
52379 4377
52379 52379
9791 35417
38062 2108
51360 24055
51360 43747
51360 51731
51360 51360
51360 10670
53800 53800
53800 39966
2259 42315
2259 21992
2259 8804
11572 46005
53513 45060
14615 6574
14615 34844
14615 14615
14615 3981
50985 20037
50985 48376
53028 48992
53028 7778
53028 53028
53028 22317
53028 23461
8842 52812
17967 26262
17967 52792
17967 26316
53988 4377
53988 23461
2145 51652
971 6574
6177 51641
6715 16463
24224 52387
335 48992
11934 10779
53288 2680
53288 2901
53288 1048
51568 53915
51568 48624
51047 820
51093 53488
51093 23461
1156 2474
1156 1931
1156 51763
50376 45163
58351 34682
40510 50080
11369 4377
11369 11369
52988 1510
40690 53605
40690 6354
40690 37896
7025 23461
7025 3981
6154 27386
6154 8972
40317 5026
40317 33060
53531 26316
48666 8672
48666 4377
48666 25472
53307 49593
52322 34844
52322 52322
7745 53646
7745 16951
7745 7878
7745 24620
7745 53249
7745 6295
7745 54007
7745 26316
7745 46328
7745 52642
7745 4631
9605 50310
9605 38759
9605 46846
9605 44960
9605 52350
9605 9605
2057 20037
2057 49831
2057 19999
2057 46764
2057 18961
2057 9918
52845 14864
51731 22438
15329 10165
15329 9589
15329 53165
15329 8672
15329 35728
15329 51208
15329 4530
15329 14763
15329 4386
15329 43749
15329 15329
15329 54014
15329 34844
15329 472
15329 10674
15329 49861
15329 52498
15329 52636
15329 48460
15329 51211
15329 12526
15329 7378
15329 1304
15329 53960
15329 36582
15329 9101
15329 11550
15329 52166
15329 4733
15329 48483
15329 29938
51076 50497
51076 4070
53315 35507
33965 33965
33965 49902
33965 45242
33965 51218
51465 51434
40361 2013
52339 16701
52339 27407
52339 51917
1658 52540
49436 49528
7878 12393
51626 48618
51626 43492
16871 13822
16871 27407
16871 44191
16871 19841
16871 8672
16871 35261
16871 39366
16871 270
16871 2724
16871 16871
9666 7049
9666 9666
9666 7283
9666 31704
9666 33979
9666 50952
9666 2132
9666 420
9666 49837
9666 291
9666 39401
9666 11933
9666 2590
9666 43846
9666 28536
9666 34893
9666 34844
9666 49695
9666 51658
9666 31690
50946 26960
50946 5003
50946 2733
50946 50946
50946 2013
50946 13567
44339 51516
44339 11402
44339 44268
44339 13567
44339 3548
43963 53915
43963 42315
50635 48806
50635 7009
50635 241
50635 19999
50635 24620
50635 2416
50635 52440
50635 4377
50635 51443
50635 47588
50635 25472
50635 48199
420 1490
713 16987
528 528
528 4377
528 49528
528 47225
2013 2127
2013 31899
2013 7813
2013 43024
2013 51157
2013 2013
2013 49593
2013 29337
2013 14449
2013 37734
2013 35684
2013 10186
2013 40967
2013 1474
2013 39925
2013 39293
2013 38352
2013 907
2013 50000
2013 38194
2013 10151
2013 8972
2013 52593
2013 14782
2013 307
2013 10146
2013 53276
2013 49069
2013 10670
2013 51319
2013 45861
2013 36601
2013 2660
2013 4377
2013 43749
2013 6938
2013 39366
2013 46005
2013 2573
2013 31704
2013 12773
2013 4512
2013 50441
2013 34439
2013 53362
2013 1728
2013 1467
2013 4612
2013 50401
2013 49841
2013 3417
2013 48600
2013 888
2013 53097
2013 8672
2013 6173
2013 21915
2013 1413
2013 14362
2013 4952
2013 10674
2013 107
2013 52492
2013 289
2013 47257
2013 28404
2013 51044
2013 42315
2013 52598
2013 16313
2013 12782
2013 51629
2013 2936
2013 51475
2013 50918
2013 34937
2013 310
2013 34113
2013 13895
2013 47449
2013 52193
2013 34829
2013 51165
2013 50389
2013 52597
2013 19587
2013 1304
2013 50104
2013 22580
2013 50955
2013 51894
2013 32157
2013 16001
2013 3588
2013 2377
2013 48697
2013 54277
60350 33164
47468 52276
12038 107
12038 54277
12038 37896
12038 1304
26295 42959
26295 44268
26295 3022
26295 50777
40967 5761
40967 40044
51311 51218
51311 12671
51311 7778
51311 6393
51311 51311
51311 899
52433 2855
13437 4377
13437 51353
14980 14980
53690 43749
51187 4386
54601 28451
54601 26316
38771 51136
38771 37634
38771 38771
38771 2183
38771 51987
38771 34893
38771 42716
38771 52000
38771 52077
38771 52422
52631 13018
33947 4377
26557 1938
51897 19841
51897 2179
51897 42315
35402 50788
14936 38362
52369 4377
53589 53570
53328 41036
36581 37922
52749 53476
42076 52347
51892 10367
51892 10670
51892 4844
51892 51892
17662 8672
17662 39871
47951 43749
47951 52241
20460 4386
20460 5775
20460 29202
5775 5775
12204 28637
51034 310
51034 16701
51034 51034
5319 48198
5319 53083
28488 40218
28488 41423
4381 36601
683 39366
683 24368
683 21715
683 49593
683 31052
683 51003
51940 39366
51940 51940
51940 1931
51940 42315
52428 2628
52428 482
52993 289
52993 40894
52993 5144
52993 53012
52993 52911
10980 4386
6366 30913
51774 41646
51774 3906
22246 22246
22246 4631
54090 53108
10663 51790
23650 50807
23650 19999
50689 1339
28436 42672
10779 14796
10779 1931
10779 29485
10779 2280
10779 28593
10779 13874
10779 13199
10779 15972
10779 33060
10779 50022
10779 51042
10779 17304
10779 52926
10779 38107
10779 14782
10779 10779
10779 49046
10779 48977
10779 51064
51879 51878
51879 51879
52021 20436
13679 18013
13679 307
3417 3417
3417 4377
3417 38949
3417 37947
19690 19690
37762 310
37762 27463
37762 37762
37762 26906
37762 4377
25562 2471
52070 291
52070 8672
17199 6116
4371 50313
4371 8784
4371 1048
22264 20608
4129 50771
4129 310
4129 51353
4129 4896
4129 46462
4129 34020
4129 4129
4129 7041
4129 35626
4129 41423
4129 38244
4129 47508
4129 14782
4129 7283
4129 26316
4129 52747
4129 41547
4129 51989
4129 5026
4129 22011
4129 51218
24862 52218
291 291
291 4386
291 8672
291 1304
19936 47012
52249 49889
52249 429
52249 50927
54045 482
30016 39058
50820 20444
50820 52492
28631 28631
7954 3906
7954 50989
38974 48992
38974 40684
38974 9604
5003 11027
5003 51537
5003 14016
5003 5003
5003 52062
5003 39966
5003 9665
5003 41681
5003 14596
5003 42315
5003 31536
5003 41160
5003 11402
5003 52018
5003 263
5003 26316
5003 52332
5003 107
5003 38244
5003 19926
51084 35701
51084 51084
7880 11027
7880 48807
7880 50313
7880 106042
7880 7880
7880 45150
7880 64182
7880 2113
7880 22017
18169 19032
18169 43413
175681 105
175681 310
175681 7664
3906 43356
3906 11494
3906 52842
3906 2733
3906 16600
3906 51227
33336 22317
33336 51862
33336 29142
33336 33060
33336 5590
33336 3983
33336 52415
33336 50497
33336 33336
33336 52577
33336 1642
52579 10674
28340 12567
28340 42198
28340 8972
789 52779
789 52951
14485 48992
14485 11402
14485 51218
14485 14485
14485 1339
14485 22317
33470 8972
33470 33470
33470 52763
33470 41443
33470 36601
33470 180442
5663 14827
5663 33060
52588 48756
49872 51283
53010 14735
50697 50697
50697 53455
50697 53729
50697 4143
50697 31052
50697 23079
50697 5190
50697 1048
50697 11550
50697 53825
50697 16582
50697 80006
50697 53591
50697 41577
55234 6574
51504 45242
51504 26316
12471 6150
63271 51737
46669 52498
46669 14596
46669 46669
46669 54007
46669 36565
46669 40928
49463 51218
51911 50814
51024 45775
51024 47793
51024 51024
52640 17907
52640 44268
52640 4298
16987 14782
28522 32946
28522 28522
28522 8972
28522 6574
28522 1931
11402 12221
11402 3983
11402 10806
11402 50952
11402 51554
11402 50921
11402 27886
11402 11402
11402 51602
11402 263
11402 8892
11402 38129
11402 42851
11402 3700
11402 27043
11402 43645
51992 4377
51992 51992
52055 26316
52055 42315
10506 39421
3309 28434
41660 8972
41660 41660
21675 43024
52639 48624
52639 42315
33070 35237
21729 45635
21729 50964
20848 20848
2919 51920
2919 40408
2919 38137
2919 47338
2919 10581
2919 50104
2919 51203
2919 40928
2919 42315
2919 51511
2919 2919
2919 8011
2919 57916
2919 17529
2919 51210
2919 29426
2919 310
2919 50688
2919 52800
2919 45163
2919 51917
53378 20037
7285 15742
32946 39728
51202 1
51202 8972
53109 29986
52093 45662
5175 47257
5175 49593
5175 40928
52020 23122
1457 26316
51439 225
39185 43860
39185 26316
39185 37896
39185 25095
39185 39185
39185 42245
39185 51664
39185 53340
5185 1146
12294 27264
31910 51004
31910 51861
31910 28404
40251 40251
311 13084
10962 53327
52454 6442
5165 16639
5165 47736
5165 49046
5165 52063
5165 5165
5165 19999
4317 5861
39174 48600
39174 46099
39174 35417
39174 12461
39174 39174
30238 8977
30238 30238
30238 14827
30238 6734
30238 51480
30238 26316
30238 1339
30238 3981
30238 2213
30238 22317
30238 49207
27789 12221
27789 51006
27789 47776
27789 46099
27789 13143
27789 16819
27789 22438
27789 43749
27789 4143
27789 12760
27789 20444
27789 53532
27789 27037
27789 46959
27789 27789
27789 47042
27789 27475
27789 8876
27789 2130
27789 169490
27789 53809
27789 49695
27789 2590
5695 53871
83347 3171
83347 53339
53780 52926
53780 49184
53780 47012
53780 26316
10151 47225
10151 10694
10151 10151
14860 770
14860 51066
51695 19926
52184 44746
2088 53812
293 20037
14836 56349
45682 6171
45682 38596
45682 53431
17373 10081
17373 482
17373 16701
17373 33060
17373 1048
17373 51430
17373 27723
17373 22317
17373 32204
52085 19841
52085 8306
53075 43749
53075 49528
53075 26316
52333 35057
2660 2660
2660 26262
2660 310
2660 52426
2660 52824
2660 4482
2660 6574
2660 24524
25930 26960
25930 53338
25930 51300
25930 46694
25930 25930
25930 43749
25930 26316
25930 34844
25930 23461
25930 17529
13344 53622
13344 1845
7659 38352
7659 46334
52925 52974
52925 27723
51218 657
51218 21783
51218 26793
51218 26511
51218 16487
51218 50469
51218 19999
51218 51070
51218 23461
51218 20918
51218 13536
51218 9775
51218 2901
51218 27449
51218 51522
51218 51757
51218 15673
51218 8972
51218 2785
51218 24670
51218 37386
51218 1339
51218 43384
51218 33060
51218 46099
51218 16819
51218 4377
51218 1454
51218 1048
51218 13142
51218 42310
51218 22317
51218 51644
51218 26373
51218 39616
51218 51218
51218 6879
51218 17923
51218 44268
51218 51295
51218 28598
51218 10127
51218 20608
51218 7722
46005 9919
46005 39293
46005 51237
46005 19841
46005 38133
46005 1711
46005 42796
46005 13567
46005 53455
46005 10586
46005 34844
46005 51565
46005 29241
46005 28425
46005 44084
46005 50389
46005 51211
46005 14650
46005 42315
46005 32448
46005 51004
46005 36638
46005 19926
46005 23792
46005 310
46005 33060
46005 44403
46005 51175
46005 50211
46005 1048
46005 26316
46005 482
46005 46005
46005 30067
46005 47012
46005 12773
46005 48702
46005 47659
46005 19496
46005 52387
46005 17733
46005 28598
46005 51945
46005 44244
46005 50401
46005 39112
46532 6496
2573 46959
2573 51300
2573 2573
2573 51998
2573 19841
2573 8672
2573 10553
2573 36601
2573 13567
2573 19584
2573 28981
2573 1643
2573 5424
2573 28536
2573 47257
2573 52492
51206 23461
42959 42959
42959 51031
42959 265
42959 27837
42959 45635
42959 11495
42959 44345
42959 43384
52422 52422
52422 52690
49323 1021
49323 42058
49323 50952
50263 12337
3403 54038
52688 16701
83998 46328
83998 64182
53410 46328
53410 46846
53410 29347
53410 51475
53410 33901
49318 52282
49318 51353
49318 27723
49318 310
49318 45635
49318 33979
49318 36601
49318 1686
49318 51434
49318 22121
49318 26316
49318 49318
49318 4386
49318 37262
49318 21992
49318 51915
49318 31676
49318 34535
49318 43957
49318 14474
49318 6574
49318 52233
49318 19943
49318 42315
49318 53634
49318 2785
49318 51833
49318 4969
49318 46106
49318 41577
49318 5331
25916 120657
27467 48198
40218 51759
40218 1763
40218 46229
40218 50833
40218 40218
40218 46764
40218 49861
40218 18922
40218 2108
40218 42315
1833 2213
8653 52445
8653 45390
2996 4377
2996 42084
41093 53706
41093 46328
41093 53922
41093 1572
41093 8672
41093 41093
41093 40928
41093 51747
41093 53855
41093 26316
41093 43749
41093 18809
41093 49928
41093 1304
41093 52911
14681 51705
14681 36565
14681 10954
14681 51747
14681 52476
53015 1339
53015 27723
46521 51353
46521 453
46521 51760
46521 32623
46521 14878
46521 107
46521 49788
46521 46521
46521 14848
3505 44887
3505 32022
344 22317
344 3022
35771 52828
28536 11510
28536 4530
28536 4377
28536 53213
28536 16621
28536 52086
28536 6574
28536 51475
28536 6694
10674 7401
10674 31416
10674 52193
10674 38107
10674 53321
10674 53300
10674 10581
10674 7597
10674 53340
10674 8940
10674 41838
10674 30697
10674 94025
10674 10674
10674 42245
10674 53998
10674 48807
10674 53677
10674 137
10674 4390
10674 2112
10674 27792
10674 52278
10674 42315
10674 54085
10674 52926
10674 14782
10674 46227
10674 11069
10674 18809
10674 19926
10674 4733
23523 4016
23523 4377
23523 46328
23523 23523
23523 23461
23523 35261
64182 289
64182 4377
64182 18282
64182 51658
22955 3655
53175 53184
6393 47474
6393 50388
6393 28598
6393 10892
6393 13199
2975 3707
2975 24620
2975 26316
2975 49207
2975 42672
23392 48807
23392 23392
52837 9133
1702 53403
1702 53600
5278 52498
5278 5278
18284 26373
18284 18284
18284 23715
18284 8972
3876 1339
29694 42245
29694 5160
50632 48992
50632 27043
50632 47392
50632 8972
20842 20842
20842 15903
20842 42315
20842 48600
51291 48600
51291 4386
51291 42672
52867 52867
11547 48600
11547 4668
6571 24701
53426 50401
3157 23041
3157 27043
3157 35261
4969 7401
4969 46334
4969 492
4969 4969
4969 8647
4969 13167
47572 47572
51005 39366
51005 8972
21583 51547
30355 42245
30355 20894
9662 50441
9662 9662
9662 23077
9662 26316
9662 10806
9662 16294
126 289
35756 35756
35756 52387
35756 26316
1971 840
26314 39366
26314 26314
26314 40928
44999 19841
44999 51046
44999 37015
44999 35201
52037 8972
52037 26316
49062 33060
50064 22317
20065 46328
20065 53858
395 27865
395 50568
48738 38244
48738 310
48738 37896
48738 9589
48738 25481
48738 50975
48738 48738
48738 9266
48738 37634
53813 53817
1329 53708
1329 5424
1329 42198
3770 43639
7348 8672
7348 39079
7348 482
51903 8672
4668 39366
4668 11134
4668 52911
4334 53626
41074 43749
41074 50771
41074 47225
53715 43749
53715 53715
53715 48515
39968 32633
53764 28637
53764 41751
53764 46052
53764 185697
53764 20520
53764 42315
53764 46424
53764 24898
53764 53764
39752 1987
52353 7968
7749 4332
7749 18374
51700 33979
53259 14013
21359 53093
5010 8526
5010 52676
33661 6095
19870 11550
19870 19870
36004 51761
36004 25383
53331 11442
53118 51705
53118 52911
26313 35417
26313 34463
41978 42315
51823 2702
30336 2377
30336 46108
30336 26316
51580 2108
51580 120657
52950 20444
52950 494
52950 16600
52950 52950
53330 11933
47793 310
47793 47793
413 36601
53061 11177
6521 6521
51308 46099
25117 289
25117 26960
25117 25117
52593 49861
52593 1304
340 16567
340 39966
52758 48515
52758 49593
52829 51203
51174 51166
51174 47639
49069 8691
49069 51833
31284 31284
31284 51353
31284 1048
31894 51211
31894 44403
31894 39293
16581 46099
10972 52859
46424 35791
13913 266
31536 49593
40705 53108
40705 52456
40705 53184
40705 39112
40705 52911
8695 52722
578 49752
16782 47225
16782 46328
16782 1931
16782 4865
16782 33646
16782 8672
16782 16782
16782 316
16782 50170
16782 40928
16782 6937
55734 36859
55734 43343
43972 51865
43972 289
43972 4377
43972 10670
43972 24620
43972 34844
43972 43972
6937 8382
6937 10868
6937 16701
6937 26960
6937 42456
6937 28451
6937 6937
14663 38710
50640 13663
9694 35682
9694 43645
46735 657
3616 48198
27487 46106
6632 2264
52737 49865
53628 41012
44183 15226
21149 21149
21149 54089
21149 54000
21149 19999
53415 46694
53415 17529
53415 53416
53415 47794
53415 18809
53415 15013
53415 53415
53415 37947
20608 23449
20608 27865
20608 46328
20608 44268
20608 4782
20608 5495
20608 34853
20608 4386
20608 20608
50455 34113
50455 50455
50455 42315
34940 4377
34940 52283
34940 26316
34940 3707
34940 34940
34940 25690
34940 40928
34940 8972
38002 52239
712 1572
712 50991
53367 2180
51297 46390
55373 38596
51722 20444
51070 49752
34218 53000
34218 11134
50954 46390
18010 18010
50978 6837
23540 8940
23540 48906
23540 310
23540 22536
23540 8526
23540 49228
29745 52643
29745 19943
12229 51300
1271 1967
1271 52937
51939 2869
34080 49014
45141 40928
45141 45141
16327 14167
16327 16937
13867 11495
13867 22317
7709 7009
38039 1390
20323 20323
20323 46976
20323 51576
20323 4515
991 30067
991 4377
991 10618
991 47012
53830 28637
43954 52440
49969 310
49969 48793
49969 40438
49969 1931
49969 49969
49969 8972
49969 1233
49969 2232
49969 15332
49969 15013
49969 10827
49969 51189
49969 52077
5878 43749
5878 37896
964 43749
964 18532
964 48198
964 6229
6508 38949
9513 17733
9513 42315
53551 18809
53551 52544
3361 9117
4842 11177
4842 53055
47338 31416
23133 50992
23133 11550
23133 2470
23133 3848
23133 23133
52227 45635
14883 53719
48618 4386
48618 35261
43439 43439
43439 33060
26879 26879
26879 32157
26879 50949
53357 1909
32807 53111
5139 36565
5139 52008
5139 1686
29311 51554
53458 53458
10868 10868
2823 51569
2823 43645
2823 46106
14148 52614
14148 46142
14148 53336
41681 51303
29956 11955
29956 27272
49593 40762
49593 30091
49593 9589
49593 48600
49593 51319
49593 49593
49593 13567
49593 50688
49593 39366
49593 2553
49593 45242
49593 6112
49593 18945
49593 6938
49593 27043
49593 51042
49593 46959
49593 52298
49593 5978
49593 52193
49593 52598
49593 40928
49593 16313
49593 39871
49593 52219
49593 51280
49593 14848
51657 21
51657 52370
51657 25735
51657 15090
2132 32766
2132 2132
3628 7778
3628 310
3628 22317
20055 7425
10186 16487
1217 4377
24586 54415
24586 42672
51536 28637
51536 51644
18292 28411
18292 33060
4092 51719
13000 45635
13000 5424
13000 13000
13000 53093
13000 14664
27290 27290
27290 39753
51548 9905
52701 50755
52701 8972
45536 4377
45536 34844
45536 37947
5411 5125
7146 31740
7146 14596
1490 34893
1490 13567
50986 8359
8435 44960
8435 24641
8435 4782
5190 1573
5190 49902
5190 5190
5190 46328
5190 10553
41868 19841
41868 5026
11855 16373
820 53151
820 52394
820 51269
820 53090
820 53732
820 820
820 8861
820 50104
820 53218
820 8972
53559 37743
25690 25690
25690 46033
53147 14390
53147 40928
51750 26960
51750 12591
41321 41321
51232 19841
42711 21154
51661 14390
51661 22317
11721 20088
11721 51300
11721 52509
11721 11721
29864 1000
29864 26316
29864 47012
29864 22317
27394 52540
53501 53455
27463 53511
27463 27043
27463 15114
53476 12337
5144 5144
5144 7813
5144 15332
5144 11550
5144 7768
5144 40928
38482 44268
38482 48074
45403 52498
45403 28518
45403 27407
45403 45403
53515 30768
27475 13567
27475 43749
27475 40928
27475 53915
27475 49695
19496 27616
19496 42315
51443 48806
51443 1711
14322 53157
30671 45242
8583 10165
39116 43749
39116 23420
39116 29679
39116 6886
52516 5375
47225 40938
47225 9589
47225 48753
47225 52944
47225 26316
47225 27815
47225 107
47225 46959
47225 53140
47225 45710
47225 52295
47225 12526
47225 8520
47225 49695
47225 28047
47225 1573
47225 53099
47225 62
47225 46106
47225 49641
47225 13336
47225 44814
47225 46328
47225 10670
47225 52231
47225 53093
47225 46099
47225 11494
47225 47225
47225 35261
47225 8382
47225 4377
47225 16742
47225 2394
47225 4386
47225 18532
47225 48198
47225 5375
47225 12871
47225 2805
47225 31704
47225 52166
47225 49447
47225 35201
47225 3763
47225 26960
47225 26453
47225 34853
47225 33164
47225 7581
47225 50621
47225 39764
10586 13715
10586 51175
10586 49837
10586 482
9160 16188
50401 310
50401 51718
50401 6887
50401 8672
50401 13559
50401 2179
50401 38596
50401 53778
50401 263
50401 26316
50401 40894
50401 11550
50401 25861
50401 47012
50401 51955
50401 5026
50401 46694
50401 50401
50401 307
10673 51951
21783 17529
1468 52293
1468 21992
1468 35261
919 14390
919 44268
919 22317
919 8804
22720 46390
22720 26316
22720 22720
22720 52572
22720 36204
22720 40928
9659 10627
51114 10666
51943 20444
31740 44323
52217 19587
43838 15947
13321 47012
13321 8972
5828 37068
52162 50444
37151 37151
37151 40928
37151 48198
1980 289
1980 19943
53207 10806
53207 4377
53207 14390
53207 53207
6837 3588
16898 7920
29485 51705
29485 44268
29485 36063
20576 37947
14306 43639
14306 23420
14306 47779
45193 45193
45193 14390
45193 13241
45193 22317
14515 1548
14515 4377
14515 14515
14515 52995
14515 43660
14515 53855
14515 22317
14515 19584
51170 8672
51170 51166
12546 13199
20165 26316
42084 34209
42084 42084
42084 51353
42084 11562
42084 46106
32077 6622
53851 52111
53851 38194
27264 17835
27264 27264
27264 14390
27264 31416
27264 7122
27264 8804
27264 52073
27264 26316
27264 42315
52150 44268
52150 38194
15981 13199
52902 31416
52902 26316
42225 25193
45150 51353
45150 4825
45150 16487
45150 11550
45150 44473
36502 18532
26262 28565
26262 12526
26262 4896
26262 54277
26262 29837
51718 4377
51718 613
50120 25861
50120 52177
51461 26316
40928 53511
40928 40938
40928 7813
40928 19841
40928 53358
40928 47544
40928 34785
40928 46959
40928 2962
40928 50000
40928 9589
40928 253270
40928 53859
40928 51502
40928 15986
40928 35959
40928 34998
40928 45635
40928 26316
40928 6938
40928 51902
40928 23317
40928 48702
40928 47042
40928 22580
40928 53970
40928 51225
40928 53394
40928 53362
40928 49841
40928 32931
40928 28996
40928 492
40928 48009
40928 8672
40928 52583
40928 19342
40928 48685
40928 2553
40928 43253
40928 19455
40928 3589
40928 3948
40928 26960
40928 8520
40928 52740
40928 2470
40928 45242
40928 45197
40928 47092
40928 2108
40928 34020
40928 11177
40928 310
40928 134
40928 36959
40928 33423
40928 53635
40928 36330
40928 40928
40928 50544
40928 53463
40928 36565
40928 53401
40928 44540
40928 6879
40928 28404
40928 50645
40928 53108
40928 53382
40928 6229
1584 8169
1584 828
53272 4377
25049 8972
10892 53921
10892 22317
10892 53922
51737 120657
51737 52492
15216 15216
14474 21992
14474 26316
53205 53205
53205 42245
53205 9350
49920 37397
49920 6901
52316 52351
52316 36842
53156 45635
53156 53184
885 4952
885 1572
885 705
42674 37386
42674 26316
1548 1548
1548 10165
1548 29347
1548 37009
1548 52643
1548 53321
1548 52123
1548 4377
1548 53640
1548 23713
1548 4952
1548 18961
1548 52911
1548 31449
1548 31704
1548 6574
1548 50952
1548 8972
1548 53611
1548 270
1548 35417
1548 865
1548 241
31899 289
31899 33979
31899 31899
31899 15881
31899 51357
31899 8672
31899 2924
31899 43225
986 1
986 986
781 49497
781 81768
781 41223
51352 38129
51352 51352
53674 26960
53674 13567
40641 310
40641 1304
40641 36601
52327 8382
32293 11027
32293 19841
32293 54068
32293 54081
32293 8672
32293 32293
32293 33809
32293 11550
42790 52440
42790 45996
42790 19943
42790 26316
29434 29434
29434 8903
31972 44936
52613 52613
52613 12077
52613 14664
25472 39421
25472 4390
25472 25472
9905 234
39401 6574
39401 17733
39401 52265
10829 51569
12912 11027
39089 52534
34188 45061
34188 21415
17189 51087
17189 372751
48475 7572
307 310
307 37321
307 24082
307 10215
307 16458
307 50170
307 50544
307 50372
307 51865
307 27086
307 66297
307 17704
307 307
307 50497
307 48597
307 107
307 29347
307 45683
33666 4386
33666 6574
53887 52378
27616 51200
27616 42315
27616 27616
45675 34844
1501 11550
1501 26316
34020 36565
19670 7401
19670 33901
19670 22317
19670 49371
52690 13567
38054 7778
38054 73586
9538 1931
14530 310
14530 14530
14530 1686
36553 49499
50927 48198
51588 50771
51588 2377
52463 22317
52463 52463
50883 15489
50883 50883
50883 33060
50883 48600
50883 33979
50883 8346
50883 51905
50883 42315
50883 39366
50883 53790
50883 26316
50883 51353
50883 52492
4358 27956
4358 22679
4358 4124
56614 26316
7633 4988
7633 7633
44895 8829
44895 13567
51803 35887
192 1
51173 50444
51338 51989
16582 27407
16582 53093
16582 52499
16582 51917
16582 13559
16582 42315
16582 4530
16582 1240
16582 26453
16582 16582
16582 1780
2419 45196
2419 11550
2419 36601
4487 42315
4487 4487
4487 1686
4487 26316
50949 3773
50949 50949
50949 61592
50949 12296
50949 6830
4022 15332
15774 51846
15774 5858
15774 51968
15774 41842
15774 66522
15774 51917
15774 15774
4850 44957
4850 48078
52071 52071
52071 42618
52071 2179
44051 15291
22187 5495
3304 2183
3304 23095
51861 51861
51861 52440
235 92953
51980 5244
22584 6164
22584 4782
22584 35417
22584 22714
22584 22317
22584 22584
54415 53111
2695 33060
5636 14390
5636 8804
53389 482
51120 2590
51042 40044
51807 45996
51807 42315
10799 289
10799 6764
10799 88023
17851 7581
53351 26453
2627 51573
35720 35720
53270 8972
53270 53393
53270 14664
51883 5375
12760 53648
32782 32782
32782 14664
44643 482
41443 41443
41443 8972
3108 28152
134 134
134 43645
19459 21819
19459 51300
19459 54081
52231 4377
52231 52231
50743 839
80349 5130
30216 30216
20964 20964
50372 52498
50372 482
50372 52129
50372 24604
50372 52551
38185 51832
49865 52166
49865 28328
13101 13101
13101 1686
52415 1909
2446 12305
46058 48515
25095 40044
17671 51717
2812 17425
2812 482
2812 53366
2812 19999
2812 1048
30621 5403
30621 1686
23176 17304
54006 54006
54006 43195
54006 26316
15552 38848
15552 15552
15552 22580
15552 7813
15552 54277
9064 43024
28859 4377
37397 14390
52602 52602
52975 13567
699 9589
19225 11494
19225 14596
19225 19225
51306 9541
28764 52784
29990 29990
29990 37947
29990 36601
9749 37246
3007 41646
5284 73802
44768 2474
52862 52862
52862 50080
52862 51475
52862 42716
6734 15184
52018 52033
52018 263
52018 26316
52018 19841
52018 49695
52018 1304
52018 3981
38117 66297
38117 38117
53591 19841
53591 36565
53591 53510
81240 47061
51006 26316
51499 51499
51499 42315
11045 28834
11045 49889
7345 19841
7345 7345
46739 39366
46739 42245
46739 46739
19999 2127
19999 49009
19999 50961
19999 16373
19999 52577
19999 52617
19999 4952
19999 46333
19999 52246
19999 43891
19999 50481
19999 2377
19999 19999
19999 17304
19999 33464
19999 36565
19999 50952
19999 22317
19999 26453
19999 1763
19999 50966
19999 16487
19999 2936
19999 560
19999 51602
19999 11240
19999 51694
19999 38194
19999 13326
19999 52310
19999 10683
19999 3275
19999 46659
19999 16190
19999 36342
19999 51868
19999 20196
19999 51152
19999 8990
19999 4377
19999 37068
19999 32616
19999 34439
19999 14390
19999 50313
19999 2176
42503 32629
42503 1711
13018 52637
53859 4386
53286 289
53286 8672
47523 11550
47779 5761
15986 47043
15986 53093
15986 46099
15986 3707
15986 4386
40350 46694
40350 53772
40350 26732
40350 241
40350 37095
40350 1931
37604 52119
4612 5160
4612 4612
4612 11550
53430 20918
7850 53290
13178 47291
13143 8672
13143 26316
723 2118
53260 22679
50566 19841
42796 53875
2962 2962
2962 19396
2962 6767
2962 4386
2962 6574
2962 20088
4377 7813
4377 28152
4377 36601
4377 19993
4377 37734
4377 51092
4377 15892
4377 34893
4377 35791
4377 51917
4377 53352
4377 52792
4377 978
4377 4595
4377 19926
4377 10670
4377 42672
4377 51110
4377 4377
4377 52304
4377 44957
4377 48215
4377 23317
4377 8077
4377 21214
4377 18677
4377 6574
4377 7787
4377 11510
4377 26960
4377 33164
4377 48600
4377 52519
4377 48000
4377 310
4377 53722
4377 28411
4377 8169
4377 38466
4377 51292
4377 107
4377 42858
4377 8526
4377 49831
4377 53650
4377 36154
4377 47092
4377 49695
4377 50611
4377 45107
4377 51169
4377 53218
4377 46764
4377 15090
4377 20037
4377 11550
4377 8707
4377 52350
4377 24082
4377 51975
4377 752
4377 52761
4377 28404
4377 8346
4377 1302
4377 17428
4377 31411
4377 1352
4377 13567
4377 47732
4377 51065
4377 16927
4377 29063
4377 8972
4377 24368
4377 52111
4377 14782
4377 23420
4377 915
4377 51869
4377 14596
4377 33060
4377 46099
4377 10396
4377 45635
4377 52496
4377 6998
4377 2183
4377 37348
4377 13889
4377 6938
4377 24524
4377 53223
4377 18587
4377 51995
4377 48685
4377 53454
4377 51136
4377 41751
4377 37896
4377 1021
4377 24901
4377 52062
4377 51133
4377 53108
4377 1686
4377 39366
4377 51997
4377 7891
4377 48219
4377 17425
4377 53360
4377 49019
4377 53388
4377 289
4377 34844
4377 37281
4377 828
4377 42315
4377 27621
4377 12077
4377 241
4377 26906
4377 25517
4377 2101
4377 35197
4377 11945
4377 9291
4377 52846
4377 8011
4377 53809
4377 36314
4377 50975
4377 35261
4377 27043
4377 11177
4377 16621
4377 40526
4377 14390
4377 3589
4377 37068
4377 28981
4377 37742
4377 34323
4377 35492
4377 48697
53767 3242
53767 2115
53767 73139
53767 80006
6118 2213
1242 209777
1242 47588
51667 11955
51667 8691
53868 35179
53868 53868
53868 38194
53868 22317
51057 46328
52719 6371
28101 52968
28101 37135
21214 4698
21214 21214
10554 9887
10554 11028
10554 978
10554 10554
1146 1146
1146 47305
1146 5424
1146 4515
1146 4102
1146 49928
1146 28015
1146 45635
1146 3981
10894 21353
49981 49981
52838 8672
41160 45572
41160 46257
50313 48992
50970 2702
50970 8672
50970 2377
50970 19841
50970 50970
2926 46846
52163 2108
46456 17733
492 28518
492 42198
492 53576
185697 5761
37501 37501
37501 34844
2432 51574
7009 105
25351 23461
28411 33060
28411 32022
28411 4503
28411 47794
28411 50952
28411 650
28411 28411
28411 49371
28411 38019
28411 3155
28411 50497
28411 15134
28411 36342
28411 23461
52853 23077
31426 42671
50481 50481
50481 44268
59932 53500
40756 13201
40756 660
2089 50896
2089 1285
29514 61348
52073 15947
52073 8580
52073 52073
50952 50952
50952 7778
50952 51658
50952 50939
50952 51082
50952 36342
53943 20520
13748 1843
13748 37634
5318 11204
5318 4386
5318 289
5318 43749
7206 52655
7206 46106
3165 17166
52166 46959
52166 52733
52166 46390
52166 52676
52166 40192
52166 7597
52166 42315
52166 52598
52166 14782
52166 48574
52166 52166
52166 21717
3411 10627
16847 6371
16847 11550
482 54022
482 27407
482 53375
482 37009
482 8672
482 24065
482 6813
482 4143
482 48219
482 34844
482 1913
482 52551
482 53355
482 27449
482 32792
482 23420
482 19943
482 29695
482 45539
482 2924
482 14782
482 978
482 51175
482 33060
482 4278
482 51082
482 10080
482 52375
482 15202
482 482
482 53218
482 33377
482 29404
482 18532
482 6998
482 44957
482 5424
482 26316
482 8691
482 42672
482 22317
482 51929
482 40526
482 54007
482 52387
482 29641
482 46694
482 53309
482 51917
51932 45996
32072 50876
27723 289
27723 52630
27723 241
27723 27723
27723 19841
27723 8672
27723 13826
27723 24641
27723 39108
27723 51274
27723 53637
27723 12461
27723 42315
27723 22317
27723 34853
27723 42245
27723 1304
5044 6866
5044 53333
5044 13241
5044 38821
5044 8672
5044 33274
17166 10439
16492 51310
47043 40938
22345 48624
22345 8520
22345 37634
50833 46099
50833 46328
50833 36601
50833 50833
737 39452
1962 52303
34449 52029
34449 13608
34449 27449
9352 24925
9352 8972
52350 29798
51662 60998
6879 6879
6879 6574
6879 10553
6879 52251
6879 10367
6879 52304
6879 2108
6879 45331
6879 34844
6879 45635
6879 23461
37137 26316
46482 54272
2188 51501
53877 26316
53877 42315
46685 33274
47191 2213
51274 48766
51274 52111
51274 60998
51274 37391
51274 8672
51274 16373
51274 51274
51274 7467
51274 42672
34130 51395
34130 42271
37871 51263
51763 32633
51763 51300
1041 52668
1041 51654
212 9593
40192 46959
40192 18961
40192 942
1162 53138
442 36601
442 30697
53585 53747
53585 8672
53585 2628
53585 42672
53585 52911
53585 53585
53585 42315
39925 40894
39925 39925
39925 26960
49861 48219
49861 45996
49861 53375
49861 40564
49861 19841
49861 47092
49861 6574
49861 34785
49861 9222
49861 51759
49861 36582
49861 15881
49861 52482
49861 26316
49861 11215
49861 33069
49861 49861
49861 11718
13502 8346
13502 13502
13502 26453
13502 11550
102 48992
45433 45433
45433 23420
45433 2213
45433 213
45433 8972
22936 46328
22936 51353
26453 14596
26453 44540
26453 52734
26453 32766
26453 8169
26453 26316
26453 15134
26453 51705
26453 12567
26453 26453
26453 43749
26453 50080
26453 34853
44212 51353
44212 51300
44212 33274
44212 44212
16465 39240
16465 13663
50329 51554
3601 45635
51031 51906
51031 31676
51031 46328
51031 11887
51031 18894
51031 28404
51031 49788
51031 51557
51031 51031
51031 32448
51031 51569
51031 4386
51031 50211
51031 51048
51031 45331
51031 20520
39558 11494
39806 8672
49328 49328
49328 3981
49328 42315
27886 52526
27886 51092
4527 50080
14706 20444
14706 31680
14706 42672
14706 14706
10298 10298
33060 8972
33060 50425
33060 35493
33060 44110
33060 9792
33060 50724
33060 51800
33060 32616
33060 15013
33060 7018
33060 41757
33060 14741
33060 33060
33060 310
33060 42315
33060 52492
33060 907
33060 51169
33060 43284
33060 4804
33060 46108
33060 45996
33060 21488
33060 18809
33060 53325
33060 51869
33060 1931
33060 11945
33060 52309
33060 29404
33060 1348
33060 2203
33060 14827
33060 26316
33060 50497
33060 25944
33060 22317
33060 51902
33060 7467
33060 473
33060 2001
33060 13241
33060 52387
33060 34844
33060 39876
33060 53173
33060 48978
33060 43404
51494 45662
51494 8972
52496 52499
52496 52501
31052 53233
31052 1048
31052 42315
31052 31052
31052 4733
52659 14796
52083 52534
52720 8972
5001 5672
5001 51852
48198 46328
48198 942
48198 8672
48198 52944
48198 39366
48198 16701
48198 39357
48198 52928
48198 43749
48198 8861
48198 51658
48198 42245
48198 48198
48198 9350
48198 46959
48198 31704
48198 47042
48198 51368
48198 4561
48198 47092
48198 38174
48198 53063
48198 31266
48198 34636
48198 49889
7096 38004
48539 5375
48539 48539
53111 53189
53111 26385
53111 16001
53111 35950
53111 53111
40564 44957
40564 35072
40564 7144
3630 51818
3630 6588
3630 2590
660 50093
660 51891
660 19404
660 26960
660 660
660 45635
660 13567
660 53998
660 28518
660 265
660 40490
660 6295
660 43749
660 14878
660 558
48409 8672
51785 41646
51136 51136
51136 34844
51136 6965
34439 3981
34439 51621
34439 2471
34439 34439
34439 4988
34439 45635
34439 730
28598 28598
28598 5966
28598 42315
28598 4086
28598 40044
28598 1686
28598 22317
54084 310
12871 52498
12871 48600
12871 46328
12871 48074
12871 8672
12871 3802
12871 23420
46481 49528
21805 2377
21805 21805
52525 20444
52525 52525
24901 49687
24901 23461
52450 52450
52450 8972
44255 35417
44255 44268
44255 26316
52929 20037
52929 34893
802 18896
50801 52812
52511 52511
52511 52492
52511 4595
51288 26960
51288 8672
4122 8672
53360 649
53360 32022
53388 53437
53388 10165
53388 22507
53388 3004
53388 3948
53388 23219
53388 5554
53388 53719
44200 40861
52476 46328
53395 53434
27865 50568
27865 2213
27865 26316
51273 51211
51121 50768
82512 53601
52763 50080
27334 52767
53747 1302
53747 3956
51513 8672
9593 50991
6947 310
6947 107
28893 48807
28893 4433
52253 26316
4456 48199
51431 51645
1760 45635
1760 10581
48074 39366
48074 11495
48074 4257
48074 19434
48074 51747
4386 40938
4386 7662
4386 9589
4386 19841
4386 32692
4386 52141
4386 51314
4386 7283
4386 920
4386 16170
4386 107
4386 31673
4386 37095
4386 48441
4386 47000
4386 24620
4386 8972
4386 1
4386 4115
4386 52607
4386 51636
4386 46328
4386 54085
4386 2213
4386 44422
4386 2183
4386 12163
4386 49207
4386 52059
4386 43749
4386 4386
4386 27037
4386 46475
4386 51850
4386 22067
4386 50963
4386 39849
4386 31704
4386 53937
4386 52729
4386 50104
4386 11510
4386 31481
4386 38852
4386 21717
40375 14390
213 50442
213 828
40271 14452
52971 52746
51457 13142
16621 1931
16621 16621
16621 10827
16621 51475
16621 5106
53394 53394
53394 53491
50080 9887
50080 40684
50080 9019
50080 828
50080 50080
21840 37464
21840 21840
1769 43749
51757 51757
38035 7
5130 5130
54277 152
54277 46108
54277 4825
54277 12079
54277 3981
33071 6091
53548 53548
5947 20444
5947 20578
5947 436
1112 44084
1112 47012
1112 12773
1112 2176
1112 52576
1112 4143
1112 12461
2705 2705
53748 10616
7074 53029
41335 31416
16903 39901
815 31673
54031 46328
52743 17923
50208 14848
50208 241
50208 1931
50208 50208
50208 27043
50208 48624
50208 828
50208 23483
50208 15881
53565 26316
2373 51353
2373 1931
2373 23420
2373 2373
2373 52368
2373 3981
53771 42245
53771 53873
45805 45805
37734 37734
37734 44957
37734 7662
37734 51175
37734 45635
37734 42315
37734 35197
37734 9571
37734 41423
6686 19841
6686 43749
6686 6686
6686 51353
53853 52111
53853 41865
52922 2765
52922 7951
35474 50497
35474 8520
37947 25071
37947 2597
37947 375
37947 51629
37947 43833
37947 828
37947 32448
37947 2523
37947 26316
37947 27543
37947 30194
37947 34844
37947 46106
37947 7467
37947 37947
52965 23420
52965 26316
50000 48624
50000 50000
50000 26316
50000 43749
50000 52757
50000 34844
50000 13567
50000 1304
4 21715
4 52914
2805 52498
2805 47798
2805 2805
2805 40592
2805 13567
2805 6998
2805 52844
2805 5424
2805 52016
2805 42315
2805 23461
2748 62611
26396 47659
51294 4865
168678 53009
52243 26316
46764 9961
46764 46328
46764 14390
46764 5160
46764 1304
46764 42315
19926 47012
19926 8804
19926 16806
19926 52440
19926 52293
19926 17733
19926 26316
19926 42315
1555 48807
44725 15275
34047 51319
49240 17733
49240 51134
49240 54081
49240 54068
51906 51906
51906 5495
51906 17733
51906 15410
51906 52063
51906 34844
51906 45635
51906 42341
27958 16659
45046 53184
53376 1489
33701 51166
33701 50688
51155 9404
35950 13567
35950 17304
35950 31680
35950 8672
35950 35950
53146 26316
53146 15844
53146 42315
53442 1209
35417 49902
35417 46328
35417 4577
35417 51327
35417 29641
35417 30624
35417 15266
35417 2213
35417 52641
35417 36842
35417 35417
35417 5858
35417 11184
62456 69205
62456 42315
5200 6574
5200 5200
11625 11625
51083 19841
51083 33300
51083 51083
7546 17428
8077 39366
8077 8672
8077 265
8077 6574
52657 52713
6625 11004
52776 36187
52776 25123
51067 50444
1578 31262
27478 49227
53052 8672
37299 15947
865 476
46872 52118
46872 46872
46872 28451
53556 11967
6044 48600
6044 37634
45153 45153
52312 9679
52312 14827
52312 52440
52312 26316
49838 14782
50724 2938
52101 34442
27374 57916
13137 5495
721 39901
6036 49647
12858 47257
12858 14596
12858 12858
12858 20444
12858 29881
12858 11550
12858 23461
51254 51254
51254 907
51254 34419
51254 17304
21353 21353
21353 52440
21353 52387
21353 649
3516 35728
52911 10754
52911 43565
52911 8672
52911 45635
52911 37468
52911 53814
52911 51705
52911 20037
52911 48804
52911 51426
52911 47992
52911 9825
52911 13560
52911 52911
52911 10875
52911 52937
52911 14797
52911 13559
52911 53682
52911 47012
52911 52674
52911 53182
52911 15881
52911 2474
52911 43749
52911 4433
4329 52484
48017 14390
717 52143
24489 24506
24489 24489
52308 44746
1573 1573
1573 48078
1573 310
1573 39966
1573 10581
5554 8672
5554 5554
24524 1304
47794 19832
47794 1
47794 41222
47794 265
47794 51197
47794 35261
47794 53502
47794 4143
47794 51796
47794 46694
47794 47794
47794 32629
47794 11550
47794 18970
37391 26316
24454 25054
4434 47525
51048 2377
51048 16115
51048 8972
49839 8672
49839 49839
49695 46959
49695 6574
49695 49695
49695 23461
53484 41124
1642 1642
1642 53050
44403 289
44403 53206
44403 1048
44403 44403
44403 26316
44403 8672
44403 42245
44403 1686
44403 14664
52490 6884
21207 17733
21207 5026
51910 28795
51709 2484
11162 22317
1981 13536
41314 16806
52597 17907
37470 37470
37470 39764
46775 53915
48253 19841
48253 50497
48253 48807
33332 1931
3103 2213
39528 42471
1346 8536
1346 19986
1346 2590
52035 1911
16196 1686
53746 1845
53746 6067
17907 39753
8826 34853
50195 19841
50195 50195
1257 5026
27407 12221
27407 27407
27407 50810
27407 46257
27407 39966
27407 52794
27407 16701
27407 20037
27407 11495
27407 3589
27407 46652
27407 24064
27407 27043
27407 52143
27407 2590
21697 48807
43024 28251
43024 1909
43024 49019
43024 19584
28194 52058
28194 53354
28194 31416
28194 52126
52944 36314
52944 52944
52944 53189
50844 17747
50844 29837
50844 50844
6 1254
55923 2377
55923 34535
55923 43749
55923 48281
55923 55923
55923 31416
41653 20074
41653 923
52535 51569
53306 46328
48804 49902
6940 23077
32359 40025
32359 32359
12461 49902
12461 46580
12461 8672
12461 22317
12461 1048
12461 26316
12461 1339
12461 12461
679 40938
1967 15114
51542 13199
8804 53032
8804 310
8804 51353
8804 39293
8804 9589
8804 51072
8804 12782
8804 33979
8804 36601
8804 49497
8804 4278
8804 53219
8804 26381
8804 26316
8804 7778
8804 25869
8804 241
8804 51522
8804 53610
8804 14827
8804 8804
8804 42315
8804 51544
8804 53931
8804 48807
8804 53782
8804 8672
8804 1467
8804 53325
8804 10075
8804 51480
8804 43384
51485 13199
10553 49889
10553 20329
10553 1267
10553 9589
10553 6574
10553 10553
10553 12163
46741 16754
10461 9121
3977 53269
54055 43639
54055 23461
48034 13731
16487 13706
16487 46445
16487 16487
16487 41757
16487 53789
16487 43335
16487 22317
52474 43521
52474 16701
52474 45662
51869 51869
51537 51999
51537 2394
15267 40044
15267 15267
52576 289
52576 9222
52576 31416
52576 52576
52576 22017
49371 34323
39505 51310
51365 29241
51365 51365
13415 32616
51434 51434
51434 51452
46052 46328
46052 52995
46052 26316
46052 53654
46052 32022
46052 18532
46052 45242
46052 2213
23634 47633
23634 22317
13889 13889
13889 1931
13889 9172
22317 48992
22317 657
22317 37009
22317 3242
22317 16373
22317 38871
22317 48807
22317 15184
22317 52375
22317 40684
22317 45465
22317 33464
22317 13826
22317 22317
22317 53637
22317 53913
22317 16909
22317 1348
22317 13936
22317 28015
22317 51543
22317 15589
22317 43288
22317 1
22317 51649
22317 52378
22317 51881
22317 54013
22317 37122
22317 44957
22317 15881
22317 43749
22317 51648
22317 16483
22317 39966
22317 53575
22317 16806
22317 8990
22317 9495
22317 44268
22317 16344
22317 15202
22317 27272
22317 8719
22317 2590
22317 1021
22317 48600
22317 52630
22317 42913
22317 49796
22317 2597
22317 52583
22317 35269
22317 49497
22317 7778
22317 9469
22317 27543
22317 4952
22317 31416
22317 53274
22317 1913
22317 29142
22317 49528
22317 2087
22317 32616
22317 42315
22317 50921
22317 40861
22317 47392
22317 5113
22317 3548
22317 2936
22317 1339
22317 54088
22317 11027
22317 310
22317 53456
22317 41699
22317 39008
22317 53552
22317 52123
22317 4278
22317 37066
22317 53630
22317 15013
22317 44422
22317 27043
22317 36342
22317 2901
22317 3128
22317 24163
22317 4782
22317 53182
22317 38194
22317 18894
22317 46712
22317 53960
22317 14390
22317 46924
22317 53809
22317 3981
22317 15114
22317 53640
50662 48624
101274 51654
49713 34113
49713 43384
53142 107
13079 289
13079 2553
13079 1572
13079 13079
51889 8972
45087 13559
53646 1352
53646 26316
42716 7018
42716 51475
42716 42716
42716 2055
42716 6371
42716 17304
42716 43749
57916 1785
15202 15202
52806 50755
31491 51933
31491 31491
23235 54721
49334 24885
43565 50385
6173 6173
9205 29617
52655 52673
52655 52642
2765 52614
2765 2765
2765 38174
2765 37742
7061 40981
7061 53174
7061 7061
43420 50503
52255 42773
52275 45996
52275 21992
51599 51596
51599 52124
51301 23420
51301 52246
1103 51521
1103 978
2901 48600
2901 46542
2901 47588
2901 27043
8651 11510
8651 48600
8651 37634
8651 45662
8651 8651
53184 53128
32448 32448
32448 26316
32448 52440
32448 17428
32448 25861
32448 51424
49016 19493
4084 52033
18151 53737
18151 51037
51090 43284
48199 2055
48199 51427
48199 39357
48199 13199
48199 46445
48199 51480
48199 51989
48199 48199
12221 12221
12221 31481
12221 49019
12221 13559
46694 46694
46694 978
46694 48568
46694 2108
46694 22017
52210 1852
30091 51969
30091 46846
30091 5424
30091 48807
12782 17835
50708 19841
50708 14664
50708 50708
50708 42315
52860 4997
39201 8639
39201 39201
39201 29938
39201 52650
18483 18483
44528 34853
2394 11724
2394 11028
2394 53128
2394 2394
2394 50957
2394 45635
2394 1304
1958 53588
19832 25383
19832 1931
53099 52614
53099 53099
53099 37634
1343 3441
52252 1
52252 22017
41610 53931
41610 41610
36876 36342
13827 30574
13827 53917
5377 72705
33677 33677
33677 32836
33677 42672
9404 35478
51446 7018
53422 38949
53422 26316
52815 52821
52815 51353
6442 16701
6442 3298
6442 6442
6442 8972
53511 53511
53511 10165
53511 20088
48762 2127
3993 7733
32623 46328
48753 3981
7166 8672
1665 1429
2855 52370
2855 2108
2855 52079
2855 45242
47257 14596
47257 2377
47257 16819
47257 2591
47257 21951
47257 38540
47257 53287
47257 47494
47257 51658
47257 47257
47257 25861
47257 35534
51935 33408
46959 46328
46959 51353
46959 52914
46959 29881
46959 13567
46959 42672
46959 4530
46959 26316
46959 48281
46959 11550
46959 46959
46959 51300
46959 52937
46959 52540
46959 3981
51768 51272
51768 45635
8580 8580
50389 34113
50389 50389
50389 310
50389 42315
51211 310
51211 46328
51211 2377
51211 51329
51211 40044
51917 31416
51917 45635
51917 51917
51917 42315
51917 16701
51917 13520
51917 42446
51917 11550
33924 7672
33924 8672
33924 24757
33924 5424
53614 3981
8811 10551
50385 40938
50385 51300
50385 3154
50385 39966
50385 40873
50385 31266
50385 53782
50385 39366
50385 51124
50385 38596
50385 50385
50385 7216
50385 43749
50385 53063
50385 42245
50385 5026
50385 2183
50385 43384
4865 42672
35006 39264
25193 25193
23954 23954
23954 13567
31111 11374
24065 19943
1931 8972
1931 828
1931 52410
1931 28152
1931 36601
1931 14664
1931 53421
1931 33646
1931 46718
1931 52413
1931 23461
1931 29241
1931 38194
1931 27449
1931 316
1931 52642
1931 42315
1931 27086
1931 51989
1931 53006
1931 310
1931 2263
1931 46328
1931 1931
1931 51421
1931 53218
1931 45635
1931 42672
1931 27037
1931 46846
1931 6574
1931 15196
1931 36182
1931 24460
1931 12311
9519 8851
9519 39285
41916 14848
21951 21951
21951 39966
53299 40894
53299 47012
13731 13731
13731 46328
13731 50771
13731 17835
13731 18532
13731 45242
13731 8972
51110 9019
51110 6767
51140 51140
51905 25944
51905 14827
51905 51905
51905 26316
48215 5424
48215 26633
43749 18594
43749 7018
43749 22055
43749 19841
43749 36601
43749 53009
43749 27815
43749 34893
43749 52540
43749 1209
43749 51372
43749 24620
43749 27043
43749 42672
43749 6229
43749 52800
43749 24064
43749 46328
43749 1101
43749 45635
43749 53855
43749 51621
43749 13567
43749 26316
43749 43749
43749 6938
43749 29647
43749 35243
43749 53575
43749 39264
43749 53634
43749 16001
43749 14848
43749 48600
43749 4515
43749 8672
43749 52328
43749 25165
43749 33705
43749 34844
43749 1304
43749 50928
43749 9599
43749 53952
43749 828
43749 6905
43749 5072
43749 4732
43749 2108
43749 31266
43749 23567
43749 50918
43749 28637
43749 289
43749 8707
43749 39118
43749 52309
43749 53158
43749 51658
43749 11550
43749 5026
43749 241
43749 39616
43749 44540
43749 20037
43749 19396
43749 50621
43749 49447
43749 22067
43749 22580
43749 80006
43749 15881
43749 53108
43749 32044
43749 48697
43749 53640
10746 51413
44068 52914
44068 11550
47349 11292
47349 8972
14146 40684
2123 2213
42635 42635
42635 48777
53634 53634
53634 51300
53634 18809
53634 51658
52008 50104
48078 828
48078 48078
48078 8672
48078 51175
48078 26316
48078 34463
18771 3026
49923 49923
49923 26316
804 52040
39281 52498
53697 20075
53697 31416
53697 53697
48000 48000
48000 5113
45710 48600
45710 29647
45710 13567
45710 8972
52645 33877
49611 48376
1544 51064
1544 14782
1544 23461
2471 1752
2471 4988
2471 4782
52887 26316
33482 33482
32633 32633
32633 53044
32633 26316
32633 39966
32633 42245
23079 46099
52394 289
52394 52394
3760 8672
6905 8672
6905 48499
6905 51027
1829 45242
163858 52062
51530 38949
51207 50425
6884 49207
3509 13559
29338 51366
53682 51353
52404 90
373 48807
5113 49902
5113 53305
5113 29562
5113 34844
33377 52492
52146 6574
53379 53416
53379 35478
52614 52614
52614 52733
52614 53375
52614 53321
52614 52328
52614 12753
52614 1302
52614 10618
52614 241
52614 7807
52614 53280
47776 51658
8076 50771
8076 51000
51960 795
25108 27904
25108 23483
25108 12018
19688 19688
19688 23461
19231 53657
19231 52365
19231 24757
53437 53437
53437 26316
33397 23420
16910 52846
16742 16742
32279 289
32279 32279
38877 38244
38877 11724
22714 45635
22714 53400
22714 2101
266 17492
266 8323
266 7902
266 10131
44052 45818
53294 53293
12538 35728
49902 52577
49902 5761
49902 52630
49902 51648
49902 44957
49902 26316
49902 6938
49902 5026
49902 49902
49902 52651
49902 31704
49902 52499
49902 1304
49902 51295
49902 19243
49902 53784
49902 39452
45818 310
9961 34463
9961 23461
46462 8672
46462 6813
46462 46462
46462 20037
4896 25744
4896 52213
52387 51175
52387 52387
52387 42315
52387 48615
52387 52547
52387 52439
49760 40044
31481 53321
31481 51272
31481 41699
37464 11204
37464 37464
37464 14161
37464 10954
44435 8972
1068 52122
51596 12337
51596 36601
51596 51596
15995 45088
15995 3508
15995 37262
15995 51300
15995 434
51583 233
44857 44857
52760 52733
12311 289
12311 26960
12311 50211
12311 263
12311 12838
12311 8972
12311 8672
12311 107
12311 33300
53983 43451
21 13567
22507 48992
22507 49895
15813 32022
43008 7920
43008 23668
43008 19455
43008 51189
43008 53212
40044 11027
40044 51800
40044 2115
40044 40044
40044 26316
40044 51234
40044 52262
40044 51658
40044 52492
40044 21880
40044 8829
40044 4380
40044 32022
40044 51549
40044 42315
40044 53342
40044 17733
40044 14782
40044 52362
40044 14810
2115 20088
2115 26316
2115 46846
2115 10893
2115 42315
5375 24620
5375 51880
5375 6574
5375 170072
5375 8972
5375 39366
5375 23461
51217 51217
52540 7
52540 10881
52540 11485
52540 31266
52540 52540
51410 20
51410 51410
429 25861
4804 51473
4804 52643
51316 310
51316 42315
52165 2108
53790 289
53208 24368
14735 53008
2597 48992
2597 49207
2597 2597
2597 11945
41751 44625
41751 49548
41751 46108
41751 19841
41751 27043
41751 24898
41751 42315
6887 52088
6887 32204
34998 51319
34998 34965
34998 23461
43833 310
43833 43833
43833 51532
43833 11562
8382 22438
8382 46390
8382 26316
8382 1304
8382 8382
8382 7247
8382 48807
8382 29704
8382 5006
16701 10754
16701 8672
16701 11945
16701 35269
16701 51032
16701 6938
16701 27043
16701 45560
16701 50807
16701 6574
16701 16701
16701 47092
16701 1413
16701 50991
10683 8672
10683 23461
10683 8972
47414 31416
5512 8526
16710 30391
53532 46328
53532 17304
31673 51168
17747 17747
53280 8672
53280 7807
4096 1348
16483 36342
12773 29658
12773 48600
12773 52534
12773 46334
12773 53750
12773 12773
48702 26960
48702 10581
48702 35261
4698 4698
4698 43337
53917 39366
53917 8861
53917 53416
51225 46390
51225 51077
50441 11027
50441 39112
18922 3981
535 51708
535 535
535 29704
535 24620
52449 39112
2281 51004
2281 33300
2281 10551
27272 10618
27272 53778
27272 27272
27272 42672
765 765
45396 24620
16806 1849
16806 16806
16806 50442
16806 15196
43461 43130
7679 46445
51124 3707
51124 51124
51124 48281
28056 46328
62611 83758
62611 46328
62611 19943
62611 64439
62611 40929
62611 20088
29426 29426
29426 33300
29943 47659
29943 53432
13669 42672
15189 6998
52285 2872
41605 41605
41605 47012
6371 289
6371 26960
6371 23420
6371 51573
6371 11550
6371 26316
6371 7149
6371 1304
33431 36565
43015 1711
43015 50896
43015 38596
15844 52498
15844 12337
15844 52499
15844 47449
15844 19584
15898 18809
15898 6574
15898 13559
51096 66522
45242 51738
45242 40938
45242 31416
45242 17835
45242 51539
45242 8672
45242 7742
45242 2523
45242 6112
45242 25598
45242 18532
45242 39479
45242 17896
45242 3154
45242 4618
45242 3958
52834 14390
50921 50921
30695 8463
649 48339
649 50217
649 649
51319 11510
51319 39366
51319 51319
31622 18809
31266 31266
53150 8861
53150 52979
33733 34858
50470 40200
50470 42315
53046 53032
10112 20037
10112 47272
10112 20088
10112 53248
10112 11324
10112 36565
10112 10112
10112 8972
4088 14827
45539 51658
45539 5424
36638 5761
36638 48807
36638 798
36638 978
36638 2293
36638 36638
42341 35343
42341 39901
25861 26960
25861 48574
25861 39966
25861 17733
25861 25861
44540 32629
53012 4433
14117 11274
20196 48992
20196 6229
20196 26316
46965 46965
46965 4595
53960 51658
60998 2736
43031 31416
43031 43031
43031 26316
1245 16468
5342 26316
4860 45197
4860 34209
4860 37634
4860 4860
4860 15090
45163 45662
45163 45163
8972 40408
8972 3983
8972 19841
8972 30846
8972 33038
8972 36601
8972 13567
8972 2054
8972 52969
8972 310
8972 52246
8972 9556
8972 26633
8972 415
8972 27449
8972 51154
8972 12526
8972 32022
8972 53093
8972 32369
8972 8972
8972 52169
8972 38019
8972 33069
8972 52733
8972 31416
8972 1
8972 45635
8972 650
8972 49303
8972 26316
8972 10245
8972 4278
8972 29387
8972 39966
8972 6574
8972 5667
8972 39264
8972 11510
8972 49187
8972 52283
8972 29564
8972 17835
8972 32287
8972 4016
8972 19382
8972 52734
8972 1686
8972 39366
8972 107
8972 1304
8972 23461
8972 34844
8972 42245
8972 12003
8972 2924
8972 8520
8972 36154
8972 42315
8972 1763
8972 2108
8972 1209
8972 28637
8972 13822
8972 20088
8972 4561
8972 53218
8972 53300
8972 52309
8972 50975
8972 11550
8972 35011
8972 4093
8972 37135
8972 11933
8972 48568
8972 27814
8972 2860
29085 263
52124 11134
50469 34853
38871 38871
38871 26316
10165 10165
10165 4390
10165 6574
10165 52358
10165 39366
10165 11495
10165 10127
10165 27037
10165 23219
51747 40938
51747 1946
51747 51929
51747 53182
51747 8672
51747 22438
51747 51747
51747 19841
51747 51909
51747 8829
51747 51989
51747 10080
51747 51902
51747 23483
15896 52538
15896 51652
15896 17529
15896 53212
50916 31416
50916 23461
43846 8672
9825 9825
9825 1780
9825 20088
13743 15903
13743 13743
13743 50810
13743 17980
76250 52062
53627 38949
53627 270
52362 21992
17516 51172
38352 38352
38352 26316
38352 30913
38352 29881
3082 289
52622 42315
48624 25866
48624 3589
48624 9589
48624 12786
48624 8672
48624 48624
48624 20037
48624 17529
48624 33114
48624 37722
48624 52072
48624 50771
48624 42315
48624 41842
40861 6164
47833 6406
50277 51087
51989 37634
51989 11550
51989 26316
51989 51989
51989 20088
1577 40908
61348 8452
10670 8672
10670 39366
10670 26316
10670 10670
10670 11550
10670 1177
10670 45635
52218 52218
1 7
1 19382
1 1780
1 14398
1 22580
1 7525
1 894
1 1
1 1240
1 22697
1 839
1 5131
1 22536
52643 241
51881 23461
7808 26316
10551 978
10551 10551
51323 47659
10881 31840
51066 51066
51066 36873
51066 36601
51066 37742
9496 9496
11987 53334
34087 44268
34087 34087
6631 106042
6631 6631
6631 36601
40566 43335
11510 28637
11510 48600
11510 51004
11510 39366
11510 26960
11510 49184
11510 11510
11510 241
11510 52492
8327 11797
8327 51065
40948 26316
118 7493
44406 266387
44406 34444
44406 45517
44406 23461
17780 4937
17780 45020
52049 2392
42913 43195
45020 45020
45020 51724
52552 8672
52552 51475
52552 52552
52330 25517
52330 50497
451 19841
451 451
451 53127
451 1505
11028 2127
11028 11028
11028 29798
11028 18587
11028 2351
11028 53128
11028 43164
51500 9589
52164 31416
51776 7305
35995 39366
35995 35995
53189 12567
53189 8851
41836 34682
2470 2470
2470 8672
2470 6229
25491 13997
46106 9679
46106 51522
46106 51004
46106 6574
46106 46106
46106 46542
14103 1339
37896 8672
37896 52123
37896 3128
37896 18019
37896 38873
37896 14078
37896 51557
37896 37018
37896 26316
37896 4952
37896 15114
37896 37896
39938 39938
12485 28637
52380 52293
6588 8672
6588 41423
45662 28637
45662 14201
45662 8672
51658 4102
51658 6901
51658 13567
51658 22121
51658 26316
51658 51658
51658 34844
51658 6127
51658 1092
51658 15120
51658 42672
51658 53637
51658 47948
51658 42198
44555 10875
44555 6574
27727 52998
34196 34196
34196 49207
34196 52492
34196 45996
6354 52442
6354 52733
6354 1413
6354 48219
14709 51448
43891 3802
37844 38308
37844 14848
2176 26960
8581 13241
7430 560
24757 51475
613 47012
613 613
48268 48268
45363 8672
45363 19943
2880 2203
40200 40200
40200 36565
40200 42315
13567 27872
13567 12216
13567 11065
13567 8672
13567 14449
13567 51247
13567 19943
13567 14323
13567 34893
13567 34844
13567 52824
13567 23461
13567 289
13567 52937
13567 47000
13567 2032
13567 558
13567 35109
13567 53218
13567 39871
13567 32616
13567 2963
13567 53594
13567 53093
13567 40981
13567 20037
13567 34463
13567 42848
13567 36565
13567 50607
13567 15351
13567 18587
13567 53937
13567 35684
13567 8520
13567 5495
13567 10127
13567 13567
13567 48942
3002 18809
52033 36601
52033 52033
36372 36372
52250 7778
759 52042
52157 6574
52157 52157
5026 48600
5026 33979
5026 42055
5026 10754
5026 2293
5026 46430
5026 7041
5026 2179
5026 52123
5026 38596
5026 42315
5026 5424
5026 52293
5026 5026
5026 182
5026 51975
5026 47659
5026 21992
5026 46645
5026 26903
5026 17733
5026 1711
5026 25296
51800 2377
51800 26633
14189 1845
45449 51734
52439 52440
52852 11494
52852 52852
52852 4988
52852 42315
2130 46328
2130 11306
2130 2130
30765 38491
8128 52797
8128 8128
1050 18564
53454 53454
52560 52498
39753 39753
39753 35261
39753 23461
39753 36953
40220 36601
30697 53191
30697 13559
30697 30697
30697 14664
51153 21366
1510 45635
1510 52440
62 6229
62 51649
62 44499
30906 30906
42055 42315
2249 53500
2249 2640
2249 42848
53168 3022
35270 24240
6150 39108
6150 6406
6150 53218
6150 27303
6150 3154
52692 47098
52928 8672
39285 8851
585 19841
51841 19841
3311 54004
3311 11306
47732 34853
33274 48846
33274 52294
33274 18726
2724 27043
2724 53547
52328 8672
29826 52521
19893 37835
19893 51300
19893 17529
19893 19893
2185 51353
2185 53576
53212 11550
53212 53093
53212 26316
21771 24651
54075 48515
36204 4666
36204 1946
36204 41589
36204 36204
36204 16336
47113 13199
11274 8169
11274 38848
54272 32862
54272 97011
54272 302
54272 24620
12077 15489
12077 12077
29704 52123
29704 25744
29704 35162
29704 51654
29704 50485
29704 42497
29704 29704
52654 52654
52654 26316
53305 44110
41491 23461
41491 52609
73139 53233
33767 52213
33767 33767
31529 42672
53300 8672
6767 58305
6767 828
27649 1911
51165 3802
52861 52846
51937 51902
4952 7401
4952 7303
4952 7902
4952 26316
4952 42315
4952 52974
4952 4952
4952 265
4952 6164
4952 2292
4952 7778
4952 53400
4952 24163
32592 51427
32592 46712
51533 35261
52002 35261
34219 34219
34219 20088
51087 16480
48893 12786
48072 25869
32157 289
32157 54783
32157 44780
32157 8392
32157 16001
32157 51353
32157 32157
10009 23077
22697 53220
49615 2484
49615 40908
18594 18594
21604 11204
3802 11718
3802 3802
49979 13199
19993 19993
33379 54063
24844 53799
52267 47588
46333 39315
52246 28637
52246 11662
52246 11550
52246 52246
52246 50839
1724 20037
53140 53140
53140 46328
1092 31416
49892 19608
51549 47012
26511 6574
4691 52286
4040 4040
4040 51074
48679 8672
53576 53564
53576 53825
53576 6164
53576 27037
53576 18961
53576 10245
53576 2590
53576 3589
53576 32044
38447 47588
52222 40684
52222 26316
52222 14059
52222 50485
52222 3041
54013 35340
54013 54013
54013 1048
53561 26316
23412 51684
65511 33201
65511 22644
65511 8690
1000 1000
11134 34209
11134 11134
53915 40536
53915 53915
53915 42315
41687 8672
1345 1345
37321 48376
37321 23420
37321 37321
51314 1304
33300 28637
33300 39357
33300 263
33300 92953
33300 33300
39473 11550
39473 22572
26250 46445
29347 10367
29347 37742
29347 43335
29347 42672
53334 37742
48930 6574
52003 52003
52003 51996
52242 978
2101 7
2101 51865
2101 3236
2101 48568
2101 48515
2101 2101
27165 47659
30792 30792
30792 9350
30792 32616
53778 51353
45058 16115
40894 12170
40894 40894
920 920
920 3981
1417 11771
42245 11177
42245 15881
42245 51480
42245 15013
42245 42245
42245 53706
42245 73908
42245 34535
42245 52111
42245 49228
42245 53044
42245 37348
24701 46108
434 51705
434 46099
434 42651
434 8672
434 52492
20128 7902
79518 52630
52735 45635
52735 43506
52735 52735
52735 4561
53005 20918
219 105
36998 51300
41444 7778
41444 41444
41444 49207
41444 36342
25980 25980
5072 39118
5072 5072
5072 53706
5072 4825
24898 18119
24898 51475
61281 66969
310 26867
310 45775
310 51072
310 43326
310 32629
310 49895
310 53455
310 52547
310 53935
310 53878
310 51353
310 16533
310 1304
310 49228
310 28425
310 11266
310 14650
310 828
310 52233
310 42315
310 978
310 52219
310 39421
310 241
310 34937
310 310
310 46328
310 52137
310 53218
310 51175
310 2213
310 26316
310 27037
310 42672
310 50975
310 30067
310 23420
310 29798
310 24371
310 29562
310 53732
310 53595
310 48480
310 48905
310 48807
310 39112
310 32018
310 21373
310 39764
52846 52846
52846 17529
52846 3981
50771 46328
50771 50771
50771 51004
50771 21992
50771 14449
50771 4530
50771 47508
50771 50497
50771 50975
50771 51077
45517 45517
45517 33248
45517 4165
39008 7778
4102 26316
22438 22438
10680 52499
38244 840
38244 39421
38244 42315
27449 43139
27449 46328
27449 31416
53090 39366
53090 53090
12617 53251
49447 49447
49447 46328
49447 14390
26231 53640
26231 26385
26231 9918
36342 13663
36342 11306
36342 53789
36342 38848
36342 10075
36342 39023
36342 7778
36342 21165
36342 50920
36342 28015
36342 36342
51975 39118
51975 2936
51975 184
53054 36601
33923 11724
50365 51089
51664 30067
51664 51279
51664 53192
51664 51664
52816 51353
51276 34340
1302 46328
1302 1302
50857 50857
16610 51259
6742 11550
37742 47012
53597 53594
34977 43356
34977 43645
50810 47012
50810 42315
5441 39366
5441 32616
5441 39876
2293 10618
2293 10754
6067 51353
53340 7401
53340 20088
53340 51480
14449 47494
3041 14198
53655 53654
53655 50453
18063 16373
23053 26316
38550 21377
29695 289
29695 10618
52300 20088
52300 47000
52300 26316
50961 50961
51372 893
34444 52118
34444 17835
23095 23095
45669 51802
52288 9076
48793 48793
48793 47012
48793 52492
18564 17529
16951 44957
16951 13241
16951 53249
45996 31704
45996 46282
45996 45996
45996 52081
45996 39421
45996 51569
45996 51064
8535 46328
8535 1711
8535 11550
18809 6406
18809 10965
18809 20088
18809 53431
18809 53218
18809 8672
18809 52278
18809 18809
18809 29647
18809 53665
18809 8691
19587 19587
19587 8672
51166 37634
791 791
791 42672
791 33705
791 3812
791 45635
791 9350
791 52492
791 12753
22844 51573
11240 26316
11240 46846
11240 42315
30576 53786
25869 25869
11324 8672
1527 1527
16115 51072
16115 8672
16115 26906
16115 27043
13559 11027
13559 32616
13559 13559
13559 20037
13559 5424
13559 11550
13559 13560
13559 53191
13559 14782
13559 8672
13559 48988
13559 8131
13559 20583
13559 10080
13559 627
13559 43384
13199 51427
13199 39876
13199 47012
13199 51426
13199 30391
13199 51480
13199 8672
13199 2055
13199 16780
13199 10080
53397 8672
53397 44625
486 23567
486 7467
22801 22801
53313 53313
53313 23420
35728 4278
53174 52937
41613 41613
41613 5424
41613 31416
41613 36601
40526 17529
40526 5424
40526 40526
40526 53064
40526 6574
40526 20076
40526 32018
40526 5255
265 51342
265 51154
265 39366
265 11797
265 265
265 2354
265 46942
30391 9101
19838 21992
30853 39366
30853 52456
30853 51353
30853 30853
42326 42326
42326 43645
46353 8672
52794 8672
52794 21992
52794 3981
47588 209777
4515 52966
4515 4515
4515 52309
52734 26316
52734 46328
53240 53240
53240 34071
22017 51865
22017 9887
22017 53158
22017 22017
22017 24620
22017 106042
22017 53509
31830 9629
31830 7951
13142 36423
13142 51226
52536 10697
17425 23420
17425 51234
13241 53456
13241 11374
13241 11494
13241 6574
13241 24641
13241 9019
13241 1048
13241 17733
13241 13241
43335 38695
43335 3171
1304 8672
1304 26316
1304 51280
1304 4530
1304 34844
1304 1304
1304 1209
1304 50928
1304 415
1304 942
1304 50104
1304 10367
1304 39871
1304 33069
1304 7401
1304 42672
1304 8011
1304 10465
1304 50975
1304 27043
1304 4278
1304 52495
1304 11292
1304 50839
1304 26960
1304 8346
1304 41699
1304 6926
1304 32193
1304 43253
3109 11317
3109 3109
3109 263
3109 26316
16315 3510
10875 52912
10875 517
43195 20444
5978 46328
5978 51300
105696 49497
2232 33292
10601 10601
46516 46516
46516 828
52032 52032
5048 48219
53032 75582
53032 22996
53032 31168
41914 48
51996 33292
51996 51996
25744 25744
31168 29798
21114 21114
995 18820
995 48600
995 12786
995 8672
995 51272
995 11550
5160 34844
81768 47272
81768 6002
53534 17304
31435 53867
3933 4390
29658 29658
29658 42315
53382 46328
52019 52026
52019 52019
52019 23420
24371 24371
2601 52635
2601 10581
2601 2601
54047 5424
6406 6406
6406 31416
50645 8672
50645 28451
50645 8485
50645 46108
54081 52111
54081 54068
54081 54081
48597 48597
39764 48600
39764 37634
39764 47012
39764 8672
39764 32022
39764 42315
39112 46328
39112 48460
39112 51175
39112 8990
39112 21992
39112 17733
39112 47659
39112 7778
39112 48219
39112 34844
39112 39112
48942 18659
51684 43356
3650 28425
16373 26316
16373 14131
16373 16373
16373 11306
14161 14161
14161 48794
14161 466
49752 37015
145544 53708
47000 49687
47000 5424
47000 48441
47000 33979
28451 28451
51255 8672
29837 42315
29837 29837
15790 25383
15790 18532
52129 25866
52129 48535
52129 53355
52129 241
52129 35791
50997 46328
27086 27086
27086 46328
27086 26316
27086 53108
27086 51475
4595 22361
4595 4595
4595 52492
473 28015
473 52630
10146 6998
8719 44960
8719 51353
50815 1686
30512 2628
30512 30512
50936 50918
8940 26316
27956 705
33901 51475
44957 49207
44957 2213
44957 46645
44957 44957
44957 7778
44957 52534
1505 13561
1505 17529
1505 1505
15351 51363
53937 46328
53937 51300
53937 5424
51833 10806
51833 51833
51833 26316
53635 53635
1400 54052
10627 40621
10627 6574
10627 28015
10627 10627
48600 50611
48600 51176
48600 51156
48600 48600
48600 51157
48600 4282
48600 51480
48600 41589
48600 29241
48600 44515
48600 2377
48600 50170
48600 42315
48600 46542
48600 13746
48600 49528
48600 50918
53455 53129
53455 12671
53455 26316
53455 1711
53455 42315
49548 49548
49548 52492
35269 2553
35269 35269
52168 31580
14664 14664
14664 18038
14664 12567
14664 2474
14664 14484
14664 9589
7144 8301
7144 15013
52072 6574
52072 9589
50768 14484
2984 2984
53248 23461
36115 36115
36115 41777
36115 37386
53677 4390
42388 31416
42388 42388
42388 42315
36030 52499
36030 36030
35791 64057
35791 35791
35791 53711
53792 20444
25296 52673
25296 52440
16313 26633
51968 18013
51968 14362
51968 51968
2936 2936
37015 34853
37015 21992
47629 52534
23405 4733
5007 26316
7 350
7 7
7 52546
7 2187
36959 52498
36959 17733
49684 42315
49684 48661
50983 50663
25162 52549
38362 19493
51622 5804
7597 34853
7597 53708
37118 53095
10465 10465
28614 38194
472236 27102
18119 46328
18119 51300
18119 8672
18119 52642
13936 37433
39022 53931
39022 11215
39022 1586
47659 48266
47659 9154
47659 17733
47659 1711
47659 51248
47659 24896
47659 15918
47659 23461
51098 23461
52678 8672
52377 16737
52803 52440
15090 3981
15090 15090
32193 19841
32193 8672
32193 32193
32193 51475
32193 6998
1572 35072
1572 16170
1572 1572
1572 7467
1734 51189
1734 1209
53537 53218
53537 53537
43731 35109
53680 51353
53680 263
31623 23461
29337 29337
51407 289
51407 37634
6070 14017
51629 50211
51629 51629
24620 5199
24620 26316
24620 24620
24620 23307
24620 52440
24620 6091
24620 14741
24620 1943
24620 8610
53117 53117
24368 31416
24368 24368
14782 1686
14782 52534
14782 5424
14782 12337
14782 47012
14782 46645
14782 17733
14782 14782
14782 494
14782 51475
14782 52475
38174 8672
38174 3589
51440 14390
51440 4782
51440 26316
5626 302
52368 32438
52368 51475
52368 52368
52368 3981
43645 453
43645 43645
51237 42315
57197 14390
45635 41222
45635 43253
45635 3981
45635 43356
45635 2108
45635 18931
45635 30669
45635 20088
45635 36330
45635 45635
45635 45861
45635 52750
45635 6574
45635 555
45635 17529
45635 1221
27102 11115
161 14937
54023 1021
50792 1563
35754 289
35754 8672
35754 35754
6938 16567
6938 31704
6938 4503
6938 6938
11442 51353
11442 26316
821 48568
3691 10131
2032 53404
2032 52492
3810 19841
51997 26316
51997 42315
10271 52499
2928 49019
2928 3171
20075 20075
1467 22361
1467 26633
1467 152
16344 1339
24163 24163
46712 52534
46712 34636
53253 48748
888 4732
888 888
888 17835
51788 72705
52580 5424
53431 11550
8672 40938
8672 17835
8672 14878
8672 28267
8672 18672
8672 35840
8672 43384
8672 51834
8672 48441
8672 6764
8672 51756
8672 302
8672 39966
8672 10791
8672 50991
8672 28637
8672 27303
8672 53009
8672 9589
8672 427
8672 6813
8672 4666
8672 54945
8672 3998
8672 54008
8672 7626
8672 53463
8672 13560
8672 558
8672 15226
8672 47092
8672 53528
8672 39871
8672 23907
8672 2108
8672 48978
8672 23792
8672 11177
8672 48009
8672 228
8672 35404
8672 1240
8672 27037
8672 11550
8672 51154
8672 8346
8672 34844
8672 16001
8672 53901
8672 7436
8672 12216
8672 19841
8672 4143
8672 2377
8672 34225
8672 43284
8672 15266
8672 52111
8672 53044
8672 23420
8672 50211
8672 26316
8672 22361
8672 39849
8672 31704
8672 2118
8672 2733
8672 46494
8672 41423
8672 51821
8672 13459
8672 6295
8672 8672
8672 7076
8672 10826
8672 48219
8672 52477
8672 23461
8672 18931
8672 107
8672 46099
8672 828
8672 10426
8672 241
8672 53896
8672 25866
8672 37364
8672 20088
8672 3298
8672 28518
8672 8011
8672 1494
8672 51895
8672 35011
8672 40873
8672 51357
8672 53108
8672 53342
8672 21373
8672 33184
14741 53274
14741 46328
14741 26316
14741 48281
14741 46390
14741 7891
12849 19841
719 19841
10826 10826
10826 23461
53400 46846
453 15134
453 453
53708 46699
53708 396206
53708 22572
53708 11550
19584 51300
34605 36601
1440 11550
1440 51817
12176 50896
12176 42315
50928 1686
43356 43356
43356 40408
43356 20444
43356 16600
35507 47798
35507 1845
35507 47012
35400 1048
12753 12753
45197 45197
45197 20088
45197 50971
45197 15541
31262 1339
51210 289
51210 50497
50918 50918
10754 10754
16468 35237
9918 26385
9918 5392
9918 53201
9918 35787
9918 39079
39108 289
39108 46328
39108 37468
2069 14390
12163 12163
15013 34844
15013 4782
15013 3983
15013 51072
15013 19841
15013 51950
15013 13663
15013 15013
23907 52914
472 53165
35011 35011
48460 48460
48460 1048
48460 26316
48460 51300
48460 1711
48460 18532
26385 35787
26385 26385
43689 31416
43689 51300
43689 1686
43689 40323
53595 11495
53595 46328
53595 38194
53595 53594
53595 42315
53595 52492
53595 53595
6091 34853
48807 6998
48807 26316
48807 42672
48807 52492
48807 34844
48807 52440
48807 42315
48807 48807
53151 31416
53151 53151
51227 51227
52118 52118
6229 11204
6229 24231
6229 6229
42606 19510
7813 4161
7813 7813
7813 46099
7813 51310
7813 42672
46976 39366
46976 2377
46976 47012
46976 52043
28152 28152
28152 17304
28152 29094
31654 32022
51756 51272
12216 289
12216 12216
18945 34853
18945 18945
18945 31416
18945 42315
50663 50663
52498 52498
52498 51569
52498 51353
52498 46257
52498 19943
52498 39366
52498 8707
52498 1209
415 51272
415 10581
31937 31937
31937 22580
31937 53466
31937 4825
41842 19841
41842 27919
41842 41842
48376 48376
48376 48640
51368 14402
66297 66297
53832 29241
36873 36873
48821 50975
1348 1348
51918 19477
10245 2640
10245 53575
10245 10245
10245 107
10245 53564
1763 51353
1763 39901
1763 11550
1763 1763
18463 50211
236 28049
36842 5648
48515 11955
48515 48515
650 650
23950 43506
51208 51208
51208 50991
7423 44463
73908 38596
53159 38596
53159 31416
53159 37634
6415 29241
48661 17824
48661 14398
4678 107
34209 4016
34209 51091
34209 4161
34209 37634
34209 3981
47436 17428
5495 2661
5495 5495
5495 50444
5495 39871
5495 11550
5495 23461
5495 50453
53488 13319
53488 1586
53488 34844
455 455
184 18000
184 184
184 23461
52717 26316
427 51353
427 9350
42456 35478
46282 22679
46282 46282
8151 31416
8151 53530
51046 1711
53416 53416
2726 6574
2726 2726
2726 35261
52293 52293
49377 20088
8526 8526
8526 46328
8526 31416
8526 17304
8526 38596
8526 14362
8526 26316
39105 19841
5006 11027
5006 5006
29623 14827
3248 53528
15184 44268
15184 15184
18211 828
18211 44583
18211 22572
3707 28637
3707 53528
3707 53732
3707 33976
3707 3707
4732 20037
4732 52299
4732 46229
4732 4732
4732 29647
4732 9665
45376 2431
45376 45376
543 1104
228 302
228 228
47449 53808
47449 47449
74929 8346
74929 42315
41433 51321
36192 8610
6574 39122
6574 32022
6574 19841
6574 5804
6574 46328
6574 11575
6574 34844
6574 23461
6574 1209
6574 289
6574 13536
6574 34535
6574 2785
6574 48568
6574 10367
6574 23420
6574 11718
6574 19382
6574 20088
6574 37634
6574 46645
6574 28518
6574 11550
6574 51902
6574 9076
6574 39366
6574 51300
6574 39966
6574 6574
6574 18894
6574 915
6574 2702
6574 26960
11266 52123
11266 32616
11266 11317
50105 47012
1454 52409
2292 2292
6164 7238
6164 39983
6164 4782
6164 7525
6164 28371
6164 6164
6164 43149
27814 26316
53901 53901
20583 20583
15114 46328
15114 14390
15114 26316
15114 53766
15114 52914
15114 15114
51701 1021
1221 1221
51575 16780
32616 42315
32616 39366
32616 14390
32616 263
32616 11317
32616 30067
32616 15680
51081 1849
51081 51081
51081 51078
44499 26316
7247 10806
7247 15673
7247 9764
7247 7247
44473 4143
44473 44473
44473 241
44473 53665
44473 2963
52969 52969
53878 53878
53878 42315
53318 43608
35026 2640
7056 35140
46537 46537
52942 52456
3021 42315
10490 10616
10490 10490
53103 5424
51544 1686
40490 36601
40490 40490
32873 53392
32873 32873
882 3099
882 52534
18013 18013
18013 14362
31416 28404
31416 37634
31416 46542
31416 52492
31416 37530
31416 53569
31416 241
31416 25866
31416 37364
31416 31416
31416 42672
31416 42315
31416 1494
31416 26316
31416 11550
31416 24641
31416 2590
1946 4825
1946 1946
52676 2213
52676 26316
51234 51064
51234 51234
51234 51248
2179 2179
51267 46099
51654 51546
52746 46645
50497 37009
50497 50497
22154 53154
51272 46328
51272 3812
51272 36810
51272 51272
51272 37468
6764 289
6764 828
4577 34853
4577 18894
4577 4577
51995 51995
48685 39366
48685 11495
48685 51353
3998 48281
52177 52177
50265 19841
49928 50688
31690 33979
2366 8169
2366 2366
7076 7076
38754 6682
26758 8334
26758 38596
26758 26758
26758 42315
71487 49247
7778 52630
7778 1913
7778 51200
7778 7778
7778 19243
7778 17304
7778 52512
7778 3981
4859 52621
101891 24481
5134 19943
29142 29142
19217 48281
2785 2785
2785 28518
24928 14390
1586 9495
50096 48814
12671 52630
12671 12671
36330 2377
53158 53158
53158 1845
53158 26316
38596 8334
38596 44084
38596 52642
38596 47092
38596 38596
38596 14390
38596 26316
38596 39421
38596 1711
38596 39333
53601 25383
53601 25944
53601 52492
53601 42315
52551 36565
39948 51353
29773 43506
29773 20088
2860 978
21651 51850
2079 48992
34965 19841
34965 42672
2702 2702
2702 51821
53914 26316
4561 4561
51945 42315
21373 2377
21373 20444
21373 21373
48640 7018
47633 23461
14026 51353
38308 38308
29564 26316
6968 34844
6968 36601
3242 53783
26316 52748
26316 5761
26316 52299
26316 36601
26316 41757
26316 2054
26316 32629
26316 51614
26316 18659
26316 52445
26316 978
26316 48219
26316 35261
26316 44085
26316 5424
26316 53325
26316 39966
26316 37
26316 49841
26316 3981
26316 51353
26316 48266
26316 33705
26316 23077
26316 51480
26316 51915
26316 28425
26316 52642
26316 53218
26316 39871
26316 23511
26316 11177
26316 51175
26316 20037
26316 1845
26316 14390
26316 8861
26316 11955
26316 30067
26316 51584
26316 39953
26316 14797
26316 28404
26316 14827
26316 4509
26316 1048
26316 26633
26316 53432
26316 36892
26316 2377
26316 12526
26316 42672
26316 52111
26316 2963
26316 52870
26316 19382
26316 46328
26316 52914
26316 12993
26316 26316
26316 12337
26316 8069
26316 13219
26316 7578
26316 53772
26316 12591
26316 28795
26316 5403
26316 10075
26316 14848
26316 4615
26316 32725
26316 1686
26316 52298
26316 9222
26316 53219
26316 46910
26316 289
26316 34275
26316 50104
26316 828
26316 42315
26316 7425
26316 2474
26316 241
26316 53975
26316 51605
26316 27043
26316 51594
26316 53323
26316 53732
26316 3588
26316 3812
26316 52026
26316 34323
36601 36601
36601 39366
36601 7041
36601 44740
36601 289
36601 36565
36601 47092
36601 53352
36601 46099
36601 51004
36601 42672
36601 27043
36601 20037
36601 52499
36601 39264
36601 17733
36601 17529
36601 53108
36601 154
36601 50991
10742 14827
10742 17733
53009 1170
53009 53009
53009 15742
27815 51475
46652 40937
21819 21819
18961 53533
18961 18961
47798 5424
907 46328
7049 738
33222 28565
45390 45390
14562 52447
13219 13219
6282 33855
53352 53352
37348 14390
28015 3981
28015 28015
53290 20088
53290 53290
1101 2182
1101 1101
16819 12337
48911 46328
43521 43521
52658 2280
11562 44203
11562 43406
11562 39357
11562 50958
24897 24897
52262 34844
52262 21992
23668 23668
6496 54008
46846 52282
46846 46846
46846 19497
46846 53510
46846 52405
46846 27037
46846 23420
46846 34893
51418 19841
51418 51418
42125 14052
29647 19841
29647 6998
29647 27386
29647 29647
29647 3150
32892 36565
14797 289
14797 14797
14797 42315
24885 24885
53218 46328
53218 13319
53218 2416
53218 53218
53218 14362
53218 34844
555 35072
555 6488
555 19608
48766 35261
1993 53145
49687 50807
49687 14484
53782 51300
8851 8851
21717 51300
21717 4825
21717 3981
49119 49119
47098 27960
47098 52440
11027 11027
11027 47012
11027 49269
11027 17733
11027 5424
11027 11317
51353 657
51353 51353
51353 34926
51353 4530
51353 49228
51353 53463
51353 53528
51353 51175
51353 42672
51353 23219
51353 47012
51072 42315
27792 27792
49497 1254
2553 27043
2553 51399
2553 107
2523 9350
51480 46913
51480 51796
51480 46445
51480 51175
51480 14827
51480 25383
51480 7742
51480 12567
51480 53219
51480 51480
51480 48711
51480 21992
51480 27043
52405 11550
22901 22901
22901 23461
3265 50104
52492 4433
52492 53578
52492 52492
52492 9887
52492 14452
52492 558
52492 18894
52492 19943
52492 42315
52492 26633
52492 6813
7924 51037
31596 9589
25197 48054
50442 43384
50442 11550
50442 5424
11494 11494
1339 46580
1339 46445
1339 19841
1339 50038
1339 3764
1339 1339
23792 20088
23792 23792
23792 36565
4402 10131
1768 12567
1768 1768
1768 1686
11662 52587
42028 42028
1104 4825
12018 12018
53206 4733
14390 53133
14390 53375
14390 52112
14390 52825
14390 39366
14390 14390
14390 38466
14390 107
14390 27043
14390 44084
14390 53144
14390 51522
14390 8990
14390 10806
14390 23420
14390 4503
14390 43384
4946 53036
53220 27043
8610 7401
8610 53666
8732 80006
8459 8459
3508 4530
3508 11495
52903 9571
52903 37634
51027 42416
48992 8115
48992 52972
48992 753
48992 51694
48992 20918
48992 48992
48992 49207
48992 28077
48992 37433
41879 41879
51819 36565
51819 49959
34433 34433
45351 289
45351 45351
45351 51300
19396 19396
7951 54076
1852 23420
54068 53640
54068 54068
44084 44084
52937 53401
52937 52937
52937 27043
47770 50170
29617 50807
29617 29617
29617 17733
52582 53609
51502 39366
2924 36953
33582 49889
52445 263
52445 42315
22679 22679
915 52538
51636 51638
51636 42315
4093 20088
28132 824
28132 7902
36810 14596
36810 36810
36810 1686
36810 26960
53665 29241
53665 7401
53665 1845
53665 53654
53665 53665
51472 64808
47272 26960
47272 47272
47272 20088
4782 26793
18587 2377
18587 18587
18587 29798
41423 41423
4275 14827
51097 23461
7891 289
52213 52213
7216 49959
7216 20918
1021 1021
1021 29938
1021 31704
12367 12367
52519 19382
11485 52812
39366 2127
39366 11724
39366 4143
39366 46542
39366 34893
39366 49889
39366 50104
39366 36565
39366 42315
39366 24231
39366 39366
39366 52800
39366 14596
39366 46913
39366 46099
39366 20444
39366 27037
39366 50807
39366 16600
39366 28404
39366 48697
39366 47042
53808 53808
52534 52534
52534 41422
52534 21092
49612 50425
29241 1686
29241 25481
29241 53164
33808 33808
1913 7401
1913 1913
34275 52440
51522 51539
15673 9764
14650 42315
828 6998
828 28518
828 5424
828 10131
828 16001
828 828
828 3107
828 37433
828 9350
52674 52976
840 3812
17947 2108
2474 51796
2474 2474
2474 36565
20520 52261
20520 51300
241 1686
241 893
241 241
241 289
241 51475
26906 35261
1297 7829
48044 53855
37135 43506
37135 37135
90 37009
53806 30169
5281 51002
17428 50104
17428 34893
17428 10131
16829 50761
52378 52378
39357 39357
39357 21955
49511 44625
49511 36565
52081 17733
51139 8829
3971 51126
472057 39901
31676 25383
53775 53775
8334 8334
40873 28518
53768 34844
14035 20444
14035 14596
14035 14035
14035 39118
53128 53128
53128 14396
53447 24737
33184 25944
2127 53119
2127 2127
52981 7498
40938 40938
40938 51539
40938 34853
40938 23461
33979 35237
33979 3981
33979 16336
32022 50807
32022 49528
32022 32022
32022 5761
32022 50170
32022 50974
32022 17733
32022 53362
52201 289
6901 42315
50958 9013
50958 37386
50958 50958
5408 51310
49889 28637
49889 50211
49889 942
49889 11718
49889 48846
49889 46542
49889 49889
49889 3981
49227 51652
49227 49227
49227 72705
42671 54091
12327 3588
14827 49068
14827 2280
14827 14827
14827 17733
14827 4509
51310 44268
51310 54999
51310 372751
34636 289
34636 52733
34636 49207
34636 12337
34636 27043
34636 6998
52596 23420
7525 34853
7525 1711
7525 7525
51168 51168
15805 15134
4368 1686
5424 18000
5424 5424
5424 52299
5424 35197
5424 42315
50777 50777
51652 19841
51652 51652
6530 7315
8829 34844
8829 53957
18677 18677
18677 2280
48806 46334
41329 41329
3763 20159
46334 46334
31346 46494
945 53528
29296 52186
24651 24651
39876 39876
4503 4503
3981 46328
3981 46099
3981 5761
3981 23047
3981 9454
3981 28404
3981 43384
3981 11718
3981 3981
657 657
657 39901
27872 9444
95500 5858
6813 6813
6813 52995
6813 1711
6813 38194
51938 51938
38466 38466
18518 35464
53463 2377
18829 263
13319 13319
47442 53509
58489 53287
3597 3597
42848 49528
42848 42848
19700 23461
19700 19700
23511 46328
23511 23511
49567 26787
6171 8861
6171 263
6171 3588
52309 52309
52309 9350
40896 34853
27037 7401
27037 21992
27037 27037
27037 11550
1255 52343
1255 18532
44554 12317
9454 9454
51037 47116
51037 51037
30847 17389
28492 26960
34844 10581
34844 51248
34844 51279
34844 289
34844 34844
34844 51891
34844 19841
34844 17733
34844 978
34844 7920
34844 43384
34844 28637
34844 52202
34844 42315
34844 6830
34844 51392
34844 7829
34844 50991
34844 50621
2590 470
2590 2590
50582 50582
53638 44960
37468 1048
52182 29562
10618 10965
10618 6295
10618 47092
10618 10618
10618 24737
10618 53108
10618 46910
51065 23420
2377 28637
2377 51156
2377 10581
2377 52137
2377 893
2377 51438
2377 289
2377 2377
2377 2108
53570 42315
29635 12567
53729 11495
7768 1686
42571 6926
52228 2963
14673 14673
3154 42315
3154 3154
2119 52914
2119 2119
2119 53654
627 11771
51527 51475
20444 26732
20444 11065
20444 2183
20444 20444
20444 2108
20444 34893
46079 53934
21948 8346
11204 11204
11204 52733
11204 53593
52456 24240
7920 42315
47282 16336
50788 23420
23077 23077
6579 6579
6579 42315
14396 2183
2763 978
23211 15881
52547 42315
52547 46328
52547 1048
51417 47623
8908 8908
289 9589
289 49837
289 3856
289 289
289 46099
289 52792
289 49178
289 2183
289 53026
289 47042
289 53108
2899 42315
107 42672
107 6694
107 47012
107 19079
107 37433
49528 49528
49528 3812
6095 49895
6095 6095
52926 52926
46099 53093
46099 46099
46099 9121
46099 42672
46099 50975
46099 28267
46099 3169
46099 50991
7401 7401
7401 2745
7401 47092
7401 4530
7401 1845
7401 16533
10367 10367
10367 46328
10367 53795
21415 16780
11065 11065
51280 51280
23567 23567
10965 4390
5858 11184
5858 48574
4825 4825
4825 19079
4825 47042
4825 50839
4825 26960
37530 11550
25481 17304
52026 52026
52026 11550
51605 51605
40438 38583
51000 51000
1272 22011
49207 49207
49207 27043
51176 15742
16001 20037
16001 53909
16001 16001
16001 52075
22580 54022
22580 46328
22580 15134
22580 26960
22580 23461
35201 19841
8876 8876
53934 53934
42198 46924
42198 53637
42198 42198
53108 46924
53108 53108
53108 22121
16533 22361
16533 16533
24481 24481
5761 5761
2280 42315
38540 46645
35109 46328
35109 51475
10380 53974
52499 52673
52499 52651
52499 17304
52499 46761
52499 2628
33069 19841
51821 51821
16336 16336
15589 24737
47305 34893
48441 42315
209777 10806
35478 27619
35478 50920
51771 42406
17111 47012
6584 26116
1780 1780
31704 48281
31704 31704
39966 51705
39966 46328
39966 38194
39966 39966
39966 19841
39966 42672
8990 52509
8990 17304
8990 25944
8990 21992
50839 26633
15134 8707
15134 15134
53911 46910
30669 30669
1728 1728
1728 52440
55645 12567
6484 3856
9679 8775
31680 31680
31680 53910
49895 49895
49895 46328
4666 20088
16170 16170
16170 23461
34893 34893
18520 18520
52882 10127
28404 23420
28404 28404
30982 25944
38341 12337
25383 25383
25383 18532
47092 20088
47092 51300
47092 47092
47092 33705
47092 6998
47092 18532
13746 50170
13746 42315
39871 39871
16780 51175
2108 19841
2108 10581
2108 53855
2108 2054
2108 43660
2108 51300
2108 2108
52137 52137
52137 26960
49068 49068
53256 46328
34113 51175
94 51111
53795 53795
48574 2380
11550 52410
11550 24641
11550 46328
11550 16147
11550 978
11550 53722
11550 23420
11550 35261
11550 2183
11550 44085
11550 6899
11550 11550
17884 17884
11955 11955
11955 37634
11955 6998
38848 8169
38848 23461
19733 19733
45775 45775
7018 1835
53019 16600
44244 42315
50444 23461
3983 3983
1474 54984
2526 2526
2526 14848
53097 53097
646 646
47983 47983
48978 48978
4997 4997
46108 46108
6694 47012
10806 4143
10806 10806
10806 51175
51563 23420
51258 32672
46913 46913
48281 48281
45861 45861
2213 46328
2213 2213
2213 23461
2213 47012
2213 36565
2213 53093
2213 42315
2213 9556
2213 28710
2213 23420
49303 49303
49303 23461
51032 51032
50453 50453
12337 37364
12337 51169
12337 20037
12337 17733
12337 12337
12337 12067
54000 23461
37386 37386
593 366
593 593
31730 20371
52429 46421
39118 2183
39118 26960
50170 50170
53722 42315
53611 53611
53611 9121
39943 12675
52750 17529
8490 53968
7662 7662
7662 17529
49837 20088
49837 18886
49837 23461
27543 42315
53219 53528
39953 39953
53913 8486
53913 53913
36187 34853
18735 18735
18735 53287
3589 3589
51052 32044
37933 14596
8769 47012
52740 52740
42315 33292
42315 53935
42315 51557
42315 978
42315 42315
42315 42683
42315 9121
42315 43384
42315 9589
42315 43326
42315 51216
42315 1686
42315 35237
42315 50601
42315 49228
42315 19455
42315 50104
42315 28565
42315 558
42315 51175
42315 52029
42315 4380
42315 16600
42315 53975
42315 20037
42315 2431
42315 1048
42315 53732
42315 48480
42315 47948
11495 46328
11495 11495
17733 51175
17733 15613
17733 49228
17733 28425
17733 29562
17733 26960
17733 17733
17733 978
17733 41777
17733 37634
49641 49641
44268 46328
44268 19841
44268 42372
44268 44268
44268 23461
44268 26633
7848 7848
53170 53165
4278 978
4278 4314
11317 51175
16937 9589
16937 51565
53163 13815
47012 20088
47012 26381
47012 49063
47012 30207
47012 31320
47012 7467
47012 31769
47012 47012
47012 51064
47012 43384
51077 1849
54007 54007
35343 39901
9599 9599
23041 46328
50621 50621
45902 1048
45902 32735
23483 23420
52063 34323
45555 50835
795 6964
46115 50849
46115 46115
12786 32438
12786 51300
51649 27043
51649 51649
14621 51261
14621 14621
52870 52870
978 51475
978 8587
978 978
978 9101
195229 51373
43384 52772
43384 23461
43384 43384
43384 49228
52437 23461
46390 46390
46390 9589
46390 53910
942 942
18532 1686
18532 52800
18532 18532
18532 52995
1078 51981
3341 3341
9101 9101
4530 46328
4530 19841
4530 4530
4530 4076
4530 51300
839 263
52512 11374
51071 23461
4143 36931
4143 35682
4143 4143
53975 53975
38821 20088
38821 38821
38821 29562
53575 53575
53575 52111
32018 10131
49841 49841
466 466
53375 46328
10362 44960
51475 51475
51475 28518
51475 27043
51475 35682
51475 3700
51475 17529
33705 33705
53058 11177
53362 53362
21165 11374
51279 51279
51279 46328
26960 14596
26960 20088
26960 19841
26960 1413
26960 12591
26960 26960
26960 42428
26960 8775
21992 28425
21992 21992
21992 48711
21992 30067
39901 55916
13320 12993
15266 15266
11177 11177
11177 12567
11177 13663
20037 7672
20037 36931
20037 46328
20037 19841
20037 20037
20037 23461
1845 25866
1845 3948
1845 15120
1845 22067
1845 1686
1845 1845
1845 37095
1845 51175
36565 19382
36565 19841
36565 1455
36565 1686
36565 36565
34463 46328
53706 10581
53706 42683
8346 7204
8346 8346
209827 34853
53593 1048
53593 53593
10127 51603
51064 51770
53528 23461
19841 19841
19841 45196
19841 18659
19841 51557
19841 18038
19841 39616
19841 4433
19841 46445
19841 22067
19841 7829
19841 4733
52022 33248
11880 11880
11880 20088
26633 51175
26633 10343
26633 52014
26633 26633
40684 37066
40684 46924
5923 50568
5923 17304
12526 12526
11771 2054
19943 46257
19943 52733
19943 19943
7493 7493
7493 33976
24231 32204
13336 13336
13336 16037
19382 19382
19382 46328
19382 263
46257 4390
40981 40981
10581 53233
10581 10581
10581 47637
52650 52650
2183 29798
2183 29881
2183 2183
2183 48219
366 366
9571 37634
2066 9887
1835 1835
44625 44625
44625 15881
44625 34323
51429 51392
12591 9076
12591 12591
15742 15742
106042 52914
106042 37634
4070 9495
4070 51080
51573 51573
2963 52673
2963 2963
2963 17113
40908 16458
34853 31030
34853 34853
2616 2054
14848 14848
22067 22067
51641 6873
3310 52934
50688 50688
9887 38194
9887 1686
15252 9121
14362 41777
14362 43869
49228 49228
50948 50807
35179 35179
8520 46328
4988 4988
4988 8486
4390 4390
4390 3812
4390 51794
4390 54054
4390 54083
50939 50920
25866 25866
37364 23420
29881 47042
29881 29881
52825 39421
52825 52825
2591 2591
53113 9232
53113 17304
44422 44422
44422 50920
8587 8587
12993 12993
6998 20088
6998 6998
6998 3812
6998 51850
27043 9589
27043 1086
27043 51705
27043 46328
4380 52626
4380 7201
50284 48480
29094 29094
33292 33292
10131 10131
53809 53809
53342 23461
37634 37634
21377 22572
50850 22361
37009 38194
37009 37009
52792 52792
54048 37874
42672 42672
42672 37262
42672 2628
42672 53732
42672 54085
42672 39977
42672 10121
18038 51614
53287 14596
53640 20088
52636 7378
46445 46445
46445 17304
10080 10080
52282 269149
30564 30564
9589 9589
48266 48266
14763 50991
51169 51169
51292 51292
42858 42858
20918 52531
53459 53093
558 558
27884 5804
51796 39616
13997 13997
51175 1686
51175 1711
51175 51175
43869 3955
19493 19493
16294 16294
51723 51569
53578 53500
53578 53578
36510 20088
32766 14596
32766 32766
45196 45196
45196 44960
10768 10768
22572 22572
22572 49046
18894 18894
37066 37066
14810 14810
32735 1048
32735 32735
42907 52514
35340 35340
44203 44203
7742 7742
7742 17529
2628 2628
2628 108
35261 35261
53036 53036
33032 33032
18995 18995
50193 50193
23420 1686
23420 23420
23420 17304
23420 50849
23420 35492
53006 6682
8345 52736
9495 9495
14596 14596
46999 46328
46328 46328
46328 53421
46328 48219
46328 37095
46328 52831
46328 20088
46328 1048
46328 46645
53732 53732
53732 1686
46645 46645
52914 53509
52914 52914
50211 50211
50211 11718
50211 52440
2055 51426
47278 52028
24737 38194
53815 41699
8090 48219
24064 24064
19253 19253
43326 43326
13663 13663
24641 24641
35237 35237
48219 48219
44960 44960
44960 23461
23461 52609
23461 21700
23461 22418
23461 49019
23461 23461
23461 5384
23461 1455
23461 2431
6682 10954
17304 37095
51847 47625
52233 52233
341 9076
51426 735
3548 1048
39421 39421
18931 18931
20088 20088
20088 39616
20088 15196
53552 53552
28518 28637
28518 42428
39616 39616
50310 50310
52736 25318
6295 6295
49019 49019
50104 50104
50104 41777
52440 52440
51850 51850
66522 66522
66522 1686
17835 17835
51865 51865
46542 46542
46542 48323
43660 43660
53824 2254
38194 53421
38194 38194
14398 14398
54085 17529
4733 4733
16147 16147
50789 50789
51794 3453
51794 51794
53093 53093
53093 11215
11718 1686
50807 50807
1711 30067
1711 1711
47042 47042
1413 1413
8169 8169
29938 29938
29938 50991
53298 53298
53500 53500
11184 11184
50611 16600
19608 47239
1048 1686
1048 1048
105 105
730 730
50975 263
50975 50975
17529 17529
46924 46924
50991 50991
2431 2431
6112 6112
52442 35682
37262 37262
37262 51300
38583 38583
10396 10396
11215 11215
53909 28637
32918 32918
22121 22121
263 263
9232 9232
51300 51393
51300 51300
51902 25944
22361 1686
44515 44515
8452 8452
2830 2830
29562 29562
29562 26381
51813 51813
48339 48339
52062 52062
52733 52733
1686 1686
1686 53421
10343 10343
9350 9350
16600 16600
28637 28637
53421 53421
8011 8011
26381 26381
560 560
50973 50973
41699 41699
49063 49063
48697 48697
