25332 1630
27865 27865
14887 14887
14887 11771
14887 17835
14887 22226
14887 23307
14887 18502
14887 29701
14887 28931
14887 6937
14887 2528
14887 25930
14887 542
14887 344
14887 10618
14887 1980
14887 11133
14887 26830
14887 5024
14887 4622
14887 7581
18547 2935
1492 28518
1492 4129
1492 10131
19195 19195
2736 3110
2736 28760
2736 2736
2736 28089
2736 24795
2736 29580
2736 14078
11514 25709
26956 4902
26956 482
26956 26956
26956 2179
26956 14610
13776 25609
13776 26748
13776 2919
13776 3942
13776 4386
22251 289
22251 3046
22251 22251
22251 23095
22251 4515
22251 27555
22251 17423
22251 10165
22251 6998
23226 20960
17269 4715
19948 14078
19948 510
44890 289
44890 4386
44890 6498
44890 44890
44890 10554
21170 442
2004 16600
5071 28411
5071 28884
5071 8371
5071 20557
5071 3183
187 28306
5028 29241
27492 2104
27492 29129
13285 13241
9309 289
12994 12786
1502 5199
1502 1502
1502 18886
1502 25277
1502 6830
1502 23461
11546 21190
11546 17294
11546 11546
11546 15805
11546 6998
11546 263
11546 9242
11546 6937
11546 289
11546 7902
11546 2805
11546 395
11546 10986
11546 25916
11546 350
11546 27259
11546 12786
11546 265
11546 9404
11546 1243
11546 13581
11546 27193
11546 12311
22487 29262
22487 15134
10267 5103
377 1931
856 4386
856 856
856 26880
856 16815
856 1931
7380 919
7380 344
7380 820
7380 6998
14720 29145
14720 29081
14720 11274
14720 4093
5535 1548
5535 54990
23179 6755
23179 9277
23179 2730
23179 790
23179 23179
69525 27787
22177 22177
22177 28719
22177 14716
22177 20371
22177 23950
22177 221
22177 5026
22177 2871
22177 23461
22177 6694
5057 3707
5057 28719
5057 1711
5057 436
3198 13608
3198 13000
20762 20762
20762 15844
20762 10131
8040 8672
27467 20877
27467 6580
1871 26960
25075 8762
15088 5835
52871 7401
5652 26787
4899 26590
4899 3488
28223 21178
4653 820
4653 20877
24070 23189
24070 26839
15794 15794
25748 24901
25748 29142
25748 25345
25748 16865
25748 28668
25748 29129
1085 9039
1085 12786
10232 494
12364 29398
146 146
146 13241
146 25949
146 5948
19279 26468
19279 1931
19279 19279
19279 22206
1129 7581
17115 10125
17115 20371
17115 29312
17115 13241
5991 27780
5991 6937
5991 5991
5991 7498
28562 2855
28562 15981
28562 13241
28562 28562
28562 10131
28562 820
28562 4129
28562 7768
28562 19223
2259 5199
2259 15966
2259 10121
2259 14306
2259 4386
2259 28926
18801 25517
3246 9671
2145 27151
2145 27502
14812 18060
14812 134
14812 14812
14812 19608
6177 4705
6715 4946
6715 6715
27290 27420
27290 21915
27290 27290
28768 12567
28768 28768
28768 307
28768 17833
53528 35
53528 15724
53528 13559
9267 3634
26745 25277
1156 20180
1156 29543
1156 6906
1156 4835
1156 10151
1156 29450
1156 13391
1156 25247
1156 11671
1156 25984
1156 9242
1156 1209
1156 1156
19688 289
19688 2294
19688 13241
28499 72434
28499 19393
28499 28187
28499 12786
11710 13241
11710 5026
11710 23119
28931 25930
28931 8829
33412 15903
4626 25930
4626 27069
4626 4626
4626 1548
4626 4386
4626 2108
4626 15995
4626 510
4626 4434
3230 21219
14830 26453
14830 14537
25472 310
25472 7749
25472 1931
25472 12786
25472 14716
25472 7978
25472 14741
25472 51234
25472 7583
25472 21377
25472 16577
25472 14610
25472 25300
25472 25472
25472 25949
25472 24748
25472 26945
25472 10554
25472 422
25472 26724
25472 26787
25472 26753
25472 20893
28211 558
28211 3110
9605 17923
9605 17884
9605 4762
9605 9605
16880 20944
2120 2120
2120 29085
2120 12786
21677 16947
7995 10131
14682 8992
7878 28411
3019 27151
24910 26787
24910 10930
24910 645
7493 28846
7493 24158
7493 6595
7493 29224
7493 2805
1132 1132
9666 8534
13994 2929
27329 1
27329 23133
27329 11134
27329 26960
27329 27329
27425 25984
29409 14396
29409 29329
29409 1321
9958 9571
1346 3614
1346 4959
1346 12077
1346 1931
1346 23668
1346 500
24266 29488
24266 57797
24266 19455
24266 23338
12038 1548
12038 2054
12038 28466
12038 26960
12038 20371
12038 1304
12038 12038
2721 27374
11209 27463
11209 4381
7807 7807
7807 8829
7807 24885
7807 1254
7807 23950
7807 184
7807 3906
7807 22569
7807 517
7807 3589
7807 11398
7807 29115
7807 25031
7807 7581
7807 6905
7807 2616
7807 307
590 590
590 3765
590 21478
590 15013
29468 482
29468 7988
14936 14306
14936 26960
14936 14936
14936 26477
14936 27703
28901 28481
28901 10243
28901 20608
28901 17178
28901 23523
28901 6371
28901 23950
20460 12786
20460 2984
20460 263
20460 21178
20460 8544
20460 24916
20460 19668
20460 28415
20460 434
18502 28387
18502 482
18502 10892
18502 2984
27162 24256
27162 1548
27162 1931
27162 12786
27162 2127
27162 8672
27162 11771
27162 28411
27162 27023
27162 10131
27162 482
27162 27162
112 4371
522 29081
522 26027
522 27789
522 494
522 4129
522 12591
522 8160
522 11204
522 5026
522 28749
522 25944
522 1711
522 522
522 2929
1472 5034
10980 9076
10980 310
10980 10980
10980 265
10980 24241
10980 919
10980 344
26180 23119
28719 3614
28719 7131
28719 25168
28719 12786
28719 22576
28719 2242
28719 209
28719 20371
28719 14180
28719 27181
28719 5026
28719 28857
28719 29063
28719 3302
28719 28719
28719 8763
28719 17971
28719 23950
28719 6957
28719 3700
28719 28579
28719 3981
3047 28114
3047 17454
3047 3110
3047 27296
3047 494
3047 25281
22246 2127
22246 10165
22246 2490
22246 18019
22246 16485
22246 27351
22246 13567
22246 5199
22246 27023
22246 14699
22246 24313
22246 20808
22246 24344
22246 28277
22246 289
22246 7924
22246 3760
22246 7902
22246 17524
22246 4257
22246 19263
22246 26590
22246 18211
22246 13799
22246 28302
22246 20520
22246 23567
22246 7581
22246 15947
22246 482
22246 11646
22246 1931
22246 26069
22246 12317
22246 51234
22246 26477
22246 23365
22246 2183
22246 9371
22246 1686
22246 10888
22246 6473
22246 27181
22246 6998
22246 16712
22246 19587
22246 9076
22246 28806
22246 15580
22246 26468
22246 820
22246 22246
22246 25209
22246 27041
22246 4901
22246 8746
22246 4042
22246 4762
22246 24202
22246 19306
22246 29307
22246 7730
22246 3649
22246 23950
22246 4459
25209 26468
25209 828
25209 25113
25209 10131
25209 26477
25209 25209
25209 3942
25209 5010
25209 12567
25209 344
25209 28434
25209 28523
25209 15013
25209 2054
25209 21799
25209 15567
25209 10551
2938 23307
2938 23523
2938 27110
2938 1931
6525 23169
4901 4901
4901 265
4901 1409
4901 1302
7200 28749
22279 1775
24437 5392
24437 29165
24437 29561
14869 19943
19690 2553
19690 16752
19690 21992
19690 310
23409 820
23409 4377
23409 4129
23409 828
23409 1931
679 11204
679 2127
679 17492
679 16294
679 679
679 12786
679 10554
679 22179
679 1409
679 6998
679 29133
21082 5383
25717 517
25717 4378
25717 85588
25717 28677
25717 15704
4129 12786
4129 1698
4129 15990
4129 11204
4129 9698
4129 719
4129 2984
4129 14741
4129 18945
4129 21992
4129 33440
4129 10241
4129 27293
4129 27296
4129 717
4129 23950
4129 20972
4129 12546
4129 27031
4129 1117
4129 1682
4129 352
4129 5024
4129 482
4129 19459
4129 1931
4129 24206
4129 18782
4129 26528
4129 8090
4129 24337
4129 11398
4129 5872
4129 16383
4129 29001
4129 6938
4129 4129
4129 28786
4129 28114
4129 25113
4129 27487
4129 5603
4129 15134
4129 14013
4129 25890
4129 28436
4129 12471
4129 1001
4129 28893
4129 19063
4129 26942
4129 6588
20226 8769
19936 2490
19936 19838
28471 6937
28471 28471
28631 16294
26771 21729
26771 6622
7880 4371
7880 18636
10475 289
10475 9242
10475 6937
10475 15995
5478 1548
5478 20088
5478 5478
5478 1931
5478 6937
5255 26076
5255 344
5255 27488
5255 5255
10073 20127
9611 152
9611 3981
9611 9611
2688 22580
2688 7749
789 27259
789 820
14485 17492
14485 14078
14485 9556
14485 14485
169490 5199
169490 26960
169490 2380
169490 169490
169490 28749
169490 15995
1155 27193
1945 482
1945 1945
1945 26477
1945 20654
29171 4724
29171 4377
29171 1086
29171 28436
29171 16752
29171 18532
29171 29171
29171 21565
21420 21420
21420 3760
21420 6705
21420 27899
4835 1529
4835 26960
4835 7902
4835 45675
4835 17304
4835 25152
4835 4835
4835 6937
15916 13552
15916 2541
15916 6937
15916 6186
1001 12786
1001 2416
1001 2054
1001 19608
1001 15332
1001 22226
1001 24604
1001 6496
1001 15774
32 5026
28522 26960
11402 11027
11402 21565
11402 1931
11402 12786
11402 29391
11402 6734
11402 14078
11402 18636
11402 26477
11402 2381
11402 15200
11402 29583
11402 11402
11402 11398
11402 5113
11402 8544
11402 19280
11402 27770
11402 25168
6186 289
6186 5551
6186 6186
6186 19422
6186 2541
6186 2013
6186 7886
10127 2915
25704 12691
25704 21565
3112 16621
914 6830
27225 10220
27225 27225
21729 17294
21729 7375
21729 1931
21729 8892
21729 2127
21729 22179
21729 8672
21729 26477
21729 6694
21729 11204
21729 152
21729 7247
21729 2054
21729 6588
21729 5424
21729 16517
21729 4952
21729 26329
21729 8811
21729 20571
21729 3110
21729 7902
21729 27789
21729 2380
21729 4530
21729 28387
21729 23792
21729 21729
21729 17459
21729 12786
21729 350
21729 26960
21729 14819
21729 27505
21729 4371
21729 28749
21729 263
21729 16349
22006 14610
21178 3110
21178 13552
21178 12044
21178 7851
21178 21178
21178 8672
21178 15114
21178 791
2919 29266
28373 820
1529 1529
1529 17294
1529 27449
1529 27041
1529 12222
5185 26797
2910 1
2910 8128
45518 14537
16020 820
16020 1845
16020 6998
2817 2817
2817 6300
2817 5603
2817 6116
2817 1931
311 1548
311 25113
311 311
311 15114
311 12786
28466 12471
8565 13397
79402 11027
79402 12786
29354 2628
29354 677
29354 21694
3067 1548
3067 3067
27789 14545
27789 7375
27789 3002
27789 6151
27789 14716
27789 2013
27789 13239
27789 2115
27789 13567
27789 28552
27789 18060
27789 3183
27789 2345
27789 9106
27789 6705
27789 23950
27789 27919
27789 29495
27789 27086
27789 9694
27789 27795
27789 15375
27789 26607
27789 18080
27789 28848
27789 15805
27789 7581
27789 27289
27789 482
27789 1931
27789 4561
27789 2262
27789 494
27789 10680
27789 21565
27789 1491
27789 29373
27789 24696
27789 2127
27789 5872
27789 29145
27789 14352
27789 28924
27789 27789
27789 27520
27789 5144
27789 73595
27789 29469
27789 1206
27789 18894
27789 18014
27789 15990
27789 26960
27789 14013
27789 535
27789 3279
27789 5745
27789 4480
27789 3981
12894 15903
12894 265
12894 2132
12894 7581
5695 289
5695 26295
5695 5695
26768 26768
26768 494
26768 17304
10151 4377
10151 12786
10151 1938
10151 28846
10151 29104
10151 10151
7425 5872
7425 12786
7425 1686
27423 289
27423 27423
27795 22140
27795 1548
27795 15966
27795 126510
293 26590
24916 25095
24916 16074
2969 14763
2969 9350
27349 17423
9461 27289
9461 2127
9461 13831
9461 23095
9461 23133
9461 9461
9461 5026
4753 5394
17373 12567
17373 23432
17373 2812
17373 27360
7851 482
7851 22915
7851 7851
28092 8435
11725 28749
4928 18894
4928 13241
4928 4928
837 27230
25930 11257
25930 23095
25930 7041
25930 4386
25930 2013
25930 26477
8433 2372
28012 4386
28012 7581
2474 2474
2474 2568
24287 11144
24867 20500
15351 25049
28090 1242
28090 6937
28090 12786
9766 27344
9766 29210
9766 815
9766 13000
9766 2293
9766 9766
9766 29450
9766 13559
9766 13391
9766 19141
9766 2079
9766 18532
9766 17165
9766 510
9766 7581
21480 21480
939 20088
6653 13827
27457 27296
25916 3455
25916 9905
25916 25916
23095 27344
23095 27289
23095 26793
23095 23095
23095 22206
23095 19342
23095 13567
23095 3942
23095 12567
23095 21377
23095 13084
23095 10586
23095 14123
23095 14610
23095 6371
23095 23523
23095 3109
23095 4902
23095 23950
23095 519
23095 14515
23095 27031
23095 4416
23095 820
23095 2108
23095 19493
23095 27334
23095 6064
23095 2489
23095 20727
23095 20190
23095 1931
23095 13320
23095 12993
23095 29209
23095 4377
23095 15881
23095 8743
23095 26578
23095 4386
23095 16383
23095 27287
23095 2183
23095 18832
23095 14127
23095 938
23095 395
23095 27487
23095 9404
23095 2280
23095 16582
23095 15114
29578 16752
2996 289
2996 4386
29071 9404
29071 26915
29071 51
29071 29071
21915 21915
344 26758
344 8840
344 12786
344 27487
344 20944
344 18451
344 26477
344 6694
344 344
344 3210
344 5828
344 14699
344 6938
344 23523
344 289
344 21121
344 27449
344 6574
344 24240
344 14515
344 26590
344 20189
344 15114
344 21936
4913 17909
10674 26468
10674 15114
10674 7902
10674 1931
10674 12786
10674 3299
10674 27259
10674 14827
10674 38693
10674 828
10674 6998
10674 31685
10674 2566
10674 3122
10674 490
10674 25247
10674 24737
10674 10674
10674 33261
10674 13936
23523 14593
23523 289
23523 1931
23523 6540
23523 2935
23523 1453
23523 4377
23523 2054
23523 25049
23523 14595
23523 11550
23523 23523
23523 6937
23523 23461
23523 24256
23523 24320
23523 12786
23523 23307
23523 26295
23523 27505
23523 28857
23523 26960
23523 5026
23523 2084
23523 7581
9824 23247
2499 7185
24351 1947
12187 15966
12187 12187
12187 26615
12187 11134
12187 15134
1247 1247
23392 23461
14395 1687
18284 4386
29239 13241
29239 29239
29694 350
29694 660
29694 29694
29694 2179
18255 1931
26495 7375
26495 16806
29565 8169
29565 820
29565 3071
29565 100
29565 15995
5684 6705
5684 26751
14368 26960
3157 2965
3157 13241
3157 1325
3157 26375
2058 26960
16466 24620
2337 21565
13167 27151
13167 23040
13167 13167
13167 12786
13167 21565
18432 2406
18432 11027
18432 15013
27999 27999
27999 1938
27999 11144
27999 4402
9662 21565
9662 29679
9662 9662
9662 494
9662 28937
9662 26695
9662 2213
25649 28114
8215 27520
8215 4386
8215 22303
8215 15134
19931 13655
19931 10686
19931 3128
29104 7597
11080 18894
11080 1931
11080 12786
11080 15881
36242 31464
36242 794
36242 5130
20065 26960
20065 14078
20065 29313
395 289
395 482
395 13241
395 1931
395 1548
395 395
395 11771
395 2213
395 15990
395 14610
395 13889
395 352
28846 29016
28846 28846
28846 10826
28846 494
28846 17780
28846 26751
26744 26744
29816 29816
7197 28114
7197 3714
7197 12858
7197 12567
6490 4358
6490 29242
6490 1931
923 1931
923 6998
923 2281
923 4561
923 923
5876 289
2493 26656
2493 27502
3954 2127
3954 13971
3954 27732
3954 1931
510 289
510 4825
510 12786
510 10554
510 16001
510 17980
510 28115
510 21832
510 26960
510 25277
510 18532
510 510
80757 10754
24537 13953
24537 884
7749 14593
7749 28986
7749 7749
7749 1931
7749 22572
7749 1548
7749 5394
7749 14819
7749 27498
7749 1711
1990 26960
1990 23178
1990 27356
1990 1990
18247 1931
10784 7730
10784 18719
10784 10784
5010 27553
5010 27296
5010 2005
101437 26548
29208 29185
29208 12786
29208 11412
29110 8027
3856 3856
3856 1906
3856 27284
3856 1931
3856 3110
3012 6164
3012 4561
3012 3012
413 14545
413 8829
27680 21121
27899 3110
27788 289
27788 5024
27788 3615
27788 22572
27788 6694
27193 27154
27193 25173
27193 27109
27193 18894
27193 27205
27193 13581
5266 12786
9270 1209
15399 7230
17742 6624
17742 280233
17742 15114
17742 23997
29645 1711
29645 1474
29645 26477
27061 27061
27061 9063
22030 27518
22030 22030
22030 27384
22030 14078
27576 1104
27576 19448
3171 99634
3171 6937
3171 23461
17671 27453
17671 17671
17671 25277
26316 24497
26316 15724
26316 15896
26316 57409
26316 9365
26316 38993
26316 478
26316 18758
16782 16782
16782 100
16782 4762
16782 2156
16782 3981
6937 2127
6937 5689
6937 12786
6937 17178
6937 2855
6937 23365
6937 13567
6937 7965
6937 15985
6937 24313
6937 6418
6937 7902
6937 19223
6937 28817
6937 23259
6937 27076
6937 7467
6937 2963
6937 17294
6937 17086
6937 1931
6937 12317
6937 2541
6937 4685
6937 6998
6937 29113
6937 2183
6937 5872
6937 5200
6937 9403
6937 530
6937 23225
6937 11511
6937 6937
6937 5264
6937 15134
6937 27295
6937 17896
6937 3981
6937 3109
6937 8847
6937 2631
6937 4160
6937 2553
6937 8169
6937 21690
6937 289
6937 23257
6937 15844
6937 27848
6937 17971
6937 23950
6937 25808
6937 11274
6937 33335
6937 18211
6937 27300
6937 25152
6937 28848
6937 25517
6937 310
6937 8892
6937 2641
6937 659
6937 6694
6937 2406
6937 2086
6937 4386
6937 26604
6937 28550
6937 22916
6937 2860
6937 27366
6937 15990
6937 2232
6937 9404
6937 221
6937 19063
6937 15114
6937 11398
15586 15332
3216 482
3216 12786
3216 3216
1387 4371
1387 6938
1387 21002
1387 28080
3616 3616
3616 8634
3616 29094
45993 12567
45993 4732
45993 10131
45993 2792
45993 3714
45993 9203
27487 1548
27487 27396
27487 2127
27487 1503
27487 6998
27487 12567
27487 28058
27487 26960
27487 4386
27487 3110
27487 88730
27487 10554
27487 4515
27487 27487
27487 6116
27487 27402
27487 27316
27487 4463
27487 7581
8371 25550
8371 8371
19224 19224
19224 15170
19224 2013
19224 24202
27488 3089
27488 26396
27488 16805
27488 22345
8412 28411
8412 4386
5509 28749
20608 17294
20608 307
20608 24320
20608 20877
20608 1931
20608 4371
20608 2855
20608 14078
20608 7076
20608 3981
20608 12603
20608 4257
20608 9242
20608 1209
20608 20608
20608 213
13336 12652
13336 6354
13336 13336
7375 9660
7375 7375
7375 10670
7375 3109
7375 27139
7375 1240
7375 28579
7375 4377
7375 20088
7375 9289
7375 2394
7375 5752
7375 289
7375 27647
7375 7911
7375 4785
7375 4070
7375 12077
7375 7581
7375 15114
7375 6629
14370 26724
14370 2162
25247 1775
25247 517
25247 12786
9492 14078
7100 289
7100 12567
7100 7018
7100 12786
7100 24670
7100 10165
7100 476
12644 28222
38740 145038
13798 16752
28815 4161
27069 13241
27069 27069
27069 11550
28274 5424
11018 17294
11018 17267
11018 29378
11018 19223
11018 9209
1117 289
1117 1503
1117 27570
1117 1931
17724 26374
17724 14664
28857 1775
28857 28857
28857 10131
1481 3109
26519 29115
26519 26519
4848 19082
9542 42
17980 13143
17980 15947
17980 21402
17980 25702
13741 542
3697 3210
9288 20088
11490 28359
11490 10121
4324 28115
21975 289
21975 21975
21975 1931
21975 10131
21975 28749
21975 23567
22522 27266
1664 6091
27366 289
27366 19030
27366 5026
27366 7581
28613 15134
23133 4016
23133 10165
23133 1931
23133 4825
23133 2127
23133 2242
23133 13141
23133 23393
23133 12586
23133 1495
23133 12337
23133 7230
23133 11398
23133 5872
23133 4386
23133 38784
23133 18961
23133 1209
23133 24256
23133 6004
23133 13536
23133 3963
23133 2541
23133 29100
23133 17304
23133 27441
23133 23133
23133 25890
23133 2923
23133 741
23133 8463
23133 25741
23133 542
23133 11671
23133 2792
23133 16582
23133 12786
23133 3724
23133 2013
23133 7581
14883 27475
14883 7581
4830 17641
24848 13241
24848 650
27703 26867
27703 25890
27703 15881
27703 27848
27703 11374
27703 14078
27703 27703
22140 26748
22140 27522
22140 27500
22140 28436
22140 1548
22140 2213
22140 5394
22140 9009
22140 14763
22140 29246
22140 27374
22140 2724
22140 15114
22140 6244
26879 7790
26879 8105
26879 26819
29311 26960
29311 29404
689 11204
689 28749
27368 27651
4257 27885
4257 7230
4257 27284
4257 2054
4257 26960
4257 12567
4257 4257
4257 13547
4257 3981
27505 27505
27505 9905
27505 28077
27505 27181
27505 15114
27505 19558
2132 21565
2132 18220
2132 29133
2132 23950
2132 2132
2132 13567
2132 26960
2132 9404
2132 29246
2132 21121
2132 4386
2132 3981
2132 19223
2132 986
2381 11855
3628 2182
3628 482
3628 3628
3628 28015
3628 10171
3628 5026
20055 20055
25098 22124
25098 7581
4092 14199
4092 15881
19225 15903
19225 19225
14726 14515
16208 8581
12763 26960
19733 11771
7107 28797
7107 3212
28511 1548
28511 19999
5190 820
6580 5199
6580 27264
6580 7891
6580 20877
6580 21690
6580 6580
6580 24885
6580 96065
6580 27466
820 1548
820 2293
820 10131
820 13567
820 3455
820 6070
820 2803
820 18961
820 27598
820 1995
820 20735
820 1814
820 13536
820 9905
820 21219
820 15639
820 7755
820 9265
820 19422
820 10220
820 28962
820 20604
820 29266
820 22916
820 558
820 29561
820 3109
820 25590
820 1495
820 2183
820 4585
820 27555
820 16712
820 18014
820 8534
820 11511
820 15672
820 26960
820 8746
820 2054
820 10359
820 5745
820 18894
820 2884
820 4371
820 1686
820 11204
820 24737
820 27968
820 26767
820 25173
820 27848
820 3738
820 23950
820 25808
820 14515
820 27591
820 27264
820 343
820 14848
820 28436
820 494
820 11664
820 14685
820 6595
820 6722
820 820
820 1540
820 11450
820 27181
820 24005
820 9076
820 29543
820 2805
820 28710
820 26468
820 17304
820 26986
820 350
820 19285
820 27757
820 4762
820 24670
820 3981
820 10827
820 7498
21190 21190
21190 6595
21190 7902
21190 12786
21190 22226
21190 16373
21190 14013
21190 6998
21190 19280
21190 11495
21190 265
21190 18115
21190 11671
21190 4386
21190 19493
21190 15114
21190 9391
2873 12786
3007 13715
3007 560
3007 15375
3007 2002
4335 1686
1034 27555
1034 12786
10976 26830
10976 5668
13610 1906
877 1687
2566 3630
2566 18532
57797 26797
57797 134629
57797 31894
57797 28296
57797 35343
57797 18659
57797 60560
2936 7778
2936 16675
2936 27339
2936 28677
27463 2242
27463 1469
27463 12158
27463 3197
27463 20944
27463 27303
27463 62
9617 289
2869 1931
2869 4402
6745 24256
6745 2127
6745 33423
6745 4165
6745 13041
6745 2490
6745 4705
5144 1548
5144 5144
5144 10686
5144 27181
5144 218
5144 476
5144 7109
5144 2183
5144 28581
5144 10586
5144 26915
5144 16582
5144 27555
5144 2098
5144 27498
5144 9556
5144 14848
1835 1548
1835 1931
1835 14502
1835 24670
1835 1835
1835 23461
1835 27787
54348 17388
11644 9529
11644 2884
11644 17780
11644 25168
7661 6682
7661 7661
7661 14763
7661 15966
7661 15114
7661 4459
10947 27518
9160 5828
9160 9160
9160 12889
9160 7761
281985 568
28013 27453
11999 16001
11999 11999
11999 29246
919 17388
919 29224
919 1931
919 806
919 517
919 7076
919 5199
919 17492
919 90439
919 21581
919 919
919 10108
919 1242
919 7902
9659 7184
26862 24256
20989 20989
20989 25277
18048 12567
18048 12786
5828 29133
1980 289
1980 8672
1980 6763
1980 7581
28415 72434
28415 14352
28415 7829
28729 6379
28306 4531
28306 29695
28306 28481
28306 28760
28306 14716
28306 8672
28306 1209
6837 6837
6837 6694
6837 3802
27293 19587
51 21377
51 7768
51 51
6554 20728
6554 17423
14306 27151
14306 8829
14306 24364
14306 14306
14306 11771
14306 26942
14306 6998
38693 3634
28926 7585
28926 27663
14515 289
14515 1548
14515 15652
14515 14078
14515 6998
14515 27975
14515 14515
14515 1938
14515 4386
14515 23461
12546 12567
12546 10670
15375 2127
15375 13241
15375 8892
15375 494
15375 28411
15375 26960
15375 50412
15375 15375
15375 13115
15375 12760
15375 13581
27264 14078
27264 4515
27264 372751
27264 2213
27264 21992
27264 1048
27264 27264
27264 28810
27264 3117
27264 23950
15868 15868
15868 15484
15868 17896
10112 2115
10112 15881
7401 478
26262 24549
26262 11177
26262 289
26262 15484
26262 29469
26262 21694
26262 25808
26262 3700
26262 4377
26262 11398
26262 1540
26262 29473
19797 1630
19797 263
1240 26960
1240 28055
1240 1240
29639 26767
29639 5024
29639 1686
29639 29639
28706 4606
1694 28411
25049 1548
25049 27582
25049 4329
25049 26069
25049 10245
25049 26893
25049 4040
10892 18782
10892 28152
10892 15881
21304 29350
21304 8202
21304 29580
14894 5026
2322 18327
26724 12567
26724 21565
26724 2162
26724 26724
26724 26528
27420 27420
27420 19587
27420 1531
24641 11306
5551 289
5551 5551
5551 21353
5551 19606
27635 28257
3122 11771
28503 26960
4464 94025
4464 4464
4464 9394
4464 28277
24337 9698
14848 8544
5260 7074
5260 5260
10465 10827
1548 2127
1548 12786
1548 519
1548 2293
1548 24960
1548 28632
1548 21402
1548 13567
1548 19091
1548 2054
1548 4386
1548 14706
1548 1695
1548 13364
1548 1209
1548 13536
1548 11771
1548 14078
1548 4785
1548 19422
1548 4585
1548 7467
1548 21799
1548 7581
1548 14593
1548 27736
1548 6552
1548 4416
1548 1687
1548 1548
1548 2179
1548 6998
1548 17492
1548 27284
1548 19082
1548 10686
1548 6938
1548 7144
1548 62
1548 3110
1548 27032
1548 5672
1548 10718
1548 27820
1548 26960
1548 7498
1548 20500
1548 20960
1548 16582
1548 26202
1548 27195
1548 27041
1548 4459
1548 1021
1548 333
1548 20189
1548 3109
1548 17294
1548 772
1548 8672
1548 24737
1548 23943
1548 27891
1548 12567
1548 11028
1548 14709
1548 4377
1548 16865
1548 4952
1548 3760
1548 27034
1548 1931
1548 10241
1548 18530
1548 4329
1548 27259
1548 23950
1548 27035
1548 15275
1548 8634
1548 13655
1548 15552
1548 18211
1548 10131
1548 2108
1548 28251
1548 24202
1548 28359
1548 116
1548 26161
1548 29119
1548 25754
1548 26908
1548 26578
1548 18809
1548 24231
1548 15844
1548 24195
1548 3302
1548 27780
1548 4510
1548 10576
1548 8363
1548 5196
1548 13827
1548 28581
1548 27885
1548 15990
1548 5200
1548 7057
1548 13581
1548 8479
1548 7116
1548 28445
1548 15114
1548 11398
986 10193
986 26960
986 17909
986 986
986 11671
986 10673
986 1687
986 24960
781 350
781 2976
781 781
781 1630
781 19030
2788 660
8154 23461
4388 27555
4388 12567
4388 265
4388 2799
28158 28158
28158 14078
28158 1686
28158 28154
8617 27259
26839 8746
11780 8719
1108 28749
25810 24524
7745 1931
7745 29635
7745 7768
7745 26604
7745 27086
7745 29668
7745 27106
7745 16742
7745 27386
7745 18211
7745 7745
7745 20944
9905 1845
9905 9905
9905 10121
9905 26202
9905 6998
12437 12567
12437 517
12437 1931
12437 12786
12437 9203
12437 12437
12437 1711
21562 21562
28683 26960
28683 1931
29002 24893
4516 4386
4516 7902
4516 1931
26161 3110
28572 28436
4705 21832
4705 2013
4705 27384
2057 1
28943 3589
28943 7902
27331 133
13799 17837
13799 17294
13799 13799
28650 15134
1491 26960
27582 27582
27582 15966
27582 20166
27582 1686
27582 6998
27555 9879
27555 3046
27555 630
27555 26069
27555 11324
27555 6998
27555 6845
27555 26578
27555 90439
27555 28906
27555 27555
27555 27097
27555 10520
27555 6251
27555 27780
27555 11887
27555 22226
27555 218
27555 26960
27555 265
27555 9404
27555 10121
27555 5001
27555 15114
1919 8392
19448 2401
19448 19448
9887 28152
133 5394
133 20085
133 12786
133 3742
10547 12567
27837 26468
21832 12786
21832 8534
21832 18019
21832 6540
21832 17206
21832 2179
21832 19558
21832 21832
21832 43413
21832 25095
21832 7965
21832 4952
21832 6998
21832 14127
21832 19477
21832 13201
21832 26233
21832 21450
21832 14078
21832 26830
21832 12838
21832 372751
21142 8173
21142 12567
21142 12786
2886 8672
27584 26374
1424 7581
1424 1424
1424 1931
1424 10131
19737 1642
16582 10686
16582 1931
16582 772
16582 13567
16582 350
16582 16582
16582 26202
16582 25277
16582 5745
26202 24256
26202 26880
26202 263
26202 1540
26202 26202
24145 2385
24145 23950
24145 28056
4487 4371
3212 2650
15774 28257
15774 16675
3304 152
3304 3304
21121 1643
21121 25277
15302 10193
15302 13715
15302 26767
15302 27727
15302 12786
15302 15302
15302 27647
15302 28656
15302 24240
15302 23365
15302 2923
15302 27858
15302 9039
15302 24528
15302 27714
15302 12476
15302 21690
15302 28089
15302 27334
15302 2884
3115 27055
40465 18092
4385 660
4385 6998
25020 27520
25020 17388
25020 5026
13471 9311
2695 2695
4501 5880
4501 1048
4501 263
4501 4501
4501 23950
4501 14040
4501 4785
4501 55526
43617 28015
2275 28089
2275 2275
14860 7730
28434 12567
28434 310
28434 8544
28434 2013
28434 27384
28434 14078
23067 16600
49353 2054
49353 1931
26607 39050
12760 27441
28277 26960
28277 2213
28277 482
28277 18914
28277 14078
28277 213
26876 12567
26876 26960
26876 26876
26876 23461
26876 4386
3108 2156
20924 12786
134 28115
134 13254
134 1687
19459 20190
19459 263
5150 12567
5150 5150
5150 12786
1469 10121
11366 4371
11366 2013
11366 10554
1357 2984
1906 25246
1906 1906
1906 12786
5425 456
29119 482
29119 29119
29119 10576
29119 5026
29119 7581
6595 17492
6595 6595
6595 5038
13101 21565
13101 1112
13101 13101
13101 12786
13101 26468
27282 17492
28884 28884
28884 12786
28884 54990
29336 4386
2812 7730
2812 1417
14882 289
14882 2553
14882 28115
15552 26233
15552 4825
24124 13570
24124 1048
9660 7581
29643 97938
12255 10121
3430 7581
29506 482
29506 1686
28029 12786
28029 22226
4724 28872
4724 29580
4724 2242
4724 29641
4724 27502
4724 11771
4724 26477
4724 28708
4724 4724
4724 21954
4724 605
4724 10215
4724 28302
4724 5114
3455 12786
6734 28749
6734 27605
14610 27344
14610 15947
14610 26758
14610 6300
14610 1931
14610 15813
14610 15966
14610 16373
14610 11945
14610 3942
14610 27652
14610 26900
14610 24194
14610 107
14610 482
14610 289
14610 8829
14610 13454
14610 26960
14610 5026
14610 22226
14610 26695
14610 17492
14610 2293
14610 16074
14610 26966
14610 26903
14610 10131
14610 4902
14610 29500
14610 10243
14610 14610
14610 352
14610 15114
14610 17428
13536 14819
13536 1931
13536 12786
13536 4386
13536 13536
13536 10554
13536 3981
19999 24436
19999 1931
19999 18782
19999 18636
19999 411
19999 28411
19999 26590
19999 17492
19999 12753
19999 12594
19999 17837
19999 4952
19999 21992
19999 7311
19999 18296
19999 19999
19999 22772
19999 11273
19999 10554
19999 3403
19999 2828
19999 14078
19999 9588
19999 27259
19999 26787
19999 19422
19999 11479
19999 6624
19999 9302
19999 20520
19999 13936
19999 23560
4534 29133
806 7018
806 7902
806 806
806 2108
806 17166
27363 4732
27363 6244
27363 25277
6481 21690
10378 4804
307 9076
307 15966
307 107
307 1
307 23950
307 28404
307 12960
307 12567
307 16577
307 9404
307 307
307 26590
307 15114
2783 9067
22511 6947
26375 27402
26375 1931
26375 12786
26375 1687
26375 6998
21922 79297
21922 27651
29350 7581
8958 13567
29561 29561
4134 11027
13143 13143
13143 6947
13143 3981
13143 2280
723 26374
723 26295
20944 9076
20944 3110
20944 12786
20944 4515
20944 20944
20944 29635
20944 4827
20944 24313
20944 27921
18061 12337
13391 13391
13391 26960
13391 289
13391 10827
13391 19493
4377 2489
4377 12317
4377 2213
4377 13567
4377 6998
4377 28411
4377 12567
4377 4377
4377 5526
4377 2394
4377 474
4377 482
4377 5026
4377 33440
4377 21040
4377 289
4377 28084
4377 27498
4377 13201
4377 23950
4377 25808
4377 24240
4377 28581
4377 26960
4377 13501
4377 28496
4377 7821
4377 15114
4377 12028
4377 28579
16838 15903
1242 19834
1242 1931
1242 27005
1242 13239
1242 27456
1242 6998
1242 4530
1242 17492
1242 11949
1242 15881
1242 8176
1242 1242
1242 6938
1242 29192
1242 23017
1242 79297
1242 22936
1242 17190
1242 1932
1242 4593
1242 12786
1242 4762
1242 26548
1242 2054
1242 10245
1242 27770
1242 23567
16996 2489
16996 26233
16996 19493
95796 23431
9803 10165
9803 27043
22874 20663
21214 1686
21214 7581
10554 7787
10554 2127
10554 5777
10554 1112
10554 7988
10554 482
10554 16373
10554 27396
10554 14059
10554 18886
10554 9556
10554 18444
10554 24256
10554 1649
10554 5598
10554 733
10554 12753
10554 10554
10554 14078
10554 21992
10554 11116
10554 26468
10554 11302
10554 9444
10554 11043
10554 2999
10554 26477
1146 2489
1146 24528
1146 12786
1146 27553
1146 1348
1146 13743
1146 10245
1146 1146
2226 22569
17495 11027
17495 17495
17495 19455
17495 12786
17495 4386
85588 6694
25713 2490
25713 10131
25713 21992
25984 3110
2926 5495
16752 1265
16752 26825
16752 1931
16752 18095
16752 2127
16752 16752
16752 4804
16752 16639
16752 20166
16752 19838
16752 12471
16752 11671
16752 16712
16752 915
16752 24240
2432 27520
2432 2432
2432 6830
2432 3548
25351 27181
29268 13827
28411 2210
28411 22293
28411 13241
28411 1931
28411 15013
28411 482
28411 2126
28411 4371
28411 16192
28411 11945
28411 984
28411 13567
28411 6998
28411 28411
28411 12567
28411 18886
28411 15149
28411 25944
28411 18532
28411 339
28411 1913
28411 8610
28411 7911
28411 9365
28411 3134
28411 26960
28411 2127
28411 1467
28411 1207
28411 14078
21690 289
21690 2127
21690 4754
21690 1931
21690 4515
21690 16001
21690 6171
21690 26960
21690 29488
21690 9404
21690 20085
21690 7581
21690 21690
21690 9350
6886 21565
7074 7581
7074 14900
6007 23567
22805 27520
22805 13241
568 11613
568 27814
568 568
568 20523
3073 14078
3165 3165
3165 26960
3165 13520
3165 1209
22631 26590
22631 3109
22631 23558
22631 22631
22631 1711
22631 26477
22631 14763
14015 4093
14015 3772
14015 7581
7761 26233
13539 2489
20473 8719
20473 2183
20473 7911
482 14593
482 815
482 5196
482 28637
482 7988
482 15275
482 4371
482 2471
482 4530
482 27023
482 2984
482 4952
482 63
482 25949
482 289
482 2962
482 372
482 14741
482 23950
482 6629
482 1969
482 27402
482 28156
482 29679
482 13237
482 29178
482 9203
482 24893
482 29133
482 15947
482 482
482 26957
482 26027
482 25168
482 25590
482 2126
482 20371
482 28359
482 23338
482 6998
482 27284
482 27150
482 62
482 7109
482 27520
482 8829
482 2162
482 2079
482 29632
482 1931
482 4593
482 29488
482 24547
482 8544
482 29129
482 1207
482 27498
482 15114
482 28579
12858 2182
12858 12858
12858 8049
12858 4386
12858 6574
12858 561
12858 18726
12858 7581
31464 3867
31464 14763
31464 26456
2345 26286
2345 19263
2345 15995
22566 1931
4518 10971
12938 26748
12938 11374
12938 100
12938 2790
1985 47272
29940 29940
22345 4386
22345 26615
3062 25119
25300 21377
25300 25890
25300 12786
24779 2013
24779 25277
24779 24779
9352 4371
339 265
339 27143
339 339
21085 26877
7911 8719
7911 7651
7911 7018
7911 26748
7911 4371
7911 6171
7911 18894
7911 907
7911 6998
7911 4358
7911 2213
7911 7911
23680 17537
17459 2406
17459 16829
17459 9627
17459 17459
17459 16815
25741 289
25741 4371
25741 25741
25741 4515
25741 28381
25741 28668
22915 26748
22915 7902
22915 1371
22915 22915
22915 17423
22915 10746
22915 15995
27530 27530
27530 4386
2098 23309
48977 23307
48977 12786
48977 9121
1162 1162
1162 946
442 12317
442 26960
8344 24313
8344 10576
8344 7581
29246 9879
29246 289
29246 3630
29246 3649
29246 2636
29246 9009
29246 29246
29246 6938
29246 13560
12716 12716
12716 4161
23017 26787
23017 13241
23017 23017
23017 3548
104 7131
29327 4952
29327 5598
6107 17388
27031 27045
27031 26528
14873 14873
14873 18211
28962 15114
17388 11814
17388 6694
17388 17388
17388 1686
17388 22825
23119 1673
23119 11132
23119 22154
7581 2127
7581 12786
7581 18911
7581 3906
7581 10165
7581 13567
7581 3942
7581 6070
7581 4386
7581 1995
7581 10193
7581 6468
7581 22624
7581 28817
7581 1667
7581 23042
7581 7581
7581 2489
7581 1931
7581 22957
7581 31685
7581 27091
7581 5424
7581 1551
7581 6938
7581 9403
7581 62
7581 8534
7581 15239
7581 18484
7581 28047
7581 26295
7581 2416
7581 17190
7581 2293
7581 16500
7581 8746
7581 27295
7581 3004
7581 24202
7581 1206
7581 6926
7581 4827
7581 3981
7581 3109
7581 4515
7581 10107
7581 29145
7581 7041
7581 1686
7581 28953
7581 20774
7581 1417
7581 18931
7581 828
7581 1304
7581 7988
7581 29308
7581 26233
7581 29210
7581 26069
7581 494
7581 6694
7581 14061
7581 3971
7581 5264
7581 27522
7581 4093
7581 2805
7581 28764
7581 15114
7581 350
7581 9404
7581 29026
7581 7498
7581 23950
7581 12311
26927 27151
8934 3302
8934 62
8934 8934
13482 13482
13482 11625
13482 15310
13482 4515
23591 18092
7096 11945
3630 26335
3630 4969
3630 3630
3630 1932
660 24549
660 7131
660 9165
660 494
660 23950
660 11671
660 660
660 22927
660 24379
660 16712
8363 12567
8363 13241
8363 12786
8363 8363
8363 1540
8363 27962
8363 25277
27536 4386
20196 20196
20196 4375
20196 28015
7730 3589
7730 15983
7730 26468
7730 28152
7730 17492
7730 2568
7730 18211
7730 8695
7730 11381
7730 1417
7730 29580
219 26121
27024 12468
15903 24195
15903 11027
15903 21565
15903 289
15903 22827
24901 12511
24901 17294
24901 28015
2116 2116
2116 6705
13001 3707
5526 26960
5526 5526
1987 28187
1987 1711
1987 13241
1987 1987
22928 25277
20085 25168
13763 8169
46034 24497
10986 494
10986 5026
10986 26751
27916 791
27453 26121
28156 28156
28156 14741
28156 523
28156 15114
28156 29491
3530 28593
3530 14819
3530 3530
26915 2984
26915 10131
26915 8544
26915 22206
26915 18092
26915 26915
541 27520
541 4371
28322 12567
10150 10150
27334 7813
27334 27334
23257 9403
19263 1686
7926 26742
2406 2406
2406 26960
2406 15995
2406 29370
2406 4386
1760 16001
1760 8892
11949 48806
11949 11949
11949 12671
11949 10131
11949 146423
897 21565
16947 26233
16947 22536
4386 16800
4386 10165
4386 25545
4386 3002
4386 26511
4386 13239
4386 2373
4386 23365
4386 25119
4386 517
4386 6244
4386 1962
4386 6622
4386 9277
4386 15484
4386 12786
4386 17148
4386 14189
4386 19943
4386 26233
4386 4691
4386 2210
4386 10220
4386 18809
4386 7467
4386 17294
4386 1503
4386 17178
4386 1931
4386 42049
4386 3302
4386 11562
4386 10426
4386 10131
4386 23668
4386 8176
4386 7144
4386 62306
4386 27118
4386 15134
4386 26960
4386 29598
4386 27041
4386 3981
4386 9679
4386 29145
4386 1698
4386 1686
4386 13659
4386 16654
4386 29668
4386 23461
4386 7915
4386 15844
4386 17304
4386 29338
4386 23950
4386 25808
4386 28436
4386 27210
4386 11671
4386 9302
4386 343
4386 26957
4386 6300
4386 2262
4386 28114
4386 494
4386 1499
4386 4181
4386 1356
4386 28581
4386 11398
4386 4386
4386 5026
4386 19587
4386 9076
4386 3110
4386 16008
4386 27989
4386 18894
4386 22580
4386 28342
4386 27091
4386 6636
4386 5130
4386 15995
4386 50249
4386 5392
4386 27921
4386 15114
4386 27202
4386 7498
5752 350
5752 4371
26830 26830
26830 12786
26830 22572
22694 2293
22694 22694
14013 26794
14013 11381
14013 4698
14013 29323
14013 1254
14013 27230
14013 2922
5130 27518
5130 24696
5130 5286
5130 11884
5130 5880
5130 1304
5130 1
5130 17492
5130 25630
5130 5130
5130 20189
5130 10683
5130 22053
5130 5024
5130 65660
5130 21565
43064 27642
5947 23010
5947 4825
5947 5947
815 8173
815 28114
815 912
815 815
815 2213
28585 27520
28585 13567
2373 4859
2373 2373
2373 14078
19481 23461
4085 7597
11088 28187
11088 1931
11088 6906
11088 9449
9632 14078
25277 2293
25277 6574
25277 25890
25277 22624
25277 27181
25277 2108
25277 2860
25277 23950
25277 26232
1483 1819
2965 6468
4 18809
43230 12511
43230 27361
7755 11027
218 2515
218 7902
218 1931
218 10107
218 25031
218 302
218 218
218 27873
47272 21992
1316 1316
1555 5196
1555 15134
2013 2127
2013 8840
2013 12786
2013 2242
2013 2013
2013 4143
2013 1413
2013 845
2013 4952
2013 23461
2013 1209
2013 289
2013 26748
2013 6938
2013 23950
2013 4804
2013 20663
2013 20520
2013 14908
2013 23272
2013 27968
2013 33261
2013 15098
2013 2213
2013 3772
2013 27374
2013 11550
2013 8128
2013 26468
2013 912
2013 3763
2013 26960
2013 18921
2013 4762
2013 677
2013 22825
57083 13241
26934 16600
7226 28749
7226 476
2922 15724
1228 15443
2066 30628
2066 29404
14526 14526
14526 517
14526 17304
14526 10121
14526 9265
27800 27520
5200 1503
5200 5200
11625 4994
28114 289
28114 28114
28114 19082
28114 1931
28114 28387
28114 36944
28114 14078
28114 7965
28114 2213
28114 14741
28114 5347
28114 1209
28114 27598
28114 29534
28114 29210
7546 28222
7546 17086
2162 12786
2162 27661
2162 24241
2162 25392
16578 1752
16578 16578
9313 21464
3685 10972
517 1931
517 12786
517 549
517 1686
517 517
517 2310
517 27598
517 447
517 29543
517 14078
517 2636
517 4593
517 8049
517 263
517 26233
517 29266
1578 26121
1578 5026
1578 17492
1578 1578
1578 14078
27478 13514
24497 12511
24497 1278
5770 6998
27498 8829
27498 1931
27498 16188
27498 27498
27556 17294
27556 27566
27556 15995
27386 17206
27386 19082
27386 1931
772 3210
772 772
772 13559
772 18484
4507 29266
4286 4286
4286 4508
27091 2489
27091 3091
27091 23818
27091 1695
27091 7597
46576 11306
27597 10131
8027 9679
4859 9076
4859 3110
4859 4859
4859 2254
4859 3763
27918 1931
27265 2128
717 26960
1573 1573
1573 24670
1573 21565
1573 26848
257385 1973
24454 6349
6171 152
6171 7498
6171 15580
6171 29112
6171 17178
6171 6371
6171 19587
290 18010
1642 1931
15122 29378
21207 1775
21207 18532
21207 26829
19541 27005
1729 6998
19558 13241
19558 2087
19558 11671
19558 8544
19558 10131
19558 27266
7680 558
7680 15805
28581 2127
28581 13241
28581 12786
28581 28387
28581 15652
28581 28581
28581 6588
28581 3981
554 8173
554 263
554 4515
25051 5598
25051 9444
25051 26460
28120 8719
28798 28728
28725 5904
28542 25225
13475 13475
4538 99915
27538 14587
10710 27384
10710 10710
10710 12786
10710 4515
8826 14819
8826 13226
8826 26477
8826 26121
25797 289
25797 1503
25797 650
25797 27005
25797 6203
3942 5106
3942 27097
3942 1931
3942 16008
3942 17923
3942 2213
3942 3942
3942 6755
3942 3248
3942 15995
3942 8743
3942 1737
3942 15134
3942 3183
30127 27086
18659 27230
18659 28587
1962 289
97892 12786
25949 26867
25949 26903
25949 13936
25949 25392
25949 14078
25949 11622
25949 2636
25949 21918
25949 26787
25949 767
25949 146423
25949 11651
25949 10075
25949 30909
9889 9889
2852 22179
29116 289
29116 29116
29116 3110
2112 12052
27557 9858
4371 20094
4371 1112
4371 14639
4371 4371
4371 1580
4371 6500
4371 6164
4371 2241
4371 3703
4371 2628
4371 23461
4371 1878
4371 5264
4371 14616
4371 14308
4371 13570
4371 24241
4371 14827
4371 9600
4371 1969
4371 26960
4371 8922
4371 6821
4371 10121
4371 1339
4371 20093
10988 10988
10827 26960
10827 3046
10827 3110
10827 10131
10827 16001
10827 10827
22678 27151
29673 23267
29673 15844
29415 26468
3772 24256
3772 4093
3772 4111
3772 28899
3772 3772
23634 12786
23634 31894
23634 28015
23634 38993
23634 28974
23634 26477
23634 1711
23634 12567
23634 4762
23634 23634
23634 29001
23634 5026
23634 17782
23634 3981
13889 4515
9242 5106
9242 12786
9242 4994
9242 17971
9242 2213
27230 17294
27230 38784
27230 20520
27230 5736
27230 26477
28786 10121
28786 28786
7098 26960
7098 17492
7098 20190
7098 6763
7098 8672
9493 4314
9493 25890
9493 28733
9493 6349
24799 434
3299 1931
3299 12786
5667 2860
5667 10058
5667 10131
5667 2108
5667 8769
5667 5667
5667 23950
5667 946
719 3981
719 26374
719 25890
719 4515
2189 8463
11245 3906
13226 16001
13226 7776
13226 23461
13581 27174
13581 26942
13581 5196
13581 4948
1321 29004
15275 26960
20152 25709
10806 11955
10806 6064
10806 29569
10806 11398
10806 10806
34050 2127
34050 265
34050 29224
34050 19422
34050 6906
34050 26294
34050 18961
34050 23950
34050 5114
34050 34050
34050 7071
26548 6998
26548 26548
26548 15995
17086 27067
17086 6116
17086 2942
3003 12567
27968 27968
8786 8786
24720 289
24720 17294
24720 17304
7978 14827
7978 7978
27358 27374
27358 1931
27356 26960
27356 6998
27356 22017
11144 11134
24946 18759
18151 289
18151 18151
18151 22825
26615 2183
26615 26615
28797 12567
28797 1304
28797 15332
1895 1895
6792 27039
21686 14396
21686 17428
4181 28257
4181 2127
4181 13241
4181 4181
296 17641
296 28244
296 9203
27361 12511
27987 697
27987 3981
7445 26960
1343 15966
2805 289
2805 5598
2805 13241
2805 1931
2805 12786
2805 1254
2805 24256
2805 14078
2805 3981
2805 19223
27500 6244
2976 8990
2976 13241
2976 1931
13827 2761
13827 12786
13827 4952
13827 13827
13827 16480
5377 11984
6116 5264
18014 15652
9404 2127
9404 10165
9404 13241
9404 1931
9404 4515
9404 5736
9404 14078
9404 19228
9404 289
9404 2641
9404 12786
9404 27402
9404 25890
9404 9404
9404 3981
28496 27339
2130 2055
6442 3906
6442 5070
6442 6442
3614 2465
3614 1931
4820 15966
3906 6682
3906 5512
1460 15114
10520 2032
19258 28593
11394 1540
15423 476
28267 12567
28267 12786
28571 28436
28571 28302
28571 8169
28571 13241
8811 19794
8811 1254
10551 4902
10551 15966
10551 16675
10551 27207
17178 289
17178 1086
17178 17178
17178 2115
17178 7597
17178 26960
17178 18211
17178 10131
17178 6349
1931 2127
1931 7813
1931 25225
1931 519
1931 24240
1931 372751
1931 16373
1931 21377
1931 2054
1931 28949
1931 6468
1931 10215
1931 14827
1931 27086
1931 9076
1931 10146
1931 17294
1931 1503
1931 1931
1931 22179
1931 6540
1931 14029
1931 12311
1931 5872
1931 18532
1931 25119
1931 8829
1931 25113
1931 12222
1931 26960
1931 25890
1931 14741
1931 2300
1931 3981
1931 310
1931 16188
1931 27726
1931 14431
1931 1698
1931 4491
1931 22901
1931 6905
1931 76050
1931 2897
1931 1088
1931 27296
1931 9365
1931 2293
1931 10121
1931 11671
1931 2108
1931 17641
1931 28359
1931 3347
1931 9371
1931 14059
1931 14685
1931 29242
1931 1540
1931 28906
1931 5114
1931 13601
1931 11955
1931 26468
1931 18894
1931 8099
1931 7829
1931 27591
1931 20503
1931 22825
1931 7018
1931 20659
1931 12786
1931 15813
1931 14716
1931 209
1931 2115
1931 23365
1931 13567
1931 26590
1931 28481
1931 27023
1931 27070
1931 15937
1931 28084
1931 11550
1931 7902
1931 204
1931 14189
1931 14078
1931 7109
1931 41059
1931 27076
1931 27016
1931 4845
1931 13241
1931 3109
1931 12317
1931 2213
1931 6998
1931 2183
1931 17492
1931 16577
1931 15881
1931 10131
1931 9311
1931 24737
1931 35802
1931 27659
1931 13079
1931 5603
1931 35444
1931 265
1931 4827
1931 24549
1931 8719
1931 15966
1931 27564
1931 1697
1931 8169
1931 16802
1931 28397
1931 18662
1931 23172
1931 3738
1931 23950
1931 11495
1931 3566
1931 20520
1931 289
1931 12471
1931 28980
1931 1254
1931 6694
1931 19587
1931 5598
1931 3361
1931 2860
1931 25392
1931 4392
1931 15114
1931 26787
1931 8544
1931 28579
25735 26867
25735 26960
25735 1246
25735 8903
104468 29266
23365 310
23365 1955
23365 27259
23365 10131
27284 12567
27284 3110
18636 29138
18636 19032
18636 5948
19030 13743
19030 19030
19223 27553
19223 13241
19223 942
19223 372751
19223 19223
19223 10131
19223 7467
967 2468
2077 18961
25113 26765
25113 8169
25113 1737
25113 1711
25113 29033
29368 29368
29368 10586
29368 12786
18771 2422
165319 21805
18665 21700
18665 18665
18665 14131
22206 11771
26777 26777
26777 5424
712 712
27055 2924
27055 27055
27891 1404
27891 27891
31894 26794
31894 1845
31894 9265
31894 310
31894 31894
31894 23696
31894 38993
31894 2281
31894 13201
20372 28257
20372 2738
3760 13941
3760 16800
3760 25550
3760 25225
3760 22569
3760 14587
3760 25890
3760 2054
3760 3981
3760 24202
3760 3760
3760 62
3760 5106
19228 19228
6905 29462
6905 25808
25168 2182
25168 27402
25168 4577
25168 1698
25168 11374
25168 26960
693 10804
2828 118205
2828 265
2828 17304
2828 2828
2828 19943
2828 12753
12439 22827
12790 26374
2636 27520
2636 11945
2636 7829
2636 16039
2636 46976
2636 26590
2636 2636
2636 26960
2636 4358
2636 263
2636 20960
2636 19493
2636 62
14819 2127
14819 29085
14819 12786
14819 27384
14819 14819
14819 29016
14819 28588
14819 13689
14819 13669
14819 29608
5113 697
5113 12786
5113 17304
5113 26233
5113 152
5113 11398
5113 5113
5113 6938
5113 23950
5113 4509
5113 26312
25152 28505
25152 12786
25152 1086
25152 25152
25152 27369
4655 4655
4655 942
17641 26748
17641 17492
17641 12786
17641 372751
17641 266
17641 6694
3349 46206
15098 100
14059 1088
14059 20371
22867 2833
16742 10670
16742 8690
16742 476
26980 6331
11651 2478
24542 26833
422 422
422 302
78041 24600
78041 28483
28974 12567
28974 14545
28974 26477
28974 791
27651 2087
27651 12786
27651 23307
27651 27651
28993 2127
28993 10165
28993 2213
12471 17294
12471 7131
12471 12786
12471 28436
12471 23307
12471 6998
12471 17492
12471 9203
12471 23567
15995 6998
15995 25545
15995 1
15995 12960
15995 28342
15995 22624
15995 22547
15995 29027
15995 19587
15995 697
15995 1712
15995 23307
15995 3091
15995 11495
15995 4593
15995 27181
15995 4969
15995 15995
15995 23872
15995 6349
15995 791
26758 5199
26758 289
7821 2213
12311 289
12311 26960
12311 18532
12311 15881
8105 8105
27464 17294
26236 2127
26236 26236
18911 3714
18911 11115
18911 4515
23334 1845
23334 4688
15013 15981
2115 10131
577 7076
4111 6362
20363 18211
11744 1
4058 2183
4058 6998
27449 17294
27449 9556
27449 12703
3615 68229
4804 4804
4804 21565
11051 27151
28817 15134
6465 9556
13489 162
2210 2210
26477 7131
26477 2761
26477 12786
26477 46976
26477 28632
26477 28728
26477 9449
26477 1431
26477 10586
26477 25345
26477 2803
26477 16485
26477 4952
26477 1474
26477 9671
26477 11550
26477 7902
26477 18914
26477 26590
26477 26468
26477 6957
26477 25890
26477 8829
26477 27047
26477 18444
26477 1711
26477 16039
26477 12129
26477 11131
26477 1112
26477 23247
26477 3109
26477 545
26477 26348
26477 26477
26477 2310
26477 28760
26477 1951
26477 27520
26477 24885
26477 26295
26477 17304
26477 5495
26477 9039
26477 605
26477 21728
26477 22825
26477 1048
46983 12786
28089 23307
28089 28089
7505 10220
7505 12603
7505 17423
3526 11945
3526 13241
3526 3526
3526 107
3526 21931
6906 4845
6906 6906
6906 2005
6906 1417
6906 2422
6887 7018
6887 15114
44587 27181
16701 9302
29247 29247
29247 9350
16710 1209
28055 350
8534 289
8534 8534
4096 4096
12773 10165
12773 3665
4698 14396
4698 2394
4698 494
4698 4698
4698 5026
4698 23338
29029 62
38720 2489
5603 10165
2137 26960
535 26960
765 10618
765 765
765 26468
8184 3981
14706 13520
14706 23461
28056 28056
28056 6998
28733 350
28733 17294
28733 12468
28733 28733
28733 213
13669 13669
13669 5026
13669 17782
13669 12786
20774 26374
20774 10131
52285 26787
6371 11223
6371 2803
6371 12786
6371 6371
29580 15981
28702 22580
27570 19317
15844 3110
15844 15844
15844 15652
15844 26908
15844 6694
15844 26960
15844 12889
15844 12317
15844 8128
15844 27067
18095 3089
18095 29636
18095 1711
17923 24256
23950 29508
23950 17294
23950 14716
23950 13567
23950 14078
23950 5199
23950 12567
23950 1429
23950 8169
23950 17492
23950 23461
23950 29693
23950 289
23950 7902
23950 22572
23950 15652
23950 29635
23950 12786
23950 23567
23950 1503
23950 2855
23950 494
23950 6998
23950 263
23950 10131
23950 23558
23950 6694
23950 29133
23950 15134
23950 26960
23950 265
23950 17428
23950 28749
23950 5392
23950 23950
23950 3981
5668 15724
5668 4463
5668 27296
343 310
343 26468
343 27259
343 27163
343 343
343 2616
343 14763
29491 19441
29491 28579
29491 12786
29491 4463
26626 17304
15239 23567
26069 289
26069 1209
11970 2924
26528 5672
26528 26528
22179 8544
22179 22179
22179 27181
22179 12695
22179 9265
22179 2422
27419 2084
8602 18532
27643 17492
27643 13241
27643 25890
27643 21992
47435 8990
16675 10404
10576 12567
10576 57409
10576 10576
10576 15990
14117 23338
14117 13567
14117 14117
27130 15886
24158 263
8350 8350
8350 25702
10058 8672
677 5598
677 13241
677 677
4860 558
4860 21565
8840 27520
8840 26809
25225 289
25225 25225
2977 2977
10131 14473
10131 2763
10131 13567
10131 2776
10131 27023
10131 26188
10131 28937
10131 15990
10131 13560
10131 13804
10131 558
10131 22756
10131 12077
10131 13520
10131 884
10131 23567
10131 5106
10131 15114
10131 28251
10131 29485
10131 13953
10131 20960
10131 16865
10131 2183
10131 21954
10131 10131
10131 474
10131 26794
10131 29081
10131 9571
10131 4530
10131 15134
10131 23010
10131 27181
10131 27316
10131 3004
10131 1938
10131 15170
10131 3981
1864 12567
1864 1864
9825 289
25609 25609
13743 26960
13743 28115
3091 289
3091 3091
946 946
4074 14334
14763 23942
14763 27296
14763 25392
14763 16865
14763 828
14763 14763
14763 4952
14763 22825
14763 28760
16719 11550
5114 28593
5114 5114
4416 26960
4416 27396
4416 542
4416 4416
4416 1
4416 4827
4416 6694
10404 2054
10670 28749
10670 2855
1 5880
1 19608
1 1
1 10036
1 21565
1 26787
1 6244
1 14595
1 27541
1 24313
1 6830
6540 26787
24195 20371
27975 27520
27975 18019
27975 265
27975 10121
10075 21565
10075 7902
10075 17304
10075 6998
10075 10075
28924 2182
28924 26960
18532 2127
18532 25545
18532 3109
18532 1086
18532 152
18532 21728
18532 23272
18532 28723
18532 2005
18532 4577
18532 18532
18532 26121
18532 24670
11004 60945
26834 18921
27553 16001
27553 11550
6574 11027
6574 542
6574 2183
6574 494
6574 6574
6574 2855
6574 350
6574 5394
6574 11398
6574 3183
26966 21625
26966 26967
11227 7778
11227 1048
11227 15200
11227 21450
3248 22294
3248 5026
29307 23567
29307 26335
29307 15580
29307 17294
28945 2855
17780 9444
2401 24313
9447 9121
2490 2490
2490 14827
4531 23364
4531 11073
4531 12786
4531 22927
11028 289
11028 7116
11028 28187
11028 3210
20675 18013
20675 12786
23247 27520
23247 21565
23247 9449
27873 9556
6755 26027
6755 1254
24414 27267
24414 25106
24414 472
24414 7996
1667 289
1667 17492
1667 1667
1667 8201
1667 494
16269 48219
1245 3071
6362 8634
22944 24885
22944 24670
22944 18894
22944 22944
22944 15114
5314 6998
5314 10121
5314 5314
5314 14078
26986 26986
4463 17492
4463 4463
4463 7498
28505 25808
28505 28505
28505 12786
6588 24313
6588 6588
20562 12786
5026 2127
5026 20912
5026 2626
5026 10971
5026 17782
5026 289
5026 5606
5026 3138
5026 12567
5026 17294
5026 97938
5026 28593
5026 1254
5026 29264
5026 10888
5026 17400
5026 16383
5026 11550
5026 5026
5026 29026
5026 17190
5026 1938
5026 10715
5026 25702
5026 3814
5026 29032
21219 26960
21219 494
21219 21219
28806 14827
28806 14078
28806 28806
5196 2182
5196 26233
5196 5196
5196 1711
6354 29296
6354 2761
6354 24202
6354 26511
6354 14639
6354 2108
6354 828
6354 6354
14709 289
14709 14709
15652 20329
15652 7965
15652 12077
15652 27598
27904 28359
28575 17705
12175 10439
21805 21805
10009 4530
10009 1540
22158 27520
22158 17492
22158 7813
5346 228
26099 5394
26511 6682
26511 23567
26511 4948
1738 1738
27674 2763
13567 26867
13567 4825
13567 16188
13567 1687
13567 5448
13567 10217
13567 13567
13567 6938
13567 7149
13567 6004
13567 6091
13567 22927
13567 8743
13567 20520
13567 5626
9488 310
9488 9488
9488 2087
9488 3080
6763 28656
6763 6763
20671 2054
12062 4585
4333 1209
6331 6331
3963 9556
3963 1551
29165 4561
28124 372751
25776 25771
28048 28115
28048 28048
28048 1048
2088 2088
8128 5199
7996 5394
27466 17294
27466 27527
27466 26027
24873 100
3765 27043
86949 9067
3109 4016
3109 494
3109 4530
3109 23558
3109 11550
3109 6830
3109 3109
3109 24256
3109 19282
3109 21992
3109 17428
3109 28810
3109 289
6618 3981
1687 17909
1687 2128
561 8829
561 561
11305 26960
16712 3110
62 27520
62 29626
62 24346
62 12786
62 4515
62 13443
62 8544
62 9203
62 1140
62 28950
62 1711
62 62
62 19587
27727 27727
27727 12786
26742 26942
13454 19033
13454 13454
29686 11398
2084 2084
2084 27792
4948 3110
4948 26942
4948 9350
35444 500
27295 23461
27295 5424
585 26374
585 1110
23474 5394
23474 1734
4688 33423
4688 1845
28371 27518
28371 1209
14741 289
14741 12786
14741 27619
14741 14199
14741 5736
14741 6998
14741 26960
14741 4969
14741 23567
14741 9350
53434 18010
53434 14078
29126 29115
23172 18296
27259 6682
27259 27259
27259 28047
27259 2032
27259 4143
27259 3110
27259 27921
27259 791
11274 11274
18758 17896
5606 14593
5606 11550
5606 2136
5606 12786
1859 1276
12077 25638
12077 12077
26682 15114
43537 1686
27758 1209
27117 3905
15339 780
25947 11550
20190 24549
20190 11513
20190 11671
20190 5872
20190 20190
20190 333
20190 12786
20190 18211
4745 16206
2126 18019
2126 27396
1673 1673
6767 19082
26688 12786
6164 9076
6164 1969
6164 10826
6164 6164
6164 1339
6164 76050
650 265
650 13241
650 22455
650 6998
25095 4040
25095 2127
21582 11204
21582 4392
21582 17304
9627 2127
9627 23942
9627 14827
8628 7909
8628 265
118205 118205
21604 5495
30628 11979
30628 12786
30628 51522
90 27671
22226 14593
22226 310
22226 7131
22226 22226
22226 2489
22226 14078
22226 27757
22226 263
22226 21992
22226 21565
100 6064
100 2860
100 2127
100 8301
100 2213
20912 8024
126687 2616
13364 289
13364 13364
1805 1805
23312 29635
16576 28579
4040 4040
4040 5598
4229 4585
4229 1780
5880 5880
5880 28025
2573 13241
2573 29224
2573 19422
23225 289
11134 1112
11134 11134
11134 1371
11134 15966
11134 8672
11134 29027
11134 41161
11134 20256
4503 29063
4503 12786
4503 213
4503 4503
4503 14352
4503 3700
8104 3071
21728 28187
29347 18019
29347 32003
26076 12603
26076 13514
27165 289
27165 17294
27165 12786
27165 310
27165 14827
27165 1686
27165 27165
1417 11027
1417 27244
1417 1938
434 28949
11946 3110
9106 19608
2002 2002
8041 9879
8041 2054
23457 5626
24898 26748
310 17294
310 18894
310 12786
310 8719
310 28632
310 51234
310 1686
310 28187
310 10888
310 9203
310 310
310 26875
310 26767
310 26468
310 17835
310 26787
310 25890
310 1711
14908 1474
14908 1048
24202 6998
24202 29142
24202 24202
24202 5199
24202 6214
26850 15966
26850 26233
23338 23338
29218 29218
29218 28517
27150 7778
27150 17304
29224 12786
19033 21353
8173 25345
8173 9350
1302 10618
1302 8672
1302 6496
1302 1409
1302 26604
8049 28749
8049 11662
8903 14716
8903 10686
8903 15881
16074 3110
16074 16074
11132 24256
11132 2394
11132 11132
11132 25944
11132 1711
12786 2127
12786 25808
12786 263
12786 204
12786 9449
12786 5394
12786 27760
12786 6244
12786 24313
12786 29693
12786 12774
12786 1737
12786 27647
12786 14827
12786 23175
12786 13959
12786 9265
12786 28244
12786 372751
12786 8719
12786 17294
12786 27118
12786 4103
12786 28187
12786 5424
12786 3247
12786 8829
12786 28872
12786 29641
12786 120
12786 25890
12786 25345
12786 21625
12786 4812
12786 7520
12786 5745
12786 289
12786 19512
12786 27726
12786 12567
12786 6632
12786 2984
12786 16865
12786 3981
12786 15307
12786 41059
12786 2087
12786 11814
12786 9039
12786 21992
12786 6004
12786 18782
12786 10121
12786 27394
12786 29608
12786 2173
12786 6349
12786 16654
12786 10193
12786 14796
12786 565
12786 3712
12786 29632
12786 46705
12786 26960
12786 18894
12786 2254
12786 15639
12786 11979
12786 5338
12786 26942
12786 15114
12786 7498
12786 9934
12786 12786
12786 2293
12786 5666
12786 28632
12786 13239
12786 2591
12786 4530
12786 17267
12786 27181
12786 29063
12786 11550
12786 7902
12786 4997
12786 7768
12786 14078
12786 1015
12786 14593
12786 29196
12786 27671
12786 13241
12786 42049
12786 13559
12786 27360
12786 6938
12786 26794
12786 21565
12786 24737
12786 5202
12786 29462
12786 28687
12786 29488
12786 11412
12786 5598
12786 12446
12786 2242
12786 22580
12786 11495
12786 7076
12786 28669
12786 1112
12786 22301
12786 4952
12786 14352
12786 9350
12786 28397
12786 9121
12786 29185
12786 24240
12786 48440
12786 29308
12786 4515
12786 23567
12786 9879
12786 927
12786 1254
12786 28518
12786 19280
12786 28621
12786 2942
12786 3110
12786 8784
12786 19587
12786 16001
12786 23307
12786 3609
12786 26590
12786 8544
12786 2860
2293 5598
2293 1775
2293 152
2293 29635
2293 1540
2293 2293
2293 26960
2293 23461
2293 2553
2293 11550
2293 9556
13141 289
13141 4827
13141 26960
18327 4585
27456 265
20823 27441
20823 13746
4520 26960
29695 23461
29640 29640
3394 28749
2104 28063
29066 19455
4549 9154
4549 28187
4549 28587
27779 27919
18809 20520
319 27244
791 14545
791 11398
791 1209
4845 5598
4845 11550
26027 29115
26027 15985
26027 27494
26027 18894
25869 22569
25869 25869
11324 350
28381 28381
11403 24168
20523 48806
240278 27787
13559 14061
13559 13559
13199 33423
6998 28222
6998 14564
6998 5199
6998 4515
6998 23393
6998 16865
6998 27921
6998 7149
6998 11246
6998 1209
6998 2641
6998 24928
6998 18672
6998 25808
6998 24240
6998 43413
6998 17526
6998 13655
6998 20520
6998 13241
6998 19422
6998 6998
6998 2183
6998 29284
6998 2127
6998 11398
6998 19587
6998 12567
6998 23307
6998 22580
6998 4593
6998 9039
6998 29296
6998 4762
6998 6244
6998 15114
6998 3981
17492 8672
17492 1686
17492 3119
17492 14123
17492 7778
17492 1209
17492 10193
17492 2053
17492 8486
17492 23342
17492 18782
17492 68229
17492 12044
17492 13241
17492 2183
17492 17492
17492 27527
17492 24528
17492 28192
17492 27181
17492 27518
17492 18894
17492 15990
17492 26960
17492 4509
27360 13465
27360 2254
4105 29175
1682 17428
7988 6091
7988 25944
3011 14029
3011 3981
17896 28587
17896 17896
265 11131
265 77705
265 16815
265 14078
265 1698
265 28210
265 107
265 4952
265 4577
265 23175
265 265
265 15985
265 7902
265 3279
265 15114
265 6244
27735 27402
2001 277
27195 26960
27195 27195
24395 2855
4515 20877
4515 4515
4515 24240
4515 9203
4515 10220
4515 1540
4515 13514
4515 7902
4515 13645
4515 18894
4515 43413
4515 15134
4515 7743
4515 26960
4515 17423
4515 1467
4515 18119
4515 19587
4515 18080
4515 15114
2726 6014
2726 14595
22017 6091
22301 22301
5167 45417
13241 24549
13241 2127
13241 28637
13241 12567
13241 29192
13241 9350
13241 26767
13241 7902
13241 26960
13241 19354
13241 25808
13241 828
13241 12960
13241 20256
13241 27086
13241 8762
13241 10220
13241 29178
13241 20520
13241 1711
13241 14593
13241 11945
13241 18782
13241 16886
13241 25944
13241 5921
13241 29304
13241 13241
13241 19032
13241 18894
13241 26787
13241 12603
13241 11550
13241 333
13241 26867
61227 29313
1737 12337
1752 1752
28115 8719
28115 1209
3738 3738
4902 4530
4902 17190
4902 5286
4902 11538
4902 22825
4902 26787
4902 1686
20256 26233
20256 1711
20256 4561
26833 15881
5048 122
16349 15114
11115 26748
11115 26233
11115 11115
9671 1048
6722 29156
27181 27181
27181 1209
27181 289
27181 4561
27181 14078
27181 15990
27181 26960
27181 12603
27181 8762
27181 3981
22097 2127
22097 27300
11904 14270
19256 27210
10686 10193
10686 10686
10686 4825
5918 12535
350 28758
350 2855
350 2054
350 24313
350 11246
350 23461
350 289
350 26794
350 5545
350 350
350 10121
19285 542
8544 12567
8544 1209
8544 7498
8544 26468
8544 14078
8544 5495
8544 26590
8544 27210
8544 8544
8544 5024
8544 10121
8479 8479
28818 21040
6244 26233
6244 5394
6244 6244
6244 26809
6244 4827
27344 27344
27344 7902
27344 22927
88662 27872
16373 11550
16373 22572
16373 2179
29551 27872
8691 1021
8691 8691
8691 26295
8691 3981
24313 289
24313 3110
24313 8672
24313 828
24313 24313
24313 3981
7311 26233
27086 27086
27086 11391
9265 3749
9265 9265
9265 3714
9265 5106
4595 21992
5332 5332
28810 1943
28810 20520
21936 21936
8719 8719
8719 1112
8719 27384
8719 27770
17294 7813
17294 17294
17294 22182
17294 24737
17294 4952
17294 9556
17294 10193
17294 27133
17294 27296
17294 14827
17294 2489
17294 27224
17294 13520
17294 18211
17294 22927
17294 27738
17294 3210
17294 19422
17294 14699
17294 21625
17294 22154
17294 42210
17294 8746
22576 22576
27566 27566
27566 26233
27566 22825
1551 26233
5872 17835
5872 15990
5872 6682
5872 5872
5872 19493
15968 27520
15968 12603
15968 15968
15968 2179
37795 12603
37795 30314
37795 1209
7787 27919
27316 48440
27316 27316
4969 18484
4969 14716
4969 18607
4969 15881
4969 4969
4969 28621
4969 2254
20911 1711
20911 14078
1400 1400
4787 10220
4787 494
6629 6629
26789 18019
10483 10483
10483 18019
10483 7131
10483 5424
10483 15114
14664 2489
14664 26997
14664 16577
14664 20189
18021 2127
18021 8054
27143 27143
2984 2984
2984 3361
2984 26767
2984 14537
2984 18894
2984 25392
2984 28015
2984 5495
2984 24528
2984 27151
4491 26274
4491 16130
10157 828
10241 2127
10241 23178
547 23558
27296 27384
27296 1686
27296 21992
27296 3089
27296 1995
10959 10959
10959 11246
4959 4959
2720 27814
15200 1048
15200 15200
6349 2553
6349 10165
6349 23169
6349 17304
6349 6349
6300 27402
6300 6300
6300 2724
26963 9039
5424 26794
5424 24696
5424 6332
5424 14199
5424 5424
5424 27872
5424 29608
5424 1209
7597 289
7597 18726
7597 7902
7597 22580
7597 7597
7597 26960
7597 8762
7597 3981
3117 702
6498 15114
1540 494
1540 25808
1540 19422
1540 1540
1540 25664
1540 27202
13936 26867
13936 1048
27780 26960
27780 27780
15990 28637
15990 7131
15990 26374
15990 28579
15639 27151
15639 27154
15639 25345
27757 26121
15090 11204
15170 26960
15170 12567
1572 1734
1734 8802
1734 2180
6705 6705
6705 14716
16600 2127
16600 14587
16600 6197
16164 2127
16164 16164
1732 20872
1732 4306
1732 1732
27287 27287
6070 27244
6070 6070
9203 11550
9203 22580
9203 7768
9203 2254
9203 204390
9203 15881
9203 14334
9203 14699
9203 16154
9203 26468
27151 27039
27151 23272
27151 10049
28311 28517
25664 25664
25664 4615
25664 50170
18092 16275
18092 9571
18092 26747
18092 18092
1695 1695
13149 7768
13149 69
13149 13149
13149 27494
27858 27858
20872 20872
24620 27402
43413 17423
10220 289
10220 3110
10220 17304
10220 494
10220 2182
10220 26960
10220 6091
10220 15881
10220 10220
5626 289
5626 22957
5626 5626
5626 1711
5626 19760
14593 14593
14593 26233
14593 6091
14593 33335
14593 27300
14593 11550
14593 1711
2489 2489
2489 8829
2489 23307
2489 33335
2489 26753
23393 7902
18914 4593
14595 12567
14595 27979
14595 14595
14595 21549
14595 1382
15806 28455
15806 33335
15806 17436
15806 25604
15806 15806
6938 28436
6938 10746
6938 6938
14616 23461
21565 26867
21565 24346
21565 23272
21565 494
21565 14131
21565 28187
21565 1686
21565 28802
21565 2005
21565 21565
21565 26468
21565 11479
21565 14197
21565 14078
21565 27016
21565 3169
18060 289
5672 4825
5672 27109
5672 23461
5672 26604
3810 15114
3810 17428
27571 8672
27571 27571
8368 11814
3905 7149
3905 5024
3905 3905
8746 27402
8746 8746
8746 5392
8746 16039
8746 12591
333 333
333 5745
1467 8672
1467 1467
1467 26960
27089 18894
27089 7813
27089 2280
23818 23668
24549 289
24549 10245
2626 28593
8672 2127
8672 8672
8672 10245
8672 26294
8672 21625
8672 2183
8672 21377
8672 14061
8672 1698
8672 12337
8672 14699
8672 19587
8672 3110
8672 7902
8672 11247
8672 5001
8672 15445
8672 4042
8672 18211
8672 28668
8672 24547
8672 2860
8672 28015
8672 19668
8672 21450
18726 18211
18726 263
18726 5745
18726 1209
13659 494
13659 13659
12849 26960
3119 3763
10826 22569
10826 10826
10826 3981
17971 2553
17971 204390
8690 8690
8690 4825
26463 17967
28387 15881
28387 28387
28387 14078
4042 263
12753 2127
12753 12753
12753 17304
12753 9556
12753 21992
162059 3700
20663 2553
20663 1248
20663 20663
12838 12838
3566 10342
5347 2182
13715 12567
13715 25890
13715 27043
3749 3749
3749 1711
26890 11065
27092 24748
10439 3933
23558 12461
13547 20933
13547 16039
13547 26908
2942 2650
22916 6694
8132 558
1360 11550
906 494
22170 37264
4593 12567
6091 6845
6091 2385
6091 6091
6091 22927
15443 15443
10165 2127
10165 10165
10165 28436
10165 6694
10165 289
10165 7915
10165 23307
10165 19303
10165 19943
10165 1443
10165 26121
10165 2419
7813 11223
7813 2855
27709 14061
7116 10121
9698 29142
9698 11945
26747 12567
26875 17835
13804 3110
27759 247
3722 19608
27737 17148
27737 12567
1348 1474
10245 12567
10245 10715
10245 558
10245 29001
19760 5199
19760 26960
27210 15134
27210 27207
22303 27520
22303 19473
22303 22303
22303 14639
22303 26468
22927 2884
22927 22927
22927 4459
5736 16926
7423 18484
27518 27520
27518 22580
27518 27384
27518 1383
27518 27527
27518 3004
27518 24587
27518 7743
57409 69794
29641 14827
56960 2989
15918 15918
5495 5495
5495 8829
5495 21680
5495 11550
14909 4530
12031 9350
28779 4588
27619 1048
27619 2079
28257 28257
11306 38848
11306 11306
20088 30207
20088 907
20088 20088
20088 24897
20088 16001
14123 14123
16865 3981
16865 2553
3183 9495
3183 3714
3183 2724
3183 23175
18444 12567
14200 28728
22474 22474
3071 1428
28980 27520
18211 20972
18211 27127
18211 18211
18211 1209
4732 4732
4732 2054
278 26374
12703 7626
11917 9365
28251 28251
10804 5199
7201 9076
29166 29166
27520 29313
27520 2127
27520 18782
27520 10211
27520 15805
27520 15881
27520 7778
27520 27520
27520 2005
27520 3110
27520 558
27520 828
27520 26590
27520 5761
27520 10121
27520 3812
27520 20329
27520 14078
27520 3981
23942 4952
23942 26590
10381 28749
26821 3041
3665 5199
3665 2127
3665 29378
3665 3665
1383 26867
1383 15114
1383 48499
1383 1383
1383 27726
2680 79297
28893 28893
27814 5392
27814 2108
12774 263
15114 6714
15114 2127
15114 1686
15114 10618
15114 9556
15114 1209
15114 289
15114 4561
15114 23461
15114 26957
15114 494
15114 2213
15114 152
15114 29081
15114 29133
15114 3110
15114 2380
15114 26960
15114 28749
15114 8743
15114 15114
22825 22825
14716 494
14716 2196
14716 3714
28632 28187
28632 28632
28632 28621
28632 1686
7247 2127
16493 2182
16455 18019
8463 7131
8463 4994
27224 20877
27224 3609
12847 23567
12847 14078
12847 12847
9076 9076
9076 2127
9076 12591
9076 2054
9076 1048
9076 23461
18013 26908
28593 28937
28593 8834
6461 263
51234 14827
2179 2416
2179 3110
18360 3981
7230 7230
12889 26893
14127 28749
14127 1711
14127 14127
4577 20371
19684 289
23010 28749
23010 1453
23010 23010
50249 19455
50249 50249
29266 289
29266 28749
29266 29266
29266 315836
26893 12567
26893 26893
26893 2380
24829 24829
11205 14078
28063 14078
14199 1758
14199 15881
2366 11027
4160 1209
7076 289
7076 7076
1112 1112
1112 26468
1112 7829
1112 26590
1112 3302
1112 13997
16802 26960
7778 38848
12900 494
21353 21353
29423 10618
5286 1048
24928 14270
24928 12567
24928 11550
12671 12671
1505 12324
35823 28668
33423 34651
33423 16480
32003 27989
29534 9177
28587 9154
28587 28587
28550 11027
28550 27919
3069 3069
2079 11494
2079 2079
14270 7829
14270 19493
14270 7902
25392 25392
21373 25890
21373 263
21373 21373
21373 5745
29175 24587
27222 10746
27222 7124
2280 8784
5199 18782
5199 1455
5199 5199
5199 22624
5199 27070
5199 1209
5199 697
5199 20503
5199 5106
5394 3742
5394 5394
5394 10618
5394 1359
27760 46957
27760 4530
27760 7041
27760 3714
2156 9879
33440 24256
33440 494
33440 33440
2962 2962
27647 25890
13655 24256
13655 7057
13655 4093
13655 3128
13655 978
13655 14078
13655 4375
11045 11045
11045 5001
14131 18296
14131 28579
13746 26233
28015 7829
28015 28015
28687 28687
25590 27402
25590 25590
28342 27402
24897 24897
23668 1371
302 2924
302 302
302 1686
2108 289
2108 198
2108 26295
2108 10746
2108 2108
29081 289
29081 670
29081 29081
28210 20520
11247 11247
24885 26867
24885 22503
24885 96065
12695 12695
12695 28579
4742 172
26960 27202
26960 18019
26960 14078
26960 26590
26960 28710
26960 6418
26960 27921
26960 19943
26960 3700
26960 20189
26960 27770
26960 1503
26960 1909
26960 12317
26960 17423
26960 15805
26960 8802
26960 19082
26960 8829
26960 24737
26960 2054
26960 12591
26960 15134
26960 26960
26960 4070
26960 28022
26960 5745
26960 2860
26960 10107
26960 1686
26960 107
26960 1304
26960 289
26960 2641
26960 4885
26960 24240
26960 13997
26960 10121
26960 27300
26960 1209
26960 19838
26960 26294
26960 28359
26960 2213
26960 2127
26960 24670
26960 3110
26960 22580
26960 16188
26960 3981
586 6694
26121 9934
26121 14933
26121 1630
26121 12567
26121 7902
26121 26121
1384 89491
14101 2860
11027 18894
11027 18220
11027 1938
27792 27792
12555 12555
12555 23307
2523 938
2523 2422
14639 27300
14639 14639
11696 10215
11696 11696
25197 25197
25197 1697
9588 14078
542 2127
542 23272
542 26233
542 11215
542 15985
542 27374
542 2860
22034 289
1339 6719
1339 14167
23792 23175
3138 15805
3138 2262
11381 11381
11381 16196
3715 3715
11662 9879
11662 11671
11662 7768
11662 17428
11662 20371
21450 13645
21450 21450
21450 13201
21450 1686
21450 12603
4473 27494
1190 23461
20025 20025
20025 14078
14390 14390
15134 9350
15134 21570
15134 1711
15134 22580
15134 15134
15134 19422
15134 26796
15134 7498
15229 1932
29001 29001
18995 29632
24256 24256
24256 4093
24256 26880
24256 15881
24256 7920
24256 1325
24256 23461
29140 29140
29140 1711
29140 6830
4946 8829
4946 4946
26374 26374
26374 18484
26374 28579
28154 14078
28154 375
9934 9934
13239 4530
13239 3372
13239 13239
13239 27919
22827 19422
23415 828
15149 7238
15149 11945
733 21377
733 4825
28668 28302
2924 2924
5605 4952
5605 5605
915 6473
915 921
29196 29196
27502 16039
27502 1938
22632 3110
29492 29511
9311 13679
17765 17765
1415 2054
1932 26748
1932 1932
10329 28621
7891 20877
7891 2616
9121 3347
9121 9121
9121 21992
1021 1021
11485 16130
24364 4952
24364 24760
24364 24364
15792 2263
24737 17304
24737 27384
24737 29679
24737 24737
24737 11550
24737 1711
29378 11622
29241 25517
29241 28749
26748 26748
26748 12567
26748 4827
18530 18530
18530 2054
3128 18119
3128 7131
3128 1086
51522 17190
25808 1503
25808 28436
25808 494
25808 25808
828 494
828 14078
828 828
137 2213
2792 23567
29178 25944
29178 5106
29178 29178
20520 289
20520 26719
20520 12603
20520 15881
20520 1711
20520 20520
241 241
241 22580
241 1086
5106 3110
5106 6901
5106 12591
5106 2465
5106 14564
5106 9350
767 27770
767 11771
2262 12567
28359 29679
28359 10121
16829 16829
4510 289
29591 21954
23307 3110
23307 11550
23307 23307
23307 3634
23307 23267
23307 4952
6636 186729
6636 6636
26590 26867
26590 16039
26590 2553
26590 28187
26590 25944
26590 3134
26590 28937
26590 1995
26590 3110
26590 12567
26590 8306
26590 26590
26590 21625
26753 26753
3309 4561
1700 24670
1700 17304
8611 1325
8611 23461
2127 11771
2127 2127
2127 12567
2127 9556
2127 289
2127 7902
2127 8769
2127 9039
2127 27402
2127 19422
2127 25703
2127 1209
2127 5448
2127 494
2127 18336
2127 2213
2127 2183
2127 11398
2127 15484
2127 19587
2127 26794
2127 3110
2127 26468
2127 5038
2127 19838
2127 2860
653 21570
6901 6901
7018 289
7018 7768
7018 9556
29583 9302
10586 11215
10586 5038
10586 2394
5344 4530
5344 24696
14827 17835
14827 14078
14827 26787
14827 16639
14827 21625
14827 29167
14827 14827
2797 28749
2797 22182
18637 9423
23175 28518
23175 1429
23175 23175
27402 29391
27402 24587
27402 26468
27402 27402
27402 18220
27402 25890
27402 15881
2053 14078
29679 29679
29679 21954
29679 20329
29679 1413
13520 4762
13520 28523
8834 289
5024 28953
5024 4561
5024 29145
5024 65660
1455 30314
15805 558
28187 20371
28187 9449
28187 61865
28187 28187
28187 28760
28187 28621
28187 2005
28187 19477
28187 26468
28187 2416
28187 7768
28187 17190
28187 1630
28187 25890
28187 25345
28523 10618
27652 5745
8829 28436
8829 2855
8829 11204
8829 28518
8829 17267
8829 19280
8829 2901
8829 17835
8829 1938
8829 28749
8829 23567
14197 14197
25890 14061
25890 1686
25890 20972
25890 4509
25890 26578
25890 28621
25890 25550
25890 12560
25890 14078
25890 25890
25890 6926
25890 4165
3488 1474
28022 26867
28022 5038
28022 17389
28022 3110
22624 2553
22624 25550
22624 29635
29254 289
29254 29254
3981 15966
3981 11070
3981 2855
3981 18484
3981 289
3981 10215
3981 3700
3981 28764
3981 13058
3981 28906
3981 2394
3981 534
3981 3981
3981 28621
3981 22580
3981 1938
3981 4588
3981 9781
3981 5001
3981 21875
3981 28579
27872 27872
28728 23272
28728 28728
2182 5264
2182 1086
2182 10215
2182 29112
2182 6957
2182 28481
2182 14452
2182 23943
1438 1438
12729 14078
29238 28749
14826 1775
12461 28708
1532 494
1595 7149
3347 3347
3347 9556
13645 13645
13645 15881
29129 6830
29129 29129
14797 14797
19794 21377
28492 2054
28492 23461
27915 12567
24670 2054
26942 289
26942 26951
26942 23272
26942 26942
26942 3110
7498 28749
7498 17428
7498 7498
209 28749
2281 23696
2281 1711
2281 2281
29632 20371
10618 7902
10618 10618
10618 2860
27598 27598
6622 6622
28084 12567
28084 28084
28084 7902
19306 19306
19306 2616
29635 15484
29635 1720
29635 29635
7768 9350
7768 558
7768 7768
7768 26578
7768 16577
7768 94025
2568 2568
2568 263
7109 7109
1248 1248
22957 2553
3361 3361
3361 27770
3361 28579
17389 89491
18000 27541
10888 18886
10888 3089
10888 1711
9215 2799
9403 1686
11511 28436
11511 11511
27659 27659
16806 16806
17190 17190
5598 5598
5598 4530
5598 4952
14396 14396
21154 14078
1698 21992
1698 17304
1698 1698
1698 27919
2763 19280
2763 2763
29450 28749
9781 9781
24194 9556
2957 22182
289 2054
289 9556
289 3046
289 2213
289 7920
289 2579
289 3004
289 20960
289 10715
289 15966
289 12567
289 289
289 63
289 29308
289 1763
289 28637
289 4561
289 28579
289 26233
289 94025
289 19587
289 3110
289 11398
107 29092
22455 27527
27133 17304
12044 12044
29308 29308
12511 12511
23567 2005
23567 10680
23567 2183
23567 23567
23567 23461
4825 4825
4825 3210
4825 16154
26294 4530
11945 8892
11945 19354
11945 12591
11945 9350
11945 14078
1254 1254
19166 12567
23169 48440
5392 6682
28950 16485
3110 15966
3110 17553
3110 7902
3110 558
3110 20189
3110 19668
3110 1086
3110 17423
3110 6694
3110 15881
3110 3110
3110 16001
3110 11671
3110 5038
3110 17537
3110 28760
16001 16001
16001 22503
16001 29488
16001 1711
22580 3714
22580 19280
22580 534
26787 26903
26787 20371
26787 26787
26787 23461
24528 12567
2745 11204
2745 2745
5761 5761
2855 11955
2855 494
2855 29462
2855 2855
2855 29666
2855 26767
2855 3700
6926 4530
6926 6926
6926 494
38121 494
25923 19473
25923 4070
10215 697
10215 23267
10215 10215
10215 26867
411 411
411 14078
4785 4785
19317 19317
1086 1086
1086 18894
27289 32435
28986 28986
1495 7915
21954 2416
8963 6109
7965 28749
11293 3548
10762 5001
19032 19032
184 184
120 120
21388 26794
9679 25499
7131 28906
7131 18119
20877 20877
20877 18894
20877 3609
12039 2032
10211 10211
14900 14900
2776 2776
7263 2867
27207 7902
27207 1938
27207 13201
27207 18894
4525 3210
11724 2241
4561 4561
2553 14400
2553 11671
2553 18894
2553 14167
2553 15881
2553 23461
2553 48440
26233 26903
26233 11204
26233 4952
26233 27070
26233 7902
26233 16154
26233 29543
26233 28518
26233 26233
2173 2173
27892 9449
3634 16147
3634 3634
3634 1711
11398 697
11398 11204
11398 11398
11550 12567
11550 27070
11550 11550
11550 23461
11550 11955
11550 11538
11550 13465
11550 19668
1382 1382
11955 11955
11955 29569
26468 6943
26468 28708
26468 26951
26468 18886
26468 263
26468 7902
26468 26468
26468 14078
26468 1711
3714 27522
3714 3714
38848 3302
17428 6418
17428 17428
27921 10121
27921 263
4530 218868
4530 15291
4530 27374
4530 23461
4509 17304
28481 7951
28481 26210
1474 1474
28760 3773
25499 25499
27979 26903
28588 12567
28758 28764
28758 1209
1022 12567
1022 1022
2213 2213
2213 12567
2213 7902
2213 7829
2213 19422
20557 28749
3089 13201
3089 3089
3089 1711
9067 683
9067 431843
9067 9067
9067 2484
18832 12567
18832 27034
35802 35802
1775 1775
29462 494
29462 29462
29488 29488
3004 3800
8301 1209
15966 3279
15966 15966
15966 18296
15966 9350
26194 26194
18296 9302
3589 3589
7829 7829
7829 7902
11561 18080
11495 28749
17423 22572
17423 17423
22493 28302
23272 12567
23272 23272
23272 1048
27384 3773
27384 27384
4103 18019
28621 2005
28621 28621
9571 1503
27441 27441
27661 27661
4165 21377
3132 3132
5001 23461
5001 5001
5001 9556
7954 7954
7954 29569
519 519
519 2087
204 204
21402 4952
21402 21402
21402 16196
26811 12567
14564 12567
14564 14564
14564 23461
63 63
24696 28436
15484 15484
15484 8306
15484 16039
15484 1711
18672 6694
9444 263
978 18886
20189 10121
20189 6830
3724 7743
19668 11671
942 3210
942 942
545 24587
29100 375
4314 4314
4314 17304
14029 14029
19781 18886
2380 2380
5745 27515
5745 2241
5745 5745
27475 27475
27475 11771
27475 7902
29668 29668
24587 24587
3298 89491
26767 26767
26767 28518
26767 9302
26767 14078
2087 2087
4219 4219
21992 17812
21992 12567
21992 19473
21992 21992
21992 352
21992 1711
58524 28708
23267 27736
26053 26053
26903 4952
20371 20371
20371 1048
20371 28579
1845 26794
1845 24240
1845 1686
29569 1209
21625 9039
21625 11671
21625 13201
21625 4952
21625 21625
7467 11075
7467 29092
22547 2590
22547 22547
27527 27527
27527 4274
29115 29115
29115 17835
29313 12779
3279 3279
18886 4952
18886 18886
18886 79297
18886 23461
9556 7902
9556 25345
9556 9556
27738 27738
27738 17304
16039 1938
16039 16039
9948 9948
9948 99915
10078 15881
26633 26633
1814 152
13201 13201
13201 149
11771 11771
14078 26867
14078 4952
14078 21040
14078 14078
14078 11184
14078 20728
14078 18782
14078 77705
14078 15881
14078 149
14078 2860
13058 11070
534 534
2183 2183
2183 28269
2183 12567
2183 10625
19473 4348
24760 24760
2989 15720
2989 2860
2989 378
2989 2989
29543 29543
697 26867
697 7920
697 27494
697 697
697 28141
10673 10673
12591 12591
28669 28669
21570 21570
4070 27770
27106 27106
2616 28302
2616 2616
247 27917
2884 2884
2884 494
1453 263
1453 1453
15252 2724
26274 497
3372 5264
27034 27043
27034 27035
21040 19280
17553 494
17553 17553
26006 28269
8022 12567
494 11814
494 11512
494 10121
494 9879
494 494
494 4093
494 26751
152 7149
152 3502
152 375
8587 8587
19280 19280
27043 3210
27043 8486
29094 29094
1938 1938
1938 1349
742 742
18019 27396
18019 18019
28708 28704
12691 12691
21377 21377
2054 2054
2054 16517
2054 23461
1209 6064
1209 1503
1209 15881
1209 8169
1209 1209
27919 27919
19422 263
19422 26604
19422 19422
352 6912
352 352
16196 3210
28455 28445
16517 9879
16517 16517
28802 10121
18214 605
1349 1349
14634 28749
14634 14634
8426 8426
24893 12567
24893 2914
24893 24893
19527 474
489503 7743
9039 9039
24943 24943
8306 8306
2866 2866
11070 1048
25345 12567
45241 23461
45241 45241
29133 29133
558 27174
558 558
558 7902
12824 28749
13997 13997
10121 12567
10121 6830
10121 15445
10121 12960
10121 10121
10121 7902
3210 3210
29608 8169
29608 29608
19493 19493
19838 19838
19838 1711
14246 14246
18782 18782
18782 27656
16383 16383
16383 476
2416 263
18894 17304
18894 1711
4762 4762
28579 27770
28579 28579
7122 7122
3651 3651
5448 5448
27023 27023
2628 2628
27351 8743
27174 27174
682 27396
45417 28749
25630 65660
5264 5264
5264 23461
27396 27396
27396 6468
26880 26880
28302 28302
10746 10746
10746 26295
26794 26794
149 1686
8090 8090
20960 20960
27339 27339
38993 31769
1503 27736
1503 1503
4952 26867
4952 4952
4952 3609
912 8169
6682 6682
89491 89491
18484 18484
1763 1763
3548 3548
97938 12567
6694 6694
6694 1048
6694 13560
6694 7902
18115 18115
26604 263
26604 26604
27279 3169
2005 12567
28749 24240
28749 12567
28749 28710
28749 1747
28749 11320
28749 2860
28749 16909
28749 28749
2860 2860
375 375
372751 26867
725 29004
1995 1995
1995 1686
1428 6830
9764 9764
6468 11204
6468 14933
11374 23560
26295 26295
21799 21799
27736 27736
25703 25703
14452 14452
1711 1711
23461 1413
23461 7743
23461 11246
23461 23461
23461 11320
23461 7396
23461 4827
21921 2032
21921 11671
2590 2590
7124 2394
24748 12567
24748 24748
2394 2394
7951 24240
11204 7902
12567 12567
12567 1686
12567 263
12567 7651
8169 9631
8169 8169
48228 48228
1878 1878
11814 11814
11671 2032
11671 11671
9302 9302
28141 28141
29210 29210
26957 26957
4375 4375
28436 28436
3302 3302
4093 4093
26085 96065
28710 28710
28404 28404
2032 2032
50412 50412
300 1267
26867 26867
26867 27917
96065 96065
28704 28704
27070 27070
13560 13560
10193 10193
1259 560
7902 7902
7902 8762
7902 31685
2642 2642
25702 25702
3700 3700
11215 11215
4715 4715
2471 2471
16577 16577
15881 15881
29113 29113
8536 8536
7981 7981
27917 27917
11246 11246
24240 24240
10340 10340
2724 2724
28637 28637
14699 14699
25944 25944
16154 16154
560 560
7396 7396
1304 1304
26737 26737
