70 102
64 130
64 104
64 120
64 9
119 102
31 102
22 102
71 79
71 26
71 59
110 40
9 99
9 130
140 102
103 78
142 102
111 72
33 40
143 51
143 88
20 102
116 102
51 88
51 82
104 99
104 117
104 58
74 72
99 26
99 63
99 85
107 72
68 16
102 2
102 132
102 12
102 25
102 4
102 95
102 109
102 35
102 123
102 94
102 125
54 40
82 18
139 85
139 63
35 123
35 132
39 135
39 40
73 47
73 72
28 72
72 60
72 126
122 47
25 94
7 114
76 40
60 47
145 40
84 40
84 32
105 40
95 109
12 123
12 109
100 135
100 40
100 32
58 26
26 63
26 59
40 80
40 32
40 135
40 89
32 80
