22 25
24 72
112 78
64 9
64 104
64 120
64 130
31 116
31 35
71 8
71 26
71 63
110 96
110 40
143 51
103 78
84 40
84 32
111 47
111 72
101 51
8 104
8 120
97 104
97 120
12 35
51 0
51 11
51 78
51 128
51 18
51 83
51 88
51 82
104 117
104 61
104 120
104 99
104 58
104 79
104 63
104 134
104 85
104 59
104 139
128 78
102 25
102 142
102 95
54 96
54 40
125 25
96 40
96 32
96 105
96 80
96 135
96 89
78 44
78 83
39 135
39 40
80 40
25 142
25 95
25 94
105 40
105 145
76 40
76 32
76 145
33 40
145 40
145 32
130 9
60 47
100 40
123 35
26 63
40 135
40 32
40 89
32 89
47 72
