70 102
64 130
64 117
64 26
64 9
64 99
64 87
64 120
64 71
64 58
64 79
64 104
64 63
64 8
64 97
64 59
64 139
119 102
31 102
31 123
31 35
22 102
71 26
71 104
71 59
120 104
9 130
9 104
142 102
95 102
95 125
8 104
97 104
116 102
116 69
39 96
132 102
132 35
104 117
104 61
104 99
104 58
104 26
104 129
104 63
104 134
104 85
104 79
104 59
104 139
128 51
140 102
102 2
102 12
102 20
102 25
102 4
102 125
102 109
102 35
102 123
102 94
54 96
110 96
125 25
45 96
76 96
76 80
51 78
72 60
72 91
122 47
96 84
96 105
96 33
96 40
96 32
96 100
96 80
96 135
96 89
96 145
145 89
145 32
145 40
145 105
139 63
84 40
84 32
105 135
61 26
12 35
12 123
12 109
123 35
58 63
40 32
63 59
