22 102
22 140
24 60
24 72
64 26
64 63
64 120
119 102
119 35
31 102
53 47
71 58
71 104
71 63
120 97
120 63
9 63
142 102
111 124
8 63
97 63
116 102
51 18
104 63
99 63
102 2
102 132
102 12
102 125
102 20
102 25
102 4
102 140
102 109
102 94
102 95
54 40
110 135
110 40
32 40
109 12
109 140
96 40
76 40
76 100
43 40
47 122
39 135
39 40
27 40
129 63
129 61
33 40
145 40
139 63
117 26
117 63
12 35
12 140
12 123
100 40
58 26
58 63
58 59
26 63
26 59
40 105
40 80
40 135
40 89
63 134
63 85
63 79
63 59
35 140
