70 102
24 91
24 72
57 98
57 86
64 130
64 104
64 26
64 9
64 97
64 59
119 102
31 102
31 95
31 94
31 35
22 25
22 102
22 94
71 58
71 26
71 104
71 63
71 8
71 97
71 117
71 59
110 135
110 96
110 40
143 51
143 78
103 78
142 102
142 20
111 72
8 26
8 117
8 104
97 26
97 104
97 120
20 102
135 39
135 96
135 40
116 102
116 69
51 11
51 0
58 26
58 104
104 9
104 117
104 61
104 120
104 99
104 26
104 129
104 63
104 134
104 85
104 79
104 59
104 62
104 139
76 40
121 86
99 26
99 63
99 139
128 11
140 102
102 2
102 132
102 12
102 125
102 25
102 4
102 109
102 35
102 123
102 94
102 95
54 96
54 40
120 26
132 35
13 41
109 12
109 95
109 123
45 40
96 39
96 40
96 105
96 84
96 80
96 145
96 89
96 100
78 83
47 73
47 72
39 40
86 98
34 11
80 40
0 11
129 26
12 35
12 123
91 60
91 72
84 40
84 32
84 145
84 100
33 40
145 40
139 26
139 63
139 85
130 9
117 26
60 72
105 40
9 26
11 83
61 26
100 40
123 35
26 79
26 63
26 134
26 85
26 59
40 32
40 89
32 89
