22 25
22 102
22 94
24 72
64 130
64 104
64 120
64 9
119 94
31 25
31 102
31 94
31 35
71 26
71 104
140 94
4 94
142 95
111 72
8 104
135 39
135 40
116 94
69 94
39 40
104 26
104 117
104 59
26 58
26 117
26 63
26 59
99 139
107 72
68 16
102 94
54 40
110 40
20 94
125 25
125 94
96 40
96 32
76 40
76 145
76 100
88 51
35 12
35 123
35 94
51 18
70 94
56 94
28 72
72 74
72 60
72 73
72 126
122 47
25 94
105 40
33 40
94 2
94 132
94 12
94 90
94 95
94 109
94 123
145 40
145 32
139 63
139 59
84 40
84 32
12 123
12 109
100 89
100 40
123 109
40 32
40 80
40 89
32 89
