57 98
64 58
64 130
64 104
64 120
31 125
31 35
71 58
71 79
71 104
71 59
110 40
8 104
8 61
111 60
33 40
143 51
97 104
116 102
51 0
51 18
51 128
58 26
58 104
58 63
58 59
104 9
104 117
104 61
104 99
104 120
104 26
104 63
104 85
104 79
104 59
104 139
128 11
54 40
132 35
45 84
96 40
76 40
76 89
94 35
35 123
39 135
39 40
28 126
9 130
72 60
72 91
122 47
105 40
105 145
60 47
145 89
145 40
145 80
84 89
84 32
84 40
84 100
12 123
100 40
100 32
123 109
26 63
26 59
40 80
40 135
40 32
40 89
32 89
63 59
109 95
