22 25
22 31
22 102
22 35
112 78
64 120
119 102
119 35
31 102
31 35
53 47
53 72
71 8
71 26
71 129
71 58
120 26
120 97
120 8
9 130
142 102
95 102
95 35
101 51
8 58
8 26
8 63
8 97
20 102
116 102
69 35
39 135
39 40
128 11
140 102
140 35
102 2
102 132
102 12
102 125
102 25
102 35
102 109
102 123
102 94
54 40
54 110
110 135
110 40
110 100
132 35
96 40
96 80
76 40
76 84
43 40
33 40
14 78
86 130
72 60
72 91
122 47
25 35
123 35
94 35
145 40
117 26
117 59
84 40
105 40
12 35
100 135
100 40
27 40
32 40
135 40
80 40
89 40
35 109
