22 25
22 132
22 12
22 142
22 140
22 119
22 35
22 102
22 123
22 94
22 20
57 26
64 87
64 130
64 63
64 120
64 9
119 102
31 102
71 58
71 26
71 79
71 59
71 139
110 40
9 58
9 130
140 102
103 78
103 82
84 40
84 32
111 72
116 102
143 82
97 120
20 102
135 39
135 40
12 102
12 35
12 123
12 109
112 78
39 40
104 26
74 72
107 72
68 16
102 2
102 132
102 25
102 142
102 95
102 109
102 70
102 35
102 123
102 94
102 125
54 40
54 80
120 137
96 40
76 40
76 32
14 78
28 126
28 72
80 40
122 47
105 40
78 83
33 40
145 40
60 72
100 40
58 26
26 59
40 32
40 89
73 72
72 126
