22 70
22 102
22 142
22 119
24 60
64 137
64 130
64 104
64 87
64 97
64 120
64 59
31 95
71 26
71 129
71 104
71 117
71 59
71 120
110 40
9 130
103 78
142 102
111 72
33 40
33 89
33 100
8 26
135 39
135 40
135 100
86 98
51 128
104 26
104 137
26 58
26 87
26 117
26 59
99 63
107 72
102 25
102 70
102 12
102 94
102 132
54 40
120 137
137 79
137 129
137 61
80 40
76 40
76 84
94 95
35 12
35 123
39 40
70 95
44 128
28 72
72 60
72 74
72 126
72 91
122 47
122 73
96 40
145 40
139 85
139 63
84 40
84 89
105 40
105 100
12 123
12 109
100 40
123 109
40 32
40 89
