22 25
22 31
22 102
24 60
24 91
138 40
112 78
64 26
64 104
64 59
119 102
31 102
31 116
31 4
71 26
71 104
71 59
110 96
110 40
9 26
9 104
9 139
140 102
103 78
142 102
142 94
111 72
33 76
33 40
8 26
8 104
97 104
97 129
97 26
20 102
135 39
135 96
135 40
12 102
12 35
12 123
12 109
57 86
51 11
51 88
132 102
104 117
104 61
104 99
104 120
104 58
104 26
104 129
104 63
104 134
104 85
104 79
104 59
104 139
107 72
74 72
99 26
128 11
68 16
102 2
102 116
102 25
102 4
102 95
102 109
102 70
102 35
102 123
102 94
102 125
54 96
54 40
120 26
120 59
116 95
96 40
96 80
96 89
78 83
47 60
47 122
47 73
39 40
70 95
80 40
25 95
25 94
129 26
91 72
76 40
84 40
84 32
145 40
145 32
139 26
139 63
28 72
117 26
60 72
105 40
61 26
100 40
58 26
58 63
26 79
26 63
26 134
26 85
26 59
40 32
40 89
73 72
72 126
