22 102
22 35
24 60
24 91
112 78
64 130
64 120
119 102
31 102
31 35
53 47
53 72
71 26
71 120
110 135
110 40
110 84
110 80
9 130
9 121
35 102
35 123
103 78
142 102
111 124
111 72
143 88
101 51
8 26
116 102
116 95
51 11
104 26
107 72
140 102
102 2
102 132
102 12
102 20
102 125
102 25
102 109
102 123
102 94
102 95
54 80
20 95
96 40
96 32
96 80
78 83
78 14
86 130
28 72
80 135
80 40
80 32
80 105
80 145
80 89
80 100
122 47
25 132
117 63
91 60
91 72
95 109
60 72
74 72
84 40
84 32
100 32
58 59
26 63
26 59
40 32
40 89
32 89
72 126
