22 25
22 31
22 102
22 142
22 140
24 60
64 58
64 9
64 104
64 120
64 59
119 102
119 140
31 102
31 140
71 26
71 104
71 63
71 79
71 120
71 59
9 130
9 104
9 63
142 102
142 95
142 140
111 72
143 82
8 26
8 104
97 104
20 102
20 140
116 25
116 102
116 140
132 102
132 140
104 117
104 61
104 120
104 99
104 58
104 26
104 129
104 63
104 85
104 79
104 59
104 139
99 26
99 63
68 16
102 2
102 12
102 25
102 140
102 4
102 95
102 109
102 70
102 35
102 123
102 94
102 125
120 26
82 88
125 140
109 140
96 32
70 140
47 60
47 122
60 72
4 140
28 72
72 73
72 91
25 140
129 26
33 100
94 140
139 26
139 63
2 140
117 26
84 32
84 80
61 26
95 140
12 140
123 140
58 26
58 63
26 63
26 134
26 59
40 32
35 140
