70 31
70 102
24 72
112 78
64 58
64 104
64 120
64 134
119 31
119 102
31 2
31 22
31 12
31 35
31 102
31 69
31 95
31 109
31 132
31 123
31 94
31 140
22 102
71 26
71 134
110 40
143 78
143 103
143 88
143 82
103 78
142 102
142 95
111 72
8 26
8 97
8 117
20 102
20 125
135 39
135 40
116 102
116 69
51 18
74 72
107 72
140 102
102 2
102 132
102 12
102 35
102 25
102 125
102 109
102 123
102 94
102 95
54 40
54 32
54 145
45 89
45 84
96 40
76 40
76 32
76 100
39 40
134 59
134 61
60 47
60 73
60 72
28 72
9 130
9 59
80 40
122 47
105 40
33 40
33 32
94 95
145 40
145 89
139 63
117 26
84 40
84 100
12 35
12 123
12 109
100 40
58 63
58 59
26 63
40 32
40 89
73 72
72 126
