22 102
112 82
64 130
64 120
119 102
31 102
71 26
71 117
135 39
135 96
135 40
135 80
103 82
111 72
116 102
101 51
101 82
143 82
27 40
97 117
12 35
12 123
12 109
51 11
51 83
51 82
132 102
77 82
121 9
99 117
128 82
102 25
102 95
102 94
102 125
54 96
54 40
110 96
110 40
110 89
82 11
82 18
82 83
82 0
82 14
82 78
82 88
82 44
100 40
96 40
96 32
96 80
96 89
43 40
47 122
39 40
72 60
72 91
122 73
105 40
76 40
76 32
145 33
145 40
145 32
145 89
139 117
130 9
117 63
117 26
117 79
84 40
84 32
33 40
26 63
40 32
40 80
40 89
80 89
35 123
