8 58
8 104
8 71
112 78
64 58
64 130
64 104
64 9
64 120
64 71
31 35
71 104
71 129
71 26
71 99
71 61
71 120
71 58
71 117
71 63
71 79
71 85
71 97
71 59
71 139
9 130
9 104
103 143
103 78
142 102
101 51
101 143
143 51
143 78
143 88
143 82
97 58
97 104
39 135
39 40
104 117
104 61
104 99
104 120
104 58
104 26
104 63
104 85
104 79
104 59
104 139
99 58
99 63
102 25
120 58
120 61
82 51
82 18
137 61
45 89
96 89
96 32
88 51
35 12
35 123
51 18
28 72
122 47
76 84
76 145
76 33
60 72
145 32
139 58
117 58
117 26
117 61
84 40
84 32
84 89
61 58
12 123
12 109
100 89
123 109
58 26
58 63
58 85
58 79
58 59
40 135
40 89
32 89
