70 31
138 135
138 40
138 100
138 45
64 99
64 9
64 97
64 120
64 130
119 31
119 125
31 2
31 22
31 132
31 12
31 35
31 140
31 25
31 4
31 69
31 95
31 109
31 123
31 94
31 125
71 26
71 129
71 63
71 99
71 97
71 120
71 62
110 40
9 130
9 99
140 132
111 72
143 88
8 99
8 97
97 117
97 61
97 120
97 99
97 58
97 129
97 79
97 59
97 62
12 35
12 123
12 109
39 135
39 40
104 99
104 26
104 117
99 26
99 129
99 61
99 120
99 58
99 79
99 117
99 63
99 134
99 85
99 59
99 62
99 139
68 16
102 95
54 40
116 4
13 41
125 94
96 40
78 83
35 123
51 18
28 72
80 40
91 72
76 40
33 40
145 40
139 63
117 26
84 40
84 32
84 89
105 40
100 40
58 63
26 63
26 59
40 135
40 32
40 89
72 126
