70 102
24 141
24 47
35 31
35 102
35 12
35 123
35 94
64 130
119 102
119 94
31 22
31 4
31 102
31 116
31 94
53 47
22 102
22 94
71 58
71 120
71 59
71 61
9 130
142 102
111 74
111 72
33 40
33 32
143 51
143 82
20 102
20 94
116 102
116 125
116 94
69 94
39 135
39 40
104 26
74 107
74 72
99 63
107 72
102 2
102 132
102 12
102 125
102 25
102 140
102 109
102 123
102 94
102 95
54 40
54 32
110 135
110 40
110 84
82 88
125 94
96 40
76 40
76 32
43 40
88 51
140 94
51 0
51 78
4 94
27 40
28 72
80 40
122 47
25 94
25 132
105 40
91 72
56 94
60 72
94 2
94 132
94 12
94 90
94 95
94 109
94 123
145 40
139 26
139 63
84 89
84 40
84 32
12 123
12 109
100 135
100 40
123 109
58 26
26 63
40 135
40 32
40 89
72 126
