8 26
64 130
64 9
64 120
64 26
119 102
31 25
31 102
22 25
22 102
22 142
71 58
71 26
71 104
120 61
9 130
142 102
95 25
95 102
143 51
143 18
20 102
135 39
135 40
116 102
116 125
39 40
104 26
99 63
128 51
140 102
102 2
102 132
102 12
102 125
102 25
102 35
102 4
102 109
102 123
102 94
54 40
54 32
110 40
82 51
96 40
96 32
96 145
76 40
76 32
88 51
88 78
35 12
51 0
51 78
51 18
51 83
122 73
105 40
105 32
33 40
33 32
145 40
145 32
12 123
12 109
100 40
100 32
123 109
26 59
40 84
40 32
40 80
40 89
32 84
32 89
32 80
