22 25
24 60
57 8
64 130
64 117
64 26
64 97
64 120
64 71
64 104
119 125
119 35
31 35
71 129
71 104
71 61
71 99
71 120
71 58
71 26
71 117
71 63
71 8
71 85
71 97
71 79
71 59
71 62
71 139
120 26
120 117
9 26
9 117
9 130
142 35
33 76
33 100
8 26
8 117
97 26
97 117
104 26
104 63
99 26
99 117
54 96
110 96
96 32
96 80
96 135
96 89
76 32
76 100
35 12
35 123
35 132
60 72
141 41
28 72
129 26
129 117
12 123
12 109
139 26
139 117
117 61
117 58
117 26
117 63
117 85
117 79
117 59
84 32
61 26
59 26
58 26
58 63
26 79
26 63
26 134
26 85
26 62
