22 25
22 31
22 94
102 25
102 142
102 95
102 116
35 31
64 104
119 31
31 2
31 12
31 25
31 69
31 70
31 95
31 109
31 132
31 123
31 94
31 140
71 26
71 97
71 104
71 120
120 26
120 97
120 104
9 104
9 139
95 109
8 117
8 26
8 104
97 104
39 96
39 40
39 89
104 117
104 61
104 99
104 58
104 26
104 63
104 134
104 85
104 79
104 59
104 139
54 96
54 40
110 96
110 40
45 96
96 40
96 32
96 80
96 135
96 89
76 40
76 89
88 51
47 122
105 40
105 89
33 40
33 89
145 40
145 89
28 126
117 26
100 89
100 40
58 26
26 59
40 84
40 135
40 32
40 80
40 89
32 84
32 89
84 89
135 89
80 89
