8 26
24 60
57 86
64 130
64 120
64 26
119 25
119 102
119 94
31 25
31 102
31 95
31 94
22 25
22 102
22 12
22 94
71 26
71 104
110 40
9 130
9 63
9 26
4 25
4 94
142 102
111 72
101 143
143 51
97 26
20 25
20 102
20 94
12 25
12 123
12 94
12 35
69 25
69 94
51 0
51 18
51 88
51 82
90 25
90 94
99 26
99 63
99 139
116 25
116 94
140 25
140 94
102 25
102 70
102 95
102 94
102 132
54 39
54 135
54 40
54 80
120 26
82 83
125 25
125 94
109 25
109 123
109 94
45 84
96 40
76 40
39 40
47 60
60 72
70 25
70 94
25 2
25 132
25 35
25 56
25 123
25 94
25 95
129 26
56 94
33 40
94 2
94 132
94 35
94 95
94 123
145 40
139 26
139 63
139 85
117 26
84 89
84 32
84 40
84 80
105 40
61 26
100 40
123 35
58 26
58 63
26 79
26 63
26 134
26 85
26 59
40 80
40 135
40 32
40 89
63 85
