22 25
22 102
138 40
64 130
64 104
64 26
64 9
64 59
64 120
119 102
31 102
31 116
71 26
71 97
71 104
71 59
120 26
120 104
9 130
9 104
9 26
140 102
103 78
142 102
95 102
8 26
8 104
97 26
97 104
97 59
116 102
116 109
39 40
104 117
104 61
104 58
104 26
104 134
104 85
104 79
104 59
99 26
68 16
102 2
102 132
102 12
102 20
102 25
102 4
102 109
102 70
102 35
102 123
102 94
102 125
54 96
54 40
110 96
110 40
20 25
32 96
32 76
32 89
32 84
32 40
96 40
96 80
96 135
96 89
76 40
94 25
35 123
129 26
78 36
33 40
33 100
145 40
139 26
117 26
84 40
84 89
61 26
12 123
12 109
100 40
100 89
59 26
58 26
26 63
26 134
26 79
26 85
40 105
40 135
40 80
40 89
123 109
