22 31
22 35
24 72
138 135
138 76
138 40
138 100
138 45
64 130
64 97
119 31
31 2
31 132
31 12
31 140
31 25
31 69
31 70
31 95
31 109
31 35
31 123
31 94
31 125
71 26
71 97
71 104
71 63
9 130
103 82
142 102
111 72
8 97
8 104
97 58
97 79
97 104
97 129
97 61
97 117
97 59
97 120
69 35
51 83
104 58
104 26
104 129
104 117
104 62
104 61
104 59
104 120
26 58
26 63
26 59
99 63
107 72
102 25
45 84
94 35
35 25
35 140
35 95
35 12
35 132
35 123
35 109
73 72
28 72
25 95
0 78
91 72
60 72
12 109
12 123
84 89
84 32
100 40
100 32
123 109
74 72
32 89
63 59
72 126
