70 102
112 78
64 130
64 120
64 26
119 102
31 102
53 47
22 102
22 142
71 85
71 26
110 40
9 130
9 26
140 102
140 132
103 78
84 40
84 32
111 72
143 51
143 78
143 88
101 78
8 26
8 61
27 40
97 26
20 102
135 39
135 40
12 35
12 102
12 123
12 109
51 78
51 11
51 128
132 102
104 26
104 117
99 26
128 78
68 16
102 2
102 125
102 116
102 25
102 35
102 142
102 109
102 123
102 94
102 95
54 40
120 137
120 26
82 78
96 39
96 40
78 11
78 34
78 18
78 83
78 0
78 14
78 88
78 44
139 26
47 122
47 73
39 40
116 95
80 40
129 26
91 72
76 33
76 40
76 89
76 100
43 40
145 40
117 26
60 73
105 40
61 26
33 40
100 40
100 32
123 35
123 109
58 26
58 63
26 79
26 63
26 134
26 85
26 59
40 32
40 89
32 89
