8 26
8 104
24 60
112 78
64 98
64 9
64 104
64 57
64 26
119 31
35 31
35 12
35 123
53 47
71 26
71 93
71 104
71 59
71 120
110 40
9 130
9 104
9 26
103 78
84 40
111 72
116 31
143 51
143 82
97 26
97 104
20 102
135 39
135 40
12 123
12 109
51 0
51 128
51 11
51 78
51 18
51 83
51 88
51 82
104 117
104 61
104 99
104 120
104 58
104 26
104 129
104 63
104 134
104 85
104 79
104 59
104 139
74 72
99 26
107 72
102 125
54 40
54 80
120 26
82 88
96 39
96 40
78 0
31 4
31 95
47 60
47 122
47 73
28 72
80 40
122 73
129 26
91 72
76 40
33 40
33 100
145 40
139 26
139 63
117 26
117 61
60 72
105 40
61 26
100 40
58 26
58 63
26 79
26 63
26 134
26 85
26 59
40 32
40 89
73 72
72 126
