22 25
22 31
22 95
22 94
22 20
24 72
57 98
57 86
64 9
64 120
64 130
119 31
119 95
119 20
31 2
31 132
31 12
31 35
31 140
31 20
31 4
31 69
31 70
31 125
31 109
31 123
31 94
31 95
71 79
71 26
71 59
71 62
9 130
140 95
140 20
142 95
142 20
111 72
8 26
8 129
97 120
20 2
20 132
20 12
20 35
20 125
20 116
20 25
20 4
20 70
20 109
20 123
20 94
20 95
12 95
12 109
12 35
12 123
69 95
112 14
104 58
99 26
99 139
68 16
102 95
54 145
54 80
116 4
116 95
13 41
125 95
76 33
76 84
35 95
94 95
134 59
70 95
4 95
72 91
78 14
78 83
25 95
145 40
139 85
139 63
139 26
2 95
117 26
84 40
84 32
84 89
95 132
95 109
95 123
58 26
26 63
26 59
