8 71
24 60
24 72
35 102
64 104
64 120
119 102
31 102
22 102
22 142
71 104
71 117
71 61
71 99
71 120
71 58
71 26
71 129
71 63
71 97
71 59
71 139
110 40
9 99
9 85
9 63
9 59
9 139
142 102
111 72
143 51
20 102
12 102
12 123
51 128
51 18
51 83
51 82
132 102
107 72
68 16
102 2
102 116
102 25
102 140
102 70
102 125
102 109
102 123
102 94
102 95
54 40
54 32
125 116
109 123
96 39
96 40
76 33
76 40
76 32
76 84
76 100
94 2
39 135
39 40
80 40
91 72
33 40
145 40
145 84
28 72
60 72
105 40
100 40
74 72
40 84
40 135
40 32
40 89
32 84
84 89
72 126
