22 2
22 25
22 102
22 142
138 39
138 40
138 45
138 135
138 5
138 100
64 130
64 104
64 120
64 9
119 102
31 25
31 102
71 26
71 104
9 130
103 78
142 102
95 102
95 125
95 132
143 82
20 102
116 102
69 94
39 96
104 26
104 117
26 63
26 59
68 16
102 2
102 132
102 12
102 25
102 140
102 4
102 109
102 70
102 35
102 123
102 94
102 125
54 96
54 80
110 96
13 41
32 96
32 40
45 84
45 89
96 40
96 105
96 80
96 135
96 89
140 94
35 12
35 94
70 94
141 41
4 94
73 47
122 47
7 74
25 94
84 89
94 2
94 12
94 123
94 109
117 98
12 123
12 109
100 40
123 109
