22 25
22 31
22 102
22 35
138 39
138 40
138 19
138 76
138 5
138 49
57 98
57 86
7 74
119 102
119 35
31 102
31 116
31 95
31 35
120 64
120 97
120 104
103 88
33 40
143 88
97 104
116 102
15 40
21 104
104 26
104 64
104 71
104 9
104 129
104 8
104 139
104 117
104 61
104 106
104 75
104 58
104 99
104 63
104 134
104 79
104 85
104 113
104 59
104 62
5 76
5 40
47 122
47 73
110 96
110 40
20 102
125 2
125 102
125 95
76 40
94 102
94 35
4 102
16 68
130 92
130 64
25 2
25 142
25 95
25 102
25 35
129 62
84 96
84 40
84 32
84 45
145 40
139 63
2 102
2 35
28 126
60 74
60 72
131 102
131 35
58 79
58 63
58 71
40 39
40 105
40 54
40 100
40 32
40 135
40 80
40 96
40 89
140 102
88 51
135 96
80 96
89 96
89 105
89 32
123 109
123 12
123 102
123 35
132 102
132 35
71 26
71 63
71 106
71 59
71 113
142 102
95 102
95 35
101 51
39 96
102 12
102 35
102 70
102 109
54 96
69 35
35 12
35 109
61 26
26 63
26 59
