22 31
22 102
138 39
138 40
138 19
138 45
138 135
138 76
138 5
138 100
64 130
64 104
64 120
119 102
31 4
31 102
31 35
71 26
71 104
71 120
71 59
71 62
71 139
110 96
110 40
135 96
135 40
140 102
103 78
84 40
111 72
101 51
8 104
97 104
97 120
116 102
116 95
39 40
98 117
104 117
104 61
104 99
104 120
104 58
104 26
104 129
104 63
104 134
104 9
104 59
104 62
104 139
74 72
99 26
99 63
107 72
102 2
102 132
102 12
102 20
102 25
102 4
102 142
102 95
102 109
102 70
102 35
102 123
102 94
102 125
54 96
54 40
54 80
120 26
120 61
125 94
96 40
96 32
96 80
96 89
78 83
51 0
51 18
16 68
28 72
80 40
0 18
76 40
76 89
33 40
145 40
139 63
60 72
105 40
100 40
26 63
40 32
40 89
32 89
73 72
72 126
