22 31
22 94
102 69
138 39
138 96
138 40
138 19
138 135
138 5
138 100
35 142
35 119
35 31
35 132
35 123
35 12
64 9
64 59
64 120
64 130
119 31
31 2
31 132
31 12
31 140
31 69
31 70
31 125
31 109
31 123
31 94
31 95
110 96
110 40
135 39
135 40
135 96
135 89
135 54
84 96
84 89
84 32
84 40
111 72
143 82
20 142
12 123
12 94
12 109
39 96
39 40
21 62
104 58
104 129
104 59
121 92
99 139
107 72
5 40
54 96
54 40
82 18
13 126
32 96
32 40
45 40
96 105
96 33
96 100
96 40
96 80
96 76
96 89
96 145
76 40
15 40
74 7
74 72
130 9
130 92
72 60
72 47
72 73
72 28
72 126
122 47
116 95
58 26
58 63
58 59
85 139
33 40
145 40
117 98
105 40
100 40
123 109
26 59
40 80
40 89
