22 102
22 12
22 35
138 39
138 40
138 19
138 5
57 86
64 130
64 104
119 102
119 12
119 35
31 102
31 12
31 35
70 102
70 12
70 35
140 102
103 78
103 82
142 102
111 60
111 72
101 51
55 104
116 102
116 109
69 35
104 99
121 92
128 78
128 44
68 16
102 2
102 4
102 12
102 20
102 125
102 123
102 25
102 95
102 109
102 132
102 94
102 35
123 12
123 35
125 12
109 12
109 35
96 40
96 32
76 33
76 5
76 84
113 62
35 2
35 12
35 94
35 132
28 72
72 74
72 60
72 47
72 91
41 126
7 74
12 132
12 20
12 25
12 42
12 94
12 95
78 83
60 47
139 63
139 59
74 107
84 32
59 26
107 29
