70 31
138 40
64 104
119 25
119 31
31 2
31 22
31 4
31 12
31 35
31 140
31 102
31 116
31 25
31 142
31 125
31 20
31 109
31 23
31 123
31 94
31 95
108 68
108 16
22 25
71 58
71 26
71 97
71 104
110 40
9 104
133 96
142 35
8 104
97 104
135 40
15 40
15 84
21 104
104 26
104 129
104 139
104 117
104 61
104 106
104 75
104 120
104 58
104 99
104 63
104 134
104 79
104 85
104 59
104 62
121 92
68 16
102 25
54 40
82 0
13 28
32 40
32 105
32 84
96 89
96 105
96 40
96 80
76 5
76 40
94 25
39 40
80 40
122 47
105 40
33 40
145 40
139 85
139 63
28 126
28 72
84 40
61 26
5 40
12 123
12 35
100 40
123 35
26 59
40 89
63 59
47 73
