70 102
138 39
138 40
138 19
138 49
138 5
15 40
15 84
64 9
64 104
64 120
131 102
31 102
22 102
71 79
71 26
71 104
71 59
71 120
110 96
110 40
9 63
9 121
140 102
103 78
103 82
84 40
84 32
84 80
84 76
84 89
84 145
111 72
116 102
101 51
143 51
143 88
143 82
97 120
20 102
12 102
39 40
132 102
132 35
104 26
104 117
104 106
104 59
121 92
133 96
133 89
133 40
107 72
5 76
5 40
102 2
102 4
102 119
102 125
102 25
102 142
102 95
102 109
102 35
102 123
102 94
54 96
54 40
82 78
13 28
96 40
96 32
96 80
96 135
96 89
135 40
47 122
51 18
51 83
80 40
122 73
41 126
0 18
91 72
76 33
76 40
33 40
145 40
139 26
139 63
28 72
74 72
60 72
105 40
100 40
123 35
26 59
40 32
40 89
134 59
72 126
