22 31
22 94
102 25
102 31
102 123
15 89
64 9
64 104
64 120
64 130
119 31
31 2
31 132
31 12
31 35
31 140
31 116
31 69
31 70
31 125
31 109
31 23
31 123
31 94
31 95
71 26
71 104
71 21
71 106
71 120
71 62
71 139
9 63
9 121
142 94
95 125
95 116
101 51
143 88
39 96
104 58
104 26
104 63
104 85
104 75
104 59
121 92
133 96
133 54
133 80
54 96
54 80
110 96
96 40
96 105
96 84
96 135
96 145
96 89
76 89
88 51
47 60
47 122
47 73
73 122
105 84
91 60
99 63
60 72
139 106
139 26
139 63
117 63
84 89
84 32
61 62
106 63
12 123
12 35
58 26
26 63
26 134
26 59
40 135
40 89
32 89
