22 31
22 102
22 94
24 72
138 39
138 40
138 19
138 45
138 135
138 76
138 5
138 100
15 40
15 89
64 130
64 129
64 104
64 26
64 61
64 99
64 120
64 71
64 58
64 9
64 117
64 63
64 134
64 8
64 85
64 97
64 79
64 59
64 62
64 139
119 31
119 102
31 2
31 132
31 12
31 35
31 140
31 102
31 69
31 70
31 125
31 109
31 123
31 94
31 95
71 104
110 40
9 104
140 102
142 102
111 72
33 76
33 40
8 104
97 104
20 102
135 39
135 96
135 40
135 89
12 102
12 109
51 82
58 104
129 104
104 26
104 117
104 61
104 120
104 99
104 79
104 63
104 134
104 85
104 59
104 139
26 59
99 139
107 72
68 16
70 102
54 40
54 80
13 41
125 102
125 95
109 102
96 39
96 40
76 40
94 102
134 59
39 40
4 102
28 72
25 102
80 40
122 47
116 102
7 74
132 102
132 35
92 130
84 40
84 32
84 89
145 40
145 105
139 63
139 85
2 102
117 98
60 72
102 95
102 35
102 123
105 40
100 40
74 72
40 32
40 89
47 72
73 72
72 126
