22 25
22 102
22 142
138 39
138 40
138 19
138 76
138 5
138 145
57 26
15 145
64 130
64 104
64 26
64 9
64 120
64 71
119 102
35 102
35 123
71 26
71 117
71 61
71 99
71 120
71 104
71 58
71 79
71 129
71 63
71 8
71 85
71 97
71 59
71 62
71 139
110 96
110 145
94 102
9 130
9 104
9 63
9 26
9 121
140 102
103 78
84 32
84 145
111 74
111 72
101 51
8 26
8 104
97 26
97 104
20 102
135 96
135 145
12 102
12 123
112 14
51 82
21 26
21 104
104 117
104 61
104 99
104 120
104 58
104 26
104 139
104 129
104 63
104 134
104 85
104 79
104 59
104 62
104 113
121 92
99 26
99 63
107 74
68 16
102 2
102 132
102 31
102 116
102 25
102 4
102 142
102 95
102 70
102 109
102 123
102 125
54 96
54 40
54 32
54 145
120 26
96 40
96 32
96 80
96 145
96 89
78 14
47 60
47 122
39 145
74 72
28 72
80 145
122 73
129 26
76 145
76 32
92 130
33 145
144 145
145 105
145 5
145 40
145 32
145 89
139 26
117 26
117 59
60 72
61 26
86 26
123 109
58 26
26 63
26 134
26 79
26 85
26 59
26 62
32 89
