138 39
138 15
138 40
138 76
138 5
138 49
57 26
15 5
15 40
15 45
64 130
64 97
64 104
64 120
64 139
119 35
31 35
71 26
71 104
71 63
71 59
71 139
143 51
133 96
95 116
8 139
97 104
97 139
51 37
51 88
51 82
21 62
21 139
104 26
104 129
104 63
104 120
104 61
104 59
104 139
121 92
99 85
99 139
5 76
54 39
120 139
13 41
13 28
32 96
32 89
32 84
45 39
96 40
76 40
39 80
134 139
28 126
9 85
9 139
122 47
41 126
129 139
91 60
92 130
84 40
145 89
145 105
139 61
139 75
139 26
139 58
139 79
139 117
139 63
139 85
139 59
139 62
60 47
61 26
75 26
12 109
26 63
26 115
