22 31
22 102
102 2
102 4
102 12
102 35
102 95
102 119
102 31
102 116
102 25
102 140
102 142
102 125
102 70
102 20
102 132
102 123
102 94
102 109
138 39
138 40
138 19
138 49
138 5
64 58
64 130
64 104
64 75
64 59
64 120
119 31
31 2
31 4
31 12
31 140
31 116
31 69
31 70
31 125
31 109
31 132
31 35
31 23
31 123
31 94
31 95
71 26
71 75
71 104
71 129
9 130
9 75
9 104
9 63
103 78
142 35
111 107
111 74
33 40
8 75
8 104
97 75
97 104
116 95
21 75
21 104
26 58
26 104
26 117
26 63
26 134
26 106
26 99
26 75
26 59
26 139
99 75
99 104
99 63
54 96
120 75
120 104
32 76
32 40
32 84
96 145
96 89
113 75
113 104
134 75
134 104
104 129
104 139
104 117
104 61
104 106
104 75
104 58
104 63
104 79
104 85
104 59
104 62
122 47
7 74
76 40
92 130
92 121
60 47
60 72
139 75
139 63
117 58
117 75
84 40
84 89
61 75
61 129
61 62
106 63
75 62
75 58
75 129
75 63
75 79
75 85
75 59
12 35
123 35
58 63
58 59
40 89
129 62
63 85
