70 2
70 94
26 58
26 104
26 129
26 117
26 61
26 59
26 71
138 39
138 5
138 19
138 49
138 40
57 98
57 86
64 130
64 104
64 120
64 9
119 25
119 102
119 35
31 94
31 35
108 68
22 94
71 58
71 129
71 120
71 106
71 75
71 79
71 59
71 62
71 104
9 130
9 121
140 132
111 74
111 60
111 72
111 107
111 28
111 126
33 40
20 2
51 128
58 104
58 59
104 134
104 59
133 89
133 54
133 40
68 16
102 2
102 25
102 12
54 96
54 40
54 80
132 94
80 40
32 96
32 40
32 105
32 84
32 89
125 95
96 39
96 40
76 89
94 25
94 2
94 95
94 12
94 35
28 60
28 126
122 47
25 123
25 95
7 74
92 130
84 40
145 40
12 123
2 95
60 73
105 40
105 89
106 63
40 89
