22 25
22 142
22 95
22 102
22 116
22 20
138 39
138 5
138 49
138 40
64 58
64 130
64 104
64 139
64 59
64 120
119 102
31 4
31 102
31 125
31 116
71 26
71 104
71 134
71 79
71 75
71 59
71 139
9 130
9 139
140 102
133 96
133 54
142 102
95 25
95 102
143 51
8 139
97 120
97 139
116 25
116 102
51 0
21 139
104 58
104 139
121 92
99 139
128 44
68 16
102 2
102 132
102 12
102 20
102 25
102 4
102 109
102 70
102 35
102 123
102 94
102 125
54 96
120 139
13 41
78 44
134 59
134 139
28 72
122 47
0 18
129 139
92 130
84 89
84 32
84 40
145 105
74 72
139 61
139 26
139 58
139 79
139 117
139 63
139 85
139 59
139 62
117 58
60 73
60 72
75 63
12 123
12 35
123 35
58 26
26 63
40 32
32 89
