22 70
22 119
22 12
22 31
22 102
22 131
22 123
22 35
138 39
138 40
138 19
138 5
138 49
138 32
57 26
57 104
15 40
64 130
64 97
64 104
64 120
119 35
31 35
71 26
71 97
71 104
71 63
71 113
110 40
9 130
9 104
9 63
9 139
140 142
103 82
111 72
101 51
8 104
97 104
97 120
12 123
51 37
51 82
21 104
104 26
104 129
104 139
104 117
104 61
104 106
104 75
104 120
104 58
104 99
104 63
104 134
104 79
104 85
104 113
104 59
104 62
74 72
99 63
99 139
107 72
5 76
5 40
5 100
102 25
54 40
120 62
82 88
96 133
96 40
96 32
96 89
76 40
76 32
39 40
39 105
35 132
28 72
80 40
92 130
84 89
84 40
133 40
145 40
139 58
139 106
139 63
139 85
60 72
105 40
61 26
106 26
106 63
33 40
100 40
58 63
26 63
26 59
40 32
40 135
40 89
32 89
63 85
63 59
134 59
72 126
