22 119
138 39
138 5
138 19
138 40
57 86
15 5
64 106
64 26
64 104
64 120
64 9
119 94
119 35
31 35
71 106
71 26
71 104
71 59
71 134
143 88
143 82
103 78
111 74
8 106
8 26
8 104
97 106
97 26
97 104
20 35
135 40
12 35
21 104
21 62
104 26
104 9
104 129
104 139
104 117
104 61
104 106
104 120
104 58
104 99
104 63
104 134
104 79
104 85
104 113
104 59
104 62
74 7
99 106
99 26
99 63
102 25
102 125
120 106
120 26
32 40
32 84
125 25
96 40
96 80
113 106
113 26
47 60
47 122
122 73
41 126
91 72
76 84
92 121
84 40
84 89
139 106
139 26
28 72
117 106
117 26
60 72
9 106
9 26
9 121
106 26
106 129
106 61
106 58
106 63
106 79
106 85
106 59
61 26
123 35
58 26
58 63
26 129
26 79
26 63
26 134
26 85
26 59
63 59
134 59
35 132
