70 102
138 15
138 40
138 84
57 98
64 75
64 97
64 120
119 102
31 102
108 68
22 102
71 117
71 61
71 106
71 75
71 120
71 58
71 26
71 104
71 63
71 113
71 59
71 62
71 139
110 40
110 84
143 82
1 107
142 102
142 35
95 102
33 40
33 84
8 75
97 75
97 120
20 102
20 12
20 125
135 40
135 84
116 102
15 84
15 5
15 40
15 45
21 75
21 62
104 26
104 75
104 117
104 59
121 92
99 75
107 74
107 122
68 16
102 2
102 132
102 12
102 25
102 140
102 4
102 109
102 35
102 123
102 94
102 125
54 40
54 84
120 75
120 61
82 0
125 25
45 84
45 80
96 40
96 32
96 84
76 40
76 84
76 5
113 75
134 75
39 40
39 84
9 75
122 47
25 94
129 75
132 35
84 105
84 5
84 40
84 32
84 100
84 80
84 89
84 145
92 130
58 75
145 40
139 75
139 63
117 26
117 75
117 59
60 47
105 40
61 75
75 62
75 26
75 63
75 79
75 85
75 59
5 40
12 35
12 123
12 109
100 40
123 35
123 109
26 59
40 32
40 80
40 89
47 73
