22 31
22 102
138 39
57 98
57 86
64 117
64 9
64 104
64 120
64 130
119 102
31 102
31 35
108 68
125 102
71 26
71 104
71 63
71 134
71 21
71 75
71 117
71 97
71 59
110 96
9 130
9 104
9 63
9 121
35 123
95 102
8 75
8 104
97 104
97 120
116 102
51 0
51 128
51 18
51 83
51 78
21 26
21 104
104 26
104 62
104 129
104 139
104 117
104 61
104 106
104 120
104 58
104 99
104 63
104 134
104 79
104 85
104 59
104 113
131 70
74 28
74 7
99 63
68 16
102 25
102 140
102 132
102 94
54 96
13 136
13 41
13 126
13 38
32 40
32 84
109 123
45 15
96 40
96 105
96 80
96 135
96 89
134 26
134 59
5 76
130 92
122 47
12 123
76 33
94 25
89 84
139 26
139 75
139 63
117 58
117 26
117 59
84 40
75 26
75 63
58 63
26 63
26 59
63 85
