8 58
8 26
8 104
26 21
26 64
26 104
26 129
26 61
26 99
26 120
26 71
26 58
26 79
26 117
26 63
26 134
26 85
26 97
26 9
26 59
26 62
26 139
64 9
64 104
64 120
64 130
119 102
31 102
22 102
71 104
71 59
71 113
71 139
9 104
9 121
103 78
142 102
95 102
95 116
101 51
143 78
97 104
20 102
49 96
116 102
21 104
132 102
104 62
104 129
104 139
104 117
104 61
104 106
104 75
104 120
104 58
104 99
104 63
104 134
104 79
104 85
104 59
104 113
133 96
140 102
102 2
102 12
102 25
102 4
102 109
102 70
102 35
102 123
102 94
102 125
82 78
78 44
78 83
47 60
25 94
91 60
117 63
84 89
75 63
32 89
