70 35
138 39
138 40
138 32
15 40
15 32
64 104
64 9
64 117
64 61
64 99
64 120
64 71
64 58
64 26
64 129
64 63
64 134
64 130
64 8
64 85
64 97
64 79
64 59
64 139
31 22
71 26
71 104
71 62
71 61
110 40
110 32
143 88
111 72
101 51
8 104
97 104
12 35
12 123
12 109
21 62
104 26
104 117
104 61
104 120
104 99
104 58
104 79
104 129
104 63
104 134
104 85
104 9
104 59
104 139
99 63
5 32
102 25
54 40
54 32
116 95
13 41
96 40
96 32
76 33
76 40
76 19
76 32
47 122
39 135
39 89
39 32
39 40
28 136
9 63
80 40
80 32
41 136
33 40
33 32
145 40
145 32
89 40
89 32
89 84
89 100
84 32
84 40
105 40
105 32
100 40
100 32
26 63
26 59
40 135
40 32
32 135
72 126
