70 102
70 12
138 39
138 40
138 19
138 76
138 5
138 49
57 98
15 40
64 130
64 104
64 120
64 71
64 26
119 102
31 25
31 4
31 102
31 35
108 68
22 102
71 26
71 129
71 117
71 63
71 85
71 59
71 104
110 40
9 26
140 102
133 40
142 102
95 102
33 76
33 40
33 32
8 26
8 104
97 106
97 26
97 104
97 120
116 4
116 102
39 40
21 26
132 102
104 26
104 117
104 106
104 61
104 120
104 99
104 58
104 79
104 129
104 63
104 134
104 85
104 59
104 139
99 26
68 16
102 2
102 4
102 12
102 20
102 25
102 109
102 35
102 123
102 94
102 125
54 96
54 89
54 32
54 40
54 80
120 26
13 126
96 89
96 32
96 40
76 5
76 32
76 40
134 26
60 91
28 126
80 40
80 32
122 47
41 126
129 26
129 59
91 72
58 26
145 40
145 32
139 26
139 63
117 26
117 63
117 85
117 59
84 40
84 32
105 40
105 32
61 26
106 26
5 40
131 35
100 40
26 79
26 63
26 85
26 59
26 62
40 32
40 135
40 89
32 89
