22 31
22 102
24 41
138 39
138 5
138 40
35 132
35 142
35 119
35 31
35 102
35 123
35 12
64 130
64 104
64 59
64 120
64 9
119 31
119 102
31 2
31 132
31 12
31 140
31 102
31 69
31 70
31 125
31 109
31 123
31 94
31 95
71 58
71 26
71 104
71 59
110 40
9 130
9 104
140 25
140 102
142 2
142 102
111 74
111 60
111 72
33 40
33 32
8 104
97 104
97 120
97 113
20 102
135 40
116 102
39 40
21 104
104 117
104 61
104 120
104 99
104 58
104 26
104 139
104 129
104 63
104 134
104 85
104 79
104 59
104 62
104 113
121 92
99 63
70 102
54 40
54 32
82 88
13 41
125 102
96 40
96 32
76 40
76 32
47 60
15 40
141 126
4 102
28 72
25 102
80 40
80 32
41 126
129 26
91 72
92 130
94 102
145 40
145 32
2 102
117 26
84 40
84 32
102 132
102 12
102 123
102 95
102 109
105 40
105 32
61 26
12 109
100 40
26 63
26 62
40 32
40 89
32 89
73 72
