22 31
22 102
22 142
26 104
26 117
26 61
138 39
138 40
138 19
138 5
57 98
64 104
119 102
31 25
31 102
31 35
71 104
71 117
71 63
71 79
71 85
71 59
71 62
140 102
103 78
142 102
111 72
20 102
116 102
39 96
58 99
58 63
104 117
121 92
107 72
5 76
102 2
102 132
102 12
102 25
102 4
102 95
102 109
102 70
102 35
102 123
102 94
102 125
54 96
82 88
13 41
45 84
96 133
76 32
35 12
35 123
122 47
122 73
95 2
95 94
7 74
91 72
60 47
60 72
145 40
12 123
12 109
28 72
84 89
84 32
106 75
133 40
123 109
74 72
40 32
73 72
72 126
79 85
