70 102
138 39
138 96
138 40
138 49
138 5
57 26
15 135
15 96
64 130
64 97
64 104
64 120
119 102
119 35
31 25
31 102
31 35
108 68
22 102
71 26
71 104
71 63
71 97
71 139
71 59
71 62
71 120
110 96
9 130
9 104
140 102
133 96
142 102
95 25
95 102
143 88
8 104
97 104
97 120
20 102
12 123
12 35
12 102
12 109
51 83
21 75
21 104
104 26
104 129
104 139
104 117
104 61
104 106
104 120
104 58
104 99
104 63
104 134
104 79
104 85
104 113
104 59
104 62
74 107
74 7
99 63
68 16
102 2
102 132
102 116
102 25
102 4
102 109
102 35
102 123
102 94
102 125
54 96
132 35
13 41
32 96
32 76
32 89
32 84
32 40
45 96
96 39
96 105
96 5
96 80
96 33
96 100
96 40
96 84
96 135
96 76
96 89
96 145
76 40
76 5
135 40
134 59
39 5
122 47
92 130
33 40
145 89
145 84
139 58
139 26
139 117
139 63
139 75
139 59
117 58
117 26
84 40
84 89
123 35
123 109
58 26
58 63
58 59
26 129
26 63
26 59
40 89
47 73
