22 142
138 39
138 76
138 5
138 19
138 40
35 119
35 31
35 142
35 123
35 132
64 58
64 9
64 104
64 130
64 79
64 97
64 120
64 59
71 26
71 104
71 59
110 96
9 104
9 63
9 121
1 107
103 78
142 102
111 72
8 104
97 104
135 96
12 123
39 96
104 117
104 61
104 99
104 120
104 58
104 26
104 129
104 63
104 134
104 79
104 85
104 59
104 139
121 92
99 63
107 74
5 76
102 2
102 25
54 96
54 40
82 0
13 136
13 41
32 96
32 40
32 84
125 95
96 15
96 80
96 89
78 83
94 2
47 60
47 122
122 73
105 40
91 72
84 89
84 40
139 63
2 123
60 72
123 109
26 85
26 59
