26 104
138 39
138 15
138 40
138 19
138 76
138 5
138 49
57 98
15 5
15 89
15 45
64 130
64 104
64 120
31 25
31 35
71 129
71 104
71 63
71 61
71 106
71 115
9 130
9 104
103 78
111 72
143 88
101 51
8 104
97 104
12 123
51 18
21 104
21 62
104 62
104 129
104 139
104 117
104 61
104 106
104 120
104 58
104 99
104 63
104 134
104 79
104 85
104 59
104 113
121 92
99 63
107 72
68 16
102 25
102 94
13 126
32 76
32 84
96 133
96 39
130 92
80 76
80 84
122 47
7 74
7 47
76 40
76 89
76 5
84 89
84 40
28 72
60 47
60 73
60 72
105 89
61 62
123 35
123 109
74 72
73 72
72 126
