70 31
70 102
138 39
138 96
138 40
138 19
138 45
138 135
138 76
138 5
138 100
64 9
64 104
64 120
64 130
119 31
119 102
31 2
31 22
31 132
31 12
31 35
31 140
31 102
31 69
31 125
31 109
31 123
31 94
31 95
22 102
71 26
71 97
71 104
71 120
71 59
110 96
9 130
9 104
140 102
140 142
103 143
142 102
95 102
143 82
82 51
82 88
116 102
39 135
39 96
99 85
68 16
102 2
102 132
102 12
102 20
102 25
102 4
102 109
102 35
102 123
102 94
102 125
54 96
104 129
104 85
104 59
104 139
32 40
32 84
32 96
32 76
32 5
32 100
45 96
96 76
96 105
96 5
96 100
96 40
96 84
96 80
96 135
96 33
96 89
96 145
76 33
76 89
76 145
129 26
33 40
139 26
139 63
139 85
61 26
12 109
59 26
59 85
58 85
58 63
26 63
40 105
63 85
113 62
