22 2
22 25
22 102
22 142
22 132
138 39
138 40
138 19
138 76
138 5
138 49
64 104
64 120
119 102
31 102
104 58
104 26
104 63
104 134
104 75
104 59
71 26
71 75
71 129
71 59
140 102
142 102
95 25
95 102
95 94
101 51
135 96
135 40
135 54
49 5
116 25
116 102
39 96
132 102
133 96
133 54
102 2
102 12
102 20
102 131
102 25
102 4
102 109
102 70
102 35
102 123
102 94
102 125
54 96
54 40
54 80
110 96
20 12
96 32
96 80
96 89
76 89
94 25
72 60
72 91
122 47
129 26
129 59
91 60
60 28
60 47
145 105
117 26
84 89
84 105
84 40
84 32
58 26
58 63
58 59
26 63
26 59
40 32
47 73
