22 25
22 119
22 31
22 142
24 60
138 39
138 5
138 19
138 40
119 25
119 31
31 2
31 132
31 12
31 35
31 140
31 25
31 69
31 70
31 95
31 109
31 23
31 123
31 94
31 125
120 64
120 104
120 71
33 40
143 51
143 88
97 104
97 71
97 62
15 40
15 89
21 104
104 26
104 64
104 71
104 9
104 129
104 8
104 139
104 117
104 61
104 106
104 58
104 99
104 63
104 134
104 79
104 85
104 113
104 59
104 62
121 92
121 9
99 85
99 26
107 74
5 76
5 40
47 73
110 40
125 25
78 51
113 62
16 68
25 2
25 132
25 12
25 95
25 102
25 131
25 69
25 70
25 109
25 123
25 94
25 140
91 72
76 40
76 32
92 130
12 35
12 123
12 109
145 96
145 40
139 26
139 63
139 59
2 102
130 9
130 64
117 26
117 59
60 73
9 64
58 26
58 63
40 39
40 105
40 80
40 54
40 100
40 32
40 84
40 135
40 45
40 96
40 89
40 49
79 63
89 32
123 35
123 109
64 63
64 59
71 26
71 63
101 51
8 26
26 63
26 134
26 59
128 51
13 41
51 0
51 18
51 83
63 59
73 72
