22 25
22 31
22 102
22 35
138 39
138 5
138 49
138 40
57 98
15 40
64 130
64 104
64 120
119 31
119 102
119 140
119 35
31 2
31 132
31 12
31 35
31 140
31 102
31 69
31 70
31 125
31 109
31 23
31 123
31 94
31 95
71 79
71 26
71 104
71 59
71 117
110 40
9 130
140 35
103 78
103 82
142 102
142 35
100 40
116 69
101 51
8 104
97 104
97 120
4 69
12 35
69 35
51 128
51 83
104 117
104 106
104 120
104 99
104 58
104 26
104 129
104 63
104 134
104 85
104 79
104 59
104 139
26 58
26 59
133 54
5 40
102 25
102 95
102 132
102 94
102 125
54 40
125 35
96 40
35 2
35 132
35 95
35 131
35 70
35 109
35 23
35 123
35 94
94 95
134 59
39 40
122 47
95 2
76 40
92 130
60 47
145 89
145 105
145 40
139 63
139 59
117 58
117 59
84 89
84 32
84 40
105 40
33 40
58 59
99 63
40 80
40 135
40 32
40 89
32 89
