70 102
138 96
138 40
138 84
15 96
15 40
15 84
15 5
64 9
64 104
64 130
64 75
64 59
64 120
119 102
119 142
31 102
31 142
108 68
22 102
22 142
71 117
71 26
71 75
71 104
71 79
110 96
110 40
110 84
94 102
94 142
94 35
9 121
140 102
103 78
84 39
84 105
84 5
84 80
84 54
84 33
84 135
84 40
84 32
84 100
84 45
84 96
84 76
84 89
84 145
111 60
143 88
8 75
8 104
97 75
97 104
135 96
135 40
116 102
51 128
51 18
104 117
104 106
104 61
104 99
104 75
104 120
104 58
104 26
104 129
104 63
104 134
104 79
104 85
104 59
104 139
131 142
65 142
121 92
99 75
128 18
5 40
5 32
5 96
5 76
102 2
102 132
102 12
102 20
102 25
102 4
102 142
102 95
102 109
102 35
102 123
102 125
54 96
54 40
120 75
20 142
125 142
109 142
45 96
45 80
96 39
96 76
96 105
96 133
96 80
96 33
96 40
96 32
96 100
96 89
96 145
134 75
134 59
39 40
16 68
122 47
122 73
25 2
25 142
25 95
142 2
142 132
142 12
142 123
142 35
142 95
129 26
129 75
132 35
76 40
76 89
33 40
123 12
123 35
145 40
139 26
139 75
139 63
117 106
117 75
117 59
105 40
105 32
61 75
75 58
75 26
75 63
75 85
75 79
75 59
100 40
59 26
26 63
40 32
40 80
40 89
32 89
47 73
