22 140
24 60
138 39
138 40
138 19
138 45
138 135
138 5
138 100
64 130
64 26
64 104
64 9
64 87
64 120
64 59
31 35
71 26
71 104
71 120
110 40
9 99
142 35
111 107
111 60
111 72
101 51
135 39
135 40
97 26
97 86
39 40
26 104
26 61
26 85
26 117
26 59
104 117
104 61
104 85
121 86
107 73
5 40
54 40
120 61
125 95
45 40
96 40
76 40
76 84
94 25
94 35
35 12
35 123
51 83
4 123
16 68
86 130
25 102
0 18
105 40
33 40
123 2
123 12
123 140
123 109
123 102
145 40
12 109
117 59
95 109
100 40
74 73
40 84
40 80
40 32
40 89
